2 3 
2 216 
3 224 
3 258 
3 260 
3 338 
10 36 
10 251 
17 18 
17 318 
18 309 
36 337 
40 363 
57 103 
57 333 
62 64 
62 226 
64 284 
82 83 
82 84 
83 193 
84 103 
85 86 
85 87 
86 189 
87 260 
92 93 
92 116 
93 364 
96 97 
96 98 
97 111 
98 208 
100 182 
103 327 
103 355 
111 112 
111 113 
112 149 
113 150 
116 233 
128 129 
128 153 
129 255 
138 139 
138 209 
139 226 
149 220 
150 217 
153 317 
182 266 
189 190 
190 207 
193 194 
194 318 
194 356 
196 254 
196 261 
207 208 
207 209 
215 216 
215 264 
217 218 
218 219 
220 251 
224 225 
225 305 
227 228 
227 229 
228 233 
229 263 
254 255 
258 259 
259 266 
261 338 
263 304 
264 331 
284 285 
285 288 
288 363 
304 305 
317 327 
333 337 
