3
3
5
3
3
3
3
3
3
7
3
3
3
3
3
3
3
3
3
3
3
5
5
3
3
3
3
3
3
3
5
3
3
3
5
3
3
3
3
3
3
3
3
5
3
3
3
3
3
3
3
7
3
5
3
3
3
3
5
3
7
3
3
5
5
3
3
3
5
3
3
3
3
3
3
3
3
3
7
3
7
3
3
3
3
3
5
3
3
3
3
3
3
3
5
3
3
3
3
7
3
5
3
3
3
3
3
3
3
3
3
3
3
3
3
3
3
1
1
1
1
1
1
1
1
8
1
3
8
3
3
3
1
3
1
3
3
3
1
8
1
1
8
8
1
1
1
3
3
3
3
1
3
3
3
3
3
3
3
3
3
3
1
1
3
3
3
4
3
3
6
3
3
9
9
3
4
3
3
4
6
9
3
3
3
3
6
6
3
9
9
3
6
9
3
3
3
3
3
4
3
3
3
9
3
3
3
3
6
3
3
3
3
10
10
2
2
10
3
3
2
3
3
3
10
10
3
3
3
10
10
10
10
3
3
2
3
2
2
3
3
2
2
3
3
3
