1 87 
1 90 
1 110 
2 11 
2 55 
2 98 
3 20 
3 29 
3 37 
4 33 
4 94 
4 103 
5 52 
5 56 
5 61 
6 29 
6 31 
6 43 
7 23 
7 94 
7 106 
8 36 
8 55 
8 111 
9 3 
9 23 
9 29 
10 5 
10 56 
11 36 
12 31 
12 41 
12 42 
13 20 
13 37 
13 82 
14 3 
14 29 
14 57 
15 29 
16 29 
16 98 
17 11 
17 36 
17 48 
18 49 
18 82 
18 83 
19 36 
19 96 
20 29 
20 37 
20 46 
21 77 
22 23 
22 55 
22 66 
23 22 
23 27 
23 77 
24 29 
24 94 
24 95 
25 26 
25 29 
25 54 
26 11 
26 32 
26 42 
27 92 
27 101 
28 90 
28 98 
28 116 
29 41 
29 46 
29 100 
30 27 
30 90 
31 29 
32 29 
32 55 
32 109 
33 29 
33 31 
33 94 
34 22 
34 103 
35 3 
35 45 
35 46 
36 11 
36 29 
36 94 
37 13 
37 20 
37 46 
38 4 
38 7 
38 106 
39 29 
39 41 
40 44 
40 46 
40 100 
41 36 
42 45 
42 101 
42 102 
44 3 
44 23 
44 31 
45 42 
45 101 
46 43 
46 81 
46 111 
47 46 
48 55 
48 100 
49 56 
50 83 
50 95 
51 40 
51 100 
52 37 
52 98 
52 100 
53 36 
53 55 
53 83 
54 56 
55 11 
55 28 
55 41 
56 31 
56 68 
56 94 
57 29 
57 31 
57 46 
58 11 
58 83 
58 111 
59 45 
59 101 
60 3 
60 45 
60 81 
61 67 
61 83 
61 110 
62 102 
63 104 
63 111 
64 46 
64 55 
64 100 
65 51 
65 52 
66 28 
66 55 
66 95 
67 87 
67 93 
67 110 
68 87 
68 89 
68 104 
69 43 
69 103 
73 57 
75 29 
75 94 
76 11 
76 27 
76 36 
77 22 
77 23 
77 27 
78 1 
78 22 
78 27 
79 18 
79 29 
79 31 
80 29 
80 36 
80 94 
83 11 
83 61 
83 93 
85 46 
86 23 
86 40 
86 98 
87 110 
89 20 
90 87 
90 109 
90 110 
91 23 
91 40 
91 46 
92 55 
92 90 
92 104 
93 97 
94 36 
94 70 
95 28 
95 36 
96 19 
96 36 
96 41 
97 40 
97 53 
97 70 
98 11 
98 29 
98 36 
99 29 
99 52 
99 94 
101 45 
101 46 
101 98 
102 42 
102 45 
102 101 
103 43 
103 116 
104 111 
106 70 
106 83 
106 94 
107 4 
107 38 
107 106 
108 36 
108 53 
108 55 
118 141 
118 161 
119 121 
119 123 
119 163 
120 122 
120 145 
120 147 
121 119 
121 123 
121 163 
122 126 
122 141 
122 147 
123 122 
123 141 
123 152 
124 125 
124 128 
124 141 
125 122 
125 144 
125 151 
126 129 
127 118 
127 122 
127 152 
128 132 
128 163 
129 126 
129 140 
129 141 
130 122 
130 145 
130 152 
131 122 
131 141 
131 150 
132 122 
132 128 
132 141 
133 122 
133 145 
133 148 
134 153 
135 122 
135 141 
135 153 
136 122 
136 150 
136 160 
137 122 
137 153 
139 122 
139 140 
139 152 
140 122 
140 139 
140 152 
141 122 
141 127 
141 147 
142 119 
142 121 
142 163 
143 140 
143 147 
143 153 
144 143 
144 145 
144 147 
145 122 
145 152 
145 153 
146 122 
146 141 
146 163 
147 122 
147 135 
147 152 
148 166 
149 120 
149 122 
149 141 
150 122 
150 135 
150 141 
156 135 
156 145 
156 148 
159 150 
160 122 
160 152 
160 153 
168 175 
168 176 
168 182 
169 175 
169 182 
170 175 
171 207 
171 208 
172 182 
172 185 
172 210 
173 180 
173 181 
173 185 
174 176 
174 191 
174 206 
175 170 
175 182 
176 191 
176 194 
176 198 
177 168 
177 189 
177 190 
178 198 
179 175 
179 190 
179 192 
180 181 
180 183 
180 188 
181 209 
181 210 
182 168 
182 175 
182 191 
183 185 
183 187 
183 210 
184 190 
184 191 
184 194 
185 187 
185 210 
186 176 
186 191 
186 198 
187 185 
187 208 
187 209 
188 209 
188 210 
189 168 
189 177 
190 176 
190 207 
190 209 
191 176 
191 198 
191 207 
193 192 
193 194 
194 173 
194 192 
194 193 
197 190 
197 191 
197 194 
204 207 
212 216 
212 217 
213 217 
213 231 
213 237 
214 217 
214 224 
214 244 
215 231 
215 232 
215 234 
216 217 
216 231 
216 237 
217 216 
217 233 
217 234 
218 216 
218 217 
218 235 
219 216 
219 231 
219 237 
220 229 
220 237 
220 240 
221 231 
221 237 
221 239 
222 242 
222 245 
223 222 
223 229 
223 240 
224 214 
224 244 
225 217 
225 232 
225 234 
226 216 
226 231 
226 237 
227 229 
227 240 
227 245 
228 240 
228 245 
229 216 
229 221 
229 243 
231 216 
231 217 
232 231 
232 237 
234 231 
234 237 
234 240 
235 218 
235 232 
235 233 
236 238 
237 216 
237 221 
237 231 
238 242 
239 216 
239 217 
240 245 
242 217 
242 236 
242 238 
243 218 
243 230 
243 237 
