1 8 
1 58 
1 112 
2 90 
2 100 
3 31 
3 35 
3 44 
4 33 
4 94 
4 106 
5 12 
5 60 
5 99 
6 94 
7 80 
7 106 
8 30 
8 83 
8 98 
9 42 
9 51 
9 98 
10 61 
10 79 
11 58 
12 5 
12 31 
12 106 
13 104 
14 57 
14 113 
15 5 
15 54 
15 114 
16 3 
16 29 
16 98 
17 11 
17 48 
17 100 
18 83 
18 105 
19 41 
19 52 
19 78 
20 35 
20 37 
20 95 
21 10 
21 114 
22 23 
22 51 
22 54 
23 22 
23 54 
23 86 
24 95 
25 66 
25 103 
26 42 
26 76 
27 62 
27 115 
28 36 
28 88 
28 95 
29 41 
29 94 
30 98 
30 100 
30 103 
31 35 
31 44 
31 54 
32 55 
32 109 
33 4 
33 69 
34 93 
34 103 
34 106 
35 3 
35 31 
35 44 
36 53 
36 96 
36 100 
37 20 
37 29 
37 46 
38 7 
38 106 
39 29 
39 31 
39 41 
40 44 
40 100 
41 29 
41 55 
41 94 
42 57 
42 102 
43 37 
43 97 
43 99 
44 31 
44 35 
44 54 
46 20 
46 37 
46 81 
47 58 
47 101 
47 108 
48 50 
48 97 
48 111 
49 27 
49 28 
49 45 
50 97 
50 111 
51 23 
51 35 
51 114 
52 61 
52 81 
52 100 
53 108 
54 31 
54 44 
54 95 
55 41 
56 72 
56 82 
56 91 
57 61 
57 99 
58 47 
58 48 
58 111 
59 64 
59 69 
60 84 
60 102 
61 10 
61 79 
62 3 
62 37 
62 54 
63 8 
64 59 
64 69 
65 69 
65 87 
65 110 
66 25 
67 5 
67 43 
67 99 
68 60 
69 59 
69 64 
71 34 
71 58 
71 108 
74 57 
78 48 
78 50 
78 111 
79 10 
79 50 
79 61 
81 40 
81 61 
81 79 
82 46 
82 47 
82 56 
83 8 
83 18 
84 96 
84 102 
86 23 
86 51 
86 93 
87 65 
87 110 
90 17 
90 22 
90 76 
92 47 
92 55 
92 93 
93 36 
93 47 
93 70 
94 36 
94 108 
95 44 
95 54 
95 100 
96 78 
96 89 
98 100 
99 29 
99 43 
99 94 
100 52 
100 81 
100 95 
101 45 
101 47 
102 65 
102 69 
102 87 
103 25 
103 30 
103 65 
104 84 
104 111 
104 115 
105 18 
108 112 
109 32 
109 53 
109 58 
118 120 
118 127 
118 141 
119 123 
119 127 
119 163 
120 122 
120 123 
120 163 
121 119 
121 123 
121 163 
122 120 
122 123 
122 147 
123 120 
123 122 
123 139 
124 125 
124 128 
124 141 
125 141 
125 144 
125 163 
126 129 
126 143 
126 144 
127 122 
127 125 
127 141 
128 118 
128 132 
128 161 
129 126 
129 140 
129 144 
130 143 
130 162 
130 167 
131 133 
131 136 
132 123 
132 128 
132 153 
133 122 
133 145 
133 148 
134 166 
134 167 
135 118 
135 122 
135 141 
136 131 
136 155 
137 125 
137 133 
137 149 
139 122 
139 140 
139 145 
140 126 
140 129 
140 159 
141 125 
141 147 
141 163 
142 120 
142 125 
142 141 
143 126 
143 144 
143 147 
144 126 
144 129 
144 140 
145 141 
145 162 
146 122 
146 123 
146 127 
147 141 
147 155 
148 145 
148 166 
149 133 
149 137 
149 147 
150 151 
150 167 
151 139 
151 148 
151 164 
152 122 
152 141 
152 157 
153 148 
153 166 
155 150 
155 164 
155 167 
157 152 
157 162 
158 138 
158 145 
158 164 
162 130 
162 145 
164 122 
164 141 
164 163 
168 177 
168 180 
168 200 
169 182 
169 206 
170 175 
170 186 
170 196 
171 185 
171 187 
171 193 
172 169 
172 179 
172 192 
173 175 
173 191 
173 210 
174 182 
174 190 
174 194 
175 182 
175 191 
176 186 
176 188 
176 190 
177 168 
177 180 
177 200 
178 198 
178 207 
179 192 
180 168 
180 177 
180 183 
181 193 
181 209 
182 175 
182 191 
182 204 
183 181 
183 194 
183 209 
184 176 
184 186 
185 173 
185 199 
185 209 
186 176 
186 208 
187 181 
187 193 
187 209 
188 171 
188 193 
188 209 
189 182 
189 194 
190 182 
190 191 
190 206 
191 182 
191 194 
192 179 
192 206 
193 181 
193 187 
193 209 
194 174 
194 183 
194 191 
198 178 
198 204 
198 207 
199 180 
199 185 
199 188 
200 168 
200 177 
200 180 
202 206 
204 182 
204 191 
212 234 
212 241 
212 242 
213 222 
214 230 
214 232 
214 233 
215 232 
215 233 
215 235 
216 217 
216 226 
216 237 
217 214 
217 216 
217 242 
218 214 
218 232 
218 233 
219 225 
219 231 
219 235 
220 229 
220 240 
220 242 
221 238 
221 239 
221 242 
222 218 
222 229 
223 222 
223 240 
223 245 
224 214 
224 222 
224 233 
225 214 
225 230 
225 232 
226 214 
226 225 
226 232 
227 222 
227 229 
227 245 
228 240 
228 245 
229 216 
229 222 
229 245 
230 225 
230 232 
230 233 
231 219 
231 232 
231 233 
232 214 
232 231 
232 233 
233 225 
233 230 
233 232 
234 214 
234 215 
234 216 
235 215 
235 218 
235 230 
236 238 
236 242 
236 243 
237 216 
237 226 
237 231 
238 236 
238 242 
239 232 
239 246 
240 223 
240 245 
242 217 
242 238 
242 239 
243 236 
243 242 
243 246 
