1 87 
1 90 
1 110 
2 90 
2 100 
3 20 
3 29 
3 35 
4 7 
4 33 
4 106 
5 12 
5 65 
5 99 
6 29 
6 31 
6 43 
7 92 
7 106 
8 36 
8 55 
8 83 
9 21 
9 22 
9 23 
10 88 
10 89 
10 117 
11 36 
11 49 
11 55 
12 5 
12 42 
12 102 
13 20 
13 37 
13 82 
14 57 
14 87 
14 113 
15 5 
15 29 
15 54 
16 29 
16 37 
16 98 
17 11 
17 36 
17 100 
18 82 
18 83 
18 93 
19 36 
19 41 
19 96 
20 29 
20 37 
20 46 
21 23 
21 42 
21 77 
22 23 
22 51 
22 77 
23 22 
23 77 
23 86 
24 22 
24 95 
25 66 
26 32 
26 42 
26 45 
27 77 
27 92 
27 101 
28 11 
28 90 
28 98 
29 3 
29 31 
29 37 
30 90 
30 98 
30 100 
31 29 
31 44 
32 55 
32 109 
32 111 
33 3 
33 35 
33 87 
34 65 
34 98 
34 103 
35 3 
35 114 
36 11 
36 29 
36 94 
37 13 
37 20 
38 4 
38 106 
39 29 
39 31 
39 41 
40 44 
40 46 
40 100 
41 36 
41 46 
41 55 
42 45 
42 101 
42 102 
43 46 
43 69 
43 99 
44 31 
44 40 
44 100 
45 84 
45 96 
45 101 
46 3 
46 37 
46 81 
47 20 
47 46 
47 82 
48 17 
48 28 
48 100 
49 54 
49 56 
51 3 
51 31 
52 21 
52 81 
52 100 
53 36 
53 98 
53 102 
54 56 
54 89 
54 117 
55 28 
55 41 
55 109 
56 6 
56 29 
56 94 
57 14 
57 29 
57 31 
58 11 
58 98 
58 111 
59 45 
59 101 
60 12 
60 45 
60 81 
61 67 
61 83 
61 110 
62 27 
62 91 
62 92 
63 104 
63 111 
64 59 
64 69 
65 69 
65 87 
65 110 
66 25 
66 28 
66 95 
67 61 
67 83 
67 110 
68 56 
69 3 
69 31 
69 43 
70 94 
71 4 
71 34 
71 106 
72 41 
72 43 
72 101 
73 34 
73 56 
73 57 
74 89 
75 41 
76 27 
76 36 
76 90 
77 22 
77 23 
77 27 
78 1 
78 22 
78 27 
80 36 
80 41 
80 106 
81 43 
81 46 
81 100 
82 20 
82 46 
82 47 
84 45 
84 96 
84 102 
85 10 
85 87 
85 117 
87 42 
87 44 
87 46 
90 11 
90 93 
90 109 
92 27 
92 55 
92 66 
93 11 
93 36 
93 100 
94 54 
94 89 
95 24 
95 28 
95 36 
96 36 
96 93 
96 100 
97 70 
97 106 
97 109 
98 11 
98 29 
98 100 
99 6 
99 29 
99 94 
100 52 
100 81 
100 98 
101 45 
101 93 
101 113 
102 42 
102 45 
102 84 
103 43 
103 95 
103 116 
104 63 
104 109 
104 111 
105 11 
105 55 
105 83 
106 4 
107 7 
107 106 
108 36 
108 53 
108 55 
118 127 
118 141 
118 161 
119 121 
119 123 
119 163 
120 122 
120 123 
120 163 
121 119 
121 123 
121 163 
122 135 
122 152 
122 153 
123 120 
123 122 
123 141 
124 125 
124 128 
124 141 
125 127 
125 141 
125 144 
126 129 
126 143 
126 144 
127 122 
127 125 
127 141 
128 122 
128 132 
128 159 
129 126 
129 140 
129 141 
130 122 
130 152 
130 159 
131 122 
131 130 
131 133 
132 122 
132 128 
132 152 
133 122 
133 145 
133 148 
134 131 
134 148 
134 153 
135 118 
135 122 
135 141 
136 122 
136 148 
136 150 
137 122 
137 133 
137 145 
138 122 
138 135 
138 141 
139 122 
139 140 
139 159 
140 122 
140 139 
140 160 
141 122 
141 127 
141 163 
142 119 
142 121 
142 163 
143 122 
143 126 
143 140 
144 141 
144 145 
144 147 
145 143 
145 147 
146 122 
146 141 
146 164 
147 122 
147 143 
147 145 
148 133 
148 145 
149 141 
149 144 
149 147 
150 126 
150 141 
150 151 
151 139 
151 148 
151 150 
153 134 
155 122 
155 136 
155 164 
156 145 
156 148 
157 133 
157 141 
157 145 
159 146 
159 150 
160 145 
168 176 
168 177 
168 189 
169 172 
169 182 
169 192 
170 175 
170 196 
170 205 
171 188 
171 211 
172 182 
172 185 
172 210 
173 209 
173 210 
173 211 
174 182 
174 204 
174 206 
175 170 
175 176 
175 182 
176 175 
176 190 
176 191 
177 168 
177 189 
177 190 
178 173 
178 191 
178 198 
179 175 
179 190 
179 191 
180 207 
180 208 
180 211 
181 188 
181 208 
181 209 
182 168 
182 175 
182 191 
183 188 
183 209 
183 211 
184 176 
184 190 
184 191 
185 187 
185 193 
185 209 
186 176 
186 190 
186 191 
187 185 
187 208 
187 209 
188 181 
188 207 
188 209 
189 182 
189 194 
189 198 
190 176 
190 191 
190 207 
191 176 
191 194 
191 198 
192 206 
193 192 
193 194 
193 207 
194 176 
194 183 
194 192 
196 205 
197 190 
197 191 
198 176 
198 207 
199 175 
199 185 
199 187 
200 168 
200 190 
200 208 
202 173 
212 217 
212 231 
212 234 
213 231 
213 237 
213 242 
214 224 
214 244 
215 216 
215 232 
215 242 
216 217 
216 231 
216 237 
217 216 
217 218 
217 234 
218 216 
218 230 
218 235 
219 216 
219 231 
219 239 
220 229 
220 237 
220 240 
221 232 
221 242 
221 243 
222 223 
222 242 
222 245 
223 222 
223 229 
223 240 
224 214 
224 217 
224 242 
225 216 
225 231 
225 237 
226 216 
226 217 
226 237 
227 222 
227 229 
227 245 
228 240 
228 245 
229 222 
229 227 
229 240 
230 218 
230 231 
230 235 
231 216 
231 232 
231 234 
232 216 
232 217 
232 218 
233 216 
233 226 
233 232 
234 217 
234 236 
234 238 
235 218 
235 230 
235 232 
236 230 
236 238 
236 242 
237 215 
237 216 
237 231 
238 230 
238 242 
239 219 
239 229 
240 223 
240 229 
240 232 
242 217 
242 236 
242 238 
