1 3 
2 11 
3 1 
3 6 
3 9 
3 11 
3 12 
3 13 
3 15 
3 16 
4 1 
5 11 
6 3 
7 6 
7 11 
7 16 
7 29 
9 3 
9 11 
11 2 
11 3 
11 4 
11 5 
11 7 
11 9 
11 12 
11 16 
11 19 
12 2 
12 3 
12 4 
12 9 
12 11 
12 16 
12 29 
13 3 
13 9 
13 16 
14 1 
14 4 
14 20 
14 28 
14 31 
15 3 
15 23 
15 28 
16 7 
16 9 
16 11 
16 12 
16 13 
16 14 
16 17 
16 24 
16 30 
16 32 
16 36 
16 37 
17 24 
19 3 
19 11 
19 12 
19 14 
19 15 
19 16 
19 23 
19 24 
19 28 
19 31 
19 33 
19 37 
20 27 
21 24 
21 29 
22 27 
22 35 
23 15 
24 21 
24 23 
24 28 
24 32 
25 3 
25 34 
27 20 
28 24 
29 21 
29 35 
29 36 
30 32 
30 34 
30 37 
32 30 
32 34 
32 37 
32 38 
32 39 
33 39 
34 27 
34 30 
34 32 
34 35 
35 34 
36 29 
37 19 
37 30 
37 32 
38 32 
39 32 
39 33 
