1 2 
1 3 
1 5 
1 11 
1 21 
2 5 
2 25 
2 28 
2 34 
3 1 
3 5 
3 7 
3 9 
3 11 
3 13 
3 14 
3 16 
3 21 
3 28 
4 8 
4 28 
5 2 
5 3 
5 7 
5 11 
5 12 
5 16 
5 17 
5 20 
5 29 
6 33 
7 3 
7 5 
7 10 
7 11 
7 12 
7 14 
7 34 
8 4 
8 17 
8 18 
8 24 
9 3 
9 11 
10 7 
10 11 
11 1 
11 3 
11 5 
11 7 
11 9 
11 10 
11 12 
11 13 
11 14 
11 19 
11 20 
11 22 
11 24 
11 28 
11 29 
11 30 
11 32 
11 34 
11 36 
11 37 
11 38 
12 2 
12 5 
12 7 
12 11 
12 24 
13 3 
13 11 
13 14 
13 19 
13 37 
14 3 
14 7 
14 11 
14 24 
14 25 
15 23 
15 29 
16 2 
16 3 
16 5 
16 9 
16 17 
16 21 
16 24 
16 29 
16 30 
16 37 
17 5 
17 8 
17 18 
18 8 
18 17 
19 3 
19 7 
19 11 
19 13 
19 24 
19 28 
19 29 
20 37 
21 16 
21 29 
23 15 
23 22 
24 11 
24 14 
24 16 
24 30 
24 32 
24 34 
25 19 
25 29 
25 31 
25 35 
25 36 
25 37 
28 3 
28 4 
29 15 
29 21 
30 32 
30 34 
31 36 
32 24 
32 30 
32 34 
32 37 
33 6 
33 39 
34 7 
34 11 
34 24 
34 30 
34 32 
34 35 
35 34 
36 31 
37 20 
37 32 
39 33 
