1 2 
1 3 
1 5 
1 9 
1 11 
1 12 
1 13 
1 14 
1 16 
1 18 
1 19 
1 24 
2 1 
2 3 
2 5 
2 11 
2 12 
2 13 
2 14 
2 16 
2 19 
2 25 
2 34 
2 36 
3 1 
3 2 
3 5 
3 7 
3 9 
3 10 
3 11 
3 12 
3 13 
3 14 
3 16 
3 19 
3 21 
3 24 
3 25 
3 26 
3 34 
4 8 
4 16 
4 28 
5 1 
5 2 
5 3 
5 7 
5 9 
5 10 
5 11 
5 12 
5 13 
5 17 
5 24 
5 25 
5 30 
5 34 
6 11 
6 35 
7 3 
7 5 
7 9 
7 10 
7 11 
7 12 
7 13 
7 14 
7 16 
7 19 
7 25 
7 26 
7 28 
7 30 
8 4 
8 16 
8 17 
8 18 
8 19 
8 24 
9 1 
9 3 
9 5 
9 7 
9 11 
9 12 
9 16 
9 21 
9 24 
10 3 
10 5 
10 7 
10 11 
10 13 
10 23 
10 25 
11 1 
11 2 
11 3 
11 5 
11 6 
11 7 
11 9 
11 10 
11 12 
11 13 
11 14 
11 18 
11 19 
11 21 
11 23 
11 24 
11 26 
11 30 
11 31 
12 1 
12 2 
12 3 
12 5 
12 7 
12 9 
12 11 
12 16 
12 18 
12 19 
12 21 
12 24 
12 28 
12 36 
13 1 
13 2 
13 3 
13 5 
13 7 
13 10 
13 11 
13 16 
13 19 
13 21 
13 22 
13 23 
13 24 
13 25 
13 26 
13 29 
13 30 
13 33 
14 1 
14 2 
14 3 
14 7 
14 11 
14 17 
14 19 
14 24 
14 25 
14 28 
14 30 
14 36 
15 19 
15 21 
15 22 
15 23 
15 25 
15 29 
15 33 
15 36 
16 1 
16 2 
16 3 
16 4 
16 7 
16 8 
16 9 
16 12 
16 13 
16 17 
16 19 
16 21 
16 24 
16 25 
16 29 
16 30 
16 31 
16 32 
16 33 
16 35 
16 36 
16 37 
17 5 
17 8 
17 14 
17 16 
17 18 
17 19 
17 24 
17 28 
18 1 
18 8 
18 11 
18 12 
18 17 
18 21 
18 24 
18 25 
18 27 
19 1 
19 2 
19 3 
19 7 
19 8 
19 11 
19 12 
19 13 
19 14 
19 15 
19 16 
19 17 
19 21 
19 22 
19 24 
19 25 
19 26 
19 27 
19 28 
19 29 
19 30 
19 32 
19 33 
19 34 
19 39 
20 24 
20 38 
21 3 
21 9 
21 11 
21 12 
21 13 
21 15 
21 16 
21 18 
21 19 
21 24 
21 25 
21 27 
21 29 
21 30 
21 31 
21 32 
22 13 
22 15 
22 19 
22 23 
22 26 
22 28 
22 29 
23 10 
23 11 
23 13 
23 15 
23 22 
23 28 
23 29 
24 1 
24 3 
24 5 
24 8 
24 9 
24 11 
24 12 
24 13 
24 14 
24 16 
24 17 
24 18 
24 19 
24 20 
24 21 
24 25 
24 30 
24 32 
24 34 
24 37 
24 38 
25 2 
25 3 
25 5 
25 7 
25 10 
25 13 
25 14 
25 15 
25 16 
25 18 
25 19 
25 21 
25 24 
25 26 
25 30 
25 32 
25 34 
25 39 
26 3 
26 7 
26 11 
26 13 
26 19 
26 22 
26 25 
26 32 
26 33 
26 34 
27 18 
27 19 
27 21 
27 28 
28 4 
28 7 
28 12 
28 14 
28 17 
28 19 
28 22 
28 23 
28 27 
28 31 
28 35 
29 13 
29 15 
29 16 
29 19 
29 21 
29 22 
29 23 
29 31 
29 32 
29 33 
29 34 
29 38 
29 39 
30 5 
30 7 
30 11 
30 13 
30 14 
30 16 
30 19 
30 21 
30 24 
30 25 
30 31 
30 32 
30 34 
30 35 
30 37 
30 38 
31 11 
31 16 
31 21 
31 28 
31 29 
31 30 
31 33 
31 34 
31 35 
31 36 
32 16 
32 19 
32 21 
32 24 
32 25 
32 26 
32 29 
32 30 
32 34 
32 36 
32 37 
32 38 
33 13 
33 15 
33 16 
33 19 
33 26 
33 29 
33 31 
33 34 
33 36 
33 39 
34 2 
34 3 
34 5 
34 19 
34 24 
34 25 
34 26 
34 29 
34 30 
34 31 
34 32 
34 33 
34 35 
34 36 
34 37 
34 38 
35 6 
35 16 
35 28 
35 30 
35 31 
35 34 
35 36 
35 38 
35 39 
36 2 
36 12 
36 14 
36 15 
36 16 
36 31 
36 32 
36 33 
36 34 
36 35 
36 38 
36 39 
37 16 
37 24 
37 30 
37 32 
37 34 
37 38 
38 20 
38 24 
38 29 
38 30 
38 32 
38 34 
38 35 
38 36 
38 37 
39 19 
39 25 
39 29 
39 33 
39 35 
39 36 
