2 17 
2 61 
2 351 
4 345 
5 7 
5 9 
5 15 
5 18 
5 57 
5 61 
5 173 
5 308 
5 345 
5 359 
5 364 
7 17 
7 61 
7 309 
9 54 
9 252 
9 345 
9 351 
9 359 
15 351 
17 18 
17 34 
17 54 
17 122 
17 166 
17 181 
17 306 
17 308 
17 309 
17 345 
17 351 
17 353 
17 358 
17 359 
17 364 
17 400 
18 61 
18 309 
18 328 
18 345 
18 351 
18 409 
22 61 
22 351 
34 61 
53 353 
53 359 
54 61 
54 351 
57 351 
61 148 
61 166 
61 306 
61 308 
61 328 
61 345 
61 351 
61 353 
61 358 
61 359 
63 252 
108 351 
148 351 
166 351 
169 351 
209 345 
209 353 
252 306 
252 333 
252 345 
252 353 
252 358 
252 359 
252 364 
252 372 
305 345 
306 345 
308 309 
308 345 
308 351 
308 359 
309 345 
328 359 
333 351 
344 345 
344 351 
345 351 
351 353 
351 359 
351 362 
351 364 
351 372 
351 391 
351 412 
359 364 
