1 64 
2 64 
2 194 
3 64 
7 64 
10 64 
14 64 
15 64 
16 64 
20 64 
20 283 
22 64 
24 64 
26 64 
27 64 
28 64 
30 64 
31 64 
34 64 
38 64 
40 64 
41 64 
42 64 
48 64 
55 64 
58 64 
62 64 
64 65 
64 66 
64 67 
64 68 
64 71 
64 72 
64 77 
64 79 
64 80 
64 83 
64 84 
64 86 
64 89 
64 92 
64 93 
64 99 
64 101 
64 109 
64 112 
64 122 
64 123 
64 125 
64 126 
64 164 
64 166 
64 181 
64 194 
64 199 
64 204 
64 219 
64 228 
64 239 
64 244 
64 254 
64 264 
64 271 
64 283 
64 387 
64 429 
72 84 
84 122 
84 166 
84 229 
84 399 
99 166 
