2 80 
2 83 
7 80 
7 83 
8 83 
11 83 
14 83 
14 225 
15 80 
15 83 
15 278 
15 283 
20 83 
20 107 
20 216 
20 221 
20 225 
20 289 
22 80 
22 83 
24 83 
29 83 
34 83 
34 290 
38 83 
40 80 
40 83 
41 83 
42 83 
48 80 
48 83 
50 80 
50 83 
55 83 
62 83 
62 107 
62 221 
62 225 
62 234 
62 289 
64 83 
65 83 
71 80 
71 83 
80 83 
80 107 
80 169 
80 216 
80 221 
80 225 
80 234 
80 237 
80 268 
80 270 
80 289 
80 294 
80 321 
83 89 
83 96 
83 101 
83 107 
83 112 
83 164 
83 199 
83 208 
83 211 
83 216 
83 221 
83 225 
83 234 
83 237 
83 256 
83 267 
83 270 
83 276 
83 278 
83 283 
83 286 
83 289 
83 290 
83 294 
83 321 
107 225 
107 267 
107 283 
216 278 
221 278 
225 267 
225 270 
225 278 
225 289 
267 270 
278 289 
