1 252 
3 252 
7 8 
7 9 
7 18 
7 21 
7 26 
7 27 
7 30 
7 34 
7 40 
7 50 
7 53 
7 62 
7 77 
7 96 
7 147 
7 169 
7 199 
7 209 
7 215 
7 219 
7 305 
7 307 
7 308 
7 326 
7 403 
7 433 
8 34 
8 50 
8 58 
8 63 
8 169 
8 252 
8 305 
9 21 
9 40 
9 57 
9 96 
9 173 
9 205 
9 305 
12 15 
12 18 
12 21 
12 26 
12 27 
12 37 
12 38 
12 40 
12 57 
12 58 
12 60 
12 70 
12 96 
12 173 
12 184 
12 199 
12 205 
12 225 
12 234 
12 254 
12 287 
12 308 
14 33 
14 34 
14 61 
14 83 
14 169 
14 252 
15 18 
15 21 
15 26 
15 33 
15 34 
15 40 
15 50 
15 53 
15 61 
15 68 
15 83 
15 209 
15 252 
15 305 
18 21 
18 30 
18 34 
18 38 
18 50 
18 53 
18 58 
18 252 
18 305 
18 355 
20 252 
21 40 
21 53 
21 57 
21 96 
21 173 
21 205 
21 209 
21 252 
21 305 
21 308 
22 33 
22 34 
22 199 
22 209 
26 34 
26 252 
26 305 
27 33 
27 34 
27 61 
27 252 
30 209 
30 252 
33 34 
33 40 
33 50 
33 53 
33 55 
33 57 
33 62 
33 65 
33 68 
33 83 
33 169 
33 199 
33 209 
33 215 
33 234 
33 241 
33 252 
33 305 
34 37 
34 40 
34 48 
34 50 
34 53 
34 58 
34 65 
34 83 
34 95 
34 96 
34 107 
34 147 
34 215 
34 216 
34 221 
34 225 
34 234 
34 241 
34 252 
34 289 
34 294 
36 53 
37 53 
37 252 
38 61 
38 252 
40 53 
40 56 
40 58 
40 68 
40 209 
40 215 
40 252 
40 305 
41 53 
48 50 
50 53 
50 58 
50 62 
50 68 
50 83 
50 95 
50 209 
50 215 
50 252 
50 305 
52 252 
53 55 
53 56 
53 57 
53 66 
53 95 
53 96 
53 101 
53 173 
53 181 
53 199 
53 205 
53 215 
53 252 
53 256 
53 306 
53 308 
53 355 
53 358 
55 56 
55 169 
55 252 
57 61 
57 209 
57 252 
57 305 
57 308 
58 63 
58 76 
58 95 
58 147 
58 252 
58 326 
58 403 
59 252 
60 61 
60 252 
61 66 
61 101 
61 181 
61 205 
61 208 
61 355 
62 83 
62 169 
62 225 
62 252 
64 252 
65 252 
66 252 
68 252 
72 252 
76 169 
76 305 
77 252 
80 169 
80 252 
83 166 
83 199 
83 208 
83 215 
83 252 
83 289 
85 209 
85 252 
87 252 
88 252 
95 252 
96 209 
96 252 
96 305 
96 308 
101 169 
101 199 
101 209 
101 252 
101 305 
112 252 
119 252 
147 252 
165 252 
166 252 
169 199 
169 225 
169 256 
173 209 
173 252 
173 305 
181 252 
199 209 
199 252 
199 305 
205 209 
205 252 
205 305 
205 308 
208 252 
209 215 
209 225 
209 353 
209 359 
211 252 
215 252 
215 271 
225 252 
228 252 
229 252 
241 252 
244 252 
252 254 
252 256 
252 271 
252 303 
252 308 
252 314 
252 319 
252 350 
252 352 
252 355 
252 358 
256 305 
305 308 
305 314 
305 355 
305 358 
