2 57 
2 67 
2 107 
2 181 
2 205 
2 216 
2 225 
3 38 
3 43 
3 57 
3 67 
3 72 
3 96 
3 107 
3 122 
3 166 
3 181 
3 211 
3 289 
3 377 
7 166 
10 38 
10 85 
12 43 
12 131 
12 166 
15 57 
16 166 
17 54 
27 67 
27 166 
28 67 
31 67 
34 67 
34 122 
34 166 
37 57 
37 166 
38 43 
38 54 
38 57 
38 64 
38 65 
38 67 
38 72 
38 85 
38 93 
38 166 
38 181 
38 205 
38 216 
38 225 
38 241 
38 352 
38 384 
40 57 
40 67 
40 122 
40 166 
40 181 
41 67 
43 45 
43 64 
43 67 
43 72 
43 173 
45 54 
45 64 
45 67 
45 72 
45 83 
45 88 
45 91 
45 107 
45 166 
45 181 
45 252 
45 352 
45 408 
50 57 
52 66 
54 57 
54 64 
54 66 
54 96 
54 122 
54 252 
57 66 
57 67 
57 68 
57 96 
57 122 
57 147 
57 166 
57 173 
57 181 
57 184 
57 205 
57 210 
57 211 
57 243 
57 265 
57 275 
57 287 
57 303 
61 131 
62 67 
62 122 
62 166 
62 181 
64 67 
64 166 
64 181 
64 250 
65 166 
66 67 
66 72 
66 166 
66 181 
66 216 
66 289 
67 68 
67 72 
67 77 
67 83 
67 84 
67 88 
67 91 
67 96 
67 99 
67 122 
67 131 
67 166 
67 169 
67 173 
67 194 
67 205 
67 216 
67 243 
67 244 
67 250 
67 276 
67 384 
68 72 
72 131 
72 155 
72 166 
72 181 
72 352 
77 166 
83 166 
83 181 
85 122 
85 166 
93 166 
96 122 
96 166 
96 181 
107 155 
122 166 
122 181 
122 216 
122 225 
122 241 
122 283 
122 384 
155 166 
155 289 
166 171 
166 173 
166 181 
166 184 
166 194 
166 199 
166 204 
166 205 
166 216 
166 225 
166 276 
166 283 
166 378 
166 384 
181 194 
181 250 
