1 76 
1 88 
2 15 
2 284 
2 360 
3 364 
3 384 
3 386 
3 440 
4 96 
4 369 
4 386 
10 34 
14 64 
14 76 
14 267 
15 37 
15 53 
15 54 
15 57 
15 101 
15 199 
15 244 
15 360 
15 386 
18 59 
18 166 
18 284 
18 392 
22 49 
22 53 
22 59 
22 76 
22 80 
22 101 
22 267 
22 282 
22 360 
22 440 
26 33 
26 101 
26 199 
26 229 
26 270 
31 77 
31 284 
33 42 
37 96 
37 381 
38 54 
38 66 
38 199 
38 219 
40 96 
40 101 
40 298 
40 360 
42 62 
46 360 
52 80 
52 101 
53 80 
53 96 
53 181 
53 204 
53 265 
53 284 
53 369 
53 402 
54 199 
54 384 
57 61 
57 101 
57 199 
57 360 
57 381 
59 101 
61 360 
62 66 
62 80 
62 101 
62 166 
62 181 
62 204 
62 227 
62 256 
62 268 
62 383 
62 397 
62 402 
62 440 
64 350 
64 383 
66 282 
66 358 
66 383 
66 384 
66 386 
67 384 
76 80 
76 108 
76 227 
76 268 
76 284 
76 360 
80 101 
80 241 
80 256 
88 239 
95 101 
95 360 
95 388 
101 199 
101 239 
101 241 
101 256 
101 282 
101 283 
101 316 
101 318 
101 353 
101 360 
101 369 
101 386 
101 388 
101 402 
108 284 
108 386 
163 252 
163 414 
165 166 
166 276 
173 422 
181 384 
181 394 
192 268 
192 282 
194 229 
194 422 
199 283 
199 284 
199 307 
199 328 
199 360 
199 369 
199 386 
199 402 
199 431 
204 284 
215 442 
227 283 
239 282 
239 284 
239 436 
241 360 
265 386 
280 302 
280 383 
282 360 
282 369 
283 360 
283 397 
284 369 
284 383 
298 360 
302 358 
318 408 
325 384 
328 353 
360 381 
360 386 
360 388 
360 392 
360 394 
360 440 
369 386 
381 383 
384 397 
386 414 
436 445 
