1 71 
2 12 
2 71 
7 71 
8 71 
12 135 
14 71 
15 71 
15 252 
20 252 
22 71 
24 71 
26 71 
27 71 
28 71 
31 71 
34 71 
38 71 
40 71 
41 71 
42 71 
48 71 
49 284 
50 71 
55 71 
58 71 
59 252 
62 71 
62 252 
64 71 
65 252 
66 71 
67 71 
68 71 
71 77 
71 80 
71 83 
71 101 
71 108 
71 112 
71 122 
71 166 
71 169 
71 181 
71 192 
71 199 
71 215 
71 244 
71 256 
71 309 
71 350 
83 252 
89 252 
95 252 
96 252 
107 252 
173 252 
194 252 
221 252 
225 252 
252 254 
252 256 
252 267 
252 276 
252 278 
252 359 
