2 50 
8 50 
8 210 
20 40 
20 50 
22 320 
22 341 
34 50 
37 50 
37 57 
37 205 
37 211 
40 59 
40 63 
40 199 
40 211 
40 262 
40 274 
40 281 
40 303 
40 329 
40 338 
40 341 
40 370 
40 375 
40 441 
50 58 
50 59 
50 62 
50 63 
50 64 
50 83 
50 95 
50 108 
50 147 
50 165 
50 166 
50 199 
50 211 
50 225 
50 262 
50 267 
50 274 
50 278 
50 281 
50 300 
50 303 
50 313 
50 314 
50 319 
50 339 
50 341 
50 370 
57 165 
57 211 
96 211 
165 211 
169 329 
184 205 
184 210 
184 211 
184 265 
184 298 
184 320 
205 210 
210 211 
210 303 
211 314 
211 320 
