4 11 
4 33 
4 57 
4 75 
4 82 
4 96 
4 108 
4 173 
4 197 
4 205 
4 211 
4 227 
4 314 
4 333 
4 334 
4 348 
9 108 
11 12 
11 30 
11 32 
11 33 
11 37 
11 40 
11 50 
11 65 
11 76 
11 78 
11 79 
11 108 
11 116 
11 118 
11 135 
11 139 
11 143 
11 147 
11 205 
11 206 
11 209 
11 210 
11 211 
11 213 
11 216 
11 220 
11 221 
11 224 
11 227 
11 234 
11 240 
11 251 
11 255 
11 261 
11 262 
11 265 
11 268 
11 277 
11 289 
11 293 
11 294 
11 312 
11 347 
12 20 
12 30 
12 32 
12 33 
12 35 
12 37 
12 46 
12 49 
12 50 
12 51 
12 57 
12 59 
12 62 
12 65 
12 75 
12 76 
12 78 
12 79 
12 81 
12 84 
12 96 
12 99 
12 108 
12 116 
12 135 
12 143 
12 146 
12 147 
12 163 
12 173 
12 175 
12 183 
12 194 
12 196 
12 197 
12 205 
12 206 
12 207 
12 210 
12 211 
12 213 
12 216 
12 220 
12 224 
12 227 
12 240 
12 250 
12 251 
12 256 
12 261 
12 262 
12 263 
12 265 
12 267 
12 268 
12 270 
12 275 
12 276 
12 278 
12 280 
12 282 
12 286 
12 288 
12 289 
12 293 
12 307 
12 310 
12 312 
12 314 
12 324 
12 333 
12 334 
12 346 
12 348 
12 349 
12 362 
12 376 
12 391 
12 400 
12 423 
12 430 
12 431 
12 434 
12 449 
17 57 
17 96 
17 108 
17 146 
17 173 
17 205 
17 227 
17 251 
17 319 
17 346 
17 434 
18 40 
18 57 
18 76 
18 96 
18 108 
18 118 
18 139 
18 163 
18 196 
18 197 
18 205 
18 220 
18 240 
18 261 
18 310 
20 37 
20 50 
20 95 
20 108 
20 118 
20 139 
20 147 
20 205 
20 208 
20 210 
20 211 
20 216 
20 221 
20 224 
20 227 
20 240 
20 289 
20 294 
30 50 
30 108 
30 139 
30 207 
30 208 
30 261 
32 57 
32 173 
32 256 
33 96 
33 108 
33 207 
33 261 
35 207 
37 40 
37 50 
37 96 
37 108 
37 196 
37 211 
37 224 
37 234 
37 251 
37 261 
37 278 
37 305 
40 57 
40 62 
40 76 
40 96 
40 108 
40 118 
40 139 
40 147 
40 210 
40 224 
40 234 
40 262 
40 265 
40 275 
40 329 
40 344 
46 53 
46 76 
46 96 
46 108 
46 118 
46 139 
47 96 
47 205 
47 256 
49 96 
49 209 
50 57 
50 59 
50 61 
50 76 
50 108 
50 118 
50 139 
50 147 
50 173 
50 205 
50 207 
50 213 
50 224 
50 234 
50 240 
50 252 
50 255 
50 256 
50 262 
50 265 
50 275 
50 276 
50 303 
53 82 
53 108 
53 208 
53 227 
53 314 
53 334 
53 335 
53 346 
53 376 
57 61 
57 108 
57 139 
57 196 
57 205 
57 209 
57 210 
57 211 
57 213 
57 224 
57 227 
57 240 
57 251 
57 293 
57 305 
57 344 
57 356 
59 63 
59 108 
59 139 
59 147 
59 213 
59 403 
59 421 
61 108 
61 173 
61 205 
62 108 
62 118 
62 139 
62 206 
62 208 
62 210 
62 224 
62 227 
62 234 
62 261 
62 289 
62 294 
63 108 
65 76 
72 139 
72 209 
75 108 
75 139 
75 207 
75 209 
75 227 
75 305 
76 108 
76 118 
76 139 
76 147 
76 163 
76 206 
76 210 
76 211 
76 213 
76 221 
76 224 
76 234 
76 240 
76 250 
76 252 
76 255 
76 261 
76 262 
76 294 
76 310 
78 108 
78 143 
78 209 
78 224 
78 240 
78 261 
79 196 
82 207 
82 224 
82 261 
85 196 
88 240 
95 139 
96 108 
96 207 
96 209 
96 211 
96 213 
96 220 
96 224 
96 240 
96 265 
96 280 
96 293 
96 305 
96 312 
96 344 
108 118 
108 139 
108 146 
108 173 
108 175 
108 183 
108 205 
108 206 
108 207 
108 209 
108 211 
108 213 
108 227 
108 240 
108 251 
108 252 
108 255 
108 256 
108 293 
108 305 
108 306 
108 307 
108 310 
108 312 
108 314 
108 344 
108 346 
108 348 
108 349 
108 376 
108 400 
118 146 
118 147 
118 163 
118 173 
118 210 
118 216 
118 221 
118 227 
118 234 
118 251 
118 256 
118 261 
118 268 
118 276 
118 278 
118 293 
118 427 
119 205 
135 139 
135 205 
135 210 
139 147 
139 205 
139 207 
139 210 
139 211 
139 227 
139 234 
139 251 
139 255 
139 256 
139 261 
139 262 
139 267 
139 270 
139 278 
139 286 
139 294 
139 303 
139 329 
139 335 
139 348 
143 146 
143 205 
143 207 
143 240 
143 256 
146 163 
146 207 
146 209 
146 252 
147 173 
147 211 
147 213 
147 240 
147 348 
147 423 
163 205 
163 227 
173 209 
173 213 
173 224 
173 240 
173 261 
173 293 
173 305 
173 344 
173 356 
175 227 
183 207 
183 261 
188 196 
196 205 
196 220 
196 227 
205 209 
205 210 
205 213 
205 220 
205 224 
205 240 
205 250 
205 252 
205 261 
205 265 
205 293 
205 305 
205 344 
205 356 
205 376 
206 220 
206 227 
206 240 
206 256 
206 261 
207 211 
207 252 
207 280 
207 310 
207 401 
208 255 
208 305 
209 220 
209 227 
209 251 
209 312 
209 314 
209 334 
209 335 
209 362 
209 365 
209 434 
210 211 
210 251 
210 262 
210 265 
210 286 
210 289 
211 221 
211 240 
211 255 
211 256 
211 265 
211 270 
213 227 
213 251 
213 255 
213 256 
213 261 
216 227 
216 256 
220 240 
221 234 
221 250 
221 256 
221 267 
221 278 
224 261 
224 277 
224 286 
224 344 
224 349 
227 240 
227 250 
227 256 
227 261 
227 278 
227 293 
227 305 
227 310 
227 356 
227 448 
234 240 
234 250 
234 255 
234 256 
234 268 
234 286 
240 251 
240 256 
240 261 
240 265 
240 268 
240 319 
240 366 
240 376 
251 262 
251 265 
251 312 
252 261 
252 312 
255 256 
255 263 
255 267 
255 276 
255 278 
255 286 
255 324 
256 262 
256 267 
256 289 
256 293 
256 294 
256 347 
256 356 
261 310 
261 347 
261 401 
268 286 
276 289 
276 294 
293 314 
293 348 
293 434 
305 334 
305 427 
312 348 
314 344 
314 356 
319 344 
344 362 
