27 201 
27 220 
31 223 
31 244 
31 246 
31 269 
31 291 
31 292 
97 98 
97 152 
97 158 
97 167 
97 171 
97 189 
97 190 
97 198 
97 200 
97 285 
97 357 
98 134 
98 149 
98 156 
98 167 
98 168 
98 189 
98 190 
98 220 
98 230 
98 327 
98 367 
134 167 
134 168 
149 156 
149 201 
149 223 
149 230 
152 153 
152 171 
152 200 
152 373 
152 379 
153 214 
153 285 
153 337 
153 373 
156 201 
156 230 
156 257 
158 200 
167 189 
168 367 
171 200 
171 379 
187 188 
187 217 
187 220 
187 235 
187 242 
187 266 
187 269 
187 291 
187 306 
189 190 
198 285 
200 285 
201 217 
201 220 
201 223 
201 230 
201 231 
201 257 
202 217 
202 220 
202 235 
202 306 
213 220 
214 285 
217 242 
223 230 
223 231 
230 231 
230 257 
231 257 
246 291 
269 292 
285 337 
285 357 
291 292 
337 373 
373 379 
