2 10 
2 53 
3 10 
4 7 
4 10 
4 11 
4 18 
4 21 
4 22 
4 39 
4 49 
4 50 
4 108 
7 10 
7 59 
7 208 
10 11 
10 14 
10 15 
10 20 
10 22 
10 27 
10 28 
10 31 
10 32 
10 38 
10 39 
10 40 
10 42 
10 46 
10 50 
10 53 
10 55 
10 58 
10 59 
10 62 
10 63 
10 68 
10 71 
10 77 
10 99 
10 101 
10 122 
10 259 
11 14 
11 22 
11 41 
11 48 
11 256 
11 286 
14 65 
22 27 
22 39 
22 40 
22 46 
22 50 
22 71 
22 215 
34 53 
34 71 
39 147 
39 205 
39 210 
39 211 
39 215 
39 265 
40 50 
40 71 
46 112 
48 62 
59 208 
63 95 
70 99 
