1 203 
3 35 
11 26 
11 35 
11 51 
11 55 
11 79 
11 105 
11 109 
11 112 
11 203 
26 53 
26 83 
26 139 
26 213 
35 44 
35 53 
35 56 
35 69 
35 83 
35 119 
35 209 
35 261 
35 347 
40 51 
40 55 
40 105 
40 112 
40 175 
40 203 
42 50 
42 53 
42 55 
42 83 
42 118 
42 119 
42 139 
42 163 
42 396 
44 55 
44 164 
50 55 
50 105 
50 203 
51 53 
51 56 
51 76 
51 119 
51 213 
51 220 
51 312 
53 55 
53 75 
53 78 
53 79 
53 105 
53 112 
53 116 
53 164 
53 175 
53 195 
53 203 
55 83 
55 139 
55 213 
55 256 
56 117 
56 203 
62 109 
62 112 
62 203 
75 118 
75 119 
76 203 
79 119 
83 112 
83 116 
83 117 
83 175 
105 396 
105 398 
107 203 
109 211 
109 396 
112 139 
112 211 
117 118 
118 203 
139 203 
164 261 
203 211 
203 221 
