15 27 
15 31 
16 98 
18 27 
18 31 
26 27 
26 31 
26 201 
27 28 
27 31 
27 77 
27 83 
27 96 
27 108 
27 169 
27 187 
27 245 
27 252 
27 315 
28 31 
28 33 
28 38 
28 44 
28 55 
28 77 
28 83 
28 177 
28 199 
28 205 
28 206 
28 244 
28 252 
28 273 
30 31 
30 187 
30 202 
31 32 
31 33 
31 38 
31 40 
31 42 
31 55 
31 64 
31 77 
31 78 
31 83 
31 96 
31 97 
31 98 
31 164 
31 166 
31 169 
31 171 
31 173 
31 181 
31 187 
31 188 
31 190 
31 199 
31 200 
31 201 
31 202 
31 205 
31 206 
31 207 
31 208 
31 235 
31 242 
31 252 
31 258 
31 311 
33 187 
77 83 
77 133 
77 137 
77 199 
77 252 
97 98 
97 200 
98 201 
98 258 
187 201 
187 202 
187 207 
187 252 
201 207 
202 252 
