2 24 
3 24 
6 13 
6 24 
6 29 
6 36 
7 24 
8 24 
12 29 
13 29 
13 94 
14 24 
15 24 
16 24 
16 28 
16 29 
16 36 
20 24 
22 24 
22 29 
22 157 
23 24 
23 29 
23 36 
24 25 
24 26 
24 27 
24 28 
24 29 
24 31 
24 34 
24 38 
24 40 
24 41 
24 42 
24 45 
24 47 
24 48 
24 50 
24 54 
24 55 
24 58 
24 60 
24 61 
24 62 
24 64 
24 65 
24 66 
24 67 
24 68 
24 70 
24 71 
24 73 
24 74 
24 77 
24 78 
24 83 
24 89 
24 92 
24 94 
24 96 
24 101 
24 108 
24 112 
24 122 
24 124 
24 128 
24 145 
24 150 
24 154 
24 157 
24 159 
24 160 
24 162 
24 164 
24 166 
24 174 
24 181 
24 185 
24 191 
24 193 
24 199 
24 212 
24 218 
24 219 
24 222 
24 232 
24 244 
24 253 
24 264 
24 272 
24 368 
24 374 
24 380 
24 387 
25 29 
27 29 
29 36 
29 60 
29 73 
29 74 
29 94 
29 124 
29 128 
29 159 
29 160 
29 174 
29 185 
29 218 
29 222 
29 232 
29 272 
29 368 
29 374 
36 60 
36 124 
36 154 
36 159 
