2 27 
2 28 
2 31 
2 244 
7 27 
7 28 
7 31 
14 27 
15 27 
15 28 
15 31 
17 27 
20 27 
22 27 
22 28 
22 31 
27 28 
27 31 
27 34 
27 35 
27 38 
27 40 
27 42 
27 54 
27 58 
27 61 
27 66 
27 67 
27 69 
27 71 
27 75 
27 77 
27 79 
27 80 
27 83 
27 101 
27 108 
27 122 
27 166 
27 175 
27 181 
27 186 
27 187 
27 192 
27 199 
27 202 
27 235 
27 244 
27 245 
27 280 
27 306 
28 31 
28 38 
28 44 
28 61 
28 66 
28 67 
28 71 
28 77 
28 80 
28 101 
28 108 
28 166 
28 176 
28 177 
28 199 
28 244 
28 247 
28 260 
28 273 
28 279 
28 295 
28 301 
28 336 
28 371 
31 35 
31 38 
31 66 
31 71 
31 97 
31 98 
31 166 
31 171 
31 187 
31 188 
31 190 
31 199 
31 200 
31 201 
31 202 
31 205 
31 217 
31 235 
31 242 
31 311 
71 202 
71 244 
97 98 
97 200 
97 418 
98 201 
176 177 
187 201 
187 202 
187 311 
201 202 
201 217 
201 311 
202 306 
217 311 
