1
1
1
5
2
6
1
1
1
1
1
1
1
1
1
1
1
1
5
1
1
1
1
5
2
6
1
1
3
1
1
1
1
1
1
1
1
1
1
1
1
1
1
5
1
1
1
1
1
1
1
5
5
1
1
1
1
5
2
1
1
1
5
1
1
1
1
1
5
1
1
1
1
1
5
1
1
1
7
1
1
2
1
1
1
1
5
1
1
1
1
7
1
1
1
1
1
1
3
2
1
1
1
1
1
1
1
1
1
1
1
7
1
1
4
1
1
5
6
7
1
1
1
1
2
1
1
1
1
1
1
5
1
5
1
1
5
1
1
1
1
1
1
5
1
1
5
9
1
1
1
1
1
7
5
1
7
1
5
1
5
5
5
1
1
1
5
1
1
7
1
5
10
1
5
1
1
1
1
1
1
1
1
1
1
1
1
5
1
1
1
1
5
7
7
1
1
1
3
1
1
1
1
1
1
1
1
1
1
1
7
1
1
1
1
1
5
1
1
5
7
1
1
1
2
1
1
1
1
1
1
1
7
1
1
1
1
1
1
1
1
1
5
5
1
1
1
5
1
1
1
7
1
1
1
7
1
6
1
1
1
1
1
1
1
5
1
7
2
1
1
1
7
1
1
1
1
2
1
1
1
1
1
1
1
1
1
1
1
1
1
1
1
1
1
1
1
1
1
1
1
5
7
5
5
1
1
1
1
1
1
7
1
6
1
1
5
1
7
1
1
1
6
1
1
1
1
2
1
1
1
1
1
2
1
1
1
1
1
1
7
5
1
3
1
1
2
1
5
6
1
1
1
1
1
1
1
5
1
1
1
1
1
1
1
1
1
1
1
6
1
1
1
1
2
1
1
7
1
1
1
1
1
1
1
1
1
1
1
1
7
1
5
8
1
1
1
1
1
1
1
1
1
1
1
1
1
1
1
1
1
1
1
1
1
1
1
1
1
1
1
1
1
5
1
1
1
1
1
6
1
1
8
1
1
1
1
1
1
1
5
1
1
1
5
1
1
1
1
1
5
1
1
5
1
1
1
1
1
8
1
1
1
1
2
1
6
2
5
1
1
1
1
1
1
1
1
6
2
1
1
5
1
1
1
6
5
10
2
3
1
1
7
1
1
1
5
1
1
1
1
1
1
1
1
1
1
1
10
10
10
10
1
6
1
1
1
1
1
1
