12 13 
12 14 
12 15 
12 16 
12 17 
12 45 
12 46 
13 14 
13 15 
13 16 
13 17 
14 15 
14 16 
14 17 
14 45 
14 46 
14 361 
14 398 
14 399 
15 16 
15 17 
15 45 
15 46 
16 17 
20 21 
20 23 
21 23 
24 25 
29 30 
29 166 
29 282 
29 287 
29 291 
30 166 
30 282 
30 287 
30 291 
45 46 
45 133 
45 361 
45 362 
46 133 
46 150 
46 362 
47 48 
47 457 
47 484 
48 457 
48 484 
57 58 
75 76 
75 77 
76 77 
83 97 
83 189 
97 189 
118 119 
118 120 
118 279 
118 311 
119 120 
119 279 
119 311 
120 279 
120 311 
169 170 
173 487 
173 488 
246 497 
279 311 
282 287 
282 291 
287 291 
398 399 
457 484 
487 488 
