17 113 
17 167 
17 168 
26 27 
26 28 
27 28 
65 72 
65 74 
65 158 
65 204 
65 321 
65 322 
65 323 
65 324 
72 74 
72 158 
72 186 
72 204 
72 214 
72 321 
72 322 
72 323 
72 324 
74 158 
74 204 
74 321 
74 322 
74 323 
74 324 
112 113 
112 114 
112 115 
112 116 
112 167 
113 114 
113 115 
113 116 
113 167 
113 168 
114 115 
114 116 
115 116 
116 167 
156 165 
158 204 
158 321 
158 322 
158 323 
158 324 
167 168 
186 214 
204 321 
204 322 
204 323 
204 324 
321 322 
321 323 
321 324 
322 323 
322 324 
323 324 
