1 125 
1 338 
4 28 
4 53 
4 145 
4 204 
4 374 
4 375 
4 376 
5 457 
5 458 
5 459 
6 7 
6 45 
6 46 
6 112 
6 183 
6 382 
7 45 
7 46 
7 54 
7 112 
7 150 
7 151 
7 183 
7 204 
7 214 
7 308 
7 312 
7 365 
7 382 
28 53 
28 145 
28 204 
28 374 
28 375 
28 376 
29 30 
29 166 
29 282 
29 287 
29 291 
29 311 
30 166 
30 282 
30 287 
30 291 
30 311 
45 46 
46 112 
46 183 
51 54 
51 55 
53 57 
53 72 
53 73 
53 145 
53 204 
53 214 
53 367 
53 374 
53 375 
53 376 
54 55 
54 204 
54 214 
54 308 
54 312 
54 365 
57 72 
57 73 
57 204 
57 214 
57 490 
65 213 
65 214 
72 73 
72 204 
72 214 
72 502 
73 204 
73 214 
105 106 
105 107 
105 108 
105 109 
106 107 
106 108 
106 109 
107 108 
107 109 
108 109 
112 183 
117 118 
117 119 
117 120 
118 119 
118 120 
119 120 
125 338 
145 374 
145 375 
145 376 
150 151 
157 386 
166 287 
166 291 
166 311 
180 181 
180 312 
180 462 
180 463 
181 312 
181 462 
181 463 
204 214 
204 308 
204 312 
204 365 
204 374 
204 375 
204 490 
213 214 
214 308 
214 312 
214 365 
214 377 
214 456 
214 502 
282 283 
282 285 
282 286 
282 287 
282 288 
282 289 
282 291 
282 292 
282 293 
282 301 
282 409 
283 285 
283 286 
283 287 
283 288 
283 289 
283 291 
283 292 
283 293 
283 301 
283 409 
285 286 
285 287 
285 288 
285 289 
285 291 
285 292 
285 293 
285 301 
285 409 
286 287 
286 288 
286 289 
286 291 
286 292 
286 293 
286 301 
286 409 
287 288 
287 289 
287 291 
287 292 
287 293 
287 301 
287 311 
287 409 
288 289 
288 291 
288 292 
288 293 
288 301 
288 409 
289 291 
289 292 
289 293 
289 301 
289 409 
291 292 
291 293 
291 301 
291 409 
292 293 
292 301 
292 409 
293 301 
293 409 
301 409 
303 304 
308 312 
308 365 
308 377 
312 365 
312 462 
312 463 
358 503 
374 375 
374 376 
375 376 
457 458 
457 459 
458 459 
462 463 
