5 6 
5 7 
5 288 
5 382 
6 7 
6 288 
6 382 
7 288 
7 382 
14 45 
14 361 
17 73 
17 385 
18 19 
18 219 
18 220 
19 219 
19 220 
29 30 
29 291 
30 291 
45 361 
53 57 
53 72 
53 73 
53 204 
53 214 
57 72 
57 73 
57 204 
57 214 
59 60 
59 61 
60 61 
72 73 
72 204 
72 214 
73 204 
73 214 
73 385 
105 106 
105 107 
105 108 
105 109 
106 107 
106 108 
106 109 
107 108 
107 109 
108 109 
173 488 
173 509 
173 510 
173 511 
173 512 
174 179 
189 192 
204 214 
219 220 
288 382 
360 361 
360 362 
360 363 
360 402 
361 362 
361 363 
361 402 
362 363 
362 402 
363 402 
488 509 
488 510 
488 511 
488 512 
509 510 
509 511 
509 512 
510 511 
510 512 
511 512 
