1 125 
1 146 
1 147 
1 148 
4 28 
4 53 
4 204 
4 374 
4 375 
8 320 
20 23 
20 49 
20 53 
20 269 
20 466 
23 86 
23 87 
23 88 
23 89 
23 90 
23 91 
23 92 
23 93 
23 95 
23 269 
23 368 
28 53 
28 204 
28 374 
28 375 
31 32 
31 33 
31 63 
31 154 
32 33 
32 36 
32 63 
32 135 
32 151 
32 152 
32 154 
32 193 
32 249 
32 500 
32 501 
36 135 
36 151 
36 152 
36 193 
36 249 
36 500 
36 501 
49 53 
49 466 
53 204 
53 367 
53 374 
53 375 
53 466 
53 493 
63 154 
86 87 
86 88 
86 89 
86 90 
86 91 
86 92 
86 93 
86 95 
86 368 
87 88 
87 89 
87 90 
87 91 
87 92 
87 93 
87 95 
87 368 
88 89 
88 90 
88 91 
88 92 
88 93 
88 95 
88 368 
89 90 
89 91 
89 92 
89 93 
89 95 
89 368 
90 91 
90 92 
90 93 
90 95 
90 368 
91 92 
91 93 
91 95 
91 368 
92 93 
92 95 
92 368 
93 95 
93 368 
95 368 
125 146 
125 147 
125 148 
135 151 
135 152 
135 193 
135 249 
135 500 
135 501 
137 138 
137 139 
137 140 
137 141 
137 142 
137 375 
137 431 
138 139 
138 140 
138 141 
138 142 
138 375 
138 431 
139 140 
139 141 
139 142 
139 375 
139 431 
140 141 
140 142 
140 375 
140 431 
141 142 
141 375 
141 431 
142 375 
142 431 
146 147 
146 148 
147 148 
151 152 
151 193 
151 249 
151 500 
151 501 
152 193 
152 249 
152 265 
152 500 
152 501 
175 378 
176 177 
176 178 
177 178 
187 211 
188 464 
188 465 
193 249 
193 438 
193 439 
193 498 
193 500 
193 501 
204 374 
204 375 
249 500 
249 501 
367 493 
374 375 
375 431 
400 401 
438 439 
442 443 
460 471 
460 472 
464 465 
468 495 
471 472 
500 501 
