1 99 
1 100 
1 125 
1 239 
1 255 
1 256 
1 257 
1 258 
4 73 
4 211 
4 254 
5 6 
5 7 
6 7 
6 54 
6 110 
6 111 
6 288 
6 382 
7 54 
7 288 
7 308 
7 312 
7 382 
22 23 
22 86 
22 87 
22 88 
22 89 
22 90 
22 91 
22 92 
22 93 
22 94 
22 95 
23 86 
23 87 
23 88 
23 89 
23 90 
23 91 
23 92 
23 93 
23 94 
23 95 
23 269 
23 368 
26 55 
26 136 
31 62 
31 63 
34 35 
34 36 
34 37 
34 38 
34 39 
35 36 
35 37 
35 38 
35 39 
36 37 
36 38 
36 39 
37 38 
37 39 
37 260 
37 261 
37 262 
37 263 
37 264 
38 39 
40 41 
40 42 
40 43 
40 44 
41 42 
41 43 
41 44 
42 43 
42 44 
42 467 
43 44 
45 307 
45 310 
45 433 
45 434 
45 435 
45 436 
45 437 
54 57 
54 110 
54 111 
54 204 
54 208 
54 308 
54 312 
54 364 
54 428 
54 490 
55 136 
57 204 
57 208 
57 364 
57 428 
57 490 
62 63 
66 134 
66 135 
67 68 
67 69 
67 70 
67 71 
68 69 
68 70 
68 71 
69 70 
69 71 
70 71 
73 211 
73 254 
75 76 
81 82 
81 83 
81 84 
81 85 
81 125 
82 83 
82 84 
82 85 
82 125 
83 84 
83 85 
83 125 
84 85 
84 125 
85 125 
86 87 
86 88 
86 89 
86 90 
86 91 
86 92 
86 93 
86 94 
86 95 
86 269 
86 368 
87 88 
87 89 
87 90 
87 91 
87 92 
87 93 
87 94 
87 95 
87 269 
88 89 
88 90 
88 91 
88 92 
88 93 
88 94 
88 95 
88 269 
88 368 
89 90 
89 91 
89 92 
89 93 
89 94 
89 95 
89 269 
89 368 
90 91 
90 92 
90 93 
90 94 
90 95 
90 269 
90 368 
91 92 
91 93 
91 94 
91 95 
91 269 
91 368 
92 93 
92 94 
92 95 
92 269 
92 368 
93 94 
93 95 
93 269 
93 368 
94 95 
94 269 
95 269 
95 368 
99 100 
99 125 
99 239 
99 255 
99 256 
99 257 
99 258 
100 125 
100 214 
100 239 
100 255 
100 256 
100 257 
100 258 
110 111 
123 126 
123 172 
123 271 
123 281 
125 239 
125 255 
125 256 
125 257 
125 258 
126 172 
126 271 
126 281 
134 135 
153 156 
169 184 
172 271 
172 281 
174 238 
174 241 
174 243 
174 244 
174 246 
174 247 
174 250 
174 251 
175 378 
175 379 
180 181 
180 312 
180 462 
180 463 
181 312 
181 462 
181 463 
188 294 
188 295 
188 296 
188 297 
188 298 
188 299 
188 300 
193 194 
193 195 
194 195 
204 208 
204 364 
204 428 
204 490 
208 364 
208 428 
208 490 
211 216 
211 231 
211 254 
214 255 
214 308 
214 364 
214 365 
214 377 
215 216 
215 238 
215 239 
215 240 
215 241 
215 242 
215 243 
215 244 
215 245 
215 246 
215 247 
216 231 
216 238 
216 239 
216 240 
216 241 
216 242 
216 243 
216 244 
216 245 
216 246 
216 247 
222 305 
222 306 
222 307 
222 308 
222 309 
222 310 
232 233 
232 234 
232 235 
232 236 
232 237 
232 317 
232 318 
232 319 
233 234 
233 235 
233 236 
233 237 
234 235 
234 236 
234 237 
235 236 
235 237 
236 237 
238 239 
238 240 
238 241 
238 242 
238 243 
238 244 
238 245 
238 246 
238 247 
238 250 
238 251 
239 240 
239 241 
239 242 
239 243 
239 244 
239 245 
239 246 
239 247 
239 255 
239 256 
239 257 
239 258 
240 241 
240 242 
240 243 
240 244 
240 245 
240 246 
240 247 
241 242 
241 243 
241 244 
241 245 
241 246 
241 247 
241 250 
241 251 
242 243 
242 244 
242 245 
242 246 
242 247 
243 244 
243 245 
243 246 
243 247 
243 250 
243 251 
243 494 
244 245 
244 246 
244 247 
244 250 
244 251 
245 246 
245 247 
246 247 
246 250 
246 251 
247 250 
247 251 
250 251 
255 256 
255 257 
255 258 
256 257 
256 258 
257 258 
260 261 
260 262 
260 263 
260 264 
261 262 
261 263 
261 264 
262 263 
262 264 
263 264 
271 281 
288 382 
294 295 
294 296 
294 297 
294 298 
294 299 
294 300 
295 296 
295 297 
295 298 
295 299 
295 300 
296 297 
296 298 
296 299 
296 300 
297 298 
297 299 
297 300 
298 299 
298 300 
299 300 
305 306 
305 307 
305 308 
305 309 
305 310 
306 307 
306 308 
306 309 
306 310 
307 308 
307 309 
307 310 
307 358 
307 359 
307 433 
307 434 
307 435 
307 436 
307 437 
308 309 
308 310 
308 312 
308 358 
308 359 
308 364 
308 365 
308 377 
309 310 
310 358 
310 359 
310 433 
310 434 
310 435 
310 436 
310 437 
312 462 
312 463 
317 318 
317 319 
318 319 
358 359 
359 378 
359 379 
359 389 
359 390 
359 391 
359 392 
359 393 
359 394 
359 395 
359 396 
359 397 
364 365 
364 428 
364 490 
378 379 
378 389 
378 390 
378 391 
378 392 
378 393 
378 394 
378 395 
378 396 
378 397 
379 389 
379 390 
379 391 
379 392 
379 393 
379 394 
379 395 
379 396 
379 397 
389 390 
389 391 
389 392 
389 393 
389 394 
389 395 
389 396 
389 397 
390 391 
390 392 
390 393 
390 394 
390 395 
390 396 
390 397 
391 392 
391 393 
391 394 
391 395 
391 396 
391 397 
392 393 
392 394 
392 395 
392 396 
392 397 
393 394 
393 395 
393 396 
393 397 
394 395 
394 396 
394 397 
395 396 
395 397 
396 397 
400 401 
428 490 
433 434 
433 435 
433 436 
433 437 
434 435 
434 436 
434 437 
435 436 
435 437 
436 437 
462 463 
483 506 
483 507 
483 508 
506 507 
506 508 
507 508 
