2 230 
12 14 
12 15 
12 45 
14 15 
14 45 
14 46 
14 361 
14 398 
14 399 
15 45 
18 19 
20 21 
20 22 
20 23 
20 269 
21 22 
21 23 
22 23 
23 269 
24 25 
29 30 
29 166 
30 166 
45 46 
45 361 
46 47 
46 51 
46 55 
46 362 
48 78 
48 79 
48 80 
50 52 
50 54 
50 56 
50 325 
50 326 
51 55 
52 54 
52 56 
52 325 
52 326 
54 56 
54 325 
54 326 
56 325 
56 326 
78 79 
78 80 
79 80 
118 119 
118 120 
118 279 
118 311 
119 120 
119 279 
119 311 
120 279 
120 311 
158 159 
169 170 
169 184 
169 212 
174 494 
180 181 
180 312 
180 462 
180 463 
181 312 
181 462 
181 463 
184 212 
189 190 
189 191 
189 192 
190 191 
190 192 
191 192 
194 216 
194 217 
194 374 
211 215 
211 216 
211 217 
211 218 
215 216 
215 217 
215 218 
216 217 
216 218 
216 374 
217 218 
217 374 
246 497 
274 276 
274 485 
276 485 
279 311 
312 462 
312 463 
325 326 
398 399 
462 463 
497 514 
