4 28 
4 53 
4 204 
4 374 
4 375 
14 17 
14 45 
14 361 
14 379 
17 73 
17 385 
20 21 
20 22 
20 23 
20 269 
21 22 
21 23 
22 23 
23 269 
26 55 
26 186 
26 187 
26 188 
26 300 
26 403 
26 483 
28 53 
28 204 
28 374 
28 375 
31 33 
31 152 
31 153 
31 154 
31 155 
31 156 
31 157 
33 152 
33 153 
33 154 
33 155 
33 156 
33 157 
45 361 
53 204 
53 374 
53 375 
54 57 
54 204 
54 208 
54 364 
54 428 
54 490 
55 186 
55 187 
55 188 
57 204 
57 208 
57 364 
57 428 
57 490 
72 73 
72 74 
73 74 
73 194 
73 385 
73 388 
105 106 
105 107 
105 108 
105 109 
106 107 
106 108 
106 109 
107 108 
107 109 
108 109 
137 138 
137 139 
137 140 
137 141 
137 142 
137 431 
138 139 
138 140 
138 141 
138 142 
138 431 
139 140 
139 141 
139 142 
139 431 
140 141 
140 142 
140 431 
141 142 
141 431 
142 431 
143 144 
143 145 
144 145 
152 153 
152 154 
152 155 
152 156 
152 157 
153 154 
153 155 
153 156 
153 157 
154 155 
154 156 
154 157 
155 156 
155 157 
156 157 
156 165 
157 386 
158 159 
173 488 
173 509 
173 510 
173 511 
173 512 
174 175 
176 387 
176 388 
186 187 
186 188 
186 300 
186 403 
186 483 
187 188 
187 211 
187 300 
187 403 
187 483 
188 300 
188 403 
188 483 
192 209 
192 210 
192 211 
194 388 
196 197 
196 198 
196 199 
196 200 
197 198 
197 199 
197 200 
198 199 
198 200 
199 200 
204 208 
204 364 
204 374 
204 375 
204 428 
204 490 
208 364 
208 428 
208 490 
209 210 
209 211 
210 211 
212 366 
300 403 
300 483 
360 361 
360 362 
360 363 
361 362 
361 363 
362 363 
364 428 
364 490 
374 375 
387 388 
403 483 
428 490 
488 509 
488 510 
488 511 
488 512 
509 510 
509 511 
509 512 
510 511 
510 512 
511 512 
