2 2 
2 6 
2 7 
2 8 
2 9 
2 10 
2 15 
2 17 
2 18 
2 21 
2 22 
2 23 
2 26 
2 27 
2 28 
2 29 
2 31 
2 32 
2 33 
2 34 
2 39 
2 44 
2 45 
2 71 
2 102 
2 105 
2 110 
2 125 
2 134 
2 146 
2 150 
2 156 
2 158 
2 166 
2 182 
2 212 
3 2 
3 4 
3 6 
3 7 
3 8 
3 10 
3 11 
3 13 
3 14 
3 15 
3 17 
3 22 
3 23 
3 27 
3 29 
3 30 
3 31 
3 32 
3 33 
3 34 
3 36 
3 37 
3 42 
3 44 
3 45 
3 52 
3 60 
3 62 
3 63 
3 68 
3 69 
3 74 
3 80 
3 84 
3 87 
3 88 
3 90 
3 92 
3 94 
3 98 
3 102 
3 116 
3 133 
3 148 
3 158 
3 182 
4 3 
4 6 
4 7 
4 8 
4 9 
4 11 
4 13 
4 14 
4 15 
4 17 
4 21 
4 22 
4 25 
4 27 
4 30 
4 32 
4 34 
4 35 
4 36 
4 37 
4 44 
4 57 
4 59 
4 60 
4 68 
4 74 
4 80 
4 82 
4 84 
4 86 
4 88 
4 91 
4 119 
4 121 
5 3 
5 4 
5 6 
5 7 
5 8 
5 9 
5 14 
5 15 
5 23 
5 27 
5 29 
5 31 
5 35 
5 37 
5 39 
5 44 
5 45 
5 49 
5 76 
5 134 
6 2 
6 3 
6 4 
6 6 
6 7 
6 8 
6 9 
6 10 
6 14 
6 15 
6 23 
6 25 
6 31 
6 34 
6 36 
6 37 
6 44 
6 45 
6 59 
6 78 
6 128 
6 134 
6 146 
6 187 
7 2 
7 3 
7 4 
7 6 
7 11 
7 14 
7 15 
7 17 
7 18 
7 21 
7 22 
7 23 
7 26 
7 27 
7 29 
7 30 
7 31 
7 32 
7 33 
7 34 
7 35 
7 36 
7 37 
7 39 
7 44 
7 45 
7 48 
7 60 
7 62 
7 63 
7 68 
7 70 
7 73 
7 78 
7 80 
7 82 
7 84 
7 87 
7 91 
7 95 
7 98 
7 109 
7 117 
7 121 
7 125 
7 127 
7 134 
7 136 
7 146 
7 150 
7 155 
7 157 
7 158 
7 212 
8 29 
8 34 
8 45 
8 134 
8 140 
9 2 
9 3 
9 4 
9 6 
9 8 
9 9 
9 11 
9 14 
9 15 
9 17 
9 18 
9 21 
9 22 
9 23 
9 26 
9 27 
9 29 
9 30 
9 31 
9 32 
9 33 
9 34 
9 35 
9 36 
9 37 
9 39 
9 44 
9 45 
9 48 
9 60 
9 62 
9 63 
9 68 
9 70 
9 73 
9 78 
9 80 
9 82 
9 84 
9 87 
9 91 
9 95 
9 98 
9 109 
9 117 
9 121 
9 125 
9 127 
9 134 
9 146 
9 150 
9 157 
9 158 
9 212 
10 2 
10 6 
10 8 
10 9 
10 23 
10 26 
10 31 
10 34 
10 45 
10 136 
10 140 
10 155 
11 3 
11 13 
11 14 
11 15 
11 35 
11 36 
11 44 
11 45 
11 74 
11 80 
11 102 
12 2 
12 6 
12 7 
12 8 
12 9 
12 10 
12 25 
12 26 
12 33 
12 34 
12 37 
12 45 
12 54 
12 71 
12 78 
12 91 
12 119 
12 134 
12 146 
12 150 
12 158 
13 36 
13 98 
13 121 
14 2 
14 3 
14 4 
14 6 
14 7 
14 8 
14 9 
14 10 
14 11 
14 13 
14 15 
14 17 
14 18 
14 21 
14 22 
14 23 
14 25 
14 26 
14 27 
14 29 
14 30 
14 31 
14 32 
14 34 
14 35 
14 36 
14 37 
14 39 
14 44 
14 45 
14 48 
14 52 
14 54 
14 57 
14 59 
14 60 
14 63 
14 67 
14 68 
14 69 
14 70 
14 73 
14 74 
14 78 
14 80 
14 82 
14 84 
14 88 
14 91 
14 102 
14 104 
14 119 
14 121 
14 125 
14 134 
14 146 
14 150 
14 156 
14 157 
14 158 
14 166 
14 170 
14 180 
14 182 
14 187 
15 3 
15 4 
15 6 
15 7 
15 8 
15 9 
15 10 
15 11 
15 13 
15 14 
15 17 
15 18 
15 19 
15 21 
15 22 
15 23 
15 25 
15 27 
15 28 
15 30 
15 31 
15 32 
15 33 
15 34 
15 35 
15 36 
15 37 
15 39 
15 42 
15 44 
15 45 
15 48 
15 51 
15 52 
15 60 
15 62 
15 63 
15 68 
15 69 
15 73 
15 74 
15 78 
15 80 
15 82 
15 83 
15 84 
15 86 
15 87 
15 88 
15 91 
15 94 
15 98 
15 100 
15 102 
15 116 
15 117 
15 119 
15 121 
15 133 
15 134 
15 146 
15 150 
15 158 
15 212 
16 4 
16 7 
16 10 
16 15 
16 22 
16 27 
16 30 
16 35 
16 37 
16 44 
16 45 
16 79 
16 97 
17 2 
17 4 
17 6 
17 7 
17 10 
17 11 
17 15 
17 18 
17 25 
17 26 
17 27 
17 29 
17 30 
17 33 
17 34 
17 44 
17 45 
17 66 
17 71 
17 78 
17 91 
17 92 
17 102 
17 110 
17 119 
17 125 
17 134 
17 146 
17 148 
17 150 
17 155 
17 158 
17 178 
17 190 
17 212 
18 23 
18 26 
18 29 
18 34 
18 45 
18 212 
19 6 
19 18 
19 26 
19 28 
19 33 
19 34 
19 71 
19 125 
19 134 
19 158 
21 7 
21 8 
21 14 
21 34 
21 37 
21 44 
21 82 
22 2 
22 3 
22 4 
22 6 
22 7 
22 8 
22 9 
22 10 
22 11 
22 13 
22 14 
22 15 
22 16 
22 23 
22 25 
22 26 
22 27 
22 30 
22 32 
22 34 
22 35 
22 36 
22 37 
22 39 
22 44 
22 45 
22 48 
22 51 
22 52 
22 53 
22 57 
22 60 
22 62 
22 63 
22 67 
22 68 
22 69 
22 74 
22 80 
22 84 
22 86 
22 87 
22 88 
22 90 
22 94 
22 119 
22 121 
22 146 
22 148 
22 150 
22 158 
22 212 
23 7 
23 8 
23 9 
23 10 
23 17 
23 18 
23 26 
23 29 
23 31 
23 34 
23 39 
23 45 
23 109 
24 32 
25 33 
25 45 
25 119 
25 125 
25 158 
26 7 
26 8 
26 9 
26 10 
26 34 
26 39 
26 45 
26 125 
26 139 
26 146 
26 155 
26 158 
26 212 
27 3 
27 4 
27 7 
27 8 
27 9 
27 11 
27 14 
27 15 
27 22 
27 26 
27 30 
27 35 
27 36 
27 37 
27 44 
27 45 
27 57 
27 60 
27 68 
27 73 
27 74 
27 82 
27 84 
27 87 
27 100 
27 102 
27 119 
27 130 
27 134 
27 148 
27 173 
27 180 
27 187 
28 6 
28 26 
28 33 
28 45 
28 92 
28 110 
28 134 
28 150 
28 158 
29 28 
29 45 
29 158 
30 3 
30 6 
30 11 
30 15 
30 21 
30 22 
30 31 
30 32 
30 36 
30 44 
30 45 
30 52 
30 59 
30 63 
30 68 
30 73 
30 87 
30 102 
30 121 
31 7 
31 8 
31 9 
31 10 
31 26 
31 34 
31 45 
32 7 
32 8 
32 15 
32 23 
32 42 
32 45 
32 72 
32 117 
32 133 
33 2 
33 6 
33 17 
33 18 
33 25 
33 26 
33 28 
33 34 
33 45 
33 48 
33 89 
33 91 
33 125 
33 134 
33 146 
33 158 
33 212 
34 2 
34 7 
34 8 
34 26 
34 45 
34 104 
34 110 
34 166 
34 212 
35 3 
35 4 
35 6 
35 7 
35 10 
35 11 
35 13 
35 14 
35 15 
35 16 
35 22 
35 23 
35 25 
35 26 
35 27 
35 30 
35 33 
35 34 
35 36 
35 37 
35 39 
35 44 
35 45 
35 48 
35 53 
35 59 
35 62 
35 63 
35 68 
35 69 
35 70 
35 73 
35 74 
35 78 
35 82 
35 83 
35 84 
35 87 
35 91 
35 98 
35 113 
35 125 
35 146 
35 148 
35 150 
35 158 
35 170 
35 180 
35 187 
36 7 
36 8 
36 11 
36 13 
36 30 
36 80 
36 98 
36 102 
37 3 
37 6 
37 7 
37 8 
37 9 
37 10 
37 11 
37 14 
37 15 
37 22 
37 23 
37 26 
37 31 
37 33 
37 34 
37 35 
37 39 
37 45 
37 60 
37 68 
37 69 
37 98 
37 125 
37 134 
37 158 
37 212 
38 32 
39 2 
39 4 
39 7 
39 8 
39 9 
39 10 
39 14 
39 15 
39 17 
39 18 
39 23 
39 26 
39 28 
39 29 
39 33 
39 34 
39 35 
39 39 
39 44 
39 45 
39 110 
39 134 
39 212 
40 2 
40 3 
40 4 
40 6 
40 7 
40 8 
40 9 
40 14 
40 15 
40 21 
40 22 
40 23 
40 33 
40 35 
40 37 
40 45 
40 48 
40 73 
40 80 
40 100 
40 102 
40 133 
40 158 
42 3 
42 15 
42 30 
42 32 
42 45 
42 63 
42 87 
42 98 
42 117 
43 2 
43 17 
43 18 
43 19 
43 34 
43 59 
43 71 
43 92 
43 110 
43 113 
43 119 
43 125 
43 134 
43 158 
43 193 
43 212 
44 2 
44 3 
44 4 
44 6 
44 7 
44 8 
44 9 
44 10 
44 11 
44 13 
44 14 
44 15 
44 17 
44 18 
44 21 
44 22 
44 23 
44 25 
44 26 
44 27 
44 29 
44 30 
44 31 
44 34 
44 35 
44 36 
44 37 
44 39 
44 40 
44 45 
44 52 
44 62 
44 63 
44 68 
44 69 
44 71 
44 73 
44 74 
44 80 
44 82 
44 84 
44 87 
44 91 
44 92 
44 102 
44 105 
44 113 
44 119 
44 125 
44 128 
44 134 
44 138 
44 146 
44 148 
44 150 
44 158 
44 178 
44 193 
44 212 
45 6 
45 7 
45 8 
45 9 
45 10 
45 14 
45 15 
45 17 
45 18 
45 21 
45 23 
45 25 
45 26 
45 27 
45 28 
45 29 
45 31 
45 33 
45 34 
45 36 
45 39 
45 44 
45 48 
45 49 
45 59 
45 66 
45 69 
45 70 
45 75 
45 76 
45 78 
45 79 
45 84 
45 86 
45 94 
45 95 
45 96 
45 102 
45 109 
45 110 
45 119 
45 120 
45 127 
45 128 
45 130 
45 134 
45 136 
45 139 
45 146 
45 155 
45 158 
45 166 
45 170 
45 173 
45 178 
45 187 
46 32 
46 45 
47 4 
47 7 
47 9 
47 10 
47 15 
47 18 
47 23 
47 26 
47 31 
47 39 
47 45 
49 2 
49 3 
49 4 
49 6 
49 7 
49 10 
49 13 
49 14 
49 15 
49 18 
49 21 
49 22 
49 23 
49 25 
49 26 
49 27 
49 29 
49 33 
49 35 
49 37 
49 44 
49 45 
49 49 
49 63 
49 66 
49 80 
49 94 
49 95 
49 102 
49 109 
49 146 
49 158 
51 60 
52 3 
52 4 
52 6 
52 11 
52 14 
52 15 
52 22 
52 23 
52 27 
52 30 
52 33 
52 35 
52 36 
52 37 
52 44 
52 45 
52 48 
52 51 
52 62 
52 63 
52 68 
52 88 
52 98 
52 102 
54 44 
55 95 
55 127 
60 2 
60 3 
60 6 
60 14 
60 15 
60 22 
60 27 
60 37 
60 44 
60 45 
60 51 
60 82 
60 86 
60 88 
61 3 
61 4 
61 6 
61 11 
61 14 
61 15 
61 27 
61 35 
61 37 
61 44 
61 80 
63 3 
63 6 
63 15 
63 30 
63 37 
63 44 
63 69 
63 73 
63 84 
63 87 
63 88 
63 98 
64 127 
65 45 
65 127 
67 15 
67 44 
67 80 
68 2 
68 3 
68 4 
68 6 
68 7 
68 10 
68 11 
68 13 
68 14 
68 15 
68 21 
68 22 
68 23 
68 25 
68 27 
68 30 
68 34 
68 35 
68 36 
68 44 
68 45 
68 48 
68 62 
68 63 
68 84 
68 87 
68 102 
68 158 
69 2 
69 3 
69 4 
69 6 
69 7 
69 9 
69 11 
69 13 
69 14 
69 15 
69 22 
69 23 
69 25 
69 27 
69 32 
69 34 
69 35 
69 36 
69 37 
69 44 
69 45 
69 54 
69 63 
69 68 
69 70 
69 73 
69 78 
69 83 
69 84 
69 87 
69 88 
69 98 
69 102 
69 121 
70 4 
70 6 
70 14 
70 15 
70 23 
70 37 
70 44 
70 45 
71 2 
71 92 
71 113 
72 32 
72 45 
73 3 
73 6 
73 11 
73 14 
73 44 
73 45 
73 98 
73 121 
74 3 
74 4 
74 11 
74 14 
74 44 
75 23 
76 3 
76 4 
76 6 
76 7 
76 9 
76 14 
76 15 
76 22 
76 23 
76 27 
76 33 
76 35 
76 36 
76 37 
76 39 
76 44 
76 45 
76 78 
76 94 
76 102 
78 45 
79 15 
79 58 
79 95 
80 11 
80 15 
80 27 
80 36 
80 134 
80 146 
82 4 
82 6 
82 14 
82 15 
82 22 
82 23 
82 35 
82 37 
82 44 
82 45 
82 53 
82 69 
82 74 
83 6 
83 32 
83 45 
83 117 
84 3 
84 4 
84 6 
84 7 
84 9 
84 14 
84 15 
84 22 
84 23 
84 27 
84 30 
84 34 
84 35 
84 36 
84 37 
84 44 
84 45 
84 52 
84 63 
84 68 
84 69 
84 70 
84 80 
84 87 
86 3 
86 4 
86 14 
86 15 
86 22 
86 37 
86 51 
86 52 
86 69 
86 77 
86 80 
86 88 
86 90 
87 4 
87 11 
87 15 
87 22 
87 30 
87 37 
87 44 
87 52 
87 63 
87 69 
88 3 
88 6 
88 22 
88 51 
88 62 
88 73 
88 102 
88 158 
89 40 
89 125 
89 158 
90 2 
90 6 
90 51 
90 77 
91 25 
91 134 
92 37 
92 125 
92 159 
93 14 
93 21 
93 27 
93 28 
93 30 
93 32 
93 33 
93 44 
93 48 
93 59 
93 105 
96 3 
96 4 
96 7 
96 9 
96 14 
96 15 
96 22 
96 23 
96 27 
96 35 
96 37 
96 39 
96 44 
96 45 
96 63 
96 82 
96 100 
96 134 
97 3 
97 4 
97 15 
97 44 
97 58 
98 73 
100 45 
103 6 
103 7 
103 9 
104 150 
105 2 
105 3 
105 4 
105 6 
105 7 
105 8 
105 9 
105 10 
105 14 
105 15 
105 21 
105 22 
105 23 
105 25 
105 26 
105 29 
105 30 
105 31 
105 32 
105 34 
105 36 
105 37 
105 39 
105 44 
105 45 
105 70 
105 78 
105 80 
105 102 
105 105 
105 116 
105 134 
105 158 
105 165 
108 6 
108 45 
108 127 
109 7 
109 9 
109 37 
109 75 
109 92 
109 115 
109 119 
109 138 
109 150 
109 168 
110 45 
110 80 
110 212 
111 158 
113 4 
113 15 
113 19 
113 21 
113 71 
113 92 
113 109 
113 125 
114 3 
114 4 
114 14 
114 15 
114 21 
114 35 
114 37 
114 44 
114 45 
114 49 
114 63 
115 4 
115 44 
115 80 
115 102 
115 138 
115 168 
116 45 
120 128 
121 73 
121 98 
122 78 
124 34 
125 158 
128 178 
132 11 
140 8 
146 125 
146 158 
147 39 
147 45 
150 45 
153 7 
153 9 
153 23 
153 34 
153 39 
155 45 
156 14 
160 128 
161 105 
163 17 
163 26 
164 26 
167 2 
167 6 
167 26 
167 33 
167 34 
167 125 
167 134 
167 146 
167 158 
169 82 
169 158 
171 178 
172 25 
172 26 
172 110 
172 146 
172 158 
178 128 
186 146 
187 78 
195 105 
203 37 
