2 7 
2 9 
2 18 
2 27 
2 29 
2 31 
2 39 
2 105 
2 150 
2 156 
2 165 
2 166 
3 7 
3 9 
3 15 
3 18 
3 29 
3 33 
3 37 
3 51 
3 63 
3 67 
3 68 
3 73 
3 77 
3 80 
3 84 
3 87 
3 88 
3 102 
3 134 
4 14 
4 15 
4 22 
4 27 
4 30 
4 34 
4 35 
4 44 
4 52 
4 57 
4 59 
4 74 
4 98 
4 156 
4 182 
5 6 
5 27 
5 37 
5 44 
5 70 
6 29 
6 31 
6 45 
7 26 
7 31 
7 34 
7 36 
7 39 
7 70 
7 105 
7 109 
9 26 
9 34 
9 36 
9 39 
9 70 
9 109 
10 9 
10 31 
10 34 
10 39 
10 105 
11 34 
11 80 
11 150 
12 6 
12 67 
12 146 
12 150 
13 87 
13 98 
14 3 
14 4 
14 7 
14 9 
14 15 
14 21 
14 22 
14 27 
14 30 
14 31 
14 35 
14 37 
14 39 
14 44 
14 45 
14 52 
14 54 
14 57 
14 59 
14 63 
14 67 
14 68 
14 74 
14 78 
14 82 
14 84 
14 87 
14 88 
14 104 
14 134 
14 150 
14 156 
14 157 
14 170 
14 182 
15 3 
15 4 
15 7 
15 9 
15 14 
15 21 
15 22 
15 27 
15 30 
15 32 
15 35 
15 36 
15 37 
15 44 
15 60 
15 63 
15 68 
15 73 
15 74 
15 76 
15 84 
15 87 
15 88 
15 98 
15 100 
15 102 
15 156 
16 6 
17 168 
18 39 
19 6 
19 36 
21 4 
21 7 
21 8 
21 14 
21 33 
21 44 
21 52 
22 2 
22 3 
22 4 
22 7 
22 9 
22 10 
22 14 
22 15 
22 18 
22 27 
22 29 
22 30 
22 31 
22 32 
22 34 
22 35 
22 37 
22 44 
22 48 
22 52 
22 59 
22 62 
22 63 
22 68 
22 77 
22 94 
22 98 
22 121 
22 134 
23 6 
23 7 
23 9 
23 10 
23 18 
23 31 
23 34 
25 6 
25 116 
26 34 
26 39 
26 71 
26 158 
27 3 
27 4 
27 13 
27 14 
27 15 
27 19 
27 21 
27 22 
27 25 
27 30 
27 32 
27 35 
27 36 
27 37 
27 42 
27 44 
27 52 
27 62 
27 63 
27 70 
27 71 
27 74 
27 84 
27 86 
27 87 
27 88 
27 91 
27 98 
27 100 
27 134 
29 44 
29 158 
30 15 
30 27 
30 44 
30 52 
30 63 
30 68 
30 73 
30 84 
30 87 
30 116 
31 29 
31 34 
32 116 
33 19 
33 67 
33 125 
33 134 
33 213 
34 18 
34 26 
34 29 
34 70 
34 110 
35 4 
35 13 
35 14 
35 17 
35 22 
35 27 
35 34 
35 36 
35 37 
35 44 
35 59 
35 76 
35 78 
35 82 
35 98 
35 119 
35 125 
35 156 
35 182 
36 13 
36 27 
37 15 
37 39 
37 70 
39 26 
39 34 
39 37 
39 67 
39 82 
39 104 
39 146 
40 6 
40 15 
40 27 
40 33 
40 71 
40 158 
42 72 
42 83 
42 116 
43 15 
43 34 
43 57 
43 92 
43 113 
43 125 
43 134 
43 150 
43 157 
43 158 
44 3 
44 4 
44 14 
44 21 
44 22 
44 28 
44 29 
44 30 
44 31 
44 35 
44 68 
44 70 
44 80 
44 92 
44 109 
45 2 
45 5 
45 6 
45 7 
45 9 
45 10 
45 15 
45 16 
45 17 
45 18 
45 21 
45 23 
45 25 
45 26 
45 27 
45 29 
45 31 
45 32 
45 34 
45 35 
45 37 
45 39 
45 44 
45 48 
45 58 
45 59 
45 60 
45 62 
45 66 
45 70 
45 76 
45 79 
45 86 
45 94 
45 95 
45 96 
45 97 
45 99 
45 102 
45 108 
45 109 
45 119 
45 127 
45 128 
45 156 
45 158 
45 165 
45 178 
49 5 
49 15 
49 23 
49 27 
49 37 
49 45 
49 55 
49 70 
49 96 
52 6 
52 116 
54 14 
54 109 
55 6 
58 6 
61 2 
61 3 
61 6 
61 15 
61 27 
61 32 
61 37 
61 62 
61 78 
61 83 
61 86 
62 7 
62 10 
62 27 
62 29 
62 34 
62 39 
62 40 
62 54 
62 70 
62 78 
62 80 
62 109 
62 116 
62 119 
62 146 
62 150 
62 170 
63 27 
63 30 
63 87 
65 45 
68 14 
68 52 
68 119 
69 5 
69 73 
69 84 
70 2 
70 4 
70 6 
70 7 
70 9 
70 10 
70 14 
70 17 
70 21 
70 22 
70 23 
70 27 
70 30 
70 31 
70 32 
70 34 
70 35 
70 36 
70 37 
70 39 
70 42 
70 44 
70 52 
70 60 
70 62 
70 63 
70 68 
70 73 
70 84 
70 100 
70 105 
70 116 
70 121 
70 148 
70 156 
71 113 
71 159 
73 98 
76 6 
76 23 
76 27 
76 30 
76 37 
76 45 
76 49 
76 58 
76 70 
76 97 
76 127 
78 6 
82 3 
82 21 
82 22 
82 30 
82 44 
84 83 
86 52 
86 77 
87 52 
88 51 
88 87 
89 22 
92 71 
93 27 
93 33 
93 48 
93 157 
96 16 
96 28 
99 165 
103 6 
103 44 
105 99 
105 156 
105 165 
107 27 
107 35 
109 2 
109 5 
109 6 
109 7 
109 9 
109 10 
109 17 
109 22 
109 23 
109 27 
109 30 
109 32 
109 34 
109 35 
109 44 
109 45 
109 54 
109 59 
109 70 
109 71 
109 75 
109 80 
109 92 
109 104 
109 105 
109 109 
109 113 
109 119 
109 134 
109 150 
109 168 
109 180 
110 17 
112 6 
112 45 
112 128 
112 178 
114 27 
114 70 
116 14 
119 173 
121 98 
124 157 
128 120 
135 213 
136 23 
136 27 
136 37 
136 103 
136 112 
136 128 
147 14 
163 22 
163 27 
168 75 
172 33 
172 134 
172 158 
180 157 
