2 39 
2 48 
2 105 
3 15 
3 22 
3 30 
3 32 
3 36 
3 37 
3 60 
3 63 
3 69 
3 73 
3 84 
3 87 
3 88 
4 3 
4 14 
4 22 
4 27 
4 35 
4 37 
4 44 
4 63 
4 68 
4 74 
4 82 
5 6 
5 15 
5 16 
5 17 
5 22 
5 26 
5 27 
5 28 
5 30 
5 32 
5 33 
5 34 
5 35 
5 40 
5 42 
5 45 
5 49 
5 52 
5 55 
5 60 
5 66 
5 76 
5 82 
5 84 
5 86 
5 89 
5 90 
5 91 
5 94 
5 95 
5 96 
5 108 
5 109 
5 116 
5 117 
5 121 
5 128 
5 134 
5 146 
5 155 
5 158 
5 187 
6 29 
6 58 
6 128 
6 155 
7 2 
7 6 
7 15 
7 17 
7 23 
7 26 
7 27 
7 31 
7 34 
7 39 
7 40 
7 44 
7 45 
7 48 
7 54 
7 58 
7 60 
7 67 
7 70 
7 80 
7 90 
7 92 
7 104 
7 105 
7 117 
7 120 
7 146 
7 187 
8 2 
8 6 
8 70 
9 2 
9 6 
9 8 
9 10 
9 15 
9 17 
9 23 
9 26 
9 27 
9 31 
9 34 
9 39 
9 40 
9 44 
9 45 
9 48 
9 54 
9 58 
9 60 
9 67 
9 80 
9 90 
9 92 
9 104 
9 105 
9 117 
9 120 
9 146 
9 187 
10 6 
10 26 
10 34 
11 44 
11 80 
11 102 
12 6 
12 128 
13 98 
14 4 
14 6 
14 15 
14 22 
14 25 
14 27 
14 31 
14 35 
14 36 
14 37 
14 44 
14 45 
14 57 
14 59 
14 62 
14 74 
14 78 
14 82 
14 84 
14 148 
14 158 
14 170 
15 3 
15 4 
15 6 
15 11 
15 13 
15 14 
15 22 
15 27 
15 30 
15 31 
15 32 
15 34 
15 35 
15 36 
15 37 
15 42 
15 44 
15 45 
15 63 
15 68 
15 69 
15 74 
15 80 
15 84 
15 87 
15 88 
15 94 
15 98 
15 102 
15 105 
15 156 
16 32 
16 79 
16 97 
16 158 
17 2 
17 6 
17 11 
17 14 
17 15 
17 21 
17 23 
17 26 
17 28 
17 29 
17 34 
17 35 
17 37 
17 40 
17 44 
17 45 
17 59 
17 60 
17 70 
17 76 
17 80 
17 96 
17 98 
17 99 
17 105 
17 109 
17 110 
17 112 
17 116 
17 125 
17 134 
17 158 
17 187 
17 190 
17 212 
18 2 
18 4 
18 5 
18 6 
18 7 
18 8 
18 10 
18 14 
18 15 
18 17 
18 22 
18 23 
18 25 
18 26 
18 27 
18 28 
18 31 
18 32 
18 33 
18 34 
18 35 
18 39 
18 40 
18 44 
18 45 
18 49 
18 51 
18 60 
18 76 
18 80 
18 86 
18 89 
18 90 
18 91 
18 94 
18 99 
18 105 
18 109 
18 117 
18 128 
18 134 
18 146 
18 150 
18 158 
18 212 
21 44 
22 14 
22 31 
22 32 
22 44 
22 48 
22 68 
22 88 
22 90 
22 148 
25 6 
25 36 
25 158 
26 2 
26 4 
26 7 
26 8 
26 10 
26 14 
26 23 
26 31 
26 34 
26 39 
26 40 
26 96 
26 105 
26 109 
26 128 
26 212 
27 2 
27 3 
27 4 
27 11 
27 13 
27 14 
27 15 
27 17 
27 21 
27 22 
27 30 
27 34 
27 35 
27 36 
27 37 
27 44 
27 52 
27 58 
27 62 
27 63 
27 69 
27 70 
27 73 
27 74 
27 80 
27 82 
27 84 
27 87 
27 98 
27 100 
27 102 
27 109 
27 121 
27 130 
28 4 
28 68 
30 15 
30 32 
30 44 
30 63 
30 68 
30 69 
30 73 
30 84 
30 87 
30 98 
30 117 
30 121 
32 83 
32 100 
32 116 
32 117 
32 133 
33 173 
34 2 
34 6 
34 7 
34 8 
34 17 
34 18 
34 26 
34 29 
34 40 
34 66 
34 84 
34 99 
34 105 
34 109 
34 155 
34 212 
35 4 
35 6 
35 14 
35 21 
35 22 
35 31 
35 39 
35 55 
35 58 
35 82 
35 102 
36 4 
36 11 
36 13 
36 27 
36 30 
36 80 
36 98 
37 14 
39 99 
40 3 
40 4 
40 15 
40 31 
40 44 
40 68 
40 76 
40 105 
42 70 
42 83 
42 117 
43 19 
43 90 
43 116 
43 119 
43 125 
43 155 
43 158 
43 173 
43 187 
43 212 
44 6 
44 14 
44 15 
44 21 
44 22 
44 27 
44 30 
44 37 
44 59 
44 62 
44 63 
44 71 
44 80 
45 6 
45 7 
45 8 
45 14 
45 16 
45 27 
45 28 
45 29 
45 39 
45 44 
45 55 
45 58 
45 70 
45 76 
45 97 
45 102 
45 103 
45 108 
45 112 
45 120 
45 127 
45 128 
45 136 
45 158 
45 178 
47 6 
47 21 
47 26 
47 27 
47 36 
47 44 
47 60 
47 98 
47 120 
47 146 
49 95 
49 178 
52 17 
52 68 
52 90 
52 100 
54 158 
55 158 
56 2 
56 4 
56 5 
56 6 
56 14 
56 15 
56 17 
56 22 
56 25 
56 26 
56 27 
56 28 
56 32 
56 33 
56 34 
56 35 
56 40 
56 42 
56 44 
56 45 
56 51 
56 58 
56 60 
56 68 
56 83 
56 109 
56 112 
56 117 
56 128 
56 134 
56 155 
56 158 
58 16 
58 128 
62 158 
63 30 
63 87 
68 48 
68 52 
68 90 
69 84 
70 6 
70 44 
70 80 
71 17 
71 26 
71 27 
71 28 
71 33 
71 34 
71 44 
71 67 
71 91 
73 98 
73 121 
74 4 
76 40 
76 136 
78 39 
78 158 
82 14 
82 44 
82 53 
83 15 
86 51 
86 77 
87 63 
87 69 
88 51 
88 77 
88 90 
92 70 
93 17 
93 28 
93 33 
97 16 
97 58 
98 4 
98 32 
98 36 
98 121 
99 105 
102 36 
104 2 
104 4 
104 5 
104 6 
104 7 
104 9 
104 10 
104 14 
104 15 
104 17 
104 22 
104 23 
104 25 
104 26 
104 27 
104 28 
104 30 
104 31 
104 32 
104 33 
104 34 
104 35 
104 37 
104 40 
104 42 
104 44 
104 45 
104 49 
104 51 
104 60 
104 76 
104 78 
104 80 
104 83 
104 86 
104 90 
104 91 
104 94 
104 99 
104 102 
104 105 
104 108 
104 109 
104 112 
104 116 
104 117 
104 120 
104 128 
104 133 
104 134 
104 150 
104 155 
104 156 
104 158 
104 182 
105 2 
105 166 
109 26 
109 34 
109 37 
109 75 
109 115 
109 119 
109 138 
109 158 
109 168 
110 2 
110 3 
110 6 
110 11 
110 14 
110 15 
110 17 
110 22 
110 23 
110 25 
110 26 
110 27 
110 28 
110 33 
110 35 
110 37 
110 40 
110 44 
110 45 
110 49 
110 70 
110 94 
110 105 
110 146 
110 156 
110 158 
110 182 
110 212 
112 178 
113 2 
113 7 
113 10 
113 17 
113 23 
113 26 
113 27 
113 28 
113 33 
113 34 
113 44 
113 67 
113 71 
113 86 
113 134 
113 158 
115 158 
121 30 
121 73 
121 98 
124 158 
142 155 
150 14 
156 166 
