2 7 
2 8 
2 9 
2 18 
2 31 
2 34 
2 39 
2 62 
2 80 
2 99 
2 105 
2 109 
2 156 
2 166 
2 212 
3 14 
3 15 
3 22 
3 37 
3 44 
3 60 
3 63 
3 84 
3 87 
3 88 
4 7 
4 8 
4 9 
4 11 
4 14 
4 16 
4 22 
4 25 
4 27 
4 29 
4 35 
4 36 
4 44 
4 57 
4 58 
4 63 
4 69 
4 70 
4 74 
4 80 
4 82 
4 118 
4 139 
4 170 
4 180 
5 6 
5 7 
5 10 
5 14 
5 23 
5 26 
5 27 
5 31 
5 35 
5 37 
5 44 
5 45 
5 53 
5 70 
5 76 
5 82 
5 95 
5 96 
5 103 
5 105 
5 109 
5 112 
5 125 
5 130 
5 150 
5 193 
6 4 
6 44 
6 45 
6 80 
6 95 
6 102 
6 103 
6 120 
6 127 
6 178 
6 212 
7 2 
7 6 
7 17 
7 18 
7 21 
7 26 
7 27 
7 28 
7 29 
7 31 
7 34 
7 35 
7 39 
7 45 
7 67 
7 75 
7 80 
7 99 
7 104 
7 105 
7 109 
7 110 
7 113 
7 119 
7 134 
7 139 
7 146 
7 182 
7 213 
8 2 
8 6 
8 26 
8 27 
8 31 
8 34 
8 99 
8 109 
8 119 
8 140 
8 182 
9 2 
9 6 
9 8 
9 17 
9 18 
9 21 
9 26 
9 27 
9 28 
9 29 
9 31 
9 34 
9 39 
9 45 
9 67 
9 75 
9 80 
9 99 
9 104 
9 105 
9 109 
9 110 
9 113 
9 134 
9 146 
9 213 
10 34 
10 35 
10 139 
11 14 
11 15 
11 22 
11 35 
11 36 
11 44 
11 80 
11 102 
12 213 
13 21 
13 121 
14 2 
14 3 
14 4 
14 5 
14 7 
14 8 
14 10 
14 11 
14 13 
14 15 
14 21 
14 22 
14 23 
14 25 
14 26 
14 27 
14 29 
14 30 
14 31 
14 32 
14 35 
14 36 
14 37 
14 39 
14 44 
14 45 
14 52 
14 54 
14 57 
14 58 
14 59 
14 62 
14 69 
14 70 
14 74 
14 76 
14 78 
14 80 
14 82 
14 83 
14 84 
14 88 
14 91 
14 104 
14 109 
14 121 
14 125 
14 134 
14 139 
14 146 
14 148 
14 150 
14 156 
14 157 
14 182 
14 187 
14 193 
14 213 
15 3 
15 4 
15 7 
15 9 
15 11 
15 13 
15 14 
15 18 
15 22 
15 26 
15 27 
15 29 
15 30 
15 32 
15 35 
15 36 
15 37 
15 39 
15 40 
15 44 
15 51 
15 52 
15 54 
15 58 
15 60 
15 62 
15 63 
15 67 
15 68 
15 69 
15 73 
15 74 
15 80 
15 82 
15 83 
15 84 
15 87 
15 88 
15 90 
15 98 
15 100 
15 102 
15 110 
15 121 
15 134 
15 139 
15 146 
15 193 
15 212 
16 45 
16 58 
16 76 
16 79 
16 97 
16 136 
17 2 
17 6 
17 7 
17 10 
17 18 
17 19 
17 25 
17 26 
17 33 
17 34 
17 36 
17 37 
17 39 
17 44 
17 45 
17 70 
17 80 
17 99 
17 103 
17 105 
17 109 
17 110 
17 113 
17 125 
17 134 
17 146 
17 155 
17 158 
17 190 
17 212 
18 18 
18 26 
18 29 
18 31 
18 37 
19 133 
19 134 
21 44 
22 2 
22 3 
22 4 
22 5 
22 6 
22 7 
22 8 
22 10 
22 11 
22 13 
22 14 
22 15 
22 17 
22 23 
22 25 
22 26 
22 27 
22 30 
22 31 
22 32 
22 34 
22 35 
22 36 
22 37 
22 39 
22 40 
22 42 
22 44 
22 45 
22 48 
22 49 
22 51 
22 52 
22 53 
22 54 
22 59 
22 60 
22 62 
22 63 
22 67 
22 68 
22 69 
22 70 
22 71 
22 73 
22 74 
22 76 
22 77 
22 78 
22 80 
22 82 
22 84 
22 86 
22 87 
22 88 
22 89 
22 90 
22 91 
22 92 
22 94 
22 96 
22 102 
22 105 
22 108 
22 109 
22 113 
22 117 
22 118 
22 121 
22 134 
22 146 
22 148 
22 150 
22 156 
22 158 
22 170 
22 181 
22 182 
22 187 
22 193 
23 7 
23 8 
23 10 
23 26 
23 27 
23 29 
23 34 
23 39 
23 62 
23 140 
25 2 
25 6 
25 36 
25 37 
25 44 
25 80 
25 94 
25 119 
25 158 
25 193 
26 2 
26 15 
26 18 
26 31 
26 34 
26 39 
26 44 
26 67 
26 139 
26 150 
26 158 
26 212 
27 3 
27 4 
27 7 
27 10 
27 11 
27 13 
27 14 
27 15 
27 21 
27 22 
27 23 
27 25 
27 26 
27 29 
27 30 
27 31 
27 32 
27 34 
27 35 
27 36 
27 37 
27 39 
27 40 
27 44 
27 63 
27 69 
27 70 
27 74 
27 80 
27 82 
27 84 
27 88 
27 89 
27 102 
27 113 
27 127 
27 130 
27 146 
27 150 
28 2 
28 6 
28 26 
28 37 
28 44 
28 45 
28 109 
29 7 
29 8 
29 62 
29 125 
29 165 
30 13 
30 14 
30 15 
30 21 
30 35 
30 37 
30 42 
30 44 
30 45 
30 63 
30 69 
30 73 
30 80 
30 83 
30 84 
30 117 
30 121 
31 2 
31 18 
31 26 
31 34 
31 45 
31 105 
32 6 
32 15 
32 42 
32 63 
32 68 
32 70 
32 72 
32 73 
32 83 
32 100 
32 116 
32 117 
32 133 
33 67 
33 134 
33 146 
33 158 
34 2 
34 28 
34 99 
34 110 
34 139 
34 156 
34 166 
34 212 
35 4 
35 6 
35 14 
35 22 
35 25 
35 27 
35 30 
35 37 
35 44 
35 53 
35 71 
35 78 
35 82 
35 193 
35 213 
36 11 
36 13 
36 14 
36 15 
36 17 
36 30 
36 44 
36 80 
36 102 
37 3 
37 4 
37 14 
37 15 
37 29 
37 30 
37 70 
37 97 
38 72 
39 2 
39 7 
39 8 
39 11 
39 15 
39 17 
39 18 
39 26 
39 27 
39 28 
39 29 
39 34 
39 37 
39 62 
39 80 
39 105 
39 109 
39 134 
39 139 
39 212 
40 3 
40 4 
40 6 
40 14 
40 15 
40 25 
40 26 
40 33 
40 37 
40 59 
40 70 
40 80 
40 89 
40 100 
40 104 
40 119 
40 125 
40 133 
40 146 
40 193 
40 213 
42 26 
42 32 
42 70 
42 72 
42 83 
42 116 
42 117 
42 133 
42 139 
43 7 
43 10 
43 19 
43 26 
43 33 
43 34 
43 44 
43 54 
43 67 
43 92 
43 110 
43 113 
43 119 
43 125 
43 134 
43 158 
43 181 
43 212 
43 213 
44 2 
44 4 
44 5 
44 6 
44 11 
44 13 
44 14 
44 15 
44 21 
44 22 
44 27 
44 28 
44 30 
44 32 
44 35 
44 36 
44 37 
44 39 
44 40 
44 45 
44 62 
44 63 
44 67 
44 68 
44 69 
44 80 
44 82 
44 102 
44 109 
44 113 
44 119 
44 148 
44 193 
45 2 
45 6 
45 7 
45 8 
45 9 
45 10 
45 13 
45 14 
45 15 
45 16 
45 17 
45 23 
45 25 
45 26 
45 27 
45 28 
45 29 
45 31 
45 32 
45 34 
45 35 
45 37 
45 39 
45 40 
45 44 
45 49 
45 53 
45 55 
45 58 
45 62 
45 63 
45 67 
45 68 
45 70 
45 71 
45 76 
45 79 
45 82 
45 92 
45 95 
45 96 
45 97 
45 103 
45 104 
45 105 
45 108 
45 109 
45 112 
45 113 
45 118 
45 119 
45 120 
45 125 
45 127 
45 128 
45 130 
45 134 
45 136 
45 139 
45 146 
45 157 
45 166 
45 168 
45 170 
45 178 
45 193 
47 14 
47 15 
47 45 
47 80 
48 15 
49 2 
49 6 
49 14 
49 15 
49 16 
49 26 
49 31 
49 35 
49 45 
49 57 
49 58 
49 70 
49 82 
49 90 
49 94 
49 95 
49 96 
49 99 
49 103 
49 105 
49 125 
49 136 
49 178 
51 3 
51 27 
51 36 
51 37 
51 45 
51 77 
51 88 
52 35 
52 68 
52 84 
54 6 
54 118 
55 2 
55 6 
55 14 
55 15 
55 22 
55 23 
55 25 
55 27 
55 35 
55 36 
55 37 
55 44 
55 45 
55 58 
55 66 
55 79 
55 82 
55 96 
55 105 
55 112 
55 127 
58 16 
58 79 
58 112 
59 14 
59 170 
60 2 
60 3 
60 6 
60 15 
60 36 
60 45 
60 51 
60 88 
60 90 
62 68 
63 27 
63 30 
63 44 
63 87 
64 112 
65 14 
65 16 
65 35 
65 45 
65 127 
66 35 
66 45 
66 94 
66 108 
67 17 
68 22 
68 48 
68 52 
68 62 
68 84 
68 90 
69 3 
69 14 
69 22 
69 25 
69 30 
69 32 
69 60 
69 63 
69 68 
69 73 
69 84 
69 87 
69 88 
69 98 
69 121 
69 146 
70 96 
71 2 
71 92 
71 113 
73 14 
73 15 
73 63 
73 98 
73 121 
74 4 
74 14 
75 168 
76 3 
76 6 
76 15 
76 16 
76 27 
76 34 
76 35 
76 36 
76 44 
76 45 
76 79 
76 95 
76 96 
76 109 
78 6 
78 193 
78 213 
79 45 
81 102 
82 2 
82 4 
82 6 
82 14 
82 15 
82 22 
82 35 
82 37 
82 44 
82 53 
82 74 
82 109 
84 6 
84 22 
84 27 
84 35 
84 42 
84 44 
84 52 
84 62 
84 68 
84 69 
84 83 
86 6 
86 14 
86 15 
86 45 
86 51 
86 52 
86 60 
86 77 
86 84 
86 88 
86 90 
87 15 
87 22 
87 44 
87 63 
87 69 
88 2 
88 6 
88 22 
88 36 
88 51 
88 60 
89 25 
89 146 
90 86 
91 213 
92 6 
92 44 
92 113 
92 159 
92 181 
93 14 
93 28 
93 33 
93 48 
93 59 
93 63 
93 71 
93 77 
93 90 
94 6 
94 7 
94 9 
94 45 
94 80 
94 127 
95 35 
95 45 
95 49 
95 103 
96 94 
96 95 
97 6 
97 16 
97 22 
97 35 
97 45 
97 55 
97 58 
97 79 
101 16 
101 35 
101 45 
101 97 
103 45 
103 120 
103 178 
105 2 
105 7 
105 9 
105 10 
105 15 
105 17 
105 30 
105 39 
105 99 
105 110 
105 156 
105 165 
105 168 
107 15 
107 35 
108 6 
108 14 
108 22 
108 27 
108 31 
108 34 
108 35 
108 44 
108 45 
108 55 
108 66 
108 95 
109 2 
109 6 
109 15 
109 21 
109 27 
109 37 
109 39 
109 44 
109 54 
109 59 
109 67 
109 75 
109 80 
109 92 
109 104 
109 105 
109 109 
109 113 
109 115 
109 118 
109 119 
109 138 
109 150 
109 158 
109 159 
109 168 
110 80 
110 212 
112 120 
112 127 
112 128 
112 130 
112 178 
113 71 
113 181 
114 35 
115 168 
117 116 
119 2 
119 4 
119 6 
119 15 
119 27 
119 44 
119 45 
119 80 
119 109 
121 73 
121 98 
122 14 
124 21 
124 27 
124 44 
124 80 
125 158 
128 103 
128 120 
129 27 
129 127 
135 17 
135 26 
135 110 
136 103 
138 168 
142 4 
146 69 
146 158 
148 25 
148 67 
148 212 
152 44 
152 75 
152 168 
153 26 
155 44 
158 33 
159 4 
159 44 
159 181 
168 75 
168 138 
169 6 
172 134 
172 158 
173 4 
173 6 
173 14 
187 14 
192 44 
201 118 
204 59 
208 193 
