1 89 
2 2 
2 26 
2 27 
2 29 
2 31 
2 34 
2 99 
2 105 
2 156 
2 165 
2 166 
2 182 
3 6 
3 15 
3 27 
3 30 
3 37 
3 63 
3 82 
4 2 
4 3 
4 5 
4 7 
4 8 
4 10 
4 11 
4 14 
4 15 
4 18 
4 22 
4 23 
4 26 
4 27 
4 30 
4 31 
4 32 
4 35 
4 36 
4 37 
4 39 
4 44 
4 45 
4 48 
4 49 
4 52 
4 60 
4 62 
4 63 
4 68 
4 69 
4 70 
4 73 
4 74 
4 80 
4 82 
4 84 
4 87 
4 88 
4 90 
4 98 
4 105 
4 108 
4 110 
4 121 
4 134 
4 148 
4 181 
5 5 
5 14 
5 15 
5 16 
5 18 
5 26 
5 27 
5 30 
5 32 
5 37 
5 40 
5 45 
5 49 
5 55 
5 66 
5 68 
5 69 
5 76 
5 94 
5 95 
5 96 
5 108 
5 136 
5 146 
6 6 
6 15 
6 36 
6 37 
6 45 
7 1 
7 3 
7 6 
7 14 
7 15 
7 17 
7 18 
7 26 
7 28 
7 29 
7 30 
7 31 
7 32 
7 34 
7 37 
7 40 
7 44 
7 57 
7 59 
7 63 
7 66 
7 68 
7 72 
7 75 
7 84 
7 109 
7 110 
7 115 
7 134 
7 136 
7 138 
7 168 
8 6 
8 15 
8 17 
8 18 
8 26 
8 31 
8 34 
8 136 
8 140 
8 168 
9 1 
9 3 
9 6 
9 8 
9 10 
9 14 
9 15 
9 17 
9 18 
9 26 
9 28 
9 29 
9 30 
9 31 
9 32 
9 34 
9 37 
9 40 
9 44 
9 57 
9 59 
9 63 
9 66 
9 68 
9 72 
9 75 
9 84 
9 109 
9 110 
9 115 
9 134 
9 138 
9 140 
10 6 
10 31 
11 2 
11 3 
11 4 
11 5 
11 6 
11 7 
11 8 
11 10 
11 13 
11 14 
11 15 
11 21 
11 22 
11 23 
11 25 
11 26 
11 27 
11 29 
11 30 
11 32 
11 34 
11 35 
11 36 
11 37 
11 39 
11 44 
11 45 
11 48 
11 49 
11 52 
11 60 
11 62 
11 63 
11 68 
11 69 
11 70 
11 73 
11 74 
11 76 
11 80 
11 82 
11 83 
11 84 
11 86 
11 87 
11 88 
11 90 
11 98 
11 100 
11 102 
11 105 
11 109 
11 116 
11 117 
11 121 
11 125 
11 128 
11 134 
11 146 
11 148 
11 150 
11 158 
12 2 
12 3 
12 4 
12 5 
12 6 
12 7 
12 9 
12 11 
12 13 
12 14 
12 15 
12 18 
12 19 
12 22 
12 23 
12 25 
12 27 
12 30 
12 32 
12 33 
12 35 
12 37 
12 44 
12 45 
12 49 
12 51 
12 55 
12 59 
12 62 
12 63 
12 66 
12 68 
12 69 
12 70 
12 73 
12 74 
12 76 
12 78 
12 79 
12 82 
12 83 
12 84 
12 86 
12 87 
12 88 
12 89 
12 92 
12 95 
12 98 
12 105 
12 108 
12 109 
12 117 
12 121 
12 125 
12 134 
12 146 
12 158 
12 170 
12 213 
13 11 
13 27 
13 36 
13 98 
14 2 
14 4 
14 6 
14 7 
14 9 
14 10 
14 15 
14 17 
14 21 
14 22 
14 23 
14 26 
14 27 
14 30 
14 31 
14 32 
14 34 
14 35 
14 37 
14 40 
14 42 
14 44 
14 45 
14 51 
14 52 
14 60 
14 63 
14 68 
14 71 
14 74 
14 78 
14 82 
14 83 
14 84 
14 86 
14 90 
14 91 
14 95 
14 96 
14 98 
14 100 
14 104 
14 109 
14 117 
14 146 
14 148 
14 156 
14 158 
14 182 
14 187 
15 2 
15 3 
15 4 
15 5 
15 6 
15 7 
15 8 
15 10 
15 11 
15 13 
15 14 
15 16 
15 17 
15 18 
15 19 
15 21 
15 22 
15 23 
15 26 
15 27 
15 28 
15 29 
15 30 
15 31 
15 32 
15 34 
15 35 
15 36 
15 37 
15 39 
15 40 
15 42 
15 44 
15 45 
15 48 
15 49 
15 52 
15 55 
15 60 
15 62 
15 63 
15 66 
15 68 
15 69 
15 70 
15 73 
15 74 
15 79 
15 80 
15 82 
15 84 
15 86 
15 87 
15 88 
15 90 
15 91 
15 98 
15 100 
15 102 
15 105 
15 108 
15 109 
15 113 
15 116 
15 117 
15 121 
15 125 
15 140 
15 146 
15 148 
15 168 
15 193 
17 1 
17 2 
17 3 
17 4 
17 5 
17 6 
17 7 
17 8 
17 9 
17 14 
17 15 
17 21 
17 22 
17 23 
17 26 
17 27 
17 29 
17 30 
17 31 
17 33 
17 34 
17 36 
17 37 
17 44 
17 45 
17 62 
17 68 
17 70 
17 71 
17 73 
17 75 
17 88 
17 91 
17 92 
17 99 
17 100 
17 109 
17 110 
17 112 
17 134 
17 138 
17 139 
17 146 
17 150 
17 155 
17 158 
17 212 
18 2 
18 4 
18 6 
18 7 
18 8 
18 10 
18 15 
18 17 
18 18 
18 26 
18 27 
18 29 
18 31 
18 32 
18 34 
18 36 
19 1 
19 2 
19 6 
19 15 
19 34 
19 125 
19 158 
21 2 
21 3 
21 4 
21 6 
21 7 
21 8 
21 14 
21 15 
21 22 
21 23 
21 26 
21 27 
21 30 
21 32 
21 34 
21 37 
21 39 
21 44 
21 45 
21 60 
21 63 
21 69 
21 70 
21 73 
21 82 
21 84 
21 87 
21 100 
21 102 
21 103 
21 105 
21 109 
21 121 
21 125 
21 128 
21 134 
21 140 
22 4 
22 14 
22 15 
22 27 
22 30 
22 35 
22 37 
22 44 
22 68 
22 70 
22 82 
22 83 
22 134 
23 6 
23 7 
23 9 
23 18 
23 26 
23 27 
23 29 
23 31 
24 15 
26 2 
26 7 
26 8 
26 10 
26 15 
26 17 
26 18 
26 26 
26 27 
26 28 
26 29 
26 31 
26 32 
26 34 
26 36 
26 37 
26 40 
26 42 
26 63 
26 86 
27 2 
27 3 
27 4 
27 5 
27 6 
27 7 
27 8 
27 10 
27 11 
27 13 
27 14 
27 15 
27 18 
27 19 
27 21 
27 22 
27 23 
27 26 
27 29 
27 30 
27 32 
27 34 
27 35 
27 36 
27 37 
27 39 
27 40 
27 42 
27 44 
27 45 
27 49 
27 52 
27 60 
27 62 
27 63 
27 68 
27 69 
27 70 
27 71 
27 73 
27 74 
27 76 
27 78 
27 80 
27 82 
27 83 
27 84 
27 86 
27 87 
27 96 
27 98 
27 102 
27 105 
27 108 
27 109 
27 116 
27 121 
27 125 
27 127 
27 128 
27 130 
27 140 
27 146 
27 148 
27 150 
27 156 
27 158 
27 182 
27 187 
28 1 
28 15 
28 18 
28 33 
28 37 
28 44 
28 109 
28 125 
29 2 
29 6 
29 7 
29 15 
29 18 
29 26 
29 30 
29 31 
29 36 
29 45 
29 86 
29 105 
29 140 
30 3 
30 4 
30 13 
30 14 
30 15 
30 22 
30 27 
30 32 
30 35 
30 36 
30 37 
30 40 
30 44 
30 52 
30 63 
30 69 
30 70 
30 73 
30 74 
30 82 
30 84 
30 86 
30 87 
30 88 
30 89 
30 98 
30 146 
31 4 
31 7 
31 10 
31 17 
31 18 
31 19 
31 26 
31 32 
31 34 
31 40 
31 168 
32 3 
32 6 
32 15 
32 23 
32 26 
32 30 
32 36 
32 37 
32 40 
32 42 
32 63 
32 73 
32 78 
32 83 
32 86 
32 100 
32 117 
32 121 
32 133 
33 1 
33 45 
33 67 
33 158 
34 1 
34 2 
34 7 
34 8 
34 17 
34 18 
34 26 
34 29 
34 31 
34 110 
34 139 
34 212 
35 14 
35 15 
35 27 
35 29 
35 30 
35 32 
35 36 
35 44 
35 68 
35 78 
35 82 
35 96 
35 146 
36 2 
36 4 
36 6 
36 7 
36 10 
36 11 
36 13 
36 15 
36 22 
36 26 
36 27 
36 31 
36 34 
36 35 
36 37 
36 39 
36 44 
36 45 
36 69 
36 70 
36 80 
36 82 
36 86 
36 88 
36 102 
36 105 
36 109 
36 134 
37 2 
37 3 
37 5 
37 7 
37 11 
37 14 
37 15 
37 18 
37 19 
37 26 
37 29 
37 32 
37 34 
37 35 
37 36 
37 40 
37 63 
37 69 
37 70 
37 80 
37 92 
37 98 
37 100 
37 109 
37 140 
37 146 
39 1 
39 7 
39 10 
39 26 
39 34 
39 36 
39 45 
39 80 
39 140 
40 1 
40 3 
40 15 
40 19 
40 32 
40 68 
40 70 
40 72 
40 83 
40 84 
40 86 
40 89 
40 109 
40 121 
40 146 
42 15 
42 32 
42 40 
42 83 
42 86 
42 100 
42 116 
42 117 
43 1 
43 2 
43 3 
43 4 
43 5 
43 6 
43 7 
43 8 
43 11 
43 13 
43 14 
43 15 
43 17 
43 19 
43 21 
43 25 
43 26 
43 27 
43 32 
43 33 
43 34 
43 37 
43 44 
43 45 
43 51 
43 62 
43 63 
43 68 
43 71 
43 72 
43 74 
43 76 
43 82 
43 83 
43 87 
43 88 
43 89 
43 91 
43 92 
43 100 
43 105 
43 109 
43 113 
43 119 
43 121 
43 125 
43 134 
43 146 
43 158 
43 212 
44 2 
44 3 
44 4 
44 6 
44 7 
44 8 
44 11 
44 14 
44 15 
44 17 
44 18 
44 21 
44 22 
44 23 
44 26 
44 27 
44 29 
44 30 
44 32 
44 34 
44 35 
44 36 
44 37 
44 39 
44 40 
44 42 
44 45 
44 49 
44 52 
44 60 
44 62 
44 63 
44 68 
44 69 
44 70 
44 74 
44 76 
44 80 
44 82 
44 84 
44 96 
44 102 
44 103 
44 105 
44 109 
44 116 
44 121 
44 125 
44 128 
44 130 
44 140 
44 148 
44 150 
44 187 
45 2 
45 3 
45 4 
45 5 
45 6 
45 7 
45 8 
45 10 
45 11 
45 14 
45 15 
45 17 
45 18 
45 23 
45 26 
45 27 
45 29 
45 31 
45 32 
45 34 
45 35 
45 36 
45 37 
45 40 
45 42 
45 44 
45 49 
45 55 
45 60 
45 63 
45 66 
45 69 
45 70 
45 73 
45 76 
45 80 
45 83 
45 87 
45 95 
45 96 
45 98 
45 100 
45 102 
45 103 
45 105 
45 108 
45 109 
45 116 
45 127 
45 128 
45 130 
45 134 
45 136 
45 140 
45 146 
45 158 
45 178 
45 212 
46 1 
47 1 
47 2 
47 18 
47 26 
47 28 
47 34 
47 139 
47 168 
49 18 
49 34 
49 35 
49 96 
52 15 
52 32 
52 68 
52 69 
52 82 
52 83 
52 84 
55 66 
55 76 
55 82 
58 16 
59 170 
60 15 
60 40 
60 51 
61 26 
61 37 
62 2 
62 26 
62 36 
62 68 
62 70 
63 3 
63 4 
63 7 
63 8 
63 15 
63 27 
63 30 
63 35 
63 37 
63 40 
63 69 
63 73 
63 80 
63 84 
63 87 
63 100 
63 121 
64 86 
65 2 
65 4 
65 6 
65 11 
65 14 
65 15 
65 27 
65 28 
65 32 
65 35 
65 37 
65 44 
65 45 
65 76 
65 96 
65 105 
65 158 
66 34 
66 94 
68 15 
68 19 
68 22 
68 27 
68 30 
68 35 
68 36 
68 48 
68 52 
68 60 
68 62 
68 82 
68 84 
69 3 
69 4 
69 7 
69 10 
69 14 
69 15 
69 22 
69 27 
69 30 
69 35 
69 37 
69 44 
69 52 
69 74 
69 82 
69 87 
69 121 
69 125 
70 7 
70 8 
70 15 
70 30 
71 109 
73 15 
73 37 
73 63 
73 80 
73 84 
73 98 
74 2 
74 3 
74 4 
74 11 
74 13 
74 14 
74 15 
74 22 
74 27 
74 35 
74 36 
74 37 
74 69 
74 82 
74 88 
74 105 
74 156 
74 182 
76 5 
76 14 
76 16 
76 45 
76 55 
76 80 
76 94 
76 96 
76 102 
76 105 
80 2 
80 11 
80 15 
80 36 
80 117 
81 2 
82 4 
82 15 
82 27 
82 37 
82 45 
82 63 
82 73 
82 109 
82 187 
83 32 
83 84 
84 15 
84 22 
84 30 
84 37 
84 44 
84 63 
84 69 
84 74 
86 45 
86 51 
86 60 
86 69 
86 77 
86 90 
87 69 
88 51 
89 25 
89 146 
90 48 
91 14 
91 15 
91 45 
91 146 
93 14 
93 21 
93 28 
93 33 
93 59 
93 63 
93 76 
93 89 
93 91 
93 109 
93 146 
94 4 
94 15 
94 27 
94 30 
94 37 
94 63 
94 68 
94 73 
94 76 
94 82 
94 84 
96 5 
96 44 
101 45 
105 2 
105 99 
105 105 
105 156 
105 166 
107 45 
107 49 
109 4 
109 15 
109 19 
109 27 
109 29 
109 30 
109 34 
109 35 
109 37 
109 40 
109 44 
109 62 
109 71 
109 80 
109 100 
109 104 
109 116 
109 138 
109 146 
109 168 
110 4 
111 168 
112 103 
113 15 
113 109 
114 49 
117 15 
117 42 
120 45 
121 98 
124 96 
129 103 
129 127 
135 34 
135 40 
135 134 
136 2 
139 105 
140 8 
142 44 
146 2 
146 3 
146 4 
146 6 
146 11 
146 14 
146 15 
146 19 
146 25 
146 26 
146 30 
146 32 
146 33 
146 35 
146 36 
146 45 
146 63 
146 68 
146 69 
146 70 
146 76 
146 82 
146 87 
146 96 
146 105 
146 109 
146 121 
146 134 
146 158 
146 168 
148 34 
152 168 
155 70 
161 99 
163 168 
168 7 
168 9 
168 28 
168 69 
168 75 
168 109 
168 138 
168 146 
169 6 
171 77 
172 26 
183 57 
183 118 
186 100 
192 168 
