2 26 
2 155 
4 14 
4 22 
4 52 
5 17 
6 45 
14 4 
14 6 
14 7 
14 9 
14 10 
14 17 
14 22 
14 25 
14 26 
14 31 
14 35 
14 37 
14 39 
14 44 
14 52 
14 67 
14 78 
14 91 
14 118 
14 155 
14 156 
14 170 
14 187 
15 3 
15 6 
15 11 
15 26 
15 27 
15 39 
15 63 
15 69 
15 70 
15 96 
15 187 
16 97 
17 67 
17 155 
17 190 
26 34 
26 155 
27 4 
27 14 
27 39 
27 45 
27 67 
27 68 
27 119 
32 116 
39 155 
43 155 
44 6 
44 21 
44 26 
44 31 
44 39 
44 68 
45 6 
45 7 
45 9 
45 16 
45 17 
45 39 
45 58 
45 66 
45 70 
45 103 
45 136 
54 118 
57 25 
61 16 
63 67 
63 87 
69 22 
69 52 
69 60 
71 67 
82 53 
89 146 
105 99 
105 155 
105 165 
109 138 
109 168 
110 155 
115 168 
172 158 
