1 19 
1 28 
1 40 
2 7 
2 8 
2 9 
2 10 
2 15 
2 17 
2 18 
2 22 
2 23 
2 29 
2 35 
2 40 
2 45 
2 49 
2 60 
2 70 
2 82 
2 105 
3 7 
3 8 
3 14 
3 15 
3 18 
3 22 
3 27 
3 37 
3 63 
3 70 
3 80 
3 84 
3 87 
3 88 
4 3 
4 7 
4 8 
4 9 
4 14 
4 15 
4 22 
4 23 
4 27 
4 35 
4 37 
4 40 
4 60 
4 63 
4 82 
4 87 
5 6 
5 7 
5 8 
5 9 
5 14 
5 17 
5 45 
5 76 
5 109 
6 3 
6 4 
6 7 
6 8 
6 9 
6 10 
6 14 
6 15 
6 18 
6 22 
6 23 
6 27 
6 35 
6 40 
6 45 
6 51 
6 70 
6 76 
6 82 
7 6 
7 17 
7 18 
7 22 
7 26 
7 28 
7 40 
7 45 
7 139 
7 155 
7 168 
7 170 
7 187 
8 10 
8 17 
8 18 
8 22 
8 28 
8 168 
9 6 
9 8 
9 17 
9 18 
9 22 
9 26 
9 40 
9 45 
9 139 
9 168 
9 170 
9 187 
10 17 
10 155 
11 3 
11 4 
11 7 
11 8 
11 9 
11 13 
11 15 
11 22 
11 23 
11 27 
11 35 
11 36 
11 80 
11 87 
12 7 
12 8 
12 10 
12 17 
12 18 
12 158 
13 3 
13 4 
13 7 
13 8 
13 9 
13 14 
13 15 
13 18 
13 22 
13 23 
13 36 
13 51 
13 80 
13 87 
13 109 
14 3 
14 4 
14 6 
14 7 
14 8 
14 9 
14 11 
14 13 
14 15 
14 17 
14 18 
14 22 
14 23 
14 28 
14 35 
14 37 
14 40 
14 44 
14 45 
14 59 
14 63 
14 70 
14 76 
14 80 
14 82 
14 84 
14 87 
14 88 
14 91 
14 104 
14 158 
15 3 
15 4 
15 7 
15 8 
15 9 
15 11 
15 13 
15 14 
15 17 
15 18 
15 22 
15 23 
15 27 
15 28 
15 35 
15 36 
15 37 
15 45 
15 63 
15 67 
15 68 
15 74 
15 80 
15 84 
15 86 
15 87 
15 88 
15 91 
16 76 
16 79 
16 97 
17 6 
17 7 
17 8 
17 15 
17 18 
17 45 
17 109 
17 125 
17 155 
17 168 
18 28 
19 7 
19 8 
19 28 
19 40 
20 25 
20 40 
20 89 
21 3 
21 4 
21 7 
21 8 
21 9 
21 15 
21 18 
21 22 
21 23 
21 27 
21 35 
21 36 
21 40 
21 44 
21 51 
21 63 
21 76 
21 82 
21 87 
21 88 
22 3 
22 4 
22 6 
22 7 
22 8 
22 9 
22 11 
22 14 
22 15 
22 17 
22 18 
22 23 
22 25 
22 26 
22 27 
22 28 
22 30 
22 35 
22 36 
22 37 
22 40 
22 44 
22 45 
22 48 
22 51 
22 52 
22 59 
22 63 
22 68 
22 71 
22 80 
22 82 
22 84 
22 86 
22 87 
22 88 
22 91 
22 109 
22 117 
22 125 
22 158 
22 168 
23 7 
23 8 
23 9 
23 10 
23 26 
24 7 
24 9 
24 22 
24 30 
24 32 
24 40 
24 48 
24 72 
24 83 
24 117 
25 17 
25 18 
25 35 
25 40 
25 89 
25 91 
25 158 
26 7 
26 8 
26 17 
26 18 
27 3 
27 4 
27 7 
27 8 
27 9 
27 14 
27 15 
27 17 
27 18 
27 22 
27 23 
27 25 
27 28 
27 30 
27 35 
27 44 
27 80 
27 82 
27 91 
28 17 
29 17 
30 3 
30 4 
30 7 
30 8 
30 15 
30 17 
30 18 
30 22 
30 23 
30 27 
30 35 
30 36 
30 40 
30 60 
30 63 
30 70 
30 73 
30 87 
30 88 
30 91 
31 18 
31 45 
32 7 
32 8 
32 15 
32 22 
32 45 
32 117 
33 28 
34 7 
34 8 
34 17 
34 18 
34 26 
35 3 
35 4 
35 6 
35 7 
35 8 
35 9 
35 10 
35 13 
35 14 
35 15 
35 17 
35 18 
35 22 
35 23 
35 27 
35 30 
35 36 
35 40 
35 76 
35 78 
35 80 
35 82 
35 87 
35 88 
35 91 
35 109 
36 3 
36 4 
36 7 
36 8 
36 9 
36 10 
36 11 
36 13 
36 15 
36 17 
36 22 
36 23 
36 35 
36 44 
36 51 
36 80 
36 87 
37 3 
37 4 
37 13 
37 14 
37 15 
37 17 
37 22 
37 23 
37 27 
37 30 
37 35 
37 80 
37 168 
38 7 
38 9 
38 40 
38 72 
39 2 
39 17 
39 18 
39 23 
39 26 
39 44 
39 45 
39 60 
39 109 
39 110 
39 139 
40 7 
40 8 
40 17 
40 133 
40 187 
41 40 
42 22 
43 25 
43 40 
43 82 
43 91 
44 4 
44 6 
44 7 
44 8 
44 9 
44 10 
44 14 
44 15 
44 17 
44 18 
44 22 
44 27 
44 28 
44 30 
44 35 
44 40 
44 45 
44 63 
44 76 
44 88 
45 2 
45 3 
45 4 
45 5 
45 6 
45 7 
45 8 
45 9 
45 10 
45 15 
45 17 
45 18 
45 22 
45 23 
45 25 
45 27 
45 28 
45 29 
45 35 
45 36 
45 40 
45 44 
45 51 
45 70 
45 76 
45 82 
45 91 
45 97 
45 110 
45 178 
46 28 
46 40 
46 72 
47 7 
47 8 
47 17 
47 18 
48 22 
48 40 
48 51 
48 60 
48 86 
49 7 
49 8 
49 9 
49 15 
49 17 
49 22 
49 23 
49 45 
49 82 
51 3 
51 7 
51 8 
51 15 
51 22 
51 60 
51 86 
51 88 
52 7 
52 8 
52 22 
52 40 
52 60 
52 86 
52 88 
52 90 
54 45 
55 7 
55 8 
55 22 
55 35 
55 45 
58 7 
58 8 
58 9 
58 16 
58 22 
58 45 
58 76 
58 79 
58 82 
58 97 
60 3 
60 7 
60 8 
60 15 
60 22 
60 51 
60 86 
60 88 
61 22 
62 3 
62 17 
62 22 
62 25 
63 3 
63 4 
63 7 
63 8 
63 9 
63 10 
63 15 
63 17 
63 18 
63 22 
63 27 
63 30 
63 87 
63 88 
63 100 
64 18 
65 7 
65 8 
65 18 
65 22 
65 25 
65 28 
65 40 
65 45 
65 76 
66 5 
66 22 
66 45 
66 95 
66 146 
68 3 
68 7 
68 8 
68 9 
68 22 
68 25 
68 51 
68 60 
68 86 
68 88 
68 90 
69 3 
69 4 
69 15 
69 22 
69 63 
69 84 
69 86 
69 87 
69 91 
70 7 
70 8 
70 22 
71 7 
71 8 
71 17 
71 22 
71 28 
71 40 
71 91 
71 119 
72 7 
72 9 
72 17 
72 40 
73 4 
73 15 
73 22 
73 27 
73 30 
73 88 
73 121 
74 15 
74 35 
75 7 
75 8 
75 28 
75 67 
75 68 
76 5 
76 6 
76 7 
76 8 
76 27 
76 28 
76 45 
76 79 
77 51 
77 60 
79 7 
79 8 
79 16 
79 22 
79 76 
80 4 
80 7 
80 8 
80 9 
80 11 
80 17 
80 30 
80 35 
80 36 
81 7 
81 8 
81 16 
82 4 
82 7 
82 8 
82 17 
82 22 
82 27 
82 28 
82 35 
82 45 
83 4 
83 22 
83 30 
83 35 
83 84 
83 88 
84 4 
84 15 
84 22 
84 27 
84 30 
84 40 
84 51 
84 86 
84 88 
86 3 
86 15 
86 22 
86 51 
86 60 
86 68 
86 77 
86 82 
86 84 
86 87 
86 88 
87 3 
87 15 
87 22 
87 30 
87 42 
87 45 
87 63 
87 88 
88 3 
88 4 
88 7 
88 8 
88 9 
88 15 
88 17 
88 22 
88 35 
88 51 
88 60 
88 63 
88 68 
88 86 
88 87 
89 22 
89 40 
90 22 
90 40 
90 48 
90 51 
90 60 
90 86 
91 22 
91 35 
91 40 
92 7 
92 8 
92 17 
92 28 
92 71 
92 91 
93 7 
93 8 
93 27 
93 28 
93 90 
93 91 
93 104 
94 7 
94 8 
94 22 
94 66 
94 82 
95 22 
95 45 
95 76 
96 7 
96 8 
96 10 
96 22 
96 23 
96 28 
96 76 
96 95 
97 7 
97 8 
97 76 
98 4 
98 13 
98 15 
98 22 
98 27 
98 73 
98 121 
99 2 
100 22 
100 40 
101 7 
101 8 
101 16 
101 18 
101 22 
101 45 
101 60 
101 79 
101 97 
102 15 
102 27 
102 82 
104 7 
104 8 
105 2 
105 7 
105 8 
105 9 
105 15 
105 17 
105 22 
105 23 
105 28 
105 40 
105 45 
105 70 
105 71 
105 105 
106 2 
108 6 
108 22 
108 35 
108 40 
108 45 
108 76 
109 6 
109 7 
109 8 
109 9 
109 13 
109 17 
109 22 
109 28 
109 35 
109 45 
109 52 
109 80 
109 82 
109 109 
109 138 
109 168 
111 7 
111 8 
111 25 
111 40 
111 89 
111 92 
113 7 
113 8 
113 28 
113 45 
114 5 
114 7 
114 8 
114 9 
114 17 
114 22 
114 35 
114 45 
114 76 
114 82 
115 7 
115 8 
115 45 
116 19 
116 22 
117 22 
117 27 
117 30 
117 35 
117 40 
117 63 
117 73 
117 83 
117 84 
117 87 
117 98 
117 121 
119 173 
121 22 
121 52 
121 73 
121 88 
122 157 
125 28 
130 27 
133 40 
134 89 
135 7 
135 8 
135 17 
135 23 
136 16 
142 71 
143 7 
143 8 
143 40 
145 40 
146 22 
148 22 
150 7 
150 8 
150 109 
151 7 
151 9 
152 7 
152 8 
152 82 
152 109 
153 7 
153 8 
153 17 
154 11 
154 45 
154 52 
154 80 
155 18 
156 2 
156 18 
159 71 
159 92 
166 2 
167 7 
167 8 
167 17 
167 28 
167 89 
168 2 
168 6 
168 22 
168 45 
168 109 
169 22 
169 40 
170 40 
172 28 
173 119 
176 7 
176 8 
176 25 
176 28 
176 40 
181 71 
181 92 
181 159 
187 7 
187 8 
187 28 
187 82 
193 7 
193 8 
204 91 
213 91 
