2 4 
2 5 
2 7 
2 9 
2 10 
2 14 
2 15 
2 17 
2 18 
2 22 
2 23 
2 26 
2 27 
2 28 
2 29 
2 30 
2 31 
2 34 
2 35 
2 40 
2 44 
2 45 
2 49 
2 55 
2 59 
2 71 
2 99 
2 105 
2 108 
2 109 
2 113 
2 117 
2 134 
2 155 
2 156 
2 159 
2 187 
3 4 
3 5 
3 7 
3 9 
3 14 
3 15 
3 19 
3 22 
3 27 
3 30 
3 37 
3 42 
3 44 
3 52 
3 60 
3 63 
3 68 
3 69 
3 84 
3 86 
3 87 
3 88 
3 125 
4 2 
4 3 
4 6 
4 7 
4 9 
4 10 
4 11 
4 13 
4 14 
4 15 
4 17 
4 18 
4 21 
4 22 
4 23 
4 26 
4 27 
4 29 
4 30 
4 31 
4 32 
4 33 
4 34 
4 35 
4 36 
4 37 
4 40 
4 42 
4 44 
4 45 
4 49 
4 52 
4 59 
4 60 
4 63 
4 66 
4 68 
4 69 
4 70 
4 71 
4 74 
4 76 
4 78 
4 80 
4 82 
4 84 
4 86 
4 87 
4 88 
4 91 
4 98 
4 108 
4 109 
4 116 
4 117 
4 121 
4 134 
4 182 
5 2 
5 4 
5 6 
5 7 
5 9 
5 11 
5 15 
5 17 
5 19 
5 23 
5 27 
5 29 
5 35 
5 36 
5 40 
5 44 
5 45 
5 49 
5 55 
5 63 
5 70 
5 76 
5 95 
5 96 
6 4 
6 6 
6 7 
6 9 
6 14 
6 15 
6 16 
6 32 
6 44 
6 45 
6 49 
6 70 
6 76 
6 80 
6 88 
6 95 
6 103 
6 110 
6 128 
7 3 
7 4 
7 5 
7 6 
7 14 
7 15 
7 16 
7 17 
7 18 
7 19 
7 22 
7 23 
7 26 
7 27 
7 28 
7 29 
7 30 
7 31 
7 32 
7 33 
7 34 
7 35 
7 40 
7 42 
7 44 
7 45 
7 49 
7 51 
7 54 
7 55 
7 59 
7 62 
7 67 
7 70 
7 71 
7 75 
7 76 
7 80 
7 82 
7 84 
7 89 
7 92 
7 95 
7 96 
7 102 
7 104 
7 108 
7 109 
7 110 
7 113 
7 125 
7 134 
7 138 
7 139 
7 155 
7 158 
7 168 
8 9 
8 18 
8 19 
8 26 
8 29 
8 75 
8 110 
9 3 
9 4 
9 5 
9 6 
9 8 
9 9 
9 10 
9 14 
9 15 
9 16 
9 17 
9 18 
9 19 
9 22 
9 23 
9 26 
9 27 
9 28 
9 29 
9 30 
9 31 
9 32 
9 33 
9 34 
9 35 
9 40 
9 42 
9 44 
9 45 
9 49 
9 51 
9 54 
9 55 
9 59 
9 62 
9 67 
9 70 
9 71 
9 76 
9 80 
9 82 
9 84 
9 89 
9 92 
9 95 
9 96 
9 102 
9 104 
9 108 
9 109 
9 110 
9 113 
9 125 
9 134 
9 138 
9 139 
9 158 
9 168 
10 3 
10 8 
10 9 
10 15 
10 17 
10 18 
10 22 
10 26 
10 29 
10 31 
10 32 
10 33 
10 44 
10 45 
10 59 
10 76 
10 110 
10 155 
11 6 
11 13 
11 14 
11 15 
11 18 
11 21 
11 27 
11 30 
11 32 
11 34 
11 36 
11 60 
11 63 
11 71 
11 78 
11 80 
11 84 
11 91 
11 97 
11 102 
11 105 
11 112 
11 121 
11 128 
11 130 
11 133 
11 168 
11 181 
12 17 
12 27 
12 40 
12 62 
12 70 
12 71 
12 91 
12 134 
12 146 
13 3 
13 4 
13 5 
13 7 
13 9 
13 11 
13 14 
13 15 
13 17 
13 21 
13 22 
13 26 
13 27 
13 30 
13 31 
13 32 
13 35 
13 36 
13 37 
13 40 
13 42 
13 44 
13 45 
13 52 
13 59 
13 63 
13 68 
13 69 
13 70 
13 76 
13 78 
13 80 
13 82 
13 84 
13 87 
13 88 
13 89 
13 91 
13 98 
13 109 
13 121 
13 146 
14 2 
14 3 
14 4 
14 5 
14 6 
14 7 
14 9 
14 10 
14 11 
14 13 
14 15 
14 17 
14 18 
14 19 
14 21 
14 22 
14 27 
14 30 
14 32 
14 33 
14 35 
14 36 
14 37 
14 40 
14 42 
14 44 
14 45 
14 52 
14 55 
14 57 
14 60 
14 63 
14 68 
14 69 
14 70 
14 73 
14 74 
14 76 
14 78 
14 82 
14 91 
14 96 
14 109 
14 117 
14 121 
14 157 
14 158 
14 173 
14 182 
14 187 
15 2 
15 3 
15 4 
15 5 
15 6 
15 7 
15 8 
15 9 
15 10 
15 11 
15 13 
15 14 
15 16 
15 17 
15 18 
15 19 
15 21 
15 22 
15 23 
15 25 
15 26 
15 27 
15 28 
15 29 
15 30 
15 31 
15 32 
15 33 
15 34 
15 35 
15 36 
15 37 
15 40 
15 42 
15 44 
15 45 
15 49 
15 51 
15 52 
15 55 
15 60 
15 63 
15 66 
15 67 
15 68 
15 69 
15 70 
15 71 
15 73 
15 74 
15 75 
15 76 
15 78 
15 80 
15 82 
15 84 
15 86 
15 87 
15 88 
15 89 
15 90 
15 91 
15 94 
15 96 
15 97 
15 98 
15 102 
15 103 
15 105 
15 108 
15 109 
15 110 
15 112 
15 113 
15 117 
15 119 
15 121 
15 146 
15 148 
15 150 
15 155 
15 157 
15 158 
15 168 
15 181 
17 2 
17 3 
17 4 
17 5 
17 6 
17 7 
17 9 
17 10 
17 11 
17 14 
17 15 
17 19 
17 22 
17 23 
17 26 
17 27 
17 28 
17 29 
17 30 
17 31 
17 32 
17 33 
17 34 
17 35 
17 36 
17 37 
17 40 
17 42 
17 44 
17 45 
17 49 
17 55 
17 63 
17 67 
17 68 
17 70 
17 71 
17 75 
17 76 
17 78 
17 80 
17 84 
17 86 
17 88 
17 89 
17 91 
17 104 
17 105 
17 108 
17 109 
17 110 
17 113 
17 117 
17 119 
17 125 
17 134 
17 146 
17 155 
17 158 
17 168 
17 187 
17 190 
18 2 
18 3 
18 4 
18 5 
18 6 
18 7 
18 8 
18 9 
18 10 
18 11 
18 14 
18 15 
18 17 
18 19 
18 21 
18 22 
18 23 
18 26 
18 27 
18 28 
18 29 
18 30 
18 31 
18 32 
18 34 
18 35 
18 36 
18 37 
18 40 
18 42 
18 44 
18 45 
18 49 
18 52 
18 55 
18 59 
18 60 
18 63 
18 67 
18 68 
18 70 
18 71 
18 75 
18 76 
18 80 
18 82 
18 84 
18 88 
18 91 
18 92 
18 96 
18 98 
18 103 
18 104 
18 105 
18 108 
18 109 
18 110 
18 113 
18 116 
18 146 
18 150 
18 155 
18 187 
19 7 
19 9 
19 17 
19 72 
19 116 
19 133 
20 40 
21 27 
21 34 
21 35 
21 44 
21 80 
21 84 
22 3 
22 4 
22 5 
22 7 
22 9 
22 10 
22 11 
22 14 
22 15 
22 17 
22 18 
22 26 
22 27 
22 28 
22 30 
22 31 
22 32 
22 34 
22 35 
22 36 
22 37 
22 40 
22 44 
22 45 
22 48 
22 52 
22 55 
22 59 
22 60 
22 62 
22 63 
22 68 
22 69 
22 70 
22 73 
22 76 
22 78 
22 80 
22 82 
22 84 
22 86 
22 88 
22 91 
22 94 
22 96 
22 105 
22 108 
22 109 
22 110 
22 116 
22 117 
22 125 
22 133 
22 134 
22 146 
22 158 
22 173 
23 2 
23 4 
23 6 
23 7 
23 8 
23 9 
23 10 
23 14 
23 15 
23 17 
23 18 
23 26 
23 28 
23 29 
23 31 
23 32 
23 34 
23 35 
23 40 
23 45 
23 60 
23 63 
23 69 
23 76 
23 105 
23 110 
23 155 
23 190 
24 19 
24 72 
25 181 
26 2 
26 3 
26 4 
26 5 
26 6 
26 7 
26 8 
26 9 
26 10 
26 11 
26 13 
26 14 
26 15 
26 16 
26 17 
26 18 
26 19 
26 22 
26 23 
26 25 
26 27 
26 28 
26 29 
26 30 
26 31 
26 32 
26 33 
26 34 
26 35 
26 36 
26 37 
26 40 
26 42 
26 44 
26 45 
26 49 
26 52 
26 54 
26 55 
26 59 
26 60 
26 62 
26 63 
26 67 
26 68 
26 69 
26 70 
26 71 
26 73 
26 75 
26 76 
26 78 
26 80 
26 82 
26 84 
26 86 
26 89 
26 90 
26 91 
26 92 
26 94 
26 96 
26 98 
26 99 
26 103 
26 104 
26 105 
26 108 
26 109 
26 110 
26 113 
26 116 
26 117 
26 119 
26 121 
26 125 
26 134 
26 139 
26 146 
26 150 
26 155 
26 158 
26 187 
26 190 
27 2 
27 3 
27 4 
27 5 
27 6 
27 7 
27 9 
27 10 
27 11 
27 13 
27 14 
27 15 
27 17 
27 18 
27 19 
27 21 
27 22 
27 23 
27 26 
27 30 
27 31 
27 32 
27 33 
27 34 
27 35 
27 36 
27 37 
27 40 
27 44 
27 45 
27 49 
27 52 
27 55 
27 60 
27 62 
27 63 
27 66 
27 68 
27 69 
27 70 
27 73 
27 74 
27 76 
27 78 
27 80 
27 82 
27 84 
27 87 
27 88 
27 89 
27 91 
27 94 
27 102 
27 109 
27 110 
27 112 
27 116 
27 117 
27 121 
27 130 
27 134 
27 158 
28 29 
29 4 
29 7 
29 9 
29 10 
29 15 
29 17 
29 23 
29 26 
29 27 
29 28 
29 31 
29 35 
29 44 
29 45 
29 70 
29 75 
29 155 
29 187 
30 3 
30 4 
30 11 
30 14 
30 15 
30 27 
30 32 
30 36 
30 44 
30 60 
30 63 
30 69 
30 72 
30 73 
30 82 
30 84 
30 87 
30 98 
30 121 
31 2 
31 6 
31 7 
31 9 
31 10 
31 16 
31 17 
31 18 
31 19 
31 23 
31 26 
31 29 
31 32 
31 102 
31 110 
31 125 
31 158 
32 11 
32 17 
32 19 
32 30 
32 31 
32 40 
32 90 
32 117 
32 121 
32 133 
33 17 
33 28 
33 89 
33 158 
34 2 
34 5 
34 6 
34 7 
34 8 
34 9 
34 15 
34 16 
34 17 
34 18 
34 19 
34 22 
34 26 
34 28 
34 29 
34 31 
34 32 
34 44 
34 63 
34 70 
34 71 
34 76 
34 78 
34 99 
34 104 
34 109 
34 110 
34 113 
34 119 
34 155 
34 182 
35 2 
35 3 
35 4 
35 5 
35 6 
35 7 
35 9 
35 11 
35 14 
35 15 
35 16 
35 17 
35 18 
35 19 
35 21 
35 22 
35 25 
35 26 
35 27 
35 30 
35 32 
35 36 
35 37 
35 40 
35 44 
35 45 
35 49 
35 51 
35 53 
35 55 
35 60 
35 62 
35 63 
35 68 
35 69 
35 70 
35 76 
35 78 
35 82 
35 84 
35 87 
35 88 
35 89 
35 91 
35 97 
35 109 
36 2 
36 3 
36 4 
36 5 
36 7 
36 9 
36 11 
36 13 
36 14 
36 15 
36 17 
36 18 
36 21 
36 22 
36 23 
36 26 
36 27 
36 28 
36 30 
36 31 
36 32 
36 33 
36 34 
36 35 
36 40 
36 42 
36 44 
36 45 
36 52 
36 60 
36 63 
36 68 
36 69 
36 71 
36 73 
36 80 
36 84 
36 86 
36 91 
36 98 
36 102 
36 117 
36 121 
37 3 
37 4 
37 5 
37 14 
37 15 
37 16 
37 18 
37 22 
37 27 
37 28 
37 42 
37 44 
37 45 
37 60 
37 76 
37 80 
37 82 
37 91 
37 150 
39 2 
39 4 
39 7 
39 9 
39 10 
39 15 
39 17 
39 18 
39 22 
39 23 
39 25 
39 26 
39 27 
39 28 
39 29 
39 31 
39 32 
39 34 
39 40 
39 45 
39 67 
39 75 
39 89 
39 91 
39 92 
39 102 
39 104 
39 105 
39 155 
40 15 
40 17 
40 19 
40 22 
40 25 
40 32 
40 42 
40 45 
40 48 
40 52 
40 68 
40 69 
40 70 
40 82 
40 84 
40 86 
40 90 
40 91 
40 92 
40 100 
40 116 
40 117 
40 133 
40 134 
41 19 
42 15 
42 27 
42 30 
42 32 
42 35 
42 40 
42 83 
42 100 
43 17 
43 19 
43 40 
43 75 
43 92 
43 110 
43 125 
43 134 
43 155 
43 158 
44 2 
44 3 
44 4 
44 5 
44 6 
44 7 
44 9 
44 10 
44 11 
44 13 
44 14 
44 15 
44 16 
44 17 
44 19 
44 21 
44 22 
44 23 
44 26 
44 27 
44 28 
44 30 
44 31 
44 32 
44 33 
44 34 
44 35 
44 36 
44 37 
44 40 
44 42 
44 45 
44 49 
44 52 
44 53 
44 55 
44 60 
44 62 
44 63 
44 68 
44 69 
44 70 
44 71 
44 78 
44 80 
44 82 
44 84 
44 88 
44 91 
44 92 
44 105 
44 109 
44 110 
44 116 
44 120 
44 125 
44 133 
44 134 
44 146 
44 150 
44 155 
44 158 
45 2 
45 3 
45 4 
45 5 
45 6 
45 7 
45 8 
45 9 
45 10 
45 11 
45 13 
45 14 
45 15 
45 16 
45 17 
45 18 
45 22 
45 23 
45 26 
45 27 
45 28 
45 29 
45 30 
45 31 
45 32 
45 33 
45 34 
45 35 
45 36 
45 37 
45 40 
45 44 
45 49 
45 52 
45 55 
45 62 
45 66 
45 70 
45 71 
45 76 
45 79 
45 80 
45 82 
45 84 
45 94 
45 95 
45 96 
45 97 
45 102 
45 103 
45 105 
45 108 
45 109 
45 110 
45 112 
45 116 
45 119 
45 120 
45 128 
45 130 
45 133 
45 134 
45 136 
45 138 
45 146 
45 155 
45 158 
47 6 
47 7 
47 9 
47 28 
47 34 
47 102 
47 104 
47 139 
47 155 
49 3 
49 4 
49 5 
49 7 
49 9 
49 15 
49 22 
49 23 
49 27 
49 35 
49 36 
49 40 
49 44 
49 45 
49 55 
49 76 
49 80 
49 91 
49 95 
49 96 
49 108 
49 109 
51 3 
51 15 
51 27 
51 30 
52 15 
52 30 
52 40 
52 84 
52 86 
52 90 
52 100 
55 45 
55 66 
55 94 
55 112 
58 16 
58 54 
58 59 
58 79 
58 97 
59 157 
59 170 
59 187 
60 3 
60 15 
60 51 
60 88 
62 27 
62 30 
62 70 
62 87 
63 3 
63 4 
63 6 
63 14 
63 15 
63 22 
63 30 
63 32 
63 35 
63 40 
63 42 
63 45 
63 52 
63 69 
63 84 
63 86 
63 87 
63 88 
63 97 
63 116 
63 117 
65 16 
66 3 
66 22 
66 27 
66 76 
66 80 
66 97 
68 14 
68 15 
68 22 
68 27 
68 35 
68 40 
68 48 
68 52 
68 62 
68 84 
68 90 
69 3 
69 15 
69 27 
69 30 
69 60 
69 68 
69 84 
69 87 
70 6 
70 45 
70 100 
70 109 
71 67 
71 75 
71 92 
71 113 
71 115 
71 150 
71 168 
73 86 
73 121 
74 4 
74 14 
74 15 
74 18 
74 27 
74 36 
74 88 
76 5 
76 16 
76 45 
76 55 
76 94 
76 96 
76 97 
76 136 
78 4 
78 22 
79 97 
80 7 
80 9 
80 11 
80 15 
80 22 
80 36 
80 102 
81 16 
81 19 
81 94 
81 130 
82 14 
82 15 
82 27 
82 35 
82 53 
82 63 
82 69 
83 30 
84 3 
84 15 
84 22 
84 27 
84 30 
84 40 
84 52 
84 63 
84 68 
84 69 
86 3 
86 15 
86 27 
86 51 
86 88 
87 15 
87 27 
87 30 
87 40 
87 63 
87 69 
87 76 
88 3 
88 15 
88 22 
88 27 
88 44 
88 51 
88 60 
88 90 
89 27 
89 40 
89 78 
90 15 
90 27 
91 22 
91 89 
92 159 
93 19 
93 27 
93 28 
93 33 
94 55 
95 108 
96 6 
96 108 
97 16 
98 22 
98 30 
98 86 
98 121 
101 79 
101 97 
102 27 
102 80 
102 109 
105 2 
105 7 
105 9 
105 10 
105 17 
105 26 
105 28 
105 29 
105 31 
105 34 
105 40 
105 44 
105 70 
105 99 
105 105 
105 109 
105 110 
106 27 
106 28 
106 35 
107 5 
108 17 
108 55 
108 66 
108 96 
109 7 
109 9 
109 17 
109 44 
109 75 
109 92 
109 109 
109 113 
109 115 
109 119 
109 138 
109 150 
109 159 
109 168 
110 17 
112 128 
113 80 
114 15 
114 21 
114 22 
114 40 
114 44 
114 49 
114 79 
114 80 
114 96 
117 30 
117 73 
117 121 
121 11 
121 13 
121 14 
121 27 
121 36 
121 73 
121 117 
125 17 
125 28 
133 19 
134 28 
139 17 
140 9 
141 110 
146 28 
146 70 
146 89 
148 22 
150 104 
150 109 
152 75 
152 113 
156 166 
162 28 
167 28 
168 109 
169 27 
172 19 
172 28 
183 54 
189 26 
193 181 
