2 11 
2 18 
2 80 
3 37 
3 63 
4 14 
4 45 
5 14 
5 15 
5 22 
5 23 
5 31 
5 37 
5 40 
5 44 
5 91 
6 45 
7 2 
7 4 
7 5 
7 6 
7 14 
7 15 
7 17 
7 18 
7 22 
7 23 
7 26 
7 28 
7 30 
7 31 
7 34 
7 37 
7 39 
7 40 
7 44 
7 45 
7 52 
7 76 
7 78 
7 84 
7 91 
7 108 
7 109 
7 110 
7 155 
8 17 
8 28 
8 109 
9 2 
9 4 
9 5 
9 6 
9 8 
9 10 
9 14 
9 15 
9 17 
9 18 
9 22 
9 23 
9 26 
9 28 
9 30 
9 31 
9 34 
9 37 
9 39 
9 40 
9 44 
9 45 
9 52 
9 76 
9 78 
9 84 
9 91 
9 108 
9 110 
10 17 
10 155 
11 36 
14 6 
14 22 
14 37 
14 57 
15 3 
15 14 
15 17 
15 22 
15 35 
15 37 
15 44 
15 63 
15 82 
15 109 
15 158 
17 6 
17 31 
17 34 
17 45 
17 70 
17 109 
18 17 
22 3 
22 14 
22 17 
22 21 
22 30 
22 31 
22 37 
22 40 
22 44 
22 45 
22 49 
22 51 
22 63 
22 69 
22 82 
22 84 
22 91 
22 108 
23 17 
23 22 
23 26 
23 45 
26 17 
31 17 
31 39 
34 17 
34 18 
35 108 
37 36 
37 45 
39 17 
39 23 
39 44 
40 11 
40 17 
41 19 
43 17 
43 19 
43 125 
44 21 
44 45 
44 108 
45 6 
45 11 
45 17 
45 44 
45 51 
46 7 
46 9 
46 17 
46 19 
46 40 
47 17 
47 23 
47 28 
47 39 
47 91 
47 139 
63 3 
63 108 
69 22 
79 45 
80 36 
82 3 
82 14 
82 22 
84 22 
105 45 
107 40 
107 91 
109 159 
129 120 
133 19 
139 13 
141 7 
141 9 
146 31 
204 91 
