2 4 
2 6 
2 7 
2 8 
2 18 
2 26 
2 32 
2 34 
2 37 
2 39 
2 99 
2 105 
2 110 
2 139 
2 156 
2 158 
2 166 
2 182 
2 212 
3 14 
3 15 
3 22 
3 27 
3 30 
3 37 
3 63 
3 69 
3 84 
3 86 
3 87 
3 88 
4 3 
4 7 
4 8 
4 11 
4 13 
4 14 
4 15 
4 21 
4 22 
4 26 
4 27 
4 30 
4 32 
4 34 
4 35 
4 36 
4 37 
4 42 
4 44 
4 52 
4 54 
4 62 
4 63 
4 68 
4 69 
4 73 
4 74 
4 80 
4 82 
4 84 
4 87 
4 88 
4 98 
4 102 
4 117 
4 119 
4 121 
4 133 
4 156 
4 157 
4 158 
5 40 
5 49 
6 6 
6 31 
6 45 
6 112 
6 178 
7 2 
7 3 
7 4 
7 6 
7 11 
7 14 
7 15 
7 17 
7 18 
7 19 
7 21 
7 22 
7 25 
7 26 
7 27 
7 28 
7 29 
7 30 
7 32 
7 33 
7 34 
7 35 
7 36 
7 37 
7 39 
7 40 
7 42 
7 44 
7 45 
7 51 
7 52 
7 60 
7 62 
7 68 
7 72 
7 73 
7 76 
7 78 
7 80 
7 82 
7 83 
7 84 
7 86 
7 90 
7 100 
7 102 
7 105 
7 109 
7 110 
7 116 
7 117 
7 125 
7 128 
7 134 
7 139 
7 146 
7 155 
7 156 
7 158 
7 182 
8 18 
8 26 
8 29 
8 140 
9 2 
9 3 
9 4 
9 6 
9 8 
9 11 
9 14 
9 15 
9 17 
9 18 
9 19 
9 21 
9 22 
9 25 
9 26 
9 27 
9 28 
9 29 
9 30 
9 32 
9 33 
9 34 
9 35 
9 36 
9 37 
9 39 
9 40 
9 42 
9 44 
9 45 
9 51 
9 52 
9 60 
9 62 
9 68 
9 72 
9 73 
9 76 
9 78 
9 80 
9 82 
9 83 
9 84 
9 86 
9 90 
9 100 
9 102 
9 105 
9 109 
9 110 
9 116 
9 117 
9 125 
9 128 
9 134 
9 139 
9 140 
9 146 
9 156 
9 158 
9 182 
10 8 
10 18 
10 26 
10 34 
10 60 
10 125 
10 155 
11 4 
11 14 
11 15 
11 36 
11 80 
11 212 
12 134 
12 212 
13 14 
13 27 
13 80 
14 3 
14 4 
14 5 
14 7 
14 8 
14 11 
14 13 
14 15 
14 18 
14 19 
14 21 
14 22 
14 26 
14 27 
14 30 
14 32 
14 34 
14 35 
14 36 
14 37 
14 42 
14 44 
14 51 
14 54 
14 60 
14 63 
14 68 
14 73 
14 74 
14 78 
14 80 
14 82 
14 86 
14 87 
14 88 
14 98 
14 102 
14 104 
14 117 
14 121 
14 156 
14 157 
14 180 
14 187 
15 3 
15 4 
15 11 
15 13 
15 14 
15 21 
15 22 
15 27 
15 30 
15 32 
15 35 
15 36 
15 37 
15 44 
15 63 
15 68 
15 69 
15 73 
15 74 
15 84 
15 87 
15 88 
15 98 
15 117 
15 133 
15 212 
16 6 
16 97 
17 134 
17 155 
17 190 
17 212 
19 133 
19 158 
21 15 
21 27 
21 44 
21 73 
22 3 
22 4 
22 5 
22 6 
22 11 
22 13 
22 14 
22 15 
22 21 
22 27 
22 30 
22 32 
22 34 
22 35 
22 36 
22 37 
22 42 
22 44 
22 48 
22 51 
22 52 
22 53 
22 60 
22 62 
22 63 
22 68 
22 69 
22 70 
22 73 
22 74 
22 77 
22 78 
22 80 
22 82 
22 83 
22 84 
22 86 
22 87 
22 88 
22 90 
22 98 
22 102 
22 117 
22 121 
22 133 
22 134 
22 148 
22 158 
23 7 
23 8 
23 9 
23 10 
23 26 
23 32 
23 34 
23 39 
23 45 
25 25 
25 33 
25 89 
25 125 
25 134 
25 146 
25 158 
26 18 
26 34 
26 212 
27 3 
27 4 
27 7 
27 8 
27 11 
27 13 
27 14 
27 15 
27 18 
27 21 
27 22 
27 30 
27 32 
27 34 
27 35 
27 36 
27 37 
27 42 
27 44 
27 51 
27 52 
27 54 
27 60 
27 62 
27 63 
27 68 
27 69 
27 70 
27 73 
27 74 
27 80 
27 82 
27 83 
27 84 
27 86 
27 87 
27 88 
27 90 
27 98 
27 100 
27 102 
27 104 
27 112 
27 117 
27 119 
27 121 
27 127 
27 133 
27 148 
27 156 
29 19 
29 134 
30 13 
30 14 
30 15 
30 27 
30 32 
30 42 
30 44 
30 60 
30 63 
30 68 
30 69 
30 73 
30 83 
30 84 
30 87 
30 98 
30 117 
30 121 
30 133 
31 2 
31 3 
31 6 
31 7 
31 8 
31 10 
31 15 
31 18 
31 22 
31 23 
31 26 
31 27 
31 29 
31 32 
31 34 
31 39 
31 44 
31 45 
31 87 
31 105 
31 134 
31 158 
32 30 
32 73 
33 51 
33 71 
33 125 
33 134 
33 139 
33 158 
34 7 
34 8 
34 18 
34 26 
34 139 
35 3 
35 4 
35 5 
35 11 
35 13 
35 14 
35 15 
35 18 
35 21 
35 22 
35 25 
35 27 
35 30 
35 32 
35 33 
35 34 
35 36 
35 37 
35 42 
35 44 
35 48 
35 51 
35 52 
35 53 
35 58 
35 60 
35 62 
35 63 
35 68 
35 69 
35 70 
35 73 
35 78 
35 80 
35 82 
35 83 
35 84 
35 86 
35 87 
35 88 
35 90 
35 98 
35 102 
35 117 
35 121 
35 134 
35 146 
35 148 
35 158 
35 187 
36 11 
36 13 
36 15 
36 27 
37 3 
37 4 
37 14 
37 22 
38 32 
39 18 
39 134 
39 212 
40 4 
40 15 
40 19 
40 32 
40 33 
40 34 
40 37 
40 42 
40 44 
40 48 
40 51 
40 52 
40 77 
40 80 
40 83 
40 84 
40 86 
40 89 
40 100 
40 117 
40 125 
40 133 
40 134 
40 146 
40 158 
42 32 
42 73 
42 117 
43 19 
43 125 
43 134 
43 158 
43 212 
44 4 
44 11 
44 14 
44 15 
44 21 
44 22 
44 27 
44 34 
44 82 
44 119 
45 2 
45 5 
45 6 
45 7 
45 8 
45 10 
45 15 
45 16 
45 17 
45 18 
45 25 
45 26 
45 27 
45 29 
45 31 
45 32 
45 33 
45 34 
45 36 
45 39 
45 44 
45 55 
45 58 
45 66 
45 70 
45 76 
45 77 
45 79 
45 80 
45 94 
45 96 
45 97 
45 99 
45 102 
45 103 
45 105 
45 108 
45 112 
45 116 
45 120 
45 125 
45 127 
45 128 
45 134 
45 136 
45 139 
45 146 
45 156 
45 158 
45 178 
45 182 
46 32 
47 18 
48 77 
49 2 
49 4 
49 5 
49 6 
49 7 
49 8 
49 11 
49 13 
49 14 
49 15 
49 16 
49 18 
49 19 
49 21 
49 22 
49 25 
49 26 
49 27 
49 30 
49 32 
49 33 
49 34 
49 35 
49 36 
49 37 
49 40 
49 42 
49 44 
49 45 
49 48 
49 49 
49 51 
49 52 
49 53 
49 55 
49 58 
49 60 
49 62 
49 63 
49 68 
49 76 
49 77 
49 78 
49 79 
49 80 
49 82 
49 83 
49 84 
49 86 
49 90 
49 94 
49 95 
49 97 
49 102 
49 108 
49 116 
49 117 
49 121 
49 128 
49 133 
49 134 
49 146 
49 148 
49 158 
51 60 
51 77 
51 86 
51 88 
51 90 
52 22 
52 44 
52 68 
55 32 
55 37 
55 60 
55 66 
58 6 
58 27 
58 133 
60 51 
60 88 
62 27 
63 3 
63 4 
63 15 
63 27 
63 30 
63 32 
63 69 
63 84 
63 87 
63 158 
68 6 
68 14 
68 15 
68 22 
68 27 
68 30 
68 32 
68 42 
68 48 
68 51 
68 52 
68 62 
68 69 
68 77 
68 83 
68 84 
68 90 
68 100 
68 116 
68 117 
68 121 
68 146 
69 3 
69 13 
69 27 
69 30 
69 32 
69 42 
69 84 
69 87 
69 88 
70 62 
70 68 
71 92 
71 158 
71 159 
72 32 
73 3 
73 11 
73 15 
73 30 
73 98 
73 121 
74 4 
74 14 
76 6 
76 18 
76 136 
80 44 
82 3 
82 5 
82 6 
82 14 
82 15 
82 21 
82 27 
82 30 
82 32 
82 34 
82 35 
82 37 
82 42 
82 44 
82 53 
82 58 
82 73 
82 74 
82 78 
82 84 
82 87 
82 116 
82 117 
82 133 
83 30 
83 32 
83 117 
84 4 
84 22 
84 27 
84 52 
84 68 
86 3 
86 32 
86 51 
86 60 
86 77 
86 84 
86 87 
87 3 
87 63 
87 69 
87 73 
87 84 
88 3 
88 22 
88 27 
88 32 
88 35 
88 44 
88 51 
88 60 
88 84 
88 87 
89 25 
89 32 
89 33 
89 125 
89 134 
89 146 
89 158 
90 32 
90 77 
91 22 
91 134 
91 158 
93 14 
93 32 
93 33 
93 77 
93 127 
96 4 
96 5 
96 6 
96 7 
96 8 
96 11 
96 14 
96 16 
96 17 
96 18 
96 19 
96 21 
96 22 
96 25 
96 26 
96 27 
96 29 
96 32 
96 33 
96 34 
96 35 
96 36 
96 37 
96 40 
96 42 
96 44 
96 45 
96 49 
96 51 
96 55 
96 58 
96 60 
96 66 
96 68 
96 73 
96 76 
96 77 
96 78 
96 79 
96 80 
96 82 
96 83 
96 84 
96 86 
96 90 
96 94 
96 95 
96 97 
96 103 
96 108 
96 112 
96 116 
96 117 
96 128 
96 134 
96 146 
96 158 
96 182 
98 73 
98 82 
98 121 
100 116 
100 133 
101 6 
103 80 
105 4 
105 6 
105 7 
105 8 
105 10 
105 14 
105 18 
105 21 
105 26 
105 27 
105 34 
105 36 
105 37 
105 44 
105 45 
105 99 
105 103 
105 105 
105 112 
105 156 
105 165 
105 166 
105 182 
108 6 
108 32 
109 4 
109 6 
109 7 
109 8 
109 11 
109 14 
109 15 
109 17 
109 18 
109 19 
109 21 
109 22 
109 25 
109 26 
109 27 
109 28 
109 32 
109 33 
109 34 
109 35 
109 36 
109 37 
109 40 
109 42 
109 44 
109 45 
109 51 
109 52 
109 53 
109 54 
109 60 
109 62 
109 67 
109 68 
109 71 
109 75 
109 77 
109 78 
109 80 
109 82 
109 83 
109 86 
109 90 
109 92 
109 98 
109 102 
109 104 
109 109 
109 113 
109 115 
109 116 
109 117 
109 119 
109 121 
109 125 
109 133 
109 134 
109 138 
109 139 
109 146 
109 148 
109 150 
109 157 
109 158 
109 168 
109 170 
109 173 
109 180 
109 187 
109 212 
110 212 
113 71 
114 5 
114 22 
114 27 
114 35 
114 42 
114 51 
114 60 
114 86 
115 60 
116 18 
117 32 
119 173 
120 127 
121 73 
121 98 
122 80 
125 158 
132 6 
132 18 
133 32 
146 125 
146 134 
146 158 
148 3 
148 15 
148 44 
158 125 
168 19 
178 112 
