2 2 
2 7 
2 9 
2 10 
2 17 
2 18 
2 23 
2 26 
2 28 
2 29 
2 31 
2 34 
2 39 
2 45 
2 99 
2 105 
2 108 
2 158 
2 166 
3 2 
3 4 
3 14 
3 15 
3 18 
3 22 
3 27 
3 28 
3 30 
3 37 
3 40 
3 52 
3 63 
3 69 
3 71 
3 84 
3 86 
3 87 
3 88 
4 3 
4 14 
4 15 
4 17 
4 22 
4 25 
4 26 
4 27 
4 29 
4 30 
4 34 
4 35 
4 36 
4 37 
4 44 
4 45 
4 52 
4 68 
4 74 
4 78 
4 80 
4 84 
4 91 
4 98 
4 109 
4 119 
4 181 
4 187 
5 7 
5 9 
5 15 
5 39 
5 48 
5 53 
5 58 
5 96 
5 109 
5 213 
6 5 
6 17 
6 18 
6 23 
6 25 
6 26 
6 29 
6 31 
6 34 
6 40 
6 45 
6 55 
6 66 
6 76 
6 105 
6 109 
6 110 
6 116 
7 2 
7 5 
7 6 
7 17 
7 18 
7 19 
7 25 
7 26 
7 27 
7 28 
7 29 
7 31 
7 34 
7 39 
7 45 
7 48 
7 51 
7 58 
7 67 
7 72 
7 75 
7 79 
7 80 
7 83 
7 92 
7 94 
7 96 
7 100 
7 105 
7 109 
7 158 
7 168 
8 140 
9 2 
9 5 
9 6 
9 8 
9 17 
9 19 
9 25 
9 26 
9 27 
9 28 
9 29 
9 31 
9 34 
9 39 
9 45 
9 48 
9 51 
9 58 
9 67 
9 72 
9 75 
9 80 
9 83 
9 92 
9 94 
9 100 
9 105 
9 109 
9 158 
9 168 
10 8 
10 17 
10 18 
10 26 
10 79 
10 96 
10 109 
11 3 
11 4 
11 6 
11 7 
11 9 
11 13 
11 14 
11 15 
11 17 
11 21 
11 22 
11 23 
11 28 
11 29 
11 30 
11 35 
11 36 
11 40 
11 44 
11 48 
11 49 
11 52 
11 63 
11 68 
11 73 
11 80 
11 84 
11 87 
11 89 
11 119 
11 148 
11 155 
12 6 
13 6 
13 22 
13 32 
13 37 
13 63 
14 2 
14 3 
14 4 
14 5 
14 7 
14 9 
14 11 
14 15 
14 17 
14 18 
14 21 
14 22 
14 23 
14 25 
14 27 
14 29 
14 30 
14 31 
14 32 
14 34 
14 35 
14 37 
14 39 
14 40 
14 44 
14 45 
14 48 
14 52 
14 54 
14 59 
14 63 
14 67 
14 68 
14 69 
14 71 
14 74 
14 78 
14 80 
14 82 
14 91 
14 98 
14 104 
14 105 
14 108 
14 109 
14 117 
14 146 
14 150 
14 156 
14 180 
14 182 
14 187 
15 2 
15 3 
15 4 
15 5 
15 6 
15 7 
15 8 
15 9 
15 10 
15 11 
15 13 
15 14 
15 16 
15 17 
15 18 
15 19 
15 21 
15 22 
15 23 
15 25 
15 26 
15 27 
15 28 
15 29 
15 30 
15 31 
15 32 
15 33 
15 34 
15 35 
15 36 
15 37 
15 39 
15 40 
15 42 
15 44 
15 45 
15 48 
15 49 
15 51 
15 52 
15 55 
15 58 
15 60 
15 62 
15 63 
15 66 
15 67 
15 68 
15 69 
15 70 
15 71 
15 73 
15 74 
15 76 
15 77 
15 78 
15 79 
15 80 
15 82 
15 83 
15 84 
15 86 
15 87 
15 88 
15 89 
15 90 
15 91 
15 92 
15 94 
15 95 
15 96 
15 97 
15 98 
15 103 
15 105 
15 108 
15 109 
15 110 
15 116 
15 117 
15 119 
15 121 
15 125 
15 139 
15 140 
15 146 
15 148 
15 180 
15 187 
16 58 
16 97 
17 2 
17 6 
17 7 
17 8 
17 15 
17 18 
17 23 
17 26 
17 28 
17 31 
17 32 
17 34 
17 39 
17 45 
17 55 
17 67 
17 71 
17 75 
17 76 
17 84 
17 92 
17 96 
17 100 
17 103 
17 109 
17 110 
17 113 
17 119 
17 125 
17 134 
17 150 
17 155 
17 158 
17 181 
17 190 
18 29 
21 4 
21 6 
21 14 
21 15 
21 22 
21 26 
21 27 
21 35 
21 44 
21 63 
21 70 
22 2 
22 3 
22 4 
22 5 
22 6 
22 7 
22 9 
22 14 
22 15 
22 18 
22 25 
22 28 
22 29 
22 30 
22 31 
22 32 
22 35 
22 36 
22 37 
22 40 
22 44 
22 48 
22 52 
22 62 
22 63 
22 66 
22 68 
22 78 
22 82 
22 88 
22 91 
22 98 
22 104 
22 109 
22 148 
23 4 
23 6 
23 7 
23 8 
23 9 
23 10 
23 15 
23 17 
23 18 
23 26 
23 31 
23 34 
23 37 
23 39 
23 40 
23 60 
23 76 
23 84 
25 119 
25 158 
26 17 
26 18 
26 34 
26 39 
26 139 
27 2 
27 3 
27 4 
27 5 
27 6 
27 7 
27 9 
27 10 
27 11 
27 13 
27 14 
27 15 
27 16 
27 17 
27 18 
27 19 
27 21 
27 22 
27 23 
27 25 
27 26 
27 28 
27 29 
27 30 
27 31 
27 32 
27 33 
27 34 
27 35 
27 36 
27 37 
27 39 
27 40 
27 42 
27 44 
27 45 
27 49 
27 51 
27 52 
27 55 
27 58 
27 59 
27 60 
27 62 
27 63 
27 66 
27 67 
27 68 
27 69 
27 70 
27 71 
27 73 
27 76 
27 78 
27 79 
27 80 
27 82 
27 83 
27 84 
27 86 
27 87 
27 88 
27 89 
27 90 
27 91 
27 94 
27 95 
27 96 
27 97 
27 98 
27 103 
27 108 
27 109 
27 110 
27 117 
27 119 
27 127 
27 130 
27 146 
27 148 
27 187 
28 26 
28 92 
29 39 
30 14 
30 15 
30 21 
30 22 
30 35 
30 44 
30 63 
30 69 
30 73 
30 84 
30 121 
31 6 
31 16 
31 17 
31 34 
31 109 
31 158 
32 22 
32 42 
32 117 
33 134 
34 17 
34 18 
34 110 
34 139 
35 4 
35 7 
35 10 
35 14 
35 15 
35 16 
35 18 
35 22 
35 58 
35 78 
35 82 
35 84 
35 91 
35 148 
35 158 
36 7 
36 9 
36 11 
36 13 
36 17 
36 27 
36 73 
36 80 
36 97 
36 121 
37 4 
37 14 
37 15 
37 17 
37 18 
37 22 
37 27 
37 35 
37 39 
37 40 
37 44 
37 49 
37 70 
37 76 
37 80 
37 84 
37 88 
37 100 
37 109 
39 7 
39 9 
39 17 
39 27 
39 34 
39 109 
39 130 
39 212 
40 19 
40 100 
42 32 
42 45 
42 83 
42 100 
42 117 
43 19 
43 75 
43 92 
43 113 
43 125 
43 150 
43 158 
43 159 
43 212 
44 2 
44 4 
44 6 
44 7 
44 9 
44 14 
44 15 
44 17 
44 21 
44 22 
44 26 
44 27 
44 28 
44 29 
44 30 
44 35 
44 36 
44 37 
44 39 
44 40 
44 60 
44 62 
44 63 
44 67 
44 68 
44 69 
44 71 
44 80 
44 84 
44 96 
44 105 
44 113 
44 116 
44 125 
44 134 
44 146 
44 148 
44 158 
45 2 
45 3 
45 4 
45 5 
45 6 
45 7 
45 9 
45 10 
45 11 
45 14 
45 15 
45 16 
45 17 
45 18 
45 21 
45 22 
45 23 
45 26 
45 28 
45 29 
45 30 
45 31 
45 32 
45 33 
45 34 
45 35 
45 37 
45 39 
45 40 
45 44 
45 49 
45 51 
45 55 
45 58 
45 60 
45 63 
45 66 
45 70 
45 76 
45 78 
45 79 
45 80 
45 86 
45 89 
45 91 
45 94 
45 95 
45 96 
45 97 
45 99 
45 103 
45 105 
45 108 
45 109 
45 110 
45 112 
45 119 
45 120 
45 127 
45 128 
45 134 
45 136 
45 146 
45 158 
45 165 
45 187 
47 139 
49 5 
49 23 
49 28 
49 40 
49 45 
49 95 
49 96 
49 97 
52 84 
52 90 
55 66 
55 94 
55 127 
55 158 
58 16 
63 3 
63 4 
63 22 
63 30 
63 35 
63 37 
63 44 
63 69 
63 84 
63 87 
68 48 
68 51 
68 52 
68 84 
68 90 
69 3 
69 14 
69 63 
69 84 
69 87 
69 88 
70 7 
70 9 
70 10 
70 14 
70 15 
70 17 
70 21 
70 23 
70 27 
70 30 
70 31 
70 39 
70 44 
70 45 
70 82 
71 92 
71 113 
73 4 
73 17 
73 22 
73 30 
73 32 
73 42 
73 44 
73 52 
73 63 
73 90 
73 98 
73 109 
73 117 
73 121 
74 4 
74 19 
76 6 
76 16 
76 49 
76 79 
76 136 
78 213 
81 94 
82 35 
82 44 
82 91 
84 52 
86 51 
86 84 
87 30 
87 63 
88 3 
88 30 
88 60 
89 158 
93 16 
93 27 
93 28 
93 33 
93 59 
93 96 
93 148 
94 127 
102 148 
105 2 
105 5 
105 6 
105 7 
105 8 
105 9 
105 10 
105 14 
105 15 
105 17 
105 18 
105 19 
105 23 
105 26 
105 28 
105 29 
105 30 
105 31 
105 34 
105 39 
105 44 
105 45 
105 55 
105 69 
105 70 
105 76 
105 89 
105 96 
105 99 
105 105 
105 108 
105 109 
105 119 
105 146 
105 165 
107 6 
108 95 
109 17 
109 29 
109 44 
109 71 
109 75 
109 92 
109 96 
109 104 
109 113 
109 115 
109 119 
109 138 
109 150 
109 168 
110 22 
113 75 
117 45 
121 32 
121 73 
121 98 
146 4 
169 6 
172 158 
