1 28 
1 40 
2 7 
2 8 
2 9 
2 10 
2 17 
2 18 
2 22 
2 23 
2 26 
2 29 
2 31 
2 39 
2 40 
2 45 
2 51 
3 14 
3 15 
3 22 
3 27 
3 30 
3 31 
3 37 
3 91 
4 3 
4 14 
4 15 
4 22 
4 27 
4 30 
4 34 
4 35 
4 36 
4 37 
4 39 
4 44 
4 63 
4 74 
4 78 
4 82 
4 91 
5 4 
5 5 
5 7 
5 9 
5 10 
5 11 
5 14 
5 15 
5 17 
5 18 
5 22 
5 23 
5 26 
5 28 
5 29 
5 31 
5 39 
5 40 
5 45 
5 49 
5 66 
5 78 
5 82 
5 91 
5 95 
5 96 
6 26 
7 1 
7 4 
7 6 
7 11 
7 13 
7 14 
7 15 
7 18 
7 21 
7 22 
7 26 
7 27 
7 28 
7 29 
7 31 
7 34 
7 36 
7 39 
7 44 
7 48 
7 59 
7 67 
7 71 
7 75 
7 78 
7 88 
7 91 
7 103 
7 109 
7 115 
7 121 
7 138 
7 139 
7 146 
7 148 
7 158 
7 168 
7 170 
7 187 
8 10 
8 18 
8 21 
8 26 
8 36 
8 138 
9 1 
9 4 
9 6 
9 8 
9 10 
9 11 
9 13 
9 14 
9 15 
9 18 
9 21 
9 22 
9 26 
9 27 
9 28 
9 29 
9 31 
9 34 
9 36 
9 39 
9 44 
9 48 
9 59 
9 67 
9 71 
9 75 
9 78 
9 88 
9 91 
9 103 
9 109 
9 115 
9 121 
9 138 
9 139 
9 146 
9 148 
9 158 
9 168 
9 170 
9 187 
10 18 
10 26 
10 29 
10 39 
10 44 
10 139 
11 14 
11 27 
11 36 
11 44 
12 4 
12 5 
12 7 
12 9 
12 10 
12 15 
12 17 
12 18 
12 22 
12 23 
12 26 
12 28 
12 31 
12 32 
12 35 
12 37 
12 39 
12 40 
12 44 
12 45 
12 51 
12 60 
12 78 
12 82 
12 86 
12 88 
12 90 
14 3 
14 4 
14 15 
14 17 
14 18 
14 21 
14 22 
14 26 
14 27 
14 30 
14 34 
14 35 
14 36 
14 37 
14 39 
14 40 
14 44 
14 51 
14 52 
14 59 
14 63 
14 74 
14 78 
14 80 
14 82 
14 84 
14 88 
14 90 
14 91 
14 125 
14 156 
14 157 
14 158 
14 168 
14 182 
14 187 
15 3 
15 4 
15 14 
15 18 
15 21 
15 22 
15 27 
15 30 
15 34 
15 35 
15 37 
15 39 
15 40 
15 44 
15 60 
15 63 
15 69 
15 74 
15 82 
15 84 
15 86 
15 87 
15 88 
15 90 
15 91 
15 121 
15 168 
17 1 
17 4 
17 6 
17 7 
17 8 
17 9 
17 10 
17 14 
17 15 
17 16 
17 18 
17 21 
17 22 
17 23 
17 26 
17 27 
17 28 
17 31 
17 34 
17 35 
17 37 
17 39 
17 40 
17 44 
17 45 
17 51 
17 60 
17 68 
17 71 
17 78 
17 82 
17 96 
17 97 
17 109 
17 110 
17 120 
17 134 
17 150 
17 155 
17 190 
18 7 
18 8 
18 9 
18 10 
18 15 
18 17 
18 19 
18 22 
18 26 
18 29 
18 30 
18 34 
18 78 
18 110 
18 121 
18 168 
19 1 
19 7 
19 9 
19 18 
19 28 
19 37 
21 44 
22 3 
22 4 
22 6 
22 7 
22 9 
22 13 
22 14 
22 27 
22 34 
22 35 
22 37 
22 39 
22 44 
22 48 
22 51 
22 52 
22 60 
22 62 
22 63 
22 68 
22 69 
22 70 
22 78 
22 82 
22 83 
22 84 
22 87 
22 91 
22 168 
23 6 
23 7 
23 9 
23 10 
23 15 
23 18 
23 22 
23 26 
23 39 
23 44 
23 158 
23 168 
24 3 
24 4 
24 7 
24 9 
24 14 
24 15 
24 18 
24 22 
24 28 
24 30 
24 31 
24 32 
24 40 
24 42 
24 63 
24 69 
24 72 
24 88 
24 117 
24 121 
26 7 
26 8 
26 10 
26 17 
26 18 
26 29 
26 34 
27 4 
27 7 
27 8 
27 11 
27 13 
27 14 
27 15 
27 18 
27 22 
27 30 
27 31 
27 34 
27 35 
27 37 
27 68 
27 82 
27 125 
28 1 
28 4 
28 6 
28 7 
28 8 
28 9 
28 10 
28 15 
28 18 
28 21 
28 22 
28 26 
28 27 
28 29 
28 30 
28 31 
28 34 
28 35 
28 39 
28 40 
28 44 
28 68 
28 82 
28 88 
28 91 
28 96 
28 110 
28 125 
28 134 
28 139 
28 148 
28 158 
28 168 
29 39 
30 44 
30 73 
30 87 
31 7 
31 8 
31 9 
31 10 
31 18 
31 19 
31 39 
31 44 
31 80 
32 22 
32 51 
32 117 
33 17 
33 40 
33 134 
33 158 
34 7 
34 8 
34 17 
34 18 
34 19 
34 26 
34 28 
34 29 
34 168 
35 3 
35 4 
35 7 
35 9 
35 10 
35 14 
35 15 
35 17 
35 18 
35 22 
35 26 
35 28 
35 39 
35 40 
35 44 
35 60 
35 62 
35 63 
35 78 
35 82 
35 91 
35 108 
35 119 
36 3 
36 13 
36 14 
36 22 
36 68 
36 80 
37 3 
37 7 
37 9 
37 13 
37 14 
37 15 
37 18 
37 19 
37 25 
37 26 
37 28 
37 29 
37 30 
37 39 
37 40 
37 63 
38 3 
38 4 
38 7 
38 9 
38 10 
38 14 
38 15 
38 19 
38 22 
38 28 
38 30 
38 32 
38 40 
38 42 
38 63 
38 69 
38 88 
38 90 
38 91 
38 117 
38 121 
39 17 
39 18 
39 29 
39 44 
39 139 
39 158 
39 168 
39 190 
40 3 
40 4 
40 6 
40 7 
40 9 
40 10 
40 11 
40 14 
40 15 
40 22 
40 23 
40 25 
40 30 
40 31 
40 32 
40 35 
40 36 
40 37 
40 39 
40 42 
40 44 
40 48 
40 52 
40 63 
40 68 
40 69 
40 70 
40 72 
40 78 
40 80 
40 82 
40 84 
40 86 
40 88 
40 90 
40 97 
40 116 
40 121 
40 133 
40 146 
40 158 
41 4 
41 5 
41 7 
41 9 
41 14 
41 15 
41 17 
41 18 
41 19 
41 22 
41 28 
41 31 
41 32 
41 39 
41 40 
41 42 
41 51 
41 63 
41 69 
41 88 
41 116 
41 117 
41 150 
42 7 
42 9 
42 15 
42 22 
42 52 
42 63 
43 17 
43 18 
43 19 
43 26 
43 39 
43 44 
43 71 
43 113 
43 115 
43 125 
43 168 
43 213 
44 4 
44 14 
44 15 
44 18 
44 21 
44 22 
44 26 
44 29 
44 35 
44 45 
44 63 
44 68 
44 75 
44 82 
44 119 
44 158 
44 168 
45 3 
45 4 
45 5 
45 6 
45 7 
45 8 
45 9 
45 10 
45 11 
45 13 
45 14 
45 15 
45 16 
45 17 
45 18 
45 22 
45 23 
45 26 
45 28 
45 29 
45 31 
45 34 
45 37 
45 39 
45 40 
45 44 
45 49 
45 51 
45 55 
45 66 
45 70 
45 76 
45 78 
45 82 
45 91 
45 94 
45 95 
45 96 
45 97 
45 108 
45 109 
45 120 
45 125 
45 139 
45 158 
46 3 
46 4 
46 6 
46 7 
46 9 
46 10 
46 14 
46 15 
46 17 
46 18 
46 19 
46 22 
46 26 
46 28 
46 30 
46 31 
46 32 
46 33 
46 39 
46 40 
46 42 
46 51 
46 63 
46 69 
46 72 
46 73 
46 78 
46 82 
46 86 
46 88 
46 91 
46 117 
46 121 
47 7 
47 8 
47 10 
47 18 
47 26 
47 31 
47 39 
47 139 
49 4 
49 5 
49 7 
49 9 
49 10 
49 18 
49 26 
49 31 
49 35 
49 39 
49 40 
49 82 
49 96 
51 22 
52 40 
54 4 
54 7 
54 9 
54 10 
54 14 
54 15 
54 17 
54 18 
54 22 
54 23 
54 26 
54 28 
54 39 
54 40 
54 52 
54 69 
54 78 
54 82 
54 134 
54 150 
55 168 
58 19 
58 40 
58 45 
59 4 
59 7 
59 8 
59 9 
59 10 
59 14 
59 15 
59 18 
59 22 
59 26 
59 28 
59 29 
59 35 
59 39 
59 78 
59 82 
59 91 
59 119 
59 150 
62 68 
62 87 
63 15 
63 27 
63 30 
63 87 
63 88 
67 7 
67 9 
67 15 
67 18 
67 22 
67 28 
67 39 
67 40 
67 82 
67 91 
68 3 
68 4 
68 7 
68 9 
68 10 
68 14 
68 15 
68 18 
68 22 
68 23 
68 26 
68 28 
68 30 
68 31 
68 35 
68 39 
68 40 
68 51 
68 52 
68 60 
68 63 
68 78 
68 84 
68 86 
68 90 
68 91 
69 22 
69 40 
69 68 
69 84 
69 88 
70 3 
70 4 
70 5 
70 7 
70 9 
70 15 
70 17 
70 22 
70 23 
70 31 
70 37 
70 39 
70 40 
70 49 
70 51 
70 82 
70 150 
71 7 
71 8 
71 18 
71 26 
71 27 
71 159 
72 7 
72 9 
72 15 
72 18 
72 22 
72 32 
72 40 
72 69 
72 73 
72 82 
72 117 
72 121 
73 30 
73 121 
74 87 
75 7 
75 9 
75 10 
75 18 
75 109 
75 150 
75 168 
76 7 
76 8 
76 9 
76 10 
76 18 
76 23 
76 26 
76 31 
76 39 
78 82 
78 91 
82 15 
82 22 
82 35 
82 37 
82 44 
82 80 
82 168 
84 22 
84 27 
86 90 
87 63 
88 22 
89 3 
89 4 
89 7 
89 9 
89 14 
89 15 
89 18 
89 22 
89 28 
89 39 
89 40 
89 51 
89 78 
89 82 
89 86 
89 91 
90 52 
91 4 
91 14 
92 4 
92 7 
92 8 
92 9 
92 15 
92 17 
92 18 
92 22 
92 28 
92 39 
92 40 
92 71 
92 82 
92 97 
93 7 
93 9 
93 17 
93 18 
93 27 
93 33 
93 34 
93 39 
93 40 
93 91 
96 18 
96 82 
97 16 
103 37 
104 7 
104 8 
104 150 
105 4 
105 44 
107 5 
107 7 
107 9 
107 15 
107 18 
107 28 
107 39 
107 49 
107 94 
107 95 
107 96 
107 97 
108 7 
108 9 
108 23 
108 45 
108 95 
108 96 
109 7 
109 9 
109 10 
109 11 
109 17 
109 18 
109 28 
109 29 
109 31 
109 39 
109 82 
109 138 
109 150 
109 168 
110 4 
110 17 
111 7 
111 9 
111 15 
111 17 
111 18 
111 22 
111 23 
111 28 
111 39 
111 82 
111 90 
113 4 
113 7 
113 8 
113 9 
113 10 
113 15 
113 17 
113 18 
113 22 
113 23 
113 26 
113 28 
113 39 
113 40 
113 71 
113 78 
113 82 
113 92 
113 150 
113 168 
114 29 
115 7 
115 9 
115 10 
115 18 
115 22 
115 26 
115 39 
115 109 
115 113 
115 150 
116 39 
118 4 
118 15 
118 18 
118 39 
118 78 
118 82 
118 91 
119 7 
119 8 
119 9 
119 18 
119 39 
119 82 
121 15 
121 22 
121 63 
121 73 
121 98 
122 4 
122 7 
122 9 
122 10 
122 14 
122 15 
122 17 
122 18 
122 22 
122 26 
122 28 
122 39 
122 40 
122 51 
122 63 
122 78 
122 82 
122 150 
124 7 
124 9 
124 17 
124 18 
124 26 
124 28 
124 39 
124 40 
124 63 
124 78 
124 180 
128 22 
131 18 
133 18 
133 32 
133 40 
135 15 
135 17 
135 168 
136 18 
138 39 
139 7 
139 9 
139 23 
142 57 
143 28 
147 39 
150 168 
152 7 
152 8 
152 9 
152 10 
152 18 
152 26 
152 39 
152 75 
152 82 
152 109 
152 150 
153 39 
159 92 
163 18 
163 168 
165 18 
167 7 
167 9 
167 40 
167 82 
168 4 
168 7 
168 9 
168 10 
168 15 
168 18 
168 22 
168 23 
168 26 
168 29 
168 39 
168 51 
168 55 
168 82 
168 109 
168 150 
170 4 
170 7 
170 8 
170 9 
170 10 
170 14 
170 15 
170 17 
170 18 
170 22 
170 23 
170 26 
170 27 
170 28 
170 29 
170 35 
170 39 
170 40 
170 59 
170 78 
170 82 
170 88 
170 91 
173 7 
173 8 
173 9 
173 10 
173 14 
173 18 
173 39 
173 40 
173 78 
173 82 
180 7 
180 9 
180 10 
180 14 
180 15 
180 17 
180 18 
180 22 
180 26 
180 28 
180 35 
180 39 
180 40 
180 78 
180 82 
180 91 
180 150 
181 7 
181 10 
181 18 
183 7 
183 9 
187 4 
187 7 
187 9 
187 10 
187 14 
187 15 
187 17 
187 18 
187 22 
187 28 
187 39 
187 55 
187 78 
187 82 
187 91 
187 97 
192 168 
196 7 
196 9 
196 10 
196 14 
196 15 
196 17 
196 18 
196 35 
196 40 
196 54 
196 82 
196 90 
203 37 
