3 15 
4 14 
4 15 
4 27 
4 74 
6 45 
7 26 
7 180 
9 26 
9 180 
11 36 
14 4 
14 35 
14 74 
15 4 
15 11 
15 27 
15 30 
15 36 
17 155 
17 190 
18 2 
18 7 
18 9 
18 14 
18 15 
18 17 
18 21 
18 22 
18 23 
18 26 
18 27 
18 28 
18 29 
18 30 
18 31 
18 33 
18 34 
18 35 
18 39 
18 44 
18 82 
18 105 
18 109 
22 14 
22 48 
22 84 
22 95 
26 2 
26 4 
26 7 
26 8 
26 9 
26 10 
26 11 
26 14 
26 15 
26 17 
26 19 
26 21 
26 23 
26 27 
26 28 
26 31 
26 33 
26 34 
26 35 
26 39 
26 44 
26 82 
26 104 
26 105 
26 125 
26 150 
27 3 
27 4 
27 11 
27 14 
27 15 
27 21 
27 22 
27 30 
27 35 
27 36 
27 44 
27 52 
27 63 
27 74 
27 82 
28 158 
29 105 
30 44 
33 28 
33 134 
34 193 
35 14 
35 22 
35 44 
35 69 
35 82 
36 11 
36 13 
37 22 
39 7 
39 10 
39 45 
43 18 
43 158 
44 14 
44 15 
44 21 
45 27 
45 34 
45 55 
45 76 
45 158 
47 7 
47 10 
49 14 
52 84 
55 66 
58 79 
59 35 
59 78 
59 82 
59 193 
63 84 
69 84 
82 35 
82 53 
87 52 
91 22 
93 22 
96 158 
101 45 
101 76 
101 79 
106 2 
106 105 
108 44 
109 115 
119 11 
119 30 
119 35 
119 45 
119 82 
124 15 
124 17 
124 44 
124 78 
124 82 
139 26 
150 11 
162 2 
