2 4 
2 5 
2 6 
2 7 
2 8 
2 17 
2 18 
2 21 
2 23 
2 31 
2 34 
2 39 
2 44 
2 99 
2 105 
2 109 
2 166 
3 69 
3 87 
3 88 
4 3 
4 5 
4 6 
4 7 
4 9 
4 10 
4 11 
4 13 
4 14 
4 15 
4 17 
4 18 
4 19 
4 22 
4 23 
4 27 
4 28 
4 30 
4 31 
4 32 
4 35 
4 36 
4 37 
4 39 
4 40 
4 44 
4 45 
4 48 
4 51 
4 52 
4 54 
4 58 
4 59 
4 60 
4 63 
4 68 
4 69 
4 70 
4 73 
4 76 
4 78 
4 80 
4 82 
4 84 
4 86 
4 87 
4 88 
4 91 
4 94 
4 96 
4 108 
4 109 
4 117 
4 181 
4 187 
5 2 
5 6 
5 16 
5 28 
5 34 
5 44 
5 45 
5 49 
5 55 
5 58 
5 59 
5 66 
5 76 
5 94 
5 95 
5 96 
5 97 
5 108 
5 109 
6 44 
6 45 
7 2 
7 4 
7 5 
7 6 
7 15 
7 16 
7 17 
7 18 
7 19 
7 22 
7 23 
7 26 
7 28 
7 30 
7 31 
7 32 
7 34 
7 39 
7 40 
7 42 
7 44 
7 45 
7 51 
7 54 
7 58 
7 59 
7 60 
7 66 
7 71 
7 76 
7 80 
7 83 
7 84 
7 86 
7 90 
7 92 
7 95 
7 96 
7 97 
7 104 
7 105 
7 108 
7 109 
7 113 
7 116 
7 117 
7 138 
7 187 
8 19 
9 2 
9 4 
9 5 
9 6 
9 8 
9 10 
9 15 
9 16 
9 17 
9 19 
9 22 
9 23 
9 26 
9 28 
9 30 
9 31 
9 32 
9 34 
9 39 
9 40 
9 42 
9 44 
9 45 
9 51 
9 54 
9 58 
9 59 
9 60 
9 66 
9 71 
9 76 
9 80 
9 84 
9 86 
9 92 
9 95 
9 96 
9 97 
9 104 
9 105 
9 108 
9 109 
9 113 
9 116 
9 117 
9 138 
9 187 
10 2 
10 8 
10 15 
10 18 
10 22 
10 23 
10 40 
10 45 
10 83 
10 86 
10 90 
10 95 
10 109 
10 187 
11 36 
11 102 
14 3 
14 4 
14 7 
14 10 
14 11 
14 13 
14 15 
14 21 
14 22 
14 27 
14 29 
14 30 
14 35 
14 36 
14 37 
14 39 
14 40 
14 44 
14 52 
14 59 
14 63 
14 68 
14 69 
14 70 
14 78 
14 82 
14 84 
14 87 
14 91 
14 146 
14 150 
15 2 
15 3 
15 4 
15 5 
15 6 
15 7 
15 9 
15 10 
15 11 
15 13 
15 14 
15 16 
15 18 
15 19 
15 22 
15 23 
15 27 
15 28 
15 30 
15 31 
15 32 
15 35 
15 36 
15 37 
15 39 
15 40 
15 42 
15 44 
15 45 
15 52 
15 63 
15 66 
15 69 
15 70 
15 73 
15 74 
15 76 
15 80 
15 82 
15 84 
15 86 
15 87 
15 88 
15 94 
15 95 
15 96 
15 97 
15 98 
15 102 
15 108 
15 109 
15 119 
15 187 
16 97 
17 4 
17 7 
17 10 
17 14 
17 25 
17 28 
17 29 
17 35 
17 39 
17 40 
17 42 
17 44 
17 58 
17 67 
17 70 
17 71 
17 91 
17 96 
17 105 
17 109 
17 110 
17 119 
17 150 
17 193 
18 67 
19 109 
21 11 
21 44 
21 78 
22 4 
22 7 
22 9 
22 11 
22 14 
22 15 
22 23 
22 29 
22 30 
22 34 
22 35 
22 37 
22 39 
22 40 
22 44 
22 45 
22 68 
22 69 
22 91 
22 105 
22 109 
23 2 
23 4 
23 5 
23 6 
23 7 
23 8 
23 9 
23 10 
23 15 
23 17 
23 18 
23 22 
23 26 
23 27 
23 29 
23 31 
23 32 
23 34 
23 35 
23 39 
23 40 
23 44 
23 45 
23 52 
23 55 
23 60 
23 76 
23 96 
23 108 
23 109 
26 29 
27 4 
27 5 
27 11 
27 14 
27 15 
27 17 
27 19 
27 30 
27 31 
27 32 
27 35 
27 39 
27 44 
27 70 
27 76 
27 83 
27 88 
27 95 
27 97 
27 102 
27 105 
27 113 
27 127 
27 130 
29 39 
30 14 
30 15 
30 22 
30 63 
30 73 
30 100 
30 121 
31 4 
31 7 
31 9 
31 17 
31 96 
32 72 
32 117 
33 44 
34 2 
34 4 
34 5 
34 6 
34 7 
34 8 
34 9 
34 10 
34 15 
34 17 
34 18 
34 22 
34 25 
34 26 
34 27 
34 28 
34 29 
34 31 
34 35 
34 39 
34 40 
34 44 
34 45 
34 51 
34 60 
34 70 
34 76 
34 86 
34 104 
34 105 
34 109 
34 110 
34 146 
35 4 
35 14 
35 15 
35 22 
35 39 
35 44 
35 63 
35 82 
35 146 
36 11 
36 13 
36 30 
36 35 
36 80 
37 14 
37 15 
37 19 
37 27 
37 29 
37 66 
37 109 
39 2 
39 29 
39 67 
40 11 
40 133 
43 19 
43 44 
43 158 
43 193 
44 2 
44 3 
44 4 
44 5 
44 6 
44 7 
44 8 
44 9 
44 10 
44 11 
44 13 
44 14 
44 15 
44 16 
44 17 
44 18 
44 19 
44 21 
44 22 
44 23 
44 25 
44 26 
44 27 
44 28 
44 29 
44 30 
44 32 
44 34 
44 35 
44 36 
44 37 
44 39 
44 40 
44 45 
44 49 
44 51 
44 55 
44 59 
44 60 
44 62 
44 63 
44 66 
44 68 
44 69 
44 70 
44 71 
44 76 
44 78 
44 80 
44 82 
44 84 
44 86 
44 88 
44 91 
44 94 
44 95 
44 96 
44 102 
44 105 
44 108 
44 109 
44 119 
44 121 
44 136 
44 146 
44 168 
45 2 
45 4 
45 5 
45 6 
45 7 
45 8 
45 10 
45 14 
45 15 
45 17 
45 18 
45 21 
45 22 
45 23 
45 26 
45 27 
45 28 
45 29 
45 31 
45 33 
45 34 
45 35 
45 36 
45 37 
45 39 
45 40 
45 44 
45 55 
45 58 
45 76 
45 80 
45 94 
45 96 
45 97 
45 103 
45 105 
45 108 
45 109 
45 112 
45 120 
45 128 
45 146 
49 4 
49 5 
49 15 
49 16 
49 23 
49 96 
52 84 
55 6 
60 51 
60 88 
63 4 
63 14 
63 15 
63 23 
63 34 
63 35 
63 37 
63 44 
63 87 
63 187 
68 48 
68 62 
68 67 
68 84 
69 88 
71 92 
73 98 
73 121 
74 4 
74 14 
74 32 
76 6 
76 16 
76 45 
76 96 
80 11 
80 14 
81 16 
84 69 
84 87 
88 22 
93 33 
93 77 
93 96 
93 109 
94 55 
96 23 
96 34 
96 35 
96 108 
98 121 
100 116 
105 2 
105 4 
105 11 
105 15 
105 23 
105 34 
105 44 
105 45 
105 76 
105 96 
105 105 
105 109 
105 156 
109 44 
109 71 
109 75 
109 92 
109 115 
109 138 
109 168 
114 4 
114 5 
114 6 
114 15 
114 18 
114 23 
114 28 
114 44 
114 45 
114 49 
114 55 
114 76 
114 91 
114 94 
114 95 
114 108 
204 27 
