2 7 
2 9 
2 23 
2 32 
2 34 
2 99 
2 105 
2 134 
2 166 
2 170 
2 212 
3 4 
3 11 
3 13 
3 14 
3 15 
3 18 
3 22 
3 23 
3 25 
3 27 
3 30 
3 32 
3 34 
3 35 
3 36 
3 37 
3 42 
3 44 
3 48 
3 51 
3 52 
3 57 
3 60 
3 62 
3 63 
3 68 
3 69 
3 70 
3 74 
3 77 
3 80 
3 84 
3 86 
3 87 
3 88 
3 90 
3 91 
3 116 
3 117 
3 121 
3 148 
3 157 
3 187 
3 212 
4 11 
4 14 
4 15 
4 22 
4 27 
4 32 
4 37 
4 44 
4 57 
4 74 
4 80 
4 130 
5 27 
5 82 
6 27 
6 45 
6 76 
6 120 
6 178 
7 2 
7 17 
7 19 
7 26 
7 52 
7 84 
7 100 
7 110 
7 178 
8 140 
9 2 
9 17 
9 52 
9 84 
9 110 
10 17 
10 19 
10 26 
10 100 
10 178 
11 14 
11 21 
11 80 
11 98 
11 212 
12 4 
12 22 
12 45 
12 78 
12 84 
12 105 
12 134 
12 146 
12 187 
12 212 
13 32 
13 98 
13 121 
14 3 
14 4 
14 7 
14 9 
14 21 
14 22 
14 27 
14 32 
14 35 
14 37 
14 42 
14 44 
14 52 
14 57 
14 59 
14 70 
14 73 
14 74 
14 78 
14 82 
14 84 
14 88 
14 121 
14 170 
14 187 
14 212 
15 3 
15 4 
15 11 
15 13 
15 14 
15 17 
15 22 
15 27 
15 30 
15 31 
15 32 
15 34 
15 35 
15 36 
15 37 
15 42 
15 44 
15 52 
15 57 
15 62 
15 63 
15 68 
15 69 
15 73 
15 74 
15 80 
15 82 
15 84 
15 87 
15 88 
15 98 
15 100 
15 117 
15 130 
15 133 
15 148 
15 187 
15 212 
16 27 
16 35 
16 45 
16 58 
16 76 
16 79 
16 97 
16 128 
16 136 
17 15 
17 27 
18 17 
18 23 
18 35 
18 45 
18 54 
18 212 
21 44 
22 3 
22 4 
22 11 
22 13 
22 14 
22 15 
22 18 
22 21 
22 27 
22 30 
22 32 
22 35 
22 36 
22 37 
22 44 
22 48 
22 52 
22 60 
22 62 
22 63 
22 68 
22 69 
22 76 
22 77 
22 80 
22 84 
22 87 
22 88 
22 91 
22 102 
22 148 
22 212 
23 7 
23 9 
25 14 
25 15 
25 45 
25 57 
25 78 
25 105 
25 116 
25 125 
25 157 
25 170 
25 187 
26 15 
26 28 
26 34 
26 69 
26 212 
27 3 
27 4 
27 7 
27 8 
27 11 
27 13 
27 14 
27 15 
27 21 
27 22 
27 30 
27 35 
27 36 
27 37 
27 44 
27 45 
27 52 
27 68 
27 74 
27 80 
27 87 
27 88 
27 98 
27 121 
27 130 
27 146 
29 2 
29 4 
29 6 
29 7 
29 8 
29 9 
29 14 
29 15 
29 17 
29 22 
29 23 
29 27 
29 31 
29 32 
29 33 
29 34 
29 37 
29 45 
29 52 
29 62 
29 76 
29 103 
29 105 
29 112 
29 116 
29 134 
29 187 
29 212 
30 7 
30 9 
30 21 
30 32 
30 44 
30 45 
30 52 
30 63 
30 70 
30 73 
30 84 
30 87 
30 102 
30 116 
30 117 
30 121 
31 32 
31 45 
31 187 
31 212 
32 42 
32 83 
32 100 
32 116 
32 117 
32 133 
33 14 
33 48 
33 67 
33 134 
33 187 
33 212 
34 17 
34 18 
34 110 
34 212 
35 7 
35 9 
35 13 
35 14 
35 15 
35 22 
35 23 
35 27 
35 34 
35 37 
35 44 
35 48 
35 53 
35 62 
35 68 
35 78 
35 82 
35 102 
35 187 
36 11 
36 13 
37 3 
37 4 
37 13 
37 14 
37 15 
37 32 
37 63 
37 80 
37 84 
37 88 
39 2 
39 3 
39 6 
39 7 
39 9 
39 15 
39 17 
39 19 
39 22 
39 23 
39 26 
39 27 
39 29 
39 30 
39 35 
39 36 
39 37 
39 44 
39 45 
39 53 
39 68 
39 76 
39 84 
39 96 
39 103 
39 105 
39 112 
39 119 
39 120 
39 121 
39 125 
39 128 
39 170 
39 212 
39 213 
40 4 
40 7 
40 8 
40 9 
40 11 
40 14 
40 15 
40 19 
40 23 
40 27 
40 36 
40 37 
40 44 
40 52 
40 68 
40 69 
40 78 
40 90 
40 91 
40 98 
40 100 
40 105 
40 110 
40 148 
40 178 
40 212 
42 32 
42 70 
42 72 
42 73 
42 83 
42 100 
42 117 
43 7 
43 8 
43 9 
43 17 
43 21 
43 26 
43 36 
43 48 
43 67 
43 100 
43 110 
43 125 
43 134 
43 181 
43 187 
43 212 
44 4 
44 7 
44 9 
44 11 
44 14 
44 21 
44 22 
44 27 
44 31 
44 32 
44 45 
44 82 
44 119 
44 212 
45 2 
45 6 
45 26 
45 27 
45 32 
45 34 
45 36 
45 58 
45 76 
45 80 
45 102 
45 103 
45 120 
45 128 
45 134 
45 136 
45 178 
47 23 
47 27 
47 29 
47 35 
47 76 
47 187 
49 76 
52 6 
52 7 
52 9 
52 14 
52 100 
52 116 
52 146 
52 157 
52 170 
55 27 
55 35 
58 4 
58 6 
58 14 
58 22 
58 23 
58 27 
58 32 
58 35 
58 37 
58 44 
58 45 
58 76 
58 96 
58 103 
59 170 
59 187 
60 51 
60 77 
60 88 
60 90 
61 76 
62 7 
62 9 
62 13 
62 17 
62 27 
62 34 
62 36 
62 54 
62 68 
62 80 
62 89 
62 98 
62 110 
62 116 
62 125 
62 146 
62 148 
62 178 
62 212 
63 22 
63 30 
63 52 
63 69 
63 87 
63 100 
64 112 
64 130 
68 6 
69 30 
69 32 
69 42 
69 52 
69 60 
69 63 
69 73 
69 84 
69 87 
69 88 
69 98 
69 116 
69 117 
70 45 
70 52 
70 84 
70 121 
71 45 
71 48 
71 76 
71 78 
71 113 
71 115 
71 181 
73 121 
76 16 
76 55 
76 58 
76 95 
76 96 
76 103 
76 136 
80 36 
81 45 
81 58 
81 112 
81 130 
82 7 
82 9 
82 14 
82 15 
82 32 
82 35 
82 37 
82 44 
82 53 
82 74 
82 187 
82 212 
83 32 
83 100 
83 117 
84 52 
86 51 
86 77 
86 88 
86 150 
87 30 
87 52 
87 63 
87 69 
87 84 
88 6 
88 22 
88 37 
88 48 
88 51 
88 52 
88 60 
88 63 
88 77 
88 86 
88 87 
88 90 
89 187 
91 187 
92 71 
92 181 
93 14 
93 33 
93 48 
93 58 
93 77 
93 100 
96 66 
96 76 
96 100 
97 16 
97 45 
97 58 
97 76 
97 79 
97 136 
98 73 
98 121 
101 27 
101 37 
101 45 
101 58 
101 97 
101 136 
105 156 
108 27 
108 45 
108 178 
109 2 
109 14 
109 22 
109 26 
109 27 
109 44 
109 45 
109 54 
109 57 
109 59 
109 62 
109 76 
109 80 
109 105 
109 112 
109 115 
109 119 
109 121 
109 138 
109 150 
109 187 
109 212 
110 15 
110 17 
110 212 
112 45 
112 97 
112 128 
112 178 
116 32 
119 57 
119 187 
121 98 
128 120 
128 178 
129 130 
133 32 
135 187 
136 103 
136 112 
141 187 
146 14 
159 92 
159 181 
163 115 
172 17 
172 33 
172 134 
173 14 
180 187 
182 14 
182 45 
202 105 
204 59 
