1 15 
1 27 
1 44 
2 6 
2 7 
2 8 
2 9 
2 10 
2 17 
2 22 
2 25 
2 26 
2 27 
2 29 
2 30 
2 31 
2 34 
2 39 
2 44 
2 45 
2 54 
2 99 
2 105 
2 109 
2 110 
2 125 
2 134 
2 139 
2 150 
2 156 
2 158 
2 166 
2 182 
2 212 
3 2 
3 4 
3 6 
3 7 
3 9 
3 11 
3 14 
3 15 
3 21 
3 22 
3 23 
3 27 
3 30 
3 32 
3 33 
3 36 
3 37 
3 42 
3 44 
3 48 
3 51 
3 52 
3 60 
3 63 
3 68 
3 69 
3 70 
3 73 
3 74 
3 76 
3 77 
3 80 
3 82 
3 83 
3 84 
3 86 
3 87 
3 88 
3 90 
3 98 
3 102 
3 109 
3 117 
3 121 
3 133 
3 148 
3 182 
3 193 
4 2 
4 3 
4 5 
4 6 
4 7 
4 8 
4 10 
4 11 
4 13 
4 14 
4 15 
4 17 
4 21 
4 22 
4 23 
4 25 
4 27 
4 28 
4 29 
4 30 
4 31 
4 32 
4 34 
4 35 
4 36 
4 37 
4 40 
4 42 
4 44 
4 45 
4 52 
4 53 
4 54 
4 55 
4 57 
4 59 
4 60 
4 62 
4 63 
4 67 
4 68 
4 69 
4 70 
4 71 
4 72 
4 73 
4 74 
4 75 
4 77 
4 78 
4 80 
4 82 
4 83 
4 84 
4 87 
4 88 
4 91 
4 92 
4 98 
4 102 
4 104 
4 105 
4 116 
4 117 
4 119 
4 125 
4 130 
4 133 
4 134 
4 148 
4 150 
4 156 
4 157 
4 158 
4 173 
4 180 
4 182 
4 187 
4 193 
4 213 
5 6 
5 15 
5 23 
5 37 
5 44 
5 45 
5 49 
5 53 
5 54 
5 55 
5 58 
5 76 
5 80 
5 82 
5 94 
5 95 
5 96 
5 112 
5 130 
5 158 
5 213 
6 2 
6 5 
6 6 
6 7 
6 8 
6 10 
6 14 
6 17 
6 18 
6 25 
6 26 
6 27 
6 29 
6 31 
6 33 
6 39 
6 40 
6 44 
6 45 
6 49 
6 58 
6 59 
6 66 
6 70 
6 75 
6 76 
6 79 
6 80 
6 97 
6 103 
6 104 
6 108 
6 112 
6 113 
6 115 
6 120 
6 125 
6 127 
6 128 
6 136 
6 178 
6 212 
7 2 
7 3 
7 4 
7 5 
7 6 
7 11 
7 13 
7 14 
7 15 
7 16 
7 17 
7 18 
7 19 
7 21 
7 22 
7 23 
7 25 
7 26 
7 27 
7 28 
7 29 
7 30 
7 31 
7 32 
7 33 
7 34 
7 35 
7 36 
7 37 
7 39 
7 40 
7 42 
7 44 
7 45 
7 48 
7 49 
7 51 
7 52 
7 53 
7 54 
7 55 
7 57 
7 58 
7 59 
7 60 
7 62 
7 63 
7 66 
7 67 
7 68 
7 69 
7 70 
7 71 
7 72 
7 73 
7 75 
7 76 
7 77 
7 78 
7 80 
7 82 
7 83 
7 84 
7 86 
7 87 
7 88 
7 89 
7 90 
7 91 
7 92 
7 95 
7 96 
7 97 
7 98 
7 99 
7 100 
7 102 
7 103 
7 104 
7 105 
7 108 
7 109 
7 110 
7 112 
7 113 
7 116 
7 117 
7 119 
7 120 
7 125 
7 127 
7 128 
7 130 
7 133 
7 134 
7 136 
7 139 
7 146 
7 148 
7 150 
7 155 
7 156 
7 157 
7 158 
7 159 
7 165 
7 166 
7 170 
7 173 
7 180 
7 182 
7 187 
7 193 
7 212 
7 213 
8 2 
8 6 
8 10 
8 14 
8 15 
8 16 
8 21 
8 25 
8 26 
8 27 
8 29 
8 31 
8 34 
8 36 
8 39 
8 44 
8 45 
8 57 
8 59 
8 70 
8 71 
8 82 
8 92 
8 99 
8 103 
8 104 
8 105 
8 108 
8 109 
8 112 
8 119 
8 127 
8 130 
8 133 
8 140 
8 182 
9 2 
9 3 
9 4 
9 5 
9 6 
9 8 
9 9 
9 10 
9 11 
9 13 
9 14 
9 15 
9 17 
9 18 
9 19 
9 21 
9 22 
9 23 
9 25 
9 26 
9 27 
9 28 
9 29 
9 30 
9 31 
9 32 
9 33 
9 34 
9 35 
9 36 
9 37 
9 39 
9 40 
9 42 
9 44 
9 45 
9 48 
9 49 
9 51 
9 52 
9 53 
9 54 
9 55 
9 57 
9 58 
9 59 
9 60 
9 62 
9 63 
9 66 
9 67 
9 68 
9 69 
9 70 
9 71 
9 72 
9 73 
9 75 
9 76 
9 77 
9 78 
9 80 
9 82 
9 83 
9 84 
9 86 
9 87 
9 88 
9 89 
9 90 
9 91 
9 92 
9 95 
9 96 
9 97 
9 98 
9 99 
9 100 
9 102 
9 103 
9 104 
9 105 
9 108 
9 109 
9 110 
9 112 
9 113 
9 116 
9 117 
9 119 
9 120 
9 125 
9 127 
9 128 
9 130 
9 133 
9 134 
9 136 
9 139 
9 140 
9 146 
9 148 
9 150 
9 156 
9 157 
9 158 
9 159 
9 165 
9 166 
9 170 
9 173 
9 180 
9 182 
9 187 
9 193 
9 212 
9 213 
10 2 
10 3 
10 4 
10 5 
10 6 
10 8 
10 9 
10 14 
10 15 
10 22 
10 23 
10 25 
10 26 
10 27 
10 29 
10 31 
10 34 
10 35 
10 36 
10 37 
10 39 
10 44 
10 45 
10 49 
10 58 
10 59 
10 76 
10 77 
10 80 
10 82 
10 96 
10 99 
10 105 
10 109 
10 112 
10 136 
10 140 
10 150 
10 155 
10 182 
10 193 
11 3 
11 4 
11 6 
11 7 
11 9 
11 13 
11 14 
11 15 
11 21 
11 22 
11 23 
11 27 
11 29 
11 30 
11 32 
11 34 
11 35 
11 36 
11 37 
11 39 
11 44 
11 60 
11 63 
11 73 
11 74 
11 80 
11 98 
11 102 
11 121 
11 128 
11 158 
12 2 
12 3 
12 4 
12 6 
12 7 
12 8 
12 9 
12 14 
12 15 
12 22 
12 25 
12 26 
12 27 
12 31 
12 33 
12 34 
12 35 
12 37 
12 44 
12 45 
12 62 
12 67 
12 68 
12 70 
12 76 
12 78 
12 79 
12 80 
12 91 
12 92 
12 96 
12 104 
12 105 
12 109 
12 148 
12 150 
12 158 
13 4 
13 11 
13 14 
13 22 
13 35 
13 36 
13 73 
13 80 
13 83 
13 98 
13 121 
13 148 
14 2 
14 3 
14 4 
14 5 
14 6 
14 7 
14 8 
14 9 
14 10 
14 11 
14 13 
14 15 
14 18 
14 21 
14 22 
14 23 
14 25 
14 27 
14 29 
14 30 
14 31 
14 32 
14 33 
14 34 
14 35 
14 36 
14 37 
14 39 
14 40 
14 42 
14 44 
14 45 
14 48 
14 49 
14 51 
14 52 
14 53 
14 54 
14 55 
14 57 
14 59 
14 60 
14 62 
14 63 
14 68 
14 69 
14 70 
14 72 
14 73 
14 74 
14 76 
14 78 
14 80 
14 82 
14 83 
14 84 
14 86 
14 87 
14 88 
14 91 
14 94 
14 96 
14 98 
14 102 
14 104 
14 105 
14 109 
14 116 
14 117 
14 118 
14 119 
14 121 
14 125 
14 134 
14 139 
14 146 
14 148 
14 150 
14 156 
14 157 
14 158 
14 166 
14 170 
14 173 
14 178 
14 180 
14 182 
14 187 
14 213 
15 2 
15 3 
15 4 
15 5 
15 6 
15 7 
15 8 
15 9 
15 10 
15 11 
15 13 
15 14 
15 17 
15 18 
15 21 
15 22 
15 23 
15 25 
15 26 
15 27 
15 28 
15 29 
15 30 
15 31 
15 32 
15 34 
15 35 
15 36 
15 37 
15 39 
15 40 
15 42 
15 44 
15 45 
15 48 
15 49 
15 51 
15 52 
15 53 
15 54 
15 55 
15 57 
15 58 
15 59 
15 60 
15 62 
15 63 
15 68 
15 69 
15 70 
15 72 
15 73 
15 74 
15 76 
15 78 
15 80 
15 82 
15 83 
15 84 
15 86 
15 87 
15 88 
15 90 
15 91 
15 94 
15 95 
15 96 
15 98 
15 100 
15 102 
15 105 
15 108 
15 109 
15 113 
15 116 
15 117 
15 119 
15 121 
15 125 
15 130 
15 133 
15 134 
15 139 
15 148 
15 150 
15 155 
15 156 
15 158 
15 182 
15 187 
15 193 
15 212 
15 213 
16 5 
16 6 
16 45 
16 58 
16 79 
16 97 
16 136 
17 2 
17 3 
17 4 
17 5 
17 6 
17 7 
17 8 
17 9 
17 10 
17 11 
17 13 
17 14 
17 15 
17 18 
17 21 
17 22 
17 23 
17 25 
17 26 
17 27 
17 29 
17 30 
17 31 
17 32 
17 33 
17 34 
17 35 
17 36 
17 37 
17 42 
17 44 
17 45 
17 58 
17 63 
17 67 
17 68 
17 70 
17 71 
17 75 
17 76 
17 80 
17 82 
17 92 
17 96 
17 99 
17 103 
17 105 
17 109 
17 110 
17 112 
17 119 
17 125 
17 128 
17 134 
17 138 
17 146 
17 150 
17 155 
17 156 
17 158 
17 190 
17 193 
18 2 
18 3 
18 6 
18 7 
18 8 
18 10 
18 22 
18 23 
18 26 
18 27 
18 28 
18 29 
18 31 
18 34 
18 45 
18 67 
18 70 
18 105 
18 112 
18 119 
18 120 
18 128 
18 150 
18 156 
18 158 
19 2 
19 3 
19 6 
19 11 
19 15 
19 23 
19 25 
19 27 
19 32 
19 34 
19 36 
19 37 
19 44 
19 45 
19 52 
19 72 
19 90 
19 105 
19 125 
20 40 
21 2 
21 3 
21 6 
21 7 
21 9 
21 11 
21 14 
21 15 
21 22 
21 27 
21 30 
21 36 
21 44 
21 45 
21 105 
21 109 
21 134 
22 2 
22 3 
22 4 
22 5 
22 6 
22 7 
22 8 
22 9 
22 10 
22 11 
22 13 
22 14 
22 15 
22 16 
22 17 
22 18 
22 21 
22 23 
22 25 
22 26 
22 27 
22 28 
22 29 
22 30 
22 31 
22 32 
22 33 
22 34 
22 35 
22 36 
22 37 
22 39 
22 40 
22 42 
22 44 
22 45 
22 48 
22 49 
22 51 
22 52 
22 53 
22 54 
22 55 
22 57 
22 58 
22 59 
22 60 
22 62 
22 63 
22 67 
22 68 
22 69 
22 70 
22 71 
22 72 
22 73 
22 74 
22 76 
22 77 
22 78 
22 79 
22 80 
22 82 
22 83 
22 84 
22 86 
22 87 
22 88 
22 90 
22 91 
22 92 
22 94 
22 95 
22 96 
22 98 
22 99 
22 100 
22 102 
22 103 
22 104 
22 105 
22 108 
22 109 
22 110 
22 112 
22 113 
22 116 
22 117 
22 119 
22 121 
22 125 
22 127 
22 128 
22 130 
22 133 
22 134 
22 139 
22 146 
22 148 
22 150 
22 156 
22 157 
22 158 
22 159 
22 168 
22 170 
22 173 
22 178 
22 180 
22 182 
22 187 
22 212 
22 213 
23 2 
23 3 
23 4 
23 5 
23 6 
23 7 
23 8 
23 9 
23 10 
23 11 
23 13 
23 14 
23 15 
23 17 
23 18 
23 22 
23 25 
23 26 
23 27 
23 29 
23 30 
23 31 
23 32 
23 34 
23 35 
23 36 
23 37 
23 39 
23 44 
23 45 
23 49 
23 60 
23 62 
23 63 
23 69 
23 70 
23 76 
23 78 
23 80 
23 82 
23 102 
23 105 
23 108 
23 109 
23 125 
23 134 
23 140 
23 146 
23 155 
23 156 
23 158 
23 166 
23 190 
24 72 
25 2 
25 3 
25 4 
25 5 
25 6 
25 11 
25 13 
25 14 
25 15 
25 21 
25 22 
25 25 
25 27 
25 30 
25 32 
25 33 
25 36 
25 37 
25 44 
25 45 
25 49 
25 54 
25 55 
25 57 
25 58 
25 62 
25 63 
25 68 
25 76 
25 78 
25 80 
25 84 
25 87 
25 89 
25 91 
25 94 
25 96 
25 105 
25 109 
25 115 
25 119 
25 125 
25 130 
25 134 
25 146 
25 148 
25 157 
25 158 
25 170 
25 180 
25 187 
26 2 
26 5 
26 6 
26 7 
26 8 
26 9 
26 10 
26 14 
26 15 
26 17 
26 18 
26 21 
26 22 
26 23 
26 25 
26 27 
26 28 
26 29 
26 31 
26 32 
26 34 
26 39 
26 44 
26 45 
26 51 
26 55 
26 59 
26 60 
26 62 
26 66 
26 67 
26 71 
26 72 
26 76 
26 82 
26 86 
26 90 
26 96 
26 98 
26 99 
26 105 
26 108 
26 110 
26 116 
26 117 
26 119 
26 120 
26 125 
26 133 
26 134 
26 139 
26 150 
26 156 
26 157 
26 158 
26 166 
26 182 
26 193 
26 212 
27 2 
27 3 
27 4 
27 5 
27 6 
27 7 
27 8 
27 9 
27 10 
27 11 
27 13 
27 14 
27 15 
27 17 
27 21 
27 22 
27 23 
27 25 
27 26 
27 29 
27 30 
27 31 
27 32 
27 33 
27 34 
27 35 
27 36 
27 37 
27 39 
27 40 
27 42 
27 44 
27 45 
27 51 
27 52 
27 53 
27 54 
27 57 
27 58 
27 60 
27 62 
27 63 
27 67 
27 68 
27 69 
27 70 
27 73 
27 74 
27 77 
27 78 
27 80 
27 82 
27 83 
27 84 
27 86 
27 88 
27 90 
27 96 
27 98 
27 100 
27 102 
27 103 
27 104 
27 105 
27 108 
27 109 
27 112 
27 116 
27 117 
27 119 
27 120 
27 121 
27 125 
27 127 
27 130 
27 134 
27 146 
27 148 
27 150 
27 156 
27 157 
27 158 
27 182 
27 187 
27 193 
27 213 
28 2 
28 6 
28 11 
28 14 
28 15 
28 21 
28 22 
28 23 
28 31 
28 34 
28 35 
28 36 
28 39 
28 44 
28 45 
28 68 
28 76 
28 80 
28 104 
28 109 
28 134 
28 150 
28 158 
29 2 
29 4 
29 6 
29 7 
29 8 
29 9 
29 10 
29 14 
29 15 
29 21 
29 22 
29 23 
29 25 
29 27 
29 31 
29 34 
29 35 
29 36 
29 37 
29 39 
29 44 
29 45 
29 62 
29 70 
29 80 
29 82 
29 105 
29 134 
29 140 
29 146 
29 155 
29 158 
30 2 
30 3 
30 4 
30 5 
30 6 
30 7 
30 9 
30 10 
30 11 
30 13 
30 14 
30 15 
30 21 
30 22 
30 23 
30 25 
30 27 
30 31 
30 32 
30 35 
30 36 
30 37 
30 40 
30 42 
30 44 
30 45 
30 52 
30 59 
30 60 
30 62 
30 63 
30 68 
30 69 
30 70 
30 73 
30 74 
30 78 
30 80 
30 82 
30 83 
30 84 
30 86 
30 87 
30 88 
30 91 
30 98 
30 102 
30 105 
30 116 
30 117 
30 121 
30 125 
30 130 
30 133 
30 146 
30 148 
30 158 
31 2 
31 3 
31 5 
31 6 
31 7 
31 8 
31 9 
31 10 
31 14 
31 15 
31 17 
31 18 
31 21 
31 22 
31 23 
31 26 
31 27 
31 29 
31 32 
31 34 
31 37 
31 39 
31 44 
31 45 
31 63 
31 76 
31 80 
31 82 
31 87 
31 96 
31 104 
31 105 
31 109 
31 110 
31 116 
31 119 
31 125 
31 127 
31 134 
31 140 
31 150 
31 158 
32 2 
32 6 
32 15 
32 30 
32 42 
32 45 
32 60 
32 68 
32 70 
32 72 
32 73 
32 83 
32 88 
32 98 
32 100 
32 116 
32 117 
32 121 
32 133 
32 146 
33 2 
33 4 
33 6 
33 11 
33 22 
33 25 
33 34 
33 89 
33 91 
33 105 
33 109 
33 110 
33 116 
33 125 
33 134 
33 146 
33 158 
34 2 
34 6 
34 7 
34 8 
34 9 
34 14 
34 17 
34 18 
34 23 
34 26 
34 27 
34 29 
34 31 
34 33 
34 39 
34 44 
34 51 
34 62 
34 67 
34 70 
34 71 
34 72 
34 99 
34 100 
34 104 
34 105 
34 109 
34 110 
34 119 
34 125 
34 133 
34 134 
34 139 
34 148 
34 156 
34 166 
34 182 
34 212 
35 2 
35 3 
35 4 
35 5 
35 6 
35 7 
35 8 
35 9 
35 10 
35 11 
35 13 
35 14 
35 15 
35 16 
35 17 
35 21 
35 22 
35 23 
35 25 
35 26 
35 27 
35 28 
35 29 
35 30 
35 31 
35 32 
35 33 
35 34 
35 35 
35 36 
35 37 
35 39 
35 40 
35 42 
35 44 
35 45 
35 48 
35 49 
35 51 
35 52 
35 53 
35 54 
35 55 
35 58 
35 59 
35 60 
35 62 
35 63 
35 68 
35 69 
35 70 
35 71 
35 73 
35 74 
35 76 
35 77 
35 78 
35 79 
35 80 
35 82 
35 83 
35 84 
35 87 
35 88 
35 90 
35 91 
35 94 
35 95 
35 96 
35 97 
35 98 
35 99 
35 102 
35 103 
35 105 
35 108 
35 109 
35 112 
35 113 
35 116 
35 117 
35 119 
35 121 
35 125 
35 127 
35 130 
35 133 
35 134 
35 136 
35 146 
35 148 
35 150 
35 156 
35 157 
35 158 
35 180 
35 182 
35 187 
35 193 
35 212 
35 213 
36 3 
36 4 
36 7 
36 8 
36 9 
36 10 
36 11 
36 13 
36 14 
36 15 
36 22 
36 23 
36 26 
36 27 
36 30 
36 32 
36 34 
36 35 
36 37 
36 42 
36 44 
36 45 
36 62 
36 63 
36 69 
36 70 
36 73 
36 74 
36 80 
36 84 
36 87 
36 98 
36 102 
36 121 
36 158 
36 178 
37 2 
37 3 
37 4 
37 5 
37 6 
37 7 
37 9 
37 11 
37 14 
37 15 
37 22 
37 23 
37 27 
37 28 
37 29 
37 31 
37 32 
37 34 
37 35 
37 36 
37 44 
37 45 
37 59 
37 69 
37 70 
37 72 
37 74 
37 75 
37 80 
37 83 
37 86 
37 90 
37 91 
37 92 
37 100 
37 102 
37 105 
37 117 
37 127 
37 133 
37 136 
37 156 
37 158 
37 182 
37 212 
39 2 
39 3 
39 4 
39 5 
39 6 
39 7 
39 8 
39 9 
39 10 
39 11 
39 13 
39 14 
39 15 
39 17 
39 18 
39 21 
39 22 
39 23 
39 25 
39 26 
39 27 
39 28 
39 29 
39 30 
39 31 
39 32 
39 34 
39 35 
39 36 
39 37 
39 39 
39 40 
39 42 
39 44 
39 45 
39 52 
39 55 
39 58 
39 59 
39 60 
39 62 
39 63 
39 68 
39 70 
39 71 
39 76 
39 78 
39 80 
39 82 
39 83 
39 84 
39 88 
39 90 
39 91 
39 95 
39 96 
39 98 
39 99 
39 102 
39 103 
39 104 
39 105 
39 109 
39 112 
39 116 
39 117 
39 121 
39 125 
39 130 
39 133 
39 134 
39 139 
39 146 
39 148 
39 150 
39 155 
39 156 
39 158 
39 166 
39 182 
39 190 
39 193 
39 212 
40 2 
40 3 
40 4 
40 5 
40 6 
40 7 
40 9 
40 11 
40 13 
40 14 
40 15 
40 21 
40 22 
40 23 
40 25 
40 26 
40 27 
40 29 
40 30 
40 31 
40 32 
40 33 
40 34 
40 35 
40 36 
40 37 
40 42 
40 44 
40 45 
40 48 
40 51 
40 52 
40 60 
40 63 
40 68 
40 69 
40 70 
40 72 
40 76 
40 77 
40 78 
40 80 
40 84 
40 86 
40 87 
40 88 
40 90 
40 98 
40 100 
40 102 
40 104 
40 105 
40 109 
40 117 
40 119 
40 121 
40 133 
40 134 
40 146 
40 148 
40 156 
40 158 
40 187 
40 193 
42 4 
42 6 
42 15 
42 23 
42 32 
42 37 
42 44 
42 45 
42 68 
42 70 
42 72 
42 73 
42 80 
42 83 
42 84 
42 98 
42 100 
42 116 
42 117 
42 121 
42 133 
43 2 
43 3 
43 4 
43 6 
43 7 
43 8 
43 11 
43 14 
43 15 
43 17 
43 22 
43 25 
43 26 
43 27 
43 33 
43 34 
43 36 
43 37 
43 39 
43 45 
43 54 
43 59 
43 67 
43 68 
43 71 
43 89 
43 91 
43 92 
43 104 
43 105 
43 110 
43 113 
43 116 
43 125 
43 133 
43 134 
43 146 
43 148 
43 155 
43 158 
43 159 
43 187 
43 193 
43 212 
44 2 
44 3 
44 4 
44 5 
44 6 
44 7 
44 8 
44 9 
44 10 
44 11 
44 13 
44 14 
44 15 
44 17 
44 19 
44 21 
44 22 
44 23 
44 25 
44 26 
44 27 
44 28 
44 30 
44 31 
44 32 
44 33 
44 34 
44 35 
44 36 
44 37 
44 39 
44 40 
44 42 
44 45 
44 48 
44 51 
44 52 
44 59 
44 60 
44 62 
44 63 
44 68 
44 69 
44 70 
44 71 
44 72 
44 73 
44 74 
44 76 
44 80 
44 82 
44 83 
44 84 
44 86 
44 87 
44 88 
44 91 
44 92 
44 95 
44 96 
44 99 
44 102 
44 103 
44 104 
44 105 
44 109 
44 112 
44 113 
44 119 
44 121 
44 125 
44 128 
44 130 
44 133 
44 134 
44 136 
44 138 
44 146 
44 148 
44 150 
44 155 
44 158 
44 168 
44 178 
44 180 
44 182 
44 193 
44 212 
45 2 
45 4 
45 5 
45 6 
45 7 
45 8 
45 9 
45 10 
45 11 
45 13 
45 14 
45 15 
45 16 
45 17 
45 18 
45 21 
45 23 
45 25 
45 26 
45 27 
45 28 
45 29 
45 30 
45 31 
45 32 
45 33 
45 34 
45 35 
45 36 
45 37 
45 39 
45 40 
45 42 
45 44 
45 49 
45 52 
45 53 
45 54 
45 55 
45 58 
45 60 
45 62 
45 63 
45 66 
45 67 
45 68 
45 70 
45 71 
45 75 
45 76 
45 79 
45 80 
45 82 
45 88 
45 92 
45 94 
45 95 
45 96 
45 97 
45 99 
45 102 
45 103 
45 105 
45 108 
45 109 
45 110 
45 112 
45 116 
45 117 
45 119 
45 120 
45 125 
45 127 
45 128 
45 130 
45 133 
45 134 
45 136 
45 139 
45 140 
45 146 
45 150 
45 155 
45 156 
45 158 
45 165 
45 166 
45 168 
45 178 
45 180 
45 182 
45 187 
45 193 
45 212 
46 27 
46 32 
46 36 
46 72 
47 2 
47 3 
47 4 
47 6 
47 7 
47 8 
47 9 
47 10 
47 11 
47 13 
47 14 
47 15 
47 18 
47 22 
47 23 
47 26 
47 27 
47 30 
47 31 
47 32 
47 33 
47 34 
47 36 
47 37 
47 44 
47 45 
47 59 
47 63 
47 72 
47 76 
47 78 
47 80 
47 87 
47 100 
47 102 
47 105 
47 133 
47 134 
47 139 
47 156 
47 158 
48 59 
48 68 
49 2 
49 5 
49 6 
49 14 
49 27 
49 44 
49 45 
49 55 
49 71 
49 76 
49 94 
49 95 
49 96 
49 109 
49 125 
49 133 
49 158 
49 193 
51 2 
51 3 
51 6 
51 15 
51 27 
51 45 
51 60 
51 63 
51 77 
51 86 
51 88 
51 90 
52 2 
52 3 
52 6 
52 7 
52 9 
52 14 
52 15 
52 22 
52 30 
52 32 
52 33 
52 35 
52 42 
52 44 
52 45 
52 48 
52 49 
52 51 
52 62 
52 63 
52 68 
52 70 
52 73 
52 77 
52 83 
52 84 
52 86 
52 88 
52 98 
52 100 
52 116 
52 117 
52 121 
52 133 
54 4 
54 14 
54 23 
54 37 
55 6 
55 27 
55 35 
55 44 
55 45 
55 66 
55 76 
55 82 
55 94 
55 96 
55 108 
55 156 
58 6 
58 14 
58 15 
58 16 
58 44 
58 45 
58 59 
58 79 
58 97 
58 146 
58 156 
58 158 
59 4 
59 14 
59 37 
59 170 
60 2 
60 3 
60 6 
60 15 
60 22 
60 27 
60 32 
60 36 
60 37 
60 44 
60 45 
60 48 
60 51 
60 52 
60 63 
60 69 
60 77 
60 80 
60 86 
60 87 
60 88 
60 90 
60 102 
60 105 
62 2 
62 3 
62 7 
62 8 
62 15 
62 23 
62 27 
62 36 
62 37 
62 44 
62 45 
62 68 
62 69 
62 148 
63 3 
63 4 
63 6 
63 15 
63 22 
63 27 
63 30 
63 32 
63 35 
63 37 
63 44 
63 52 
63 60 
63 69 
63 73 
63 83 
63 84 
63 87 
63 88 
63 98 
63 100 
63 117 
63 121 
64 103 
64 112 
64 120 
65 6 
65 14 
65 15 
65 22 
65 27 
65 35 
65 37 
65 45 
65 100 
65 103 
65 120 
65 128 
66 6 
66 14 
66 22 
66 25 
66 27 
66 35 
66 37 
66 44 
66 45 
66 49 
66 55 
66 63 
66 70 
66 76 
66 79 
66 82 
66 94 
66 96 
66 112 
66 136 
66 156 
66 178 
66 182 
68 2 
68 3 
68 4 
68 5 
68 6 
68 7 
68 9 
68 11 
68 13 
68 14 
68 15 
68 17 
68 21 
68 22 
68 25 
68 27 
68 30 
68 32 
68 33 
68 34 
68 35 
68 36 
68 39 
68 40 
68 42 
68 44 
68 45 
68 48 
68 52 
68 58 
68 59 
68 60 
68 62 
68 63 
68 69 
68 70 
68 73 
68 74 
68 76 
68 80 
68 82 
68 83 
68 84 
68 86 
68 87 
68 88 
68 90 
68 94 
68 98 
68 105 
68 109 
68 158 
69 2 
69 3 
69 4 
69 6 
69 14 
69 15 
69 21 
69 22 
69 27 
69 30 
69 32 
69 36 
69 37 
69 42 
69 48 
69 51 
69 52 
69 60 
69 62 
69 63 
69 68 
69 72 
69 73 
69 77 
69 83 
69 84 
69 86 
69 87 
69 88 
69 90 
69 98 
69 100 
69 109 
69 116 
69 117 
69 121 
69 133 
70 2 
70 3 
70 4 
70 5 
70 6 
70 11 
70 14 
70 15 
70 27 
70 30 
70 32 
70 36 
70 37 
70 42 
70 44 
70 45 
70 58 
70 76 
70 80 
70 94 
70 105 
70 109 
70 121 
71 2 
71 4 
71 6 
71 14 
71 15 
71 27 
71 35 
71 44 
71 92 
71 113 
71 150 
71 156 
71 159 
71 182 
72 15 
72 27 
72 32 
72 36 
72 100 
72 116 
73 6 
73 11 
73 15 
73 21 
73 22 
73 30 
73 32 
73 35 
73 44 
73 45 
73 52 
73 68 
73 80 
73 90 
73 98 
73 102 
73 121 
74 4 
74 14 
74 22 
74 27 
74 30 
75 44 
76 2 
76 3 
76 4 
76 5 
76 6 
76 7 
76 9 
76 10 
76 11 
76 14 
76 15 
76 16 
76 23 
76 25 
76 27 
76 30 
76 31 
76 32 
76 34 
76 35 
76 36 
76 37 
76 40 
76 44 
76 45 
76 49 
76 55 
76 58 
76 62 
76 63 
76 66 
76 79 
76 80 
76 82 
76 86 
76 87 
76 90 
76 94 
76 95 
76 96 
76 97 
76 103 
76 105 
76 108 
76 112 
76 116 
76 134 
76 136 
76 158 
77 51 
77 74 
77 90 
78 2 
78 4 
78 5 
78 6 
78 7 
78 10 
78 11 
78 14 
78 15 
78 22 
78 27 
78 35 
78 37 
78 39 
78 44 
78 45 
78 49 
78 54 
78 59 
78 68 
78 76 
78 79 
78 91 
78 94 
78 96 
78 105 
78 148 
78 150 
78 156 
78 182 
78 213 
79 6 
79 16 
79 45 
80 6 
80 11 
80 13 
80 15 
80 34 
80 35 
80 36 
80 44 
80 45 
80 84 
80 102 
81 16 
81 45 
81 58 
81 94 
81 103 
81 128 
82 2 
82 3 
82 4 
82 5 
82 6 
82 7 
82 9 
82 11 
82 13 
82 14 
82 15 
82 21 
82 22 
82 23 
82 27 
82 30 
82 35 
82 36 
82 37 
82 44 
82 45 
82 53 
82 63 
82 68 
82 69 
82 74 
82 78 
82 87 
82 88 
82 91 
82 109 
82 140 
82 187 
83 6 
83 15 
83 32 
83 44 
83 68 
83 70 
83 72 
83 73 
83 84 
83 100 
83 116 
83 117 
83 121 
83 133 
84 6 
84 22 
84 30 
84 35 
84 44 
84 45 
84 52 
84 62 
84 68 
84 69 
84 70 
84 83 
84 88 
84 100 
84 121 
84 148 
86 2 
86 3 
86 6 
86 11 
86 14 
86 15 
86 27 
86 32 
86 36 
86 37 
86 42 
86 45 
86 51 
86 52 
86 60 
86 63 
86 68 
86 69 
86 77 
86 84 
86 87 
86 88 
86 90 
86 117 
87 3 
87 6 
87 15 
87 30 
87 42 
87 44 
87 52 
87 63 
87 69 
87 84 
88 2 
88 3 
88 6 
88 15 
88 22 
88 30 
88 32 
88 36 
88 37 
88 45 
88 48 
88 51 
88 52 
88 60 
88 63 
88 69 
88 74 
88 77 
88 90 
88 102 
88 146 
88 148 
89 2 
89 4 
89 5 
89 6 
89 11 
89 14 
89 15 
89 18 
89 21 
89 22 
89 25 
89 27 
89 30 
89 32 
89 33 
89 36 
89 37 
89 39 
89 44 
89 45 
89 52 
89 55 
89 62 
89 63 
89 68 
89 69 
89 80 
89 83 
89 84 
89 91 
89 94 
89 105 
89 116 
89 117 
89 125 
89 134 
89 146 
89 158 
90 2 
90 3 
90 4 
90 6 
90 14 
90 15 
90 22 
90 27 
90 36 
90 37 
90 44 
90 45 
90 48 
90 51 
90 52 
90 60 
90 63 
90 68 
90 69 
90 77 
90 86 
90 87 
90 88 
90 105 
91 2 
91 4 
91 6 
91 14 
91 22 
91 27 
91 32 
91 36 
91 44 
91 45 
91 70 
91 80 
91 119 
91 156 
91 182 
92 4 
93 14 
93 21 
93 27 
93 28 
93 33 
93 36 
93 48 
93 55 
93 59 
93 77 
93 90 
93 96 
93 97 
93 100 
93 127 
95 7 
95 9 
95 35 
95 76 
96 2 
96 5 
96 6 
96 7 
96 8 
96 15 
96 22 
96 23 
96 26 
96 32 
96 35 
96 36 
96 45 
96 49 
96 55 
96 58 
96 66 
96 76 
96 80 
96 94 
96 95 
96 97 
96 100 
96 105 
96 108 
96 121 
96 158 
97 6 
97 16 
97 45 
97 58 
97 79 
98 13 
98 21 
98 30 
98 36 
98 73 
98 121 
99 2 
99 6 
99 45 
99 105 
99 156 
99 165 
99 166 
99 182 
100 45 
100 70 
100 116 
101 16 
101 45 
101 58 
101 79 
101 97 
103 6 
103 44 
103 45 
103 105 
104 4 
104 11 
104 14 
104 37 
104 45 
104 59 
104 150 
105 2 
105 7 
105 8 
105 17 
105 23 
105 26 
105 29 
105 31 
105 34 
105 44 
105 45 
105 99 
105 156 
105 165 
105 166 
105 182 
108 2 
108 3 
108 4 
108 5 
108 6 
108 7 
108 9 
108 10 
108 11 
108 13 
108 14 
108 15 
108 16 
108 22 
108 23 
108 25 
108 27 
108 28 
108 30 
108 31 
108 32 
108 34 
108 35 
108 36 
108 37 
108 40 
108 44 
108 45 
108 48 
108 49 
108 51 
108 53 
108 54 
108 55 
108 58 
108 59 
108 60 
108 66 
108 68 
108 76 
108 79 
108 80 
108 82 
108 91 
108 94 
108 95 
108 96 
108 102 
108 103 
108 105 
108 109 
108 112 
108 128 
108 134 
108 146 
108 150 
108 156 
108 157 
108 158 
108 178 
108 182 
109 2 
109 4 
109 6 
109 11 
109 14 
109 15 
109 21 
109 27 
109 34 
109 37 
109 44 
109 45 
109 57 
109 67 
109 68 
109 71 
109 75 
109 82 
109 92 
109 104 
109 105 
109 109 
109 113 
109 115 
109 119 
109 138 
109 150 
109 158 
109 168 
110 2 
110 6 
110 7 
110 10 
110 11 
110 14 
110 15 
110 17 
110 22 
110 25 
110 31 
110 37 
110 39 
110 44 
110 54 
110 62 
110 105 
110 212 
112 6 
112 44 
112 45 
112 103 
112 120 
112 127 
112 128 
112 130 
112 178 
113 75 
114 158 
115 75 
115 168 
116 14 
116 32 
116 42 
116 45 
116 70 
116 117 
117 2 
117 42 
117 73 
117 83 
117 116 
117 133 
119 2 
119 4 
119 6 
119 27 
119 37 
119 45 
119 57 
119 134 
119 193 
120 130 
121 15 
121 21 
121 32 
121 36 
121 44 
121 70 
121 73 
121 87 
121 98 
121 100 
121 102 
121 133 
122 170 
124 2 
124 6 
124 21 
124 44 
124 45 
125 28 
125 134 
125 158 
129 27 
129 127 
130 27 
130 127 
133 32 
134 40 
135 6 
135 22 
135 26 
135 31 
135 34 
135 36 
135 44 
135 45 
135 109 
135 139 
135 158 
138 168 
140 8 
140 105 
140 156 
141 130 
142 4 
142 14 
142 37 
145 27 
146 2 
146 6 
146 14 
146 15 
146 25 
146 33 
146 36 
146 44 
146 45 
146 70 
146 80 
146 89 
146 108 
146 109 
146 125 
146 134 
147 44 
148 36 
149 4 
149 7 
149 10 
150 104 
150 109 
150 113 
150 115 
153 2 
153 7 
153 10 
153 34 
153 134 
155 44 
156 166 
159 4 
168 44 
168 115 
169 6 
169 14 
172 33 
172 91 
172 125 
172 134 
172 158 
173 4 
173 14 
173 37 
181 4 
181 37 
186 22 
187 4 
187 14 
189 158 
195 139 
203 37 
204 59 
204 91 
