2 7 
2 9 
2 10 
2 16 
2 23 
2 26 
2 28 
2 29 
2 31 
2 34 
2 39 
2 45 
2 103 
2 109 
2 110 
2 133 
2 187 
3 15 
3 19 
3 22 
3 36 
3 37 
3 48 
3 52 
3 60 
3 63 
3 80 
3 87 
3 88 
3 90 
4 14 
4 15 
4 21 
4 22 
4 27 
4 35 
4 37 
4 63 
4 69 
4 74 
4 84 
5 25 
5 28 
5 48 
5 53 
5 95 
5 109 
6 5 
6 7 
6 10 
6 16 
6 23 
6 28 
6 31 
6 45 
6 55 
6 79 
6 97 
6 187 
7 18 
7 26 
7 72 
7 79 
9 26 
9 72 
9 79 
10 18 
11 4 
11 14 
11 15 
11 21 
11 22 
11 25 
11 27 
11 30 
11 36 
11 68 
11 80 
11 87 
11 90 
11 98 
13 22 
13 36 
13 98 
14 3 
14 4 
14 13 
14 15 
14 21 
14 22 
14 27 
14 35 
14 36 
14 37 
14 52 
14 59 
14 68 
14 74 
14 121 
15 3 
15 4 
15 11 
15 13 
15 14 
15 21 
15 22 
15 25 
15 27 
15 30 
15 35 
15 36 
15 37 
15 40 
15 42 
15 48 
15 52 
15 63 
15 68 
15 69 
15 78 
15 80 
15 87 
15 90 
15 98 
16 97 
17 36 
19 116 
21 4 
21 14 
21 15 
21 22 
21 27 
21 35 
21 36 
22 3 
22 4 
22 14 
22 15 
22 21 
22 35 
22 48 
22 52 
22 63 
22 68 
22 69 
22 84 
22 88 
22 90 
22 133 
23 29 
25 116 
26 7 
26 10 
26 33 
26 34 
27 3 
27 4 
27 11 
27 13 
27 14 
27 15 
27 22 
27 29 
27 35 
27 36 
27 37 
27 69 
27 90 
27 98 
27 148 
29 39 
30 4 
30 15 
30 22 
30 27 
30 36 
30 52 
30 60 
30 63 
30 73 
30 84 
30 87 
30 90 
30 98 
30 121 
32 73 
33 28 
33 134 
34 29 
35 14 
35 22 
35 40 
35 82 
36 4 
36 11 
36 13 
36 14 
36 15 
36 22 
36 27 
36 30 
36 35 
36 37 
36 52 
36 69 
36 80 
36 87 
37 15 
39 19 
39 28 
39 34 
40 100 
43 19 
44 4 
44 13 
44 14 
44 15 
44 21 
44 22 
44 27 
44 35 
44 36 
44 37 
44 45 
44 63 
44 109 
44 125 
45 6 
45 16 
45 28 
45 29 
45 31 
45 40 
45 55 
45 58 
45 76 
45 78 
45 79 
45 94 
45 97 
45 103 
45 108 
45 109 
45 112 
45 120 
45 127 
45 136 
47 7 
47 10 
49 4 
49 22 
49 27 
49 28 
49 48 
49 95 
49 96 
49 108 
49 109 
52 84 
58 16 
58 79 
58 97 
60 87 
62 68 
63 22 
63 30 
63 87 
63 117 
68 22 
68 52 
69 3 
69 87 
73 30 
73 36 
73 87 
73 98 
73 121 
74 4 
76 16 
76 31 
76 45 
76 58 
79 16 
79 97 
80 11 
80 36 
80 98 
82 35 
82 53 
84 22 
84 83 
86 90 
87 4 
87 21 
87 30 
87 63 
87 69 
87 86 
88 3 
88 22 
88 90 
92 109 
93 28 
93 33 
97 16 
98 13 
99 165 
101 97 
105 2 
105 7 
105 8 
105 9 
105 10 
105 21 
105 23 
105 26 
105 28 
105 29 
105 31 
105 34 
105 35 
105 39 
105 45 
105 99 
105 103 
105 109 
107 5 
107 25 
107 33 
107 48 
107 49 
107 95 
108 66 
109 119 
109 138 
109 168 
114 5 
114 7 
114 9 
114 28 
114 33 
114 49 
114 96 
114 109 
117 63 
117 72 
117 100 
121 30 
121 73 
133 19 
134 28 
138 168 
158 28 
172 19 
172 28 
