2 105 
3 15 
3 22 
3 88 
4 2 
4 3 
4 5 
4 6 
4 7 
4 9 
4 11 
4 13 
4 14 
4 15 
4 22 
4 25 
4 27 
4 30 
4 31 
4 32 
4 34 
4 35 
4 36 
4 37 
4 42 
4 44 
4 45 
4 49 
4 68 
4 69 
4 70 
4 73 
4 74 
4 80 
4 84 
4 86 
4 87 
4 98 
4 105 
4 117 
5 3 
5 4 
5 6 
5 14 
5 15 
5 23 
5 27 
5 35 
5 37 
5 49 
6 17 
6 45 
7 22 
7 26 
7 27 
7 44 
7 170 
9 22 
9 26 
9 27 
9 44 
9 170 
14 3 
14 4 
14 6 
14 7 
14 9 
14 10 
14 11 
14 13 
14 15 
14 21 
14 22 
14 23 
14 27 
14 30 
14 31 
14 32 
14 34 
14 35 
14 36 
14 37 
14 39 
14 44 
14 45 
14 57 
14 59 
14 67 
14 68 
14 70 
14 74 
14 78 
14 80 
14 82 
14 98 
14 105 
14 150 
14 156 
14 158 
15 3 
15 4 
15 13 
15 14 
15 21 
15 22 
15 27 
15 30 
15 35 
15 36 
15 37 
15 44 
15 63 
15 68 
15 74 
15 84 
15 158 
16 3 
16 97 
17 4 
17 6 
17 22 
17 27 
17 44 
17 110 
17 134 
18 2 
18 3 
18 4 
18 5 
18 6 
18 7 
18 9 
18 13 
18 15 
18 17 
18 18 
18 22 
18 23 
18 25 
18 26 
18 27 
18 31 
18 34 
18 35 
18 37 
18 39 
18 44 
18 45 
18 55 
18 63 
18 76 
18 105 
18 110 
18 165 
19 134 
22 4 
22 14 
22 15 
22 21 
22 60 
22 63 
22 68 
22 88 
22 98 
23 7 
23 8 
23 27 
23 31 
25 125 
25 134 
25 158 
26 4 
26 15 
26 29 
26 34 
26 39 
26 105 
27 3 
27 4 
27 6 
27 11 
27 14 
27 15 
27 19 
27 21 
27 22 
27 30 
27 31 
27 34 
27 35 
27 37 
27 44 
27 45 
27 68 
27 70 
27 113 
27 127 
27 134 
29 4 
29 25 
29 26 
29 27 
29 39 
29 45 
30 44 
30 63 
30 88 
30 121 
33 110 
34 2 
34 105 
34 110 
35 14 
35 22 
35 27 
35 36 
35 78 
35 82 
36 80 
37 3 
37 4 
37 7 
37 10 
37 14 
37 15 
37 22 
37 25 
37 34 
37 35 
37 36 
37 45 
40 19 
40 117 
43 19 
43 113 
43 158 
44 4 
44 11 
44 13 
44 14 
44 15 
44 21 
44 27 
44 35 
44 37 
44 52 
44 62 
44 80 
44 102 
44 110 
44 113 
44 134 
45 2 
45 3 
45 4 
45 6 
45 11 
45 13 
45 15 
45 23 
45 27 
45 34 
45 36 
45 37 
45 44 
45 80 
45 102 
45 105 
45 116 
45 158 
47 4 
47 14 
47 18 
47 26 
47 27 
47 34 
47 37 
47 44 
47 45 
49 26 
52 84 
54 4 
54 6 
54 7 
54 9 
54 14 
54 15 
54 18 
54 22 
54 23 
54 26 
54 27 
54 35 
54 39 
54 40 
54 44 
54 116 
55 4 
55 6 
55 14 
55 15 
55 22 
55 23 
55 27 
55 34 
55 35 
55 37 
55 40 
55 45 
57 4 
57 14 
57 15 
57 22 
57 27 
57 35 
58 4 
58 15 
58 16 
58 22 
58 23 
58 27 
58 44 
58 45 
59 4 
59 5 
59 6 
59 7 
59 9 
59 14 
59 15 
59 17 
59 18 
59 22 
59 23 
59 26 
59 27 
59 30 
59 32 
59 34 
59 35 
59 37 
59 40 
59 42 
59 44 
59 45 
59 51 
59 60 
59 68 
59 76 
59 83 
59 87 
59 91 
59 98 
59 116 
59 117 
59 121 
61 4 
61 14 
61 27 
63 3 
64 4 
64 23 
64 116 
65 4 
65 6 
65 14 
65 15 
65 17 
65 22 
65 26 
65 27 
65 35 
65 36 
65 37 
65 45 
65 55 
65 76 
65 80 
66 2 
66 4 
66 6 
66 13 
66 14 
66 15 
66 17 
66 18 
66 22 
66 23 
66 25 
66 26 
66 27 
66 31 
66 34 
66 35 
66 36 
66 37 
66 40 
66 44 
66 45 
66 49 
66 55 
66 76 
66 80 
66 82 
66 108 
66 109 
66 116 
69 52 
71 35 
71 92 
73 121 
74 15 
74 27 
76 3 
76 4 
76 6 
76 14 
76 22 
76 45 
76 105 
79 3 
79 4 
79 6 
79 14 
79 15 
79 16 
79 58 
79 97 
80 35 
80 36 
81 4 
81 27 
81 35 
84 22 
84 52 
85 4 
85 14 
85 22 
85 23 
85 27 
85 35 
85 82 
85 109 
89 158 
92 4 
92 15 
92 17 
92 22 
92 27 
92 35 
92 45 
92 71 
92 159 
94 4 
94 6 
94 14 
94 15 
94 18 
94 22 
94 23 
94 27 
94 35 
94 37 
94 44 
94 45 
94 49 
94 51 
94 55 
94 60 
94 109 
95 2 
95 6 
95 11 
95 15 
95 27 
95 37 
95 49 
96 27 
97 45 
98 42 
98 121 
99 2 
99 105 
100 42 
101 16 
101 37 
101 45 
101 97 
103 4 
103 6 
103 14 
103 37 
104 4 
104 6 
104 14 
104 15 
104 23 
104 26 
104 27 
104 30 
104 34 
104 35 
104 37 
104 40 
104 45 
104 109 
105 14 
105 165 
106 2 
106 4 
106 6 
106 7 
106 9 
106 15 
106 18 
106 26 
106 27 
106 29 
106 31 
106 34 
106 39 
106 44 
106 45 
106 105 
108 2 
108 3 
108 4 
108 6 
108 11 
108 13 
108 14 
108 15 
108 22 
108 27 
108 30 
108 32 
108 34 
108 35 
108 36 
108 37 
108 40 
108 44 
108 45 
108 49 
108 55 
108 80 
108 109 
109 115 
109 168 
110 15 
110 134 
112 4 
112 14 
112 22 
112 23 
112 27 
112 45 
112 109 
113 4 
113 6 
113 15 
113 22 
113 26 
113 27 
113 35 
113 45 
119 2 
119 4 
119 6 
119 7 
119 9 
119 14 
119 15 
119 17 
119 18 
119 19 
119 22 
119 23 
119 26 
119 27 
119 29 
119 31 
119 32 
119 34 
119 35 
119 37 
119 39 
119 40 
119 44 
119 45 
119 51 
119 60 
119 68 
119 86 
119 87 
119 90 
119 98 
119 105 
119 110 
119 116 
119 117 
119 121 
124 4 
124 6 
124 7 
124 9 
124 14 
124 15 
124 22 
124 26 
124 27 
124 29 
124 32 
124 34 
124 35 
124 37 
124 40 
124 42 
124 44 
124 45 
124 116 
124 117 
126 4 
126 6 
126 15 
126 27 
126 30 
126 32 
126 35 
126 89 
130 35 
136 22 
142 4 
142 14 
142 27 
142 35 
142 92 
145 4 
145 6 
145 7 
145 9 
145 14 
145 15 
145 27 
145 35 
145 80 
152 27 
160 15 
160 45 
162 15 
162 18 
162 23 
162 26 
162 34 
165 35 
166 2 
166 15 
166 18 
166 26 
166 27 
166 34 
166 105 
171 4 
171 14 
171 22 
171 130 
173 4 
173 6 
173 7 
173 9 
173 14 
173 15 
173 22 
173 25 
173 26 
173 27 
173 30 
173 32 
173 35 
173 40 
173 45 
173 117 
183 14 
183 27 
184 15 
184 22 
184 27 
184 35 
184 45 
185 4 
185 15 
185 27 
185 35 
197 35 
