2 2 
2 7 
2 10 
2 17 
2 18 
2 23 
2 26 
2 29 
2 31 
2 34 
2 39 
2 99 
2 105 
2 110 
2 156 
2 166 
3 6 
3 15 
3 22 
3 27 
3 30 
3 37 
3 51 
3 63 
3 68 
3 69 
3 70 
3 84 
3 86 
3 87 
3 88 
3 102 
3 148 
4 2 
4 11 
4 14 
4 15 
4 27 
4 30 
4 34 
4 36 
4 44 
4 53 
4 57 
4 58 
4 59 
4 68 
4 74 
4 80 
4 84 
4 88 
4 119 
4 130 
4 173 
5 6 
5 23 
5 45 
5 53 
5 95 
5 103 
5 130 
5 180 
5 193 
6 6 
6 7 
6 10 
6 29 
6 45 
6 49 
6 60 
6 112 
6 119 
6 128 
6 178 
7 2 
7 3 
7 4 
7 5 
7 6 
7 11 
7 13 
7 14 
7 15 
7 16 
7 17 
7 18 
7 21 
7 22 
7 23 
7 25 
7 26 
7 27 
7 28 
7 29 
7 30 
7 31 
7 32 
7 33 
7 34 
7 35 
7 36 
7 37 
7 39 
7 42 
7 44 
7 45 
7 48 
7 49 
7 51 
7 52 
7 54 
7 55 
7 57 
7 58 
7 59 
7 60 
7 62 
7 63 
7 66 
7 69 
7 70 
7 71 
7 72 
7 73 
7 75 
7 77 
7 78 
7 79 
7 80 
7 82 
7 83 
7 84 
7 86 
7 87 
7 88 
7 90 
7 91 
7 92 
7 94 
7 95 
7 96 
7 97 
7 98 
7 99 
7 100 
7 102 
7 103 
7 104 
7 105 
7 108 
7 109 
7 110 
7 112 
7 113 
7 115 
7 117 
7 118 
7 119 
7 121 
7 125 
7 130 
7 134 
7 146 
7 148 
7 150 
7 155 
7 157 
7 158 
7 170 
7 173 
7 180 
7 181 
7 182 
7 187 
7 193 
7 212 
7 213 
8 2 
8 18 
8 26 
8 29 
8 34 
8 57 
8 92 
8 103 
8 109 
8 119 
8 140 
8 173 
8 182 
8 193 
9 2 
9 3 
9 4 
9 5 
9 6 
9 8 
9 9 
9 10 
9 11 
9 13 
9 14 
9 15 
9 16 
9 17 
9 18 
9 21 
9 22 
9 23 
9 25 
9 26 
9 27 
9 28 
9 29 
9 30 
9 31 
9 32 
9 33 
9 34 
9 35 
9 36 
9 37 
9 39 
9 42 
9 44 
9 45 
9 48 
9 49 
9 51 
9 52 
9 54 
9 55 
9 57 
9 58 
9 59 
9 60 
9 62 
9 63 
9 66 
9 69 
9 70 
9 71 
9 72 
9 73 
9 75 
9 77 
9 78 
9 79 
9 80 
9 82 
9 83 
9 84 
9 86 
9 87 
9 88 
9 90 
9 91 
9 92 
9 94 
9 95 
9 96 
9 97 
9 98 
9 99 
9 100 
9 102 
9 103 
9 104 
9 105 
9 108 
9 109 
9 110 
9 112 
9 113 
9 115 
9 117 
9 118 
9 119 
9 121 
9 125 
9 130 
9 134 
9 146 
9 148 
9 150 
9 157 
9 158 
9 170 
9 173 
9 180 
9 181 
9 187 
9 193 
9 212 
9 213 
10 2 
10 6 
10 9 
10 18 
10 23 
10 39 
10 99 
10 155 
11 13 
11 15 
11 23 
11 27 
11 30 
11 36 
11 80 
11 102 
11 193 
12 2 
12 6 
12 25 
12 32 
12 36 
12 37 
12 60 
12 62 
12 68 
12 71 
12 78 
12 80 
12 84 
12 89 
12 113 
12 117 
12 125 
12 146 
12 158 
12 168 
12 181 
13 68 
13 73 
13 96 
13 98 
13 121 
14 3 
14 4 
14 5 
14 6 
14 7 
14 9 
14 10 
14 11 
14 13 
14 15 
14 21 
14 22 
14 23 
14 25 
14 27 
14 28 
14 30 
14 31 
14 34 
14 35 
14 36 
14 37 
14 39 
14 40 
14 44 
14 45 
14 49 
14 51 
14 52 
14 53 
14 54 
14 55 
14 57 
14 59 
14 62 
14 63 
14 74 
14 78 
14 80 
14 82 
14 84 
14 87 
14 88 
14 96 
14 104 
14 109 
14 134 
14 150 
14 156 
14 157 
14 166 
14 170 
14 173 
14 182 
14 213 
15 2 
15 3 
15 4 
15 6 
15 11 
15 13 
15 14 
15 17 
15 21 
15 22 
15 23 
15 26 
15 27 
15 30 
15 31 
15 32 
15 34 
15 35 
15 36 
15 37 
15 40 
15 44 
15 51 
15 52 
15 55 
15 58 
15 60 
15 62 
15 63 
15 68 
15 69 
15 73 
15 74 
15 77 
15 80 
15 82 
15 83 
15 84 
15 86 
15 87 
15 88 
15 96 
15 98 
15 100 
15 102 
15 105 
15 109 
15 119 
15 121 
15 130 
15 148 
15 158 
15 193 
15 212 
16 45 
16 58 
16 97 
16 136 
17 15 
17 29 
17 34 
17 44 
17 45 
17 80 
17 113 
17 116 
17 120 
17 155 
17 158 
17 193 
17 212 
18 59 
18 119 
18 180 
18 193 
19 2 
19 4 
19 6 
19 11 
19 15 
19 23 
19 25 
19 27 
19 28 
19 29 
19 32 
19 34 
19 36 
19 42 
19 44 
19 45 
19 59 
19 72 
19 84 
19 100 
19 105 
19 113 
19 117 
19 125 
19 134 
19 146 
19 158 
20 40 
20 52 
21 15 
21 27 
21 44 
21 51 
22 2 
22 3 
22 4 
22 5 
22 6 
22 7 
22 8 
22 9 
22 10 
22 11 
22 13 
22 14 
22 15 
22 16 
22 17 
22 18 
22 21 
22 23 
22 25 
22 26 
22 27 
22 28 
22 29 
22 30 
22 31 
22 32 
22 33 
22 34 
22 35 
22 36 
22 37 
22 39 
22 40 
22 42 
22 44 
22 45 
22 48 
22 49 
22 51 
22 52 
22 53 
22 54 
22 55 
22 57 
22 58 
22 59 
22 60 
22 62 
22 63 
22 66 
22 67 
22 68 
22 69 
22 70 
22 71 
22 73 
22 74 
22 76 
22 77 
22 78 
22 79 
22 80 
22 82 
22 83 
22 84 
22 86 
22 87 
22 88 
22 90 
22 91 
22 92 
22 94 
22 96 
22 97 
22 98 
22 99 
22 100 
22 102 
22 104 
22 105 
22 108 
22 109 
22 110 
22 113 
22 115 
22 116 
22 117 
22 118 
22 119 
22 120 
22 121 
22 125 
22 127 
22 130 
22 134 
22 146 
22 148 
22 150 
22 156 
22 157 
22 158 
22 159 
22 166 
22 170 
22 173 
22 180 
22 181 
22 182 
22 187 
22 193 
22 212 
22 213 
23 7 
23 9 
23 10 
23 14 
23 18 
23 26 
23 34 
23 37 
23 82 
23 115 
23 213 
24 72 
25 2 
25 6 
25 14 
25 15 
25 36 
25 44 
25 45 
25 80 
25 118 
25 119 
25 125 
25 146 
25 158 
25 173 
25 193 
26 7 
26 8 
26 18 
26 34 
26 39 
26 54 
26 113 
26 193 
26 212 
27 3 
27 4 
27 11 
27 13 
27 14 
27 15 
27 22 
27 26 
27 30 
27 31 
27 35 
27 36 
27 37 
27 39 
27 44 
27 45 
27 52 
27 53 
27 57 
27 60 
27 68 
27 73 
27 74 
27 80 
27 82 
27 84 
27 88 
27 102 
27 119 
27 121 
27 127 
27 130 
27 173 
27 187 
27 193 
28 44 
29 39 
29 134 
29 158 
30 6 
30 11 
30 14 
30 21 
30 32 
30 36 
30 37 
30 44 
30 45 
30 52 
30 60 
30 63 
30 68 
30 69 
30 73 
30 84 
30 87 
30 102 
30 117 
30 121 
31 21 
31 26 
32 70 
32 82 
32 88 
32 100 
32 117 
33 25 
33 67 
33 109 
33 125 
33 134 
33 146 
33 157 
33 158 
33 213 
34 7 
34 8 
34 17 
34 18 
34 26 
34 31 
34 37 
34 57 
34 99 
34 110 
34 119 
34 139 
34 173 
34 193 
34 212 
34 213 
35 2 
35 3 
35 4 
35 5 
35 6 
35 7 
35 8 
35 9 
35 10 
35 11 
35 13 
35 14 
35 15 
35 16 
35 21 
35 22 
35 23 
35 25 
35 26 
35 27 
35 30 
35 31 
35 32 
35 33 
35 36 
35 37 
35 39 
35 40 
35 44 
35 45 
35 48 
35 53 
35 55 
35 58 
35 59 
35 62 
35 63 
35 68 
35 69 
35 70 
35 71 
35 73 
35 74 
35 76 
35 78 
35 80 
35 82 
35 84 
35 86 
35 88 
35 90 
35 94 
35 97 
35 102 
35 105 
35 109 
35 121 
35 125 
35 127 
35 134 
35 146 
35 148 
35 150 
35 156 
35 158 
35 182 
36 4 
36 11 
36 13 
36 27 
36 32 
36 80 
36 98 
36 102 
36 121 
37 3 
37 4 
37 6 
37 14 
37 15 
37 22 
37 23 
37 26 
37 27 
37 29 
37 30 
37 31 
37 32 
37 34 
37 35 
37 39 
37 45 
37 49 
37 51 
37 55 
37 60 
37 70 
37 74 
37 77 
37 80 
37 82 
37 109 
37 125 
37 212 
38 32 
39 2 
39 6 
39 14 
39 15 
39 18 
39 23 
39 26 
39 28 
39 34 
39 36 
39 39 
39 44 
39 99 
39 105 
39 113 
39 125 
39 150 
40 2 
40 3 
40 4 
40 6 
40 7 
40 10 
40 11 
40 13 
40 14 
40 15 
40 21 
40 22 
40 23 
40 25 
40 26 
40 27 
40 31 
40 32 
40 33 
40 34 
40 36 
40 37 
40 42 
40 44 
40 45 
40 48 
40 52 
40 53 
40 58 
40 60 
40 68 
40 70 
40 72 
40 76 
40 80 
40 84 
40 88 
40 90 
40 100 
40 102 
40 105 
40 108 
40 109 
40 113 
40 125 
40 133 
40 134 
40 146 
40 157 
40 158 
40 173 
40 180 
40 182 
40 187 
40 193 
41 32 
42 4 
42 6 
42 15 
42 32 
42 37 
42 70 
42 72 
42 73 
42 83 
42 98 
42 100 
42 117 
42 121 
42 133 
43 2 
43 17 
43 22 
43 25 
43 26 
43 33 
43 44 
43 54 
43 57 
43 59 
43 67 
43 71 
43 75 
43 78 
43 92 
43 104 
43 105 
43 113 
43 125 
43 134 
43 146 
43 150 
43 158 
43 170 
43 173 
43 180 
43 181 
43 187 
43 193 
43 212 
43 213 
44 3 
44 4 
44 6 
44 7 
44 9 
44 13 
44 14 
44 15 
44 18 
44 21 
44 22 
44 26 
44 27 
44 28 
44 30 
44 31 
44 34 
44 35 
44 36 
44 37 
44 39 
44 45 
44 54 
44 62 
44 63 
44 71 
44 80 
44 82 
44 102 
44 104 
44 113 
44 119 
44 125 
44 128 
44 150 
44 193 
45 2 
45 4 
45 5 
45 6 
45 7 
45 8 
45 9 
45 10 
45 15 
45 16 
45 17 
45 18 
45 22 
45 23 
45 25 
45 26 
45 27 
45 28 
45 29 
45 30 
45 31 
45 33 
45 34 
45 35 
45 39 
45 44 
45 49 
45 55 
45 58 
45 60 
45 66 
45 68 
45 70 
45 71 
45 76 
45 78 
45 79 
45 82 
45 94 
45 95 
45 97 
45 99 
45 102 
45 103 
45 105 
45 108 
45 109 
45 110 
45 112 
45 119 
45 120 
45 125 
45 127 
45 128 
45 130 
45 134 
45 136 
45 146 
45 150 
45 156 
45 158 
45 173 
45 178 
45 182 
45 187 
46 32 
46 42 
46 83 
46 117 
46 121 
49 5 
49 7 
49 10 
49 44 
49 55 
49 94 
49 95 
49 96 
49 99 
49 130 
49 150 
51 60 
51 77 
51 86 
51 88 
52 3 
52 6 
52 15 
52 22 
52 30 
52 32 
52 45 
52 48 
52 51 
52 68 
52 70 
52 73 
52 84 
52 86 
52 105 
54 57 
54 118 
55 23 
55 27 
55 45 
55 66 
55 103 
58 79 
59 170 
59 180 
60 22 
60 51 
60 77 
60 88 
63 3 
63 14 
63 15 
63 30 
63 44 
63 52 
63 69 
63 73 
63 84 
63 87 
63 100 
68 2 
68 3 
68 4 
68 5 
68 6 
68 13 
68 14 
68 15 
68 22 
68 23 
68 25 
68 26 
68 27 
68 30 
68 32 
68 35 
68 36 
68 40 
68 42 
68 44 
68 45 
68 48 
68 52 
68 58 
68 59 
68 60 
68 62 
68 63 
68 67 
68 69 
68 70 
68 73 
68 80 
68 82 
68 83 
68 84 
68 86 
68 88 
68 90 
68 98 
68 104 
68 105 
68 109 
68 121 
69 2 
69 3 
69 13 
69 15 
69 25 
69 30 
69 37 
69 51 
69 63 
69 68 
69 73 
69 84 
69 86 
69 87 
69 88 
69 98 
69 100 
70 2 
70 3 
70 4 
70 6 
70 14 
70 15 
70 17 
70 21 
70 23 
70 27 
70 29 
70 31 
70 32 
70 40 
70 42 
70 44 
70 45 
70 51 
70 60 
70 68 
70 76 
70 80 
70 82 
70 105 
70 133 
70 187 
71 75 
71 92 
71 113 
72 32 
73 30 
73 98 
73 121 
74 4 
74 14 
75 168 
76 5 
76 6 
76 7 
76 9 
76 10 
76 16 
76 23 
76 34 
76 35 
76 44 
76 45 
76 95 
76 97 
76 136 
76 158 
78 4 
78 6 
78 14 
78 23 
78 31 
78 32 
78 35 
78 40 
78 44 
78 119 
78 170 
78 187 
80 11 
80 35 
81 16 
81 58 
81 103 
82 2 
82 3 
82 4 
82 6 
82 7 
82 8 
82 9 
82 11 
82 13 
82 14 
82 15 
82 21 
82 22 
82 23 
82 25 
82 26 
82 27 
82 30 
82 31 
82 32 
82 33 
82 35 
82 36 
82 37 
82 39 
82 44 
82 53 
82 60 
82 73 
82 74 
82 78 
82 80 
82 87 
82 88 
82 98 
82 102 
82 105 
82 109 
82 117 
82 140 
83 3 
83 32 
83 84 
83 98 
83 117 
84 22 
84 68 
84 69 
84 83 
86 22 
86 51 
86 69 
86 77 
86 90 
87 3 
87 30 
87 44 
87 63 
87 69 
87 86 
88 22 
88 27 
88 48 
88 51 
88 52 
88 60 
88 69 
88 77 
88 84 
89 2 
89 4 
89 6 
89 11 
89 14 
89 15 
89 25 
89 26 
89 27 
89 33 
89 36 
89 44 
89 45 
89 63 
89 69 
89 80 
89 94 
89 105 
89 125 
89 134 
89 146 
89 158 
89 213 
90 51 
90 60 
90 77 
90 86 
91 4 
91 6 
91 14 
91 22 
91 36 
91 59 
91 76 
91 78 
91 119 
91 146 
91 158 
91 182 
91 213 
93 17 
93 21 
93 28 
93 33 
93 48 
93 58 
93 66 
93 76 
93 77 
93 89 
93 100 
93 116 
93 127 
93 146 
93 157 
93 180 
93 213 
96 2 
96 5 
96 7 
96 10 
96 14 
96 15 
96 16 
96 23 
96 26 
96 27 
96 30 
96 31 
96 32 
96 45 
96 49 
96 55 
96 58 
96 66 
96 76 
96 79 
96 94 
96 97 
96 100 
96 103 
96 108 
96 112 
96 117 
96 119 
97 45 
98 3 
98 13 
98 73 
98 121 
99 165 
99 166 
101 16 
101 45 
101 58 
101 79 
101 97 
105 2 
105 23 
105 31 
105 39 
105 99 
108 5 
108 55 
108 66 
108 94 
108 95 
109 2 
109 57 
109 67 
109 71 
109 75 
109 92 
109 104 
109 113 
109 115 
109 119 
109 138 
109 150 
109 168 
110 2 
110 212 
112 128 
112 178 
113 75 
116 14 
116 32 
116 45 
119 6 
119 157 
119 170 
119 173 
119 180 
120 130 
121 30 
121 73 
121 98 
122 170 
122 193 
124 6 
124 45 
124 80 
124 157 
124 180 
125 33 
125 35 
125 40 
125 113 
125 134 
125 146 
125 158 
129 119 
133 32 
134 33 
134 146 
134 158 
138 168 
142 57 
145 193 
146 6 
146 25 
146 32 
146 33 
146 45 
146 70 
146 84 
146 109 
146 158 
148 91 
150 104 
155 17 
156 166 
159 181 
163 39 
169 6 
169 14 
169 40 
169 157 
172 125 
172 134 
173 119 
173 170 
173 180 
186 158 
187 4 
187 6 
187 14 
187 193 
187 213 
194 193 
196 193 
203 37 
204 59 
