1 6 
2 26 
2 29 
2 34 
2 39 
2 40 
2 45 
2 158 
3 22 
3 37 
4 14 
4 27 
4 74 
7 124 
9 8 
9 124 
12 158 
14 4 
14 19 
14 22 
14 25 
14 35 
14 37 
14 74 
15 14 
15 26 
15 27 
15 32 
15 37 
15 82 
17 28 
17 125 
17 155 
17 158 
17 190 
17 212 
18 26 
19 125 
19 158 
22 14 
22 37 
26 39 
27 4 
27 14 
27 18 
27 32 
27 74 
28 125 
28 134 
28 158 
30 22 
33 134 
33 158 
35 14 
35 22 
35 78 
35 82 
37 3 
37 15 
42 116 
43 125 
43 158 
44 37 
44 112 
45 6 
45 29 
45 67 
45 76 
45 109 
45 124 
45 127 
45 130 
52 48 
63 18 
63 88 
63 116 
67 134 
68 22 
68 35 
68 48 
68 90 
69 14 
69 22 
69 60 
82 35 
84 60 
84 68 
86 51 
86 77 
87 48 
89 33 
89 146 
89 158 
92 113 
92 159 
93 33 
93 89 
93 124 
96 14 
98 117 
100 158 
105 23 
105 26 
105 45 
109 39 
109 71 
109 138 
109 150 
109 168 
111 33 
111 146 
111 158 
121 42 
122 157 
124 28 
125 33 
125 158 
132 124 
134 158 
143 33 
143 125 
146 33 
146 158 
152 115 
153 26 
154 115 
154 138 
169 124 
170 119 
170 173 
172 33 
172 158 
176 33 
176 125 
176 158 
196 124 
