2 28 
3 14 
3 15 
3 22 
3 86 
4 14 
4 15 
4 27 
4 30 
4 36 
4 37 
4 74 
5 23 
5 45 
5 49 
6 45 
7 2 
7 23 
7 28 
7 34 
7 35 
7 112 
8 34 
9 2 
9 10 
9 23 
9 28 
9 35 
9 112 
10 23 
11 15 
11 22 
11 68 
14 4 
14 15 
14 22 
14 27 
14 35 
14 44 
14 45 
14 54 
15 3 
15 4 
15 11 
15 14 
15 22 
15 27 
15 30 
15 36 
15 44 
15 45 
16 23 
17 23 
17 44 
17 193 
18 7 
18 10 
18 15 
18 26 
18 28 
18 31 
18 34 
18 54 
18 67 
18 193 
21 4 
21 11 
21 14 
21 44 
22 3 
22 4 
22 14 
22 15 
22 27 
22 35 
22 44 
22 48 
22 68 
22 148 
23 7 
23 10 
24 19 
25 28 
26 2 
26 23 
26 28 
26 33 
26 39 
26 60 
26 105 
27 4 
27 11 
27 14 
27 15 
27 21 
27 22 
27 23 
27 45 
29 28 
30 4 
30 11 
30 44 
30 87 
31 23 
32 11 
32 23 
32 70 
32 117 
33 28 
34 28 
35 4 
35 14 
35 22 
35 23 
35 27 
35 82 
35 150 
36 4 
36 11 
36 15 
37 5 
39 23 
39 28 
40 52 
41 19 
42 23 
42 27 
44 4 
44 11 
44 14 
44 15 
44 21 
44 22 
44 27 
44 36 
44 40 
44 62 
44 150 
45 6 
45 15 
45 22 
45 23 
45 28 
45 35 
45 54 
45 76 
45 120 
49 23 
49 96 
51 3 
51 86 
52 4 
52 40 
58 23 
59 170 
60 88 
63 15 
63 87 
64 23 
68 14 
69 84 
70 146 
71 23 
76 23 
80 11 
80 36 
82 35 
84 27 
84 40 
84 52 
86 3 
89 40 
91 4 
93 19 
93 27 
93 28 
93 33 
93 35 
93 66 
95 23 
95 66 
95 108 
96 23 
105 28 
106 26 
106 28 
108 23 
109 150 
114 5 
114 76 
119 27 
119 170 
125 28 
134 28 
158 28 
172 28 
173 170 
181 159 
