2 4 
2 7 
2 8 
2 18 
2 26 
2 34 
2 99 
2 105 
2 110 
2 125 
2 150 
2 156 
2 166 
2 212 
3 4 
3 11 
3 14 
3 15 
3 22 
3 27 
3 30 
3 32 
3 35 
3 37 
3 44 
3 52 
3 60 
3 63 
3 68 
3 69 
3 80 
3 82 
3 84 
3 86 
3 87 
3 88 
3 102 
3 125 
4 2 
4 3 
4 5 
4 6 
4 7 
4 8 
4 9 
4 10 
4 11 
4 13 
4 14 
4 15 
4 16 
4 17 
4 18 
4 21 
4 22 
4 23 
4 25 
4 26 
4 27 
4 28 
4 29 
4 30 
4 31 
4 32 
4 33 
4 34 
4 35 
4 36 
4 37 
4 39 
4 40 
4 42 
4 44 
4 45 
4 48 
4 49 
4 51 
4 52 
4 53 
4 55 
4 57 
4 58 
4 59 
4 60 
4 62 
4 63 
4 66 
4 68 
4 69 
4 70 
4 71 
4 72 
4 73 
4 74 
4 76 
4 77 
4 78 
4 80 
4 82 
4 83 
4 84 
4 86 
4 87 
4 88 
4 90 
4 91 
4 94 
4 95 
4 96 
4 98 
4 99 
4 102 
4 103 
4 104 
4 105 
4 108 
4 109 
4 110 
4 112 
4 117 
4 119 
4 121 
4 125 
4 128 
4 130 
4 133 
4 134 
4 146 
4 148 
4 150 
4 155 
4 156 
4 158 
4 173 
4 178 
4 180 
4 182 
4 187 
4 193 
4 212 
5 6 
5 29 
5 44 
5 79 
5 97 
5 146 
5 168 
5 180 
6 2 
6 4 
6 5 
6 6 
6 7 
6 8 
6 9 
6 10 
6 14 
6 16 
6 18 
6 23 
6 25 
6 26 
6 29 
6 31 
6 33 
6 34 
6 39 
6 45 
6 55 
6 58 
6 59 
6 66 
6 76 
6 79 
6 94 
6 96 
6 97 
6 99 
6 102 
6 103 
6 105 
6 108 
6 109 
6 112 
6 113 
6 120 
6 125 
6 127 
6 128 
6 134 
6 136 
6 139 
6 146 
6 158 
6 178 
6 182 
7 2 
7 6 
7 14 
7 17 
7 18 
7 21 
7 23 
7 26 
7 28 
7 29 
7 31 
7 32 
7 33 
7 34 
7 35 
7 39 
7 44 
7 45 
7 60 
7 76 
7 82 
7 87 
7 94 
7 96 
7 105 
7 109 
7 125 
7 139 
7 155 
7 156 
7 158 
7 193 
8 26 
8 139 
8 140 
9 2 
9 6 
9 8 
9 14 
9 17 
9 18 
9 21 
9 23 
9 26 
9 28 
9 29 
9 31 
9 32 
9 33 
9 34 
9 35 
9 39 
9 44 
9 45 
9 60 
9 76 
9 82 
9 87 
9 94 
9 96 
9 105 
9 125 
9 156 
9 158 
9 193 
10 2 
10 6 
10 8 
10 26 
10 34 
10 45 
10 96 
10 109 
10 140 
10 155 
11 3 
11 4 
11 5 
11 13 
11 14 
11 15 
11 21 
11 22 
11 26 
11 27 
11 29 
11 32 
11 34 
11 35 
11 36 
11 44 
11 52 
11 59 
11 68 
11 74 
11 77 
11 80 
11 92 
11 98 
11 102 
11 103 
11 109 
11 113 
11 119 
11 127 
11 128 
11 136 
11 148 
11 193 
11 212 
12 2 
12 6 
12 14 
12 22 
12 23 
12 27 
12 28 
12 29 
12 33 
12 39 
12 40 
12 78 
12 89 
12 91 
12 109 
12 125 
12 134 
12 146 
12 158 
12 187 
12 213 
13 4 
13 6 
13 7 
13 10 
13 11 
13 23 
13 27 
13 32 
13 35 
13 36 
13 68 
13 80 
13 98 
13 102 
13 121 
14 3 
14 4 
14 5 
14 6 
14 7 
14 8 
14 9 
14 10 
14 11 
14 13 
14 15 
14 17 
14 21 
14 22 
14 23 
14 25 
14 26 
14 27 
14 29 
14 30 
14 31 
14 32 
14 33 
14 34 
14 35 
14 36 
14 37 
14 39 
14 44 
14 45 
14 52 
14 57 
14 59 
14 60 
14 62 
14 63 
14 68 
14 69 
14 73 
14 74 
14 78 
14 82 
14 84 
14 87 
14 88 
14 96 
14 102 
14 103 
14 104 
14 109 
14 112 
14 119 
14 121 
14 125 
14 128 
14 134 
14 146 
14 148 
14 156 
14 157 
14 158 
14 170 
14 173 
14 178 
14 180 
14 182 
14 187 
14 193 
14 212 
15 2 
15 3 
15 4 
15 5 
15 6 
15 7 
15 9 
15 10 
15 11 
15 13 
15 14 
15 16 
15 18 
15 21 
15 22 
15 23 
15 25 
15 26 
15 27 
15 29 
15 30 
15 32 
15 33 
15 34 
15 35 
15 36 
15 37 
15 39 
15 40 
15 42 
15 44 
15 45 
15 48 
15 51 
15 52 
15 60 
15 62 
15 63 
15 68 
15 69 
15 72 
15 73 
15 74 
15 76 
15 77 
15 78 
15 80 
15 82 
15 83 
15 84 
15 86 
15 87 
15 88 
15 90 
15 94 
15 96 
15 97 
15 98 
15 100 
15 105 
15 108 
15 109 
15 117 
15 121 
15 125 
15 134 
15 148 
15 156 
15 158 
15 168 
15 182 
15 193 
15 212 
16 97 
16 136 
17 2 
17 6 
17 7 
17 8 
17 9 
17 10 
17 14 
17 21 
17 26 
17 29 
17 33 
17 34 
17 44 
17 45 
17 71 
17 99 
17 105 
17 109 
17 110 
17 125 
17 134 
17 155 
17 158 
17 182 
17 212 
18 6 
18 17 
18 23 
18 34 
21 4 
21 14 
21 27 
21 29 
21 44 
21 45 
21 68 
21 82 
21 148 
22 3 
22 4 
22 7 
22 9 
22 11 
22 14 
22 15 
22 21 
22 23 
22 25 
22 27 
22 30 
22 31 
22 35 
22 36 
22 37 
22 44 
22 45 
22 48 
22 60 
22 62 
22 63 
22 67 
22 68 
22 71 
22 73 
22 74 
22 77 
22 82 
22 84 
22 87 
22 88 
22 121 
22 133 
22 148 
22 187 
23 2 
23 6 
23 7 
23 8 
23 9 
23 10 
23 15 
23 18 
23 26 
23 29 
23 31 
23 34 
23 45 
23 105 
23 139 
25 17 
25 125 
25 193 
26 7 
26 8 
26 17 
26 18 
26 28 
26 29 
26 34 
26 99 
26 110 
26 193 
26 212 
27 2 
27 3 
27 4 
27 5 
27 6 
27 7 
27 8 
27 9 
27 10 
27 11 
27 13 
27 14 
27 15 
27 16 
27 17 
27 18 
27 19 
27 21 
27 22 
27 23 
27 25 
27 26 
27 28 
27 29 
27 30 
27 31 
27 32 
27 33 
27 34 
27 35 
27 36 
27 37 
27 39 
27 40 
27 42 
27 44 
27 45 
27 48 
27 49 
27 51 
27 52 
27 53 
27 55 
27 57 
27 58 
27 59 
27 60 
27 62 
27 63 
27 66 
27 68 
27 69 
27 70 
27 71 
27 73 
27 74 
27 76 
27 77 
27 78 
27 80 
27 82 
27 83 
27 84 
27 86 
27 87 
27 88 
27 90 
27 91 
27 94 
27 96 
27 97 
27 98 
27 100 
27 102 
27 103 
27 104 
27 105 
27 108 
27 109 
27 110 
27 112 
27 113 
27 116 
27 117 
27 119 
27 120 
27 121 
27 125 
27 127 
27 128 
27 130 
27 133 
27 134 
27 136 
27 139 
27 146 
27 148 
27 156 
27 158 
27 178 
27 182 
27 187 
27 193 
27 212 
27 213 
28 44 
28 104 
29 36 
29 44 
29 99 
30 4 
30 6 
30 7 
30 9 
30 10 
30 14 
30 15 
30 21 
30 22 
30 23 
30 25 
30 27 
30 32 
30 36 
30 42 
30 44 
30 45 
30 48 
30 51 
30 52 
30 60 
30 63 
30 68 
30 69 
30 72 
30 73 
30 77 
30 80 
30 83 
30 84 
30 86 
30 87 
30 88 
30 90 
30 98 
30 100 
30 102 
30 109 
30 116 
30 117 
30 121 
30 133 
30 148 
31 2 
32 30 
32 117 
33 17 
33 25 
33 28 
33 67 
33 89 
33 125 
33 134 
33 146 
33 158 
34 7 
34 8 
34 18 
34 26 
34 29 
34 104 
34 110 
34 139 
34 166 
34 212 
35 3 
35 4 
35 11 
35 14 
35 15 
35 17 
35 21 
35 22 
35 27 
35 30 
35 36 
35 37 
35 44 
35 45 
35 53 
35 60 
35 68 
35 82 
35 92 
35 134 
35 146 
35 150 
35 156 
35 158 
35 180 
36 4 
36 11 
36 13 
36 14 
36 15 
36 22 
36 27 
36 30 
36 34 
36 35 
36 37 
36 44 
36 62 
36 63 
36 69 
36 74 
36 80 
36 84 
36 87 
36 156 
36 178 
37 3 
37 6 
37 7 
37 8 
37 13 
37 14 
37 15 
37 22 
37 23 
37 26 
37 29 
37 34 
37 36 
37 125 
38 72 
39 14 
39 15 
39 23 
39 26 
39 34 
39 44 
39 45 
39 139 
39 212 
40 68 
40 100 
40 125 
40 133 
42 100 
43 25 
43 71 
43 92 
43 110 
43 113 
43 125 
43 133 
43 134 
43 146 
43 159 
43 193 
43 212 
44 3 
44 4 
44 7 
44 8 
44 9 
44 10 
44 11 
44 13 
44 14 
44 15 
44 17 
44 21 
44 22 
44 25 
44 26 
44 27 
44 29 
44 30 
44 32 
44 33 
44 34 
44 35 
44 36 
44 39 
44 40 
44 45 
44 62 
44 63 
44 68 
44 69 
44 71 
44 82 
44 84 
44 94 
44 102 
44 109 
44 112 
44 113 
44 115 
44 119 
44 120 
44 121 
44 134 
44 148 
44 158 
44 178 
44 182 
44 212 
45 2 
45 4 
45 5 
45 6 
45 7 
45 8 
45 9 
45 10 
45 11 
45 14 
45 15 
45 16 
45 17 
45 18 
45 23 
45 25 
45 26 
45 27 
45 28 
45 29 
45 31 
45 32 
45 33 
45 34 
45 37 
45 39 
45 40 
45 44 
45 55 
45 58 
45 62 
45 66 
45 67 
45 70 
45 71 
45 76 
45 78 
45 79 
45 80 
45 86 
45 94 
45 95 
45 96 
45 97 
45 102 
45 103 
45 105 
45 108 
45 109 
45 110 
45 112 
45 120 
45 125 
45 127 
45 128 
45 130 
45 134 
45 136 
45 139 
45 146 
45 158 
45 178 
45 182 
47 2 
47 4 
47 6 
47 7 
47 10 
47 23 
47 34 
47 36 
47 45 
47 63 
47 105 
49 5 
49 49 
49 55 
49 66 
49 94 
49 95 
49 96 
49 108 
49 109 
50 134 
52 4 
52 14 
52 15 
52 27 
52 35 
52 68 
52 73 
52 84 
52 86 
52 158 
55 6 
55 23 
55 32 
55 35 
55 44 
55 45 
55 66 
55 127 
58 16 
60 51 
60 69 
60 77 
62 4 
62 22 
62 27 
62 30 
62 68 
62 87 
63 3 
63 30 
63 44 
63 52 
63 60 
63 69 
63 73 
63 84 
63 87 
63 88 
64 103 
65 45 
65 103 
66 45 
66 103 
68 4 
68 15 
68 22 
68 27 
68 30 
68 44 
68 48 
68 52 
68 62 
68 84 
68 87 
68 90 
69 3 
69 14 
69 30 
69 32 
69 40 
69 51 
69 60 
69 68 
69 70 
69 82 
69 84 
69 87 
69 88 
70 2 
70 4 
70 6 
70 14 
70 34 
70 44 
70 45 
71 92 
71 113 
73 15 
73 21 
73 32 
73 98 
73 121 
74 4 
74 14 
74 22 
74 27 
74 156 
76 16 
76 45 
80 15 
80 36 
80 78 
80 94 
80 103 
80 178 
81 58 
81 130 
82 4 
82 14 
82 15 
82 22 
82 27 
82 35 
82 37 
82 44 
82 53 
82 74 
82 138 
84 15 
84 35 
84 52 
84 68 
84 69 
84 86 
86 51 
86 52 
86 60 
86 77 
86 84 
86 88 
86 90 
87 3 
87 27 
87 30 
87 63 
87 69 
88 51 
88 60 
88 69 
88 86 
88 102 
90 48 
92 125 
92 159 
93 14 
93 28 
93 33 
93 34 
93 48 
93 59 
93 76 
93 127 
95 35 
95 45 
96 58 
96 66 
96 94 
96 108 
98 73 
98 121 
99 166 
101 103 
105 2 
105 7 
105 8 
105 9 
105 10 
105 17 
105 18 
105 23 
105 26 
105 29 
105 31 
105 34 
105 39 
105 59 
105 71 
105 99 
105 113 
105 134 
105 156 
105 158 
105 165 
105 166 
105 178 
105 182 
108 6 
108 22 
108 35 
108 36 
108 45 
108 59 
108 94 
108 96 
109 2 
109 67 
109 75 
109 92 
109 113 
109 115 
109 119 
109 138 
109 168 
110 212 
112 120 
112 178 
115 168 
119 112 
119 173 
119 180 
121 30 
121 73 
121 98 
124 157 
125 158 
129 94 
129 103 
129 112 
129 128 
129 134 
134 125 
135 17 
135 26 
135 44 
135 109 
135 158 
135 190 
140 8 
146 2 
148 27 
154 115 
159 113 
159 181 
170 157 
170 173 
172 25 
173 170 
187 22 
