1 7 
1 9 
1 28 
1 45 
2 18 
2 32 
2 156 
2 212 
3 4 
3 14 
3 15 
3 22 
3 30 
3 63 
3 69 
3 87 
3 88 
4 3 
4 11 
4 13 
4 14 
4 15 
4 21 
4 22 
4 27 
4 30 
4 36 
4 37 
4 44 
4 63 
4 73 
4 74 
4 98 
4 121 
4 212 
5 4 
5 6 
5 14 
5 15 
5 27 
5 32 
5 35 
5 37 
5 44 
5 60 
5 74 
5 80 
5 82 
5 117 
6 6 
7 32 
7 45 
8 45 
9 32 
9 45 
11 13 
11 15 
11 36 
11 44 
14 3 
14 4 
14 11 
14 13 
14 15 
14 21 
14 22 
14 27 
14 30 
14 35 
14 37 
14 44 
14 45 
14 53 
14 54 
14 63 
14 74 
14 80 
14 82 
14 88 
14 150 
14 156 
14 166 
14 187 
14 212 
15 3 
15 4 
15 7 
15 9 
15 11 
15 13 
15 14 
15 21 
15 22 
15 27 
15 30 
15 36 
15 37 
15 44 
15 63 
15 73 
15 74 
15 84 
15 88 
15 150 
15 212 
16 97 
19 29 
19 31 
19 45 
19 134 
21 44 
22 3 
22 4 
22 6 
22 11 
22 14 
22 15 
22 25 
22 27 
22 30 
22 35 
22 37 
22 44 
22 48 
22 60 
22 63 
22 68 
22 69 
22 73 
22 74 
22 80 
22 84 
22 88 
22 121 
22 148 
22 187 
25 158 
26 212 
27 3 
27 4 
27 11 
27 13 
27 14 
27 15 
27 21 
27 22 
27 30 
27 35 
27 36 
27 37 
27 44 
27 52 
27 53 
27 63 
27 68 
27 69 
27 73 
27 74 
27 82 
27 84 
27 87 
27 88 
27 92 
27 98 
27 115 
27 121 
27 148 
27 158 
28 45 
28 134 
30 73 
33 44 
33 134 
33 158 
34 139 
34 212 
35 4 
35 11 
35 14 
35 15 
35 22 
35 27 
35 30 
35 37 
35 44 
35 45 
35 53 
35 55 
35 63 
35 68 
35 69 
35 80 
35 82 
35 83 
36 11 
37 134 
38 32 
39 7 
39 9 
39 67 
39 212 
40 3 
40 4 
40 5 
40 6 
40 7 
40 9 
40 11 
40 14 
40 15 
40 18 
40 22 
40 25 
40 27 
40 30 
40 31 
40 32 
40 36 
40 37 
40 44 
40 45 
40 52 
40 54 
40 60 
40 63 
40 69 
40 80 
40 83 
40 84 
40 88 
40 94 
40 117 
40 121 
40 125 
40 133 
40 134 
40 150 
40 156 
40 157 
40 158 
40 187 
43 125 
43 134 
43 187 
43 212 
43 213 
44 4 
44 11 
44 14 
44 15 
44 21 
44 27 
44 36 
44 63 
44 128 
45 6 
45 7 
45 9 
45 15 
45 16 
45 23 
45 29 
45 31 
45 55 
45 58 
45 97 
45 103 
45 112 
45 127 
45 136 
49 3 
49 6 
49 14 
49 15 
49 27 
49 37 
49 44 
52 73 
55 27 
55 32 
55 37 
55 44 
55 45 
55 127 
63 87 
68 6 
68 15 
68 22 
68 44 
68 45 
68 62 
68 67 
68 69 
69 15 
69 32 
69 37 
69 87 
70 3 
70 4 
70 6 
70 14 
70 15 
70 22 
70 27 
70 32 
70 37 
70 44 
70 60 
70 62 
70 63 
70 80 
70 117 
73 121 
74 14 
76 6 
76 23 
76 45 
76 80 
78 14 
78 22 
78 35 
78 37 
78 44 
82 14 
82 35 
82 45 
82 53 
82 74 
87 63 
88 14 
89 25 
89 36 
89 125 
89 134 
89 158 
91 32 
91 37 
93 21 
93 28 
93 33 
96 4 
96 6 
96 14 
96 23 
96 36 
96 44 
105 6 
105 156 
108 4 
108 6 
108 14 
108 15 
108 27 
108 32 
108 35 
108 37 
108 45 
108 117 
109 15 
109 27 
109 32 
109 44 
109 80 
109 115 
109 138 
112 6 
121 73 
121 98 
132 3 
167 14 
169 156 
203 37 
