1 28 
1 40 
2 2 
2 7 
2 8 
2 14 
2 23 
2 27 
2 28 
2 40 
2 45 
2 110 
3 37 
4 7 
4 8 
5 7 
5 8 
5 45 
6 7 
6 8 
6 32 
6 37 
6 45 
6 69 
6 108 
6 109 
6 128 
7 14 
7 23 
7 28 
7 45 
7 96 
7 134 
7 158 
8 14 
8 28 
8 158 
9 8 
9 23 
9 28 
9 45 
9 96 
9 134 
10 8 
10 45 
11 80 
13 45 
13 80 
14 37 
14 40 
14 45 
14 70 
14 91 
14 119 
14 168 
15 14 
15 28 
15 37 
15 80 
15 91 
17 7 
17 8 
17 28 
18 14 
18 23 
18 29 
18 45 
19 7 
19 8 
20 40 
21 40 
21 119 
22 6 
22 14 
22 30 
22 37 
22 40 
22 45 
22 48 
22 54 
22 80 
22 91 
22 109 
22 168 
23 7 
23 8 
23 14 
23 37 
24 40 
25 40 
26 7 
26 8 
26 14 
26 23 
27 14 
27 28 
27 45 
28 45 
28 109 
29 14 
29 45 
31 7 
31 8 
31 45 
31 109 
32 69 
32 117 
33 28 
34 7 
34 8 
34 23 
34 28 
34 45 
35 7 
35 8 
35 28 
35 40 
35 45 
36 7 
36 8 
36 37 
36 80 
36 105 
37 45 
37 158 
38 40 
39 14 
39 23 
39 45 
40 80 
40 146 
40 187 
41 40 
42 7 
42 8 
43 25 
43 40 
44 28 
44 37 
44 45 
44 80 
44 125 
45 6 
45 7 
45 8 
45 14 
45 23 
45 25 
45 28 
45 40 
45 80 
45 96 
45 108 
45 109 
45 110 
45 127 
45 128 
47 7 
47 8 
47 14 
47 23 
47 45 
48 40 
49 37 
49 45 
49 91 
51 40 
52 40 
52 77 
55 7 
55 8 
55 14 
55 23 
59 45 
60 40 
62 7 
62 8 
62 25 
62 40 
66 7 
66 8 
68 7 
68 8 
68 40 
71 28 
71 40 
71 45 
71 92 
71 119 
72 28 
72 40 
75 28 
75 113 
76 7 
76 8 
76 45 
78 54 
80 40 
82 37 
82 80 
84 40 
84 45 
86 51 
88 45 
90 40 
92 28 
92 71 
93 14 
93 28 
93 40 
93 96 
96 7 
96 8 
104 23 
105 7 
105 8 
105 23 
106 2 
106 14 
106 23 
106 45 
108 7 
108 8 
109 7 
109 8 
109 14 
109 23 
109 28 
109 40 
109 45 
109 60 
109 69 
109 80 
109 109 
109 138 
109 168 
111 28 
111 40 
111 91 
113 28 
113 45 
113 69 
113 92 
113 109 
115 14 
115 23 
115 45 
115 109 
115 113 
122 14 
122 119 
125 28 
126 40 
133 40 
134 25 
138 37 
138 69 
142 71 
143 28 
145 23 
145 45 
146 25 
147 23 
152 69 
152 109 
152 113 
154 7 
154 8 
154 45 
154 69 
154 80 
154 86 
158 40 
159 71 
160 128 
167 28 
168 14 
168 23 
168 109 
169 40 
170 119 
172 28 
172 134 
173 187 
176 7 
176 8 
176 28 
176 40 
181 71 
187 7 
187 8 
196 14 
204 40 
204 91 
