1 2 
2 2 
2 6 
2 7 
2 8 
2 9 
2 10 
2 11 
2 15 
2 17 
2 18 
2 23 
2 26 
2 27 
2 29 
2 31 
2 34 
2 39 
2 44 
2 45 
2 67 
2 73 
2 80 
2 99 
2 105 
2 110 
2 117 
2 134 
2 150 
2 156 
2 158 
2 166 
2 182 
2 212 
3 2 
3 4 
3 7 
3 8 
3 9 
3 11 
3 13 
3 14 
3 15 
3 22 
3 25 
3 27 
3 30 
3 31 
3 32 
3 35 
3 37 
3 40 
3 42 
3 44 
3 51 
3 52 
3 60 
3 63 
3 68 
3 69 
3 73 
3 74 
3 80 
3 82 
3 84 
3 86 
3 87 
3 88 
3 90 
3 98 
3 102 
3 109 
3 116 
3 117 
3 121 
3 133 
3 148 
3 150 
3 182 
4 2 
4 3 
4 5 
4 6 
4 7 
4 8 
4 9 
4 10 
4 11 
4 13 
4 14 
4 15 
4 16 
4 17 
4 21 
4 22 
4 23 
4 25 
4 27 
4 29 
4 30 
4 32 
4 34 
4 35 
4 36 
4 37 
4 40 
4 44 
4 45 
4 52 
4 53 
4 54 
4 60 
4 63 
4 67 
4 68 
4 69 
4 70 
4 73 
4 74 
4 76 
4 78 
4 80 
4 82 
4 83 
4 84 
4 86 
4 87 
4 88 
4 96 
4 102 
4 105 
4 109 
4 134 
4 148 
4 150 
4 156 
4 158 
4 212 
5 3 
5 5 
5 6 
5 7 
5 10 
5 11 
5 14 
5 15 
5 23 
5 30 
5 32 
5 34 
5 39 
5 44 
5 45 
5 49 
5 55 
5 60 
5 66 
5 70 
5 76 
5 80 
5 82 
5 83 
5 86 
5 94 
5 96 
5 108 
5 121 
6 6 
6 7 
6 8 
6 10 
6 15 
6 18 
6 22 
6 23 
6 25 
6 26 
6 27 
6 31 
6 33 
6 34 
6 44 
6 45 
6 55 
6 59 
6 70 
6 76 
6 80 
6 86 
6 103 
6 112 
6 120 
6 128 
6 134 
6 150 
6 158 
6 165 
6 178 
7 2 
7 3 
7 4 
7 5 
7 6 
7 13 
7 14 
7 15 
7 17 
7 18 
7 21 
7 22 
7 23 
7 25 
7 26 
7 27 
7 29 
7 31 
7 32 
7 34 
7 35 
7 36 
7 37 
7 39 
7 42 
7 44 
7 45 
7 48 
7 49 
7 51 
7 55 
7 57 
7 58 
7 60 
7 62 
7 67 
7 68 
7 70 
7 76 
7 77 
7 78 
7 80 
7 82 
7 83 
7 86 
7 88 
7 92 
7 94 
7 95 
7 96 
7 100 
7 102 
7 103 
7 105 
7 108 
7 109 
7 110 
7 112 
7 117 
7 120 
7 121 
7 125 
7 127 
7 134 
7 139 
7 150 
7 156 
7 158 
7 165 
7 166 
7 168 
7 182 
7 187 
8 2 
8 6 
8 9 
8 10 
8 14 
8 26 
8 27 
8 29 
8 31 
8 34 
8 44 
8 45 
8 94 
8 105 
8 140 
8 156 
9 2 
9 3 
9 4 
9 5 
9 6 
9 8 
9 9 
9 10 
9 13 
9 14 
9 15 
9 17 
9 18 
9 21 
9 22 
9 23 
9 25 
9 26 
9 27 
9 29 
9 31 
9 32 
9 34 
9 35 
9 36 
9 37 
9 39 
9 42 
9 44 
9 45 
9 48 
9 49 
9 51 
9 55 
9 57 
9 58 
9 60 
9 62 
9 67 
9 68 
9 70 
9 76 
9 77 
9 78 
9 80 
9 82 
9 83 
9 86 
9 88 
9 92 
9 94 
9 95 
9 96 
9 100 
9 102 
9 103 
9 105 
9 108 
9 109 
9 110 
9 112 
9 117 
9 120 
9 121 
9 125 
9 127 
9 134 
9 140 
9 150 
9 156 
9 158 
9 165 
9 166 
9 168 
9 182 
10 2 
10 4 
10 6 
10 8 
10 9 
10 14 
10 15 
10 23 
10 26 
10 27 
10 29 
10 31 
10 32 
10 34 
10 36 
10 44 
10 45 
10 49 
10 77 
10 80 
10 105 
10 139 
10 140 
10 182 
10 187 
11 3 
11 4 
11 7 
11 8 
11 13 
11 15 
11 22 
11 25 
11 27 
11 30 
11 34 
11 35 
11 36 
11 37 
11 44 
11 45 
11 80 
11 88 
11 98 
11 102 
12 2 
12 3 
12 6 
12 11 
12 14 
12 15 
12 26 
12 34 
12 36 
12 37 
12 44 
12 45 
12 60 
12 67 
12 68 
12 109 
12 158 
13 32 
13 36 
13 68 
13 73 
13 98 
13 121 
14 2 
14 3 
14 4 
14 5 
14 6 
14 7 
14 8 
14 9 
14 10 
14 11 
14 13 
14 15 
14 17 
14 21 
14 22 
14 23 
14 25 
14 26 
14 27 
14 29 
14 30 
14 31 
14 32 
14 34 
14 35 
14 36 
14 37 
14 39 
14 40 
14 44 
14 45 
14 51 
14 52 
14 54 
14 57 
14 59 
14 60 
14 62 
14 63 
14 68 
14 69 
14 70 
14 71 
14 73 
14 74 
14 76 
14 78 
14 80 
14 82 
14 83 
14 84 
14 88 
14 91 
14 92 
14 102 
14 104 
14 105 
14 118 
14 134 
14 148 
14 150 
14 156 
14 157 
14 158 
14 166 
14 182 
14 187 
14 212 
15 2 
15 3 
15 4 
15 6 
15 7 
15 8 
15 9 
15 10 
15 11 
15 13 
15 14 
15 16 
15 17 
15 21 
15 22 
15 23 
15 25 
15 27 
15 30 
15 31 
15 32 
15 34 
15 35 
15 36 
15 37 
15 39 
15 40 
15 42 
15 44 
15 45 
15 48 
15 52 
15 60 
15 62 
15 63 
15 68 
15 69 
15 70 
15 71 
15 73 
15 74 
15 76 
15 77 
15 78 
15 79 
15 80 
15 82 
15 83 
15 84 
15 86 
15 87 
15 88 
15 90 
15 96 
15 98 
15 100 
15 102 
15 105 
15 109 
15 116 
15 117 
15 121 
15 134 
15 146 
15 148 
15 150 
15 156 
15 158 
15 187 
15 212 
16 6 
16 7 
16 9 
16 15 
16 45 
16 58 
16 97 
17 2 
17 3 
17 6 
17 7 
17 10 
17 13 
17 14 
17 15 
17 21 
17 23 
17 25 
17 26 
17 27 
17 31 
17 32 
17 33 
17 34 
17 36 
17 37 
17 42 
17 44 
17 45 
17 48 
17 51 
17 60 
17 76 
17 77 
17 80 
17 86 
17 92 
17 105 
17 109 
17 112 
17 116 
17 117 
17 125 
17 134 
17 138 
17 150 
17 155 
17 156 
17 158 
17 182 
17 212 
18 2 
18 4 
18 6 
18 7 
18 8 
18 9 
18 11 
18 13 
18 15 
18 23 
18 26 
18 27 
18 31 
18 34 
18 44 
18 45 
18 80 
18 102 
18 120 
18 146 
18 155 
18 158 
18 212 
19 6 
19 7 
19 9 
19 10 
19 11 
19 15 
19 23 
19 25 
19 26 
19 27 
19 32 
19 33 
19 34 
19 36 
19 37 
19 42 
19 44 
19 45 
19 51 
19 52 
19 59 
19 60 
19 74 
19 77 
19 83 
19 86 
19 100 
19 102 
19 105 
19 116 
19 117 
19 134 
19 150 
19 158 
20 45 
21 4 
21 14 
21 32 
21 35 
21 44 
22 2 
22 3 
22 4 
22 5 
22 6 
22 7 
22 8 
22 9 
22 10 
22 11 
22 13 
22 14 
22 15 
22 17 
22 23 
22 25 
22 26 
22 27 
22 28 
22 29 
22 30 
22 31 
22 32 
22 33 
22 34 
22 35 
22 36 
22 37 
22 39 
22 40 
22 42 
22 44 
22 45 
22 48 
22 49 
22 51 
22 52 
22 53 
22 55 
22 58 
22 60 
22 62 
22 63 
22 66 
22 67 
22 68 
22 69 
22 70 
22 73 
22 76 
22 77 
22 78 
22 80 
22 82 
22 84 
22 86 
22 87 
22 88 
22 90 
22 91 
22 94 
22 96 
22 100 
22 105 
22 108 
22 109 
22 128 
22 134 
22 146 
22 148 
22 150 
22 156 
23 2 
23 3 
23 6 
23 7 
23 8 
23 9 
23 10 
23 11 
23 14 
23 15 
23 18 
23 26 
23 27 
23 31 
23 32 
23 34 
23 36 
23 37 
23 39 
23 44 
23 45 
23 49 
23 77 
23 80 
23 88 
23 102 
23 105 
23 117 
23 134 
23 146 
24 32 
24 72 
25 2 
25 3 
25 4 
25 5 
25 6 
25 11 
25 14 
25 15 
25 25 
25 27 
25 33 
25 35 
25 36 
25 37 
25 42 
25 44 
25 45 
25 49 
25 54 
25 55 
25 62 
25 67 
25 68 
25 76 
25 78 
25 80 
25 84 
25 87 
25 91 
25 105 
25 109 
25 119 
25 134 
25 146 
25 148 
25 150 
25 157 
25 158 
25 168 
25 187 
26 2 
26 6 
26 7 
26 8 
26 9 
26 14 
26 17 
26 18 
26 23 
26 31 
26 34 
26 37 
26 39 
26 44 
26 45 
26 80 
26 105 
26 120 
26 125 
26 128 
26 134 
26 136 
26 146 
26 150 
26 156 
26 158 
26 166 
26 212 
27 3 
27 4 
27 6 
27 7 
27 8 
27 9 
27 10 
27 11 
27 13 
27 14 
27 15 
27 17 
27 21 
27 22 
27 23 
27 25 
27 29 
27 30 
27 31 
27 34 
27 35 
27 36 
27 37 
27 39 
27 44 
27 45 
27 53 
27 57 
27 60 
27 63 
27 68 
27 69 
27 70 
27 73 
27 74 
27 78 
27 80 
27 82 
27 83 
27 84 
27 87 
27 88 
27 91 
27 98 
27 102 
27 104 
27 105 
27 109 
27 121 
27 127 
27 130 
27 148 
27 150 
27 156 
28 2 
28 3 
28 6 
28 15 
28 44 
28 45 
28 80 
28 109 
28 125 
28 212 
29 2 
29 4 
29 6 
29 7 
29 9 
29 10 
29 11 
29 14 
29 15 
29 22 
29 23 
29 25 
29 26 
29 27 
29 31 
29 34 
29 35 
29 36 
29 37 
29 40 
29 42 
29 44 
29 45 
29 49 
29 62 
29 67 
29 70 
29 76 
29 80 
29 105 
29 134 
29 146 
29 156 
29 158 
30 3 
30 4 
30 6 
30 14 
30 15 
30 21 
30 27 
30 32 
30 35 
30 36 
30 39 
30 42 
30 44 
30 45 
30 52 
30 60 
30 63 
30 69 
30 73 
30 84 
30 87 
30 88 
30 98 
30 117 
30 133 
30 158 
31 2 
31 3 
31 6 
31 7 
31 8 
31 9 
31 10 
31 15 
31 18 
31 23 
31 25 
31 26 
31 27 
31 29 
31 32 
31 34 
31 45 
31 105 
31 134 
32 2 
32 4 
32 6 
32 7 
32 9 
32 11 
32 15 
32 31 
32 40 
32 42 
32 45 
32 62 
32 68 
32 70 
32 72 
32 73 
32 77 
32 80 
32 83 
32 98 
32 105 
32 116 
32 117 
32 121 
32 133 
33 2 
33 6 
33 25 
33 34 
33 40 
33 45 
33 67 
33 91 
33 134 
34 2 
34 3 
34 6 
34 7 
34 8 
34 9 
34 10 
34 17 
34 18 
34 22 
34 23 
34 26 
34 29 
34 31 
34 39 
34 45 
34 51 
34 70 
34 71 
34 109 
34 110 
34 125 
34 134 
34 148 
34 150 
34 156 
34 158 
34 166 
34 182 
34 212 
35 2 
35 3 
35 4 
35 5 
35 6 
35 7 
35 8 
35 9 
35 10 
35 11 
35 13 
35 14 
35 15 
35 17 
35 21 
35 22 
35 23 
35 25 
35 26 
35 27 
35 29 
35 30 
35 31 
35 32 
35 34 
35 36 
35 37 
35 40 
35 42 
35 44 
35 45 
35 49 
35 51 
35 52 
35 53 
35 55 
35 60 
35 62 
35 63 
35 66 
35 68 
35 69 
35 70 
35 72 
35 73 
35 76 
35 78 
35 80 
35 82 
35 86 
35 87 
35 91 
35 94 
35 96 
35 103 
35 105 
35 109 
35 116 
35 146 
35 148 
35 156 
35 158 
35 182 
36 11 
36 13 
36 14 
36 15 
36 22 
36 30 
36 32 
36 35 
36 37 
36 40 
36 44 
36 68 
36 73 
36 80 
36 98 
36 121 
37 3 
37 6 
37 7 
37 9 
37 10 
37 14 
37 15 
37 18 
37 22 
37 23 
37 25 
37 27 
37 31 
37 34 
37 35 
37 36 
37 39 
37 44 
37 45 
37 48 
37 70 
37 74 
37 80 
37 109 
37 134 
37 156 
37 158 
37 165 
39 3 
39 4 
39 6 
39 7 
39 8 
39 9 
39 10 
39 11 
39 13 
39 14 
39 15 
39 17 
39 18 
39 21 
39 22 
39 23 
39 25 
39 26 
39 27 
39 29 
39 30 
39 31 
39 32 
39 33 
39 34 
39 35 
39 36 
39 37 
39 39 
39 44 
39 45 
39 55 
39 58 
39 59 
39 60 
39 62 
39 63 
39 68 
39 70 
39 73 
39 76 
39 77 
39 78 
39 79 
39 80 
39 82 
39 83 
39 96 
39 99 
39 102 
39 103 
39 104 
39 105 
39 109 
39 112 
39 116 
39 117 
39 125 
39 128 
39 134 
39 136 
39 146 
39 148 
39 150 
39 155 
39 156 
39 158 
39 182 
39 187 
39 212 
40 2 
40 3 
40 4 
40 6 
40 7 
40 8 
40 9 
40 11 
40 13 
40 14 
40 15 
40 17 
40 21 
40 22 
40 23 
40 25 
40 26 
40 27 
40 29 
40 30 
40 31 
40 32 
40 33 
40 34 
40 35 
40 36 
40 37 
40 42 
40 44 
40 45 
40 48 
40 49 
40 51 
40 52 
40 59 
40 60 
40 63 
40 68 
40 69 
40 70 
40 72 
40 73 
40 76 
40 77 
40 78 
40 80 
40 83 
40 84 
40 86 
40 87 
40 88 
40 90 
40 91 
40 97 
40 98 
40 100 
40 105 
40 109 
40 117 
40 133 
40 134 
40 148 
40 156 
40 158 
40 182 
42 2 
42 3 
42 6 
42 15 
42 27 
42 32 
42 34 
42 36 
42 40 
42 45 
42 51 
42 52 
42 60 
42 68 
42 69 
42 70 
42 72 
42 73 
42 80 
42 83 
42 84 
42 88 
42 100 
42 105 
42 116 
42 117 
42 121 
42 133 
43 2 
43 3 
43 6 
43 7 
43 8 
43 9 
43 15 
43 17 
43 26 
43 33 
43 34 
43 44 
43 55 
43 67 
43 78 
43 92 
43 105 
43 109 
43 110 
43 113 
43 115 
43 119 
43 125 
43 134 
43 146 
43 150 
43 158 
43 180 
43 212 
44 2 
44 3 
44 4 
44 6 
44 7 
44 8 
44 9 
44 11 
44 13 
44 14 
44 15 
44 17 
44 21 
44 22 
44 25 
44 26 
44 27 
44 29 
44 30 
44 34 
44 35 
44 36 
44 37 
44 39 
44 40 
44 48 
44 62 
44 63 
44 68 
44 69 
44 70 
44 71 
44 73 
44 76 
44 80 
44 87 
44 92 
44 98 
44 102 
44 103 
44 105 
44 109 
44 112 
44 113 
44 128 
44 134 
44 148 
44 155 
44 158 
44 178 
45 2 
45 3 
45 4 
45 5 
45 6 
45 7 
45 8 
45 9 
45 10 
45 11 
45 13 
45 14 
45 15 
45 16 
45 17 
45 18 
45 21 
45 22 
45 23 
45 25 
45 26 
45 27 
45 28 
45 29 
45 31 
45 32 
45 33 
45 34 
45 35 
45 36 
45 37 
45 39 
45 40 
45 42 
45 44 
45 48 
45 49 
45 51 
45 55 
45 58 
45 60 
45 63 
45 66 
45 67 
45 68 
45 70 
45 71 
45 74 
45 75 
45 76 
45 77 
45 79 
45 80 
45 82 
45 83 
45 84 
45 86 
45 94 
45 95 
45 96 
45 97 
45 99 
45 102 
45 103 
45 105 
45 108 
45 109 
45 112 
45 113 
45 116 
45 117 
45 120 
45 125 
45 127 
45 128 
45 130 
45 133 
45 134 
45 136 
45 140 
45 146 
45 148 
45 150 
45 156 
45 158 
45 165 
45 168 
45 178 
45 182 
46 32 
46 98 
46 100 
47 4 
47 6 
47 7 
47 8 
47 9 
47 10 
47 11 
47 14 
47 15 
47 23 
47 26 
47 27 
47 31 
47 32 
47 34 
47 36 
47 37 
47 39 
47 42 
47 44 
47 45 
47 51 
47 59 
47 60 
47 63 
47 76 
47 80 
47 86 
47 100 
47 105 
47 117 
47 146 
47 150 
47 156 
47 158 
47 182 
49 5 
49 6 
49 16 
49 37 
49 45 
49 49 
49 51 
49 60 
49 76 
49 77 
49 80 
49 83 
49 86 
49 94 
49 95 
49 96 
49 102 
49 156 
49 158 
49 182 
51 45 
51 60 
51 86 
52 15 
52 44 
52 45 
52 51 
52 62 
52 68 
52 73 
52 84 
54 37 
55 6 
55 16 
55 35 
55 45 
55 58 
55 66 
55 76 
55 108 
55 128 
58 16 
58 76 
58 79 
58 80 
58 96 
58 108 
58 128 
58 130 
59 14 
60 3 
60 6 
60 45 
60 51 
60 77 
60 86 
60 88 
60 90 
62 2 
62 40 
62 45 
62 68 
63 3 
63 15 
63 22 
63 30 
63 32 
63 44 
63 60 
63 69 
63 73 
63 84 
63 86 
63 87 
63 98 
63 100 
63 117 
64 14 
65 4 
65 6 
65 14 
65 15 
65 45 
65 58 
65 79 
65 80 
65 102 
65 103 
66 6 
66 35 
66 54 
67 6 
67 45 
67 70 
68 2 
68 3 
68 4 
68 6 
68 11 
68 13 
68 14 
68 15 
68 21 
68 22 
68 27 
68 30 
68 32 
68 34 
68 35 
68 36 
68 40 
68 42 
68 44 
68 45 
68 48 
68 52 
68 60 
68 62 
68 63 
68 69 
68 80 
68 84 
68 86 
68 87 
68 88 
68 90 
68 109 
69 3 
69 22 
69 30 
69 35 
69 42 
69 60 
69 63 
69 73 
69 77 
69 82 
69 83 
69 84 
69 86 
69 87 
69 88 
69 98 
69 105 
69 121 
70 2 
70 3 
70 4 
70 6 
70 7 
70 9 
70 14 
70 15 
70 22 
70 27 
70 32 
70 35 
70 36 
70 37 
70 39 
70 40 
70 44 
70 45 
70 69 
70 76 
70 80 
70 105 
70 108 
70 109 
71 6 
71 7 
71 9 
71 23 
71 27 
71 45 
71 92 
71 113 
71 159 
72 32 
72 116 
73 6 
73 13 
73 15 
73 21 
73 30 
73 32 
73 35 
73 98 
73 100 
73 117 
73 121 
74 3 
74 4 
74 11 
74 13 
74 14 
74 15 
74 21 
74 22 
74 27 
74 30 
74 35 
74 36 
74 44 
74 60 
74 62 
74 63 
74 68 
74 69 
74 82 
74 87 
74 88 
74 182 
75 44 
75 45 
75 109 
75 115 
75 168 
76 6 
76 14 
76 16 
76 17 
76 23 
76 26 
76 31 
76 34 
76 39 
76 45 
76 80 
76 86 
76 94 
76 97 
76 136 
76 158 
78 6 
78 44 
78 158 
79 45 
79 58 
80 11 
80 13 
80 22 
80 36 
80 40 
80 133 
81 58 
81 94 
82 4 
82 6 
82 14 
82 15 
82 22 
82 27 
82 35 
82 37 
82 45 
82 53 
82 74 
82 156 
83 6 
83 15 
83 32 
83 45 
83 80 
83 84 
83 117 
83 121 
84 6 
84 22 
84 25 
84 42 
84 45 
84 52 
84 60 
84 69 
84 73 
84 83 
84 86 
84 90 
86 14 
86 51 
86 52 
86 69 
86 77 
86 88 
86 90 
87 3 
87 15 
87 30 
87 52 
87 60 
87 63 
87 84 
87 105 
88 3 
88 37 
88 51 
88 52 
88 60 
89 2 
89 4 
89 6 
89 7 
89 9 
89 11 
89 14 
89 15 
89 25 
89 32 
89 33 
89 36 
89 37 
89 44 
89 45 
89 52 
89 69 
89 80 
89 94 
89 105 
89 117 
89 146 
89 158 
90 2 
90 3 
90 6 
90 45 
90 48 
90 51 
90 77 
91 14 
91 23 
91 158 
91 182 
92 113 
93 2 
93 14 
93 17 
93 33 
93 48 
93 59 
93 77 
93 96 
93 97 
93 100 
93 116 
93 127 
95 5 
95 80 
95 96 
95 102 
95 158 
96 5 
96 6 
96 7 
96 8 
96 9 
96 15 
96 23 
96 45 
96 49 
96 55 
96 66 
96 76 
96 94 
96 100 
96 108 
96 140 
96 158 
97 16 
97 45 
97 79 
98 13 
98 73 
98 121 
98 158 
99 2 
99 105 
99 165 
100 14 
100 15 
100 27 
100 30 
100 32 
100 63 
100 70 
100 73 
100 116 
100 117 
100 121 
101 15 
101 16 
101 45 
101 60 
101 97 
103 44 
103 45 
105 2 
105 7 
105 8 
105 9 
105 34 
105 99 
105 165 
105 166 
105 182 
106 166 
107 31 
108 6 
108 45 
108 80 
108 94 
108 96 
108 105 
108 109 
109 2 
109 13 
109 34 
109 36 
109 37 
109 45 
109 70 
109 71 
109 75 
109 92 
109 102 
109 113 
109 115 
109 119 
109 138 
109 150 
109 158 
109 168 
110 2 
110 3 
110 4 
110 6 
110 7 
110 8 
110 14 
110 15 
110 17 
110 22 
110 23 
110 27 
110 31 
110 32 
110 34 
110 36 
110 37 
110 44 
110 45 
110 60 
110 62 
110 71 
110 80 
110 103 
110 105 
110 125 
110 134 
110 136 
110 146 
110 212 
112 14 
112 45 
112 103 
112 120 
112 127 
112 128 
112 130 
112 178 
113 45 
113 80 
115 168 
116 14 
116 32 
116 42 
116 45 
116 117 
117 15 
117 42 
117 73 
117 116 
117 121 
119 4 
119 6 
119 15 
119 23 
119 80 
121 13 
121 32 
121 73 
121 98 
121 117 
124 6 
124 80 
125 67 
126 2 
128 178 
130 67 
133 15 
133 22 
133 30 
133 32 
133 70 
133 83 
133 117 
135 2 
135 6 
135 17 
135 22 
135 25 
135 33 
135 34 
135 35 
135 36 
135 44 
135 109 
135 134 
135 146 
135 158 
135 212 
140 8 
146 2 
146 6 
146 36 
146 45 
146 158 
147 7 
147 9 
150 14 
152 45 
152 158 
153 7 
153 10 
153 26 
153 31 
153 34 
155 27 
168 75 
168 115 
170 15 
172 33 
172 91 
172 125 
172 134 
172 146 
172 158 
186 15 
201 193 
203 37 
204 59 
206 70 
