1 28 
2 6 
2 7 
2 9 
2 15 
2 18 
2 23 
2 26 
2 28 
2 29 
2 31 
2 34 
2 37 
2 39 
2 45 
2 99 
2 105 
2 158 
2 212 
3 2 
3 7 
3 9 
3 11 
3 14 
3 15 
3 19 
3 22 
3 27 
3 30 
3 32 
3 36 
3 37 
3 40 
3 42 
3 48 
3 51 
3 52 
3 60 
3 63 
3 68 
3 69 
3 70 
3 73 
3 74 
3 82 
3 84 
3 86 
3 87 
3 88 
3 90 
3 98 
3 109 
3 134 
4 3 
4 7 
4 9 
4 13 
4 14 
4 15 
4 19 
4 22 
4 27 
4 30 
4 31 
4 35 
4 37 
4 44 
4 58 
4 63 
4 68 
4 69 
4 74 
4 82 
4 84 
4 88 
4 119 
5 5 
5 6 
5 14 
5 15 
5 16 
5 42 
5 44 
5 45 
5 48 
5 49 
5 51 
5 60 
5 80 
5 82 
5 83 
5 95 
5 96 
5 130 
6 6 
6 35 
6 45 
6 58 
6 103 
6 112 
6 128 
6 178 
7 2 
7 3 
7 4 
7 5 
7 6 
7 11 
7 13 
7 14 
7 15 
7 16 
7 17 
7 18 
7 22 
7 23 
7 25 
7 26 
7 27 
7 28 
7 29 
7 30 
7 31 
7 32 
7 33 
7 34 
7 35 
7 36 
7 37 
7 39 
7 40 
7 42 
7 44 
7 45 
7 48 
7 49 
7 51 
7 52 
7 54 
7 55 
7 58 
7 59 
7 60 
7 63 
7 67 
7 68 
7 69 
7 70 
7 73 
7 76 
7 77 
7 78 
7 80 
7 82 
7 83 
7 84 
7 86 
7 87 
7 88 
7 90 
7 91 
7 95 
7 96 
7 97 
7 99 
7 102 
7 103 
7 104 
7 105 
7 108 
7 109 
7 110 
7 112 
7 113 
7 116 
7 117 
7 120 
7 121 
7 125 
7 128 
7 130 
7 134 
7 146 
7 150 
7 156 
7 157 
7 158 
7 187 
8 2 
8 6 
8 9 
8 34 
8 36 
8 44 
8 45 
8 76 
8 103 
8 105 
8 112 
8 140 
9 2 
9 3 
9 4 
9 5 
9 6 
9 8 
9 9 
9 10 
9 11 
9 13 
9 14 
9 15 
9 16 
9 17 
9 18 
9 22 
9 23 
9 25 
9 26 
9 27 
9 28 
9 29 
9 30 
9 31 
9 32 
9 33 
9 34 
9 35 
9 36 
9 37 
9 39 
9 40 
9 42 
9 44 
9 45 
9 48 
9 49 
9 51 
9 52 
9 54 
9 55 
9 58 
9 59 
9 60 
9 63 
9 67 
9 68 
9 69 
9 70 
9 73 
9 76 
9 77 
9 78 
9 80 
9 82 
9 83 
9 84 
9 86 
9 87 
9 88 
9 90 
9 91 
9 95 
9 96 
9 97 
9 99 
9 102 
9 103 
9 104 
9 105 
9 108 
9 109 
9 110 
9 113 
9 116 
9 117 
9 120 
9 121 
9 125 
9 128 
9 130 
9 134 
9 140 
9 146 
9 150 
9 156 
9 157 
9 158 
9 187 
10 6 
10 9 
10 23 
10 34 
10 44 
10 45 
10 63 
10 105 
11 6 
11 13 
11 15 
11 22 
11 30 
11 36 
11 44 
11 80 
11 102 
11 121 
12 6 
12 22 
12 27 
12 36 
12 51 
12 78 
12 91 
12 146 
13 98 
13 121 
14 3 
14 4 
14 5 
14 6 
14 11 
14 13 
14 15 
14 21 
14 22 
14 23 
14 25 
14 27 
14 30 
14 32 
14 34 
14 35 
14 36 
14 37 
14 39 
14 40 
14 44 
14 45 
14 54 
14 57 
14 59 
14 62 
14 68 
14 69 
14 70 
14 74 
14 78 
14 82 
14 84 
14 104 
14 105 
14 150 
14 156 
14 157 
14 158 
14 173 
14 182 
15 2 
15 3 
15 4 
15 6 
15 7 
15 9 
15 10 
15 11 
15 13 
15 14 
15 16 
15 18 
15 21 
15 22 
15 23 
15 26 
15 27 
15 29 
15 30 
15 32 
15 34 
15 35 
15 36 
15 37 
15 39 
15 42 
15 44 
15 45 
15 51 
15 52 
15 60 
15 62 
15 63 
15 66 
15 68 
15 69 
15 70 
15 73 
15 74 
15 77 
15 80 
15 82 
15 84 
15 86 
15 87 
15 88 
15 91 
15 94 
15 97 
15 98 
15 100 
15 102 
15 105 
15 108 
15 109 
15 116 
15 117 
15 121 
15 150 
15 212 
16 6 
16 15 
16 23 
16 25 
16 27 
16 42 
16 45 
16 58 
16 60 
16 79 
16 80 
16 97 
16 117 
16 136 
16 146 
17 2 
17 3 
17 4 
17 5 
17 6 
17 7 
17 8 
17 9 
17 10 
17 11 
17 13 
17 14 
17 15 
17 16 
17 18 
17 19 
17 21 
17 22 
17 23 
17 25 
17 26 
17 27 
17 28 
17 29 
17 30 
17 31 
17 32 
17 33 
17 34 
17 35 
17 36 
17 37 
17 39 
17 40 
17 42 
17 44 
17 45 
17 48 
17 49 
17 51 
17 52 
17 54 
17 58 
17 59 
17 60 
17 62 
17 63 
17 68 
17 70 
17 71 
17 72 
17 76 
17 79 
17 80 
17 82 
17 83 
17 86 
17 89 
17 90 
17 91 
17 92 
17 96 
17 98 
17 99 
17 100 
17 102 
17 103 
17 105 
17 109 
17 110 
17 112 
17 113 
17 116 
17 117 
17 119 
17 121 
17 125 
17 128 
17 134 
17 146 
17 150 
17 155 
17 156 
17 158 
17 168 
17 182 
17 187 
17 190 
17 212 
18 2 
18 4 
18 6 
18 15 
18 26 
18 27 
18 33 
18 34 
18 39 
18 40 
18 48 
18 59 
18 76 
18 78 
18 80 
18 90 
18 96 
18 110 
18 116 
18 134 
19 158 
21 44 
21 84 
22 3 
22 4 
22 6 
22 11 
22 13 
22 14 
22 15 
22 21 
22 23 
22 27 
22 30 
22 31 
22 32 
22 35 
22 37 
22 40 
22 42 
22 44 
22 45 
22 48 
22 49 
22 51 
22 52 
22 60 
22 63 
22 68 
22 70 
22 73 
22 74 
22 76 
22 84 
22 86 
22 87 
22 88 
22 91 
22 100 
22 102 
22 108 
22 148 
22 156 
23 2 
23 4 
23 6 
23 7 
23 9 
23 10 
23 14 
23 15 
23 22 
23 25 
23 26 
23 27 
23 28 
23 29 
23 31 
23 34 
23 35 
23 37 
23 39 
23 44 
23 45 
23 76 
23 80 
23 82 
23 91 
23 96 
23 102 
23 105 
23 110 
23 117 
24 32 
25 2 
25 6 
25 36 
25 91 
25 146 
25 158 
25 187 
26 2 
26 6 
26 7 
26 8 
26 9 
26 18 
26 28 
26 32 
26 34 
26 37 
26 39 
26 44 
26 105 
26 128 
26 158 
26 212 
27 2 
27 3 
27 4 
27 6 
27 7 
27 8 
27 11 
27 13 
27 14 
27 15 
27 18 
27 21 
27 22 
27 30 
27 32 
27 34 
27 35 
27 36 
27 37 
27 39 
27 40 
27 44 
27 45 
27 51 
27 52 
27 58 
27 60 
27 62 
27 63 
27 68 
27 69 
27 70 
27 73 
27 74 
27 80 
27 82 
27 84 
27 87 
27 88 
27 98 
27 100 
27 102 
27 105 
27 109 
27 121 
27 130 
27 148 
28 2 
28 4 
28 6 
28 7 
28 10 
28 11 
28 14 
28 26 
28 29 
28 33 
28 34 
28 36 
28 44 
28 45 
28 68 
28 76 
28 80 
28 104 
28 110 
28 125 
28 134 
28 150 
28 158 
28 187 
29 6 
29 39 
29 158 
30 4 
30 14 
30 15 
30 21 
30 27 
30 32 
30 40 
30 42 
30 44 
30 45 
30 63 
30 69 
30 73 
30 83 
30 84 
30 87 
30 98 
30 102 
30 117 
30 121 
30 133 
31 2 
31 3 
31 6 
31 7 
31 9 
31 10 
31 13 
31 14 
31 15 
31 17 
31 18 
31 21 
31 23 
31 27 
31 29 
31 32 
31 34 
31 36 
31 39 
31 45 
31 63 
31 87 
31 104 
31 105 
31 110 
31 134 
31 150 
31 158 
32 72 
32 83 
32 88 
32 116 
32 117 
32 133 
33 125 
33 158 
34 2 
34 7 
34 8 
34 11 
34 18 
34 26 
34 29 
34 158 
34 212 
35 2 
35 3 
35 4 
35 5 
35 6 
35 7 
35 8 
35 9 
35 10 
35 11 
35 13 
35 14 
35 15 
35 17 
35 18 
35 21 
35 22 
35 23 
35 25 
35 26 
35 27 
35 29 
35 30 
35 32 
35 34 
35 36 
35 37 
35 39 
35 40 
35 42 
35 44 
35 45 
35 48 
35 49 
35 51 
35 52 
35 53 
35 55 
35 58 
35 59 
35 60 
35 62 
35 63 
35 66 
35 68 
35 69 
35 70 
35 73 
35 76 
35 77 
35 78 
35 80 
35 82 
35 83 
35 84 
35 86 
35 87 
35 88 
35 91 
35 94 
35 96 
35 97 
35 98 
35 102 
35 103 
35 105 
35 108 
35 109 
35 110 
35 112 
35 117 
35 121 
35 128 
35 134 
35 148 
35 150 
35 156 
35 158 
35 168 
35 182 
36 4 
36 11 
36 13 
36 14 
36 27 
36 30 
36 32 
36 44 
36 63 
36 69 
36 80 
36 87 
36 98 
36 102 
37 14 
37 15 
37 27 
37 29 
37 35 
37 69 
37 80 
38 32 
39 2 
39 4 
39 6 
39 7 
39 8 
39 9 
39 10 
39 11 
39 13 
39 14 
39 15 
39 17 
39 18 
39 22 
39 23 
39 26 
39 27 
39 28 
39 29 
39 30 
39 31 
39 32 
39 34 
39 35 
39 36 
39 37 
39 39 
39 44 
39 45 
39 63 
39 68 
39 70 
39 80 
39 102 
39 105 
39 109 
39 134 
39 140 
39 150 
39 190 
39 212 
40 2 
40 3 
40 4 
40 6 
40 7 
40 9 
40 11 
40 14 
40 15 
40 19 
40 27 
40 30 
40 32 
40 34 
40 36 
40 37 
40 44 
40 45 
40 48 
40 51 
40 69 
40 70 
40 80 
40 84 
40 88 
40 90 
40 100 
40 133 
40 187 
42 32 
42 63 
42 70 
42 83 
42 100 
42 116 
42 117 
42 133 
43 19 
43 92 
43 104 
43 113 
43 125 
43 158 
43 187 
43 212 
44 4 
44 6 
44 7 
44 9 
44 13 
44 14 
44 15 
44 17 
44 21 
44 22 
44 27 
44 29 
44 30 
44 32 
44 34 
44 35 
44 36 
44 37 
44 39 
44 45 
44 62 
44 63 
44 68 
44 69 
44 71 
44 80 
44 82 
44 87 
44 88 
44 102 
44 109 
44 113 
44 148 
44 158 
44 168 
45 2 
45 4 
45 6 
45 7 
45 8 
45 9 
45 10 
45 11 
45 14 
45 15 
45 16 
45 17 
45 18 
45 23 
45 25 
45 26 
45 27 
45 29 
45 31 
45 34 
45 35 
45 36 
45 37 
45 39 
45 40 
45 42 
45 44 
45 49 
45 55 
45 58 
45 63 
45 66 
45 68 
45 69 
45 70 
45 76 
45 79 
45 80 
45 94 
45 95 
45 96 
45 97 
45 98 
45 102 
45 103 
45 105 
45 108 
45 109 
45 112 
45 117 
45 119 
45 120 
45 125 
45 127 
45 128 
45 130 
45 134 
45 136 
45 146 
45 158 
45 178 
45 182 
46 5 
46 15 
46 32 
46 40 
46 42 
46 45 
46 80 
46 96 
46 100 
46 117 
46 121 
47 2 
47 6 
47 7 
47 9 
47 10 
47 11 
47 14 
47 15 
47 21 
47 23 
47 27 
47 30 
47 32 
47 33 
47 34 
47 37 
47 39 
47 42 
47 44 
47 45 
47 48 
47 77 
47 80 
47 83 
47 105 
47 109 
47 116 
47 117 
47 158 
47 168 
49 4 
49 14 
49 27 
49 35 
49 45 
49 55 
49 76 
49 95 
49 96 
49 108 
51 3 
51 36 
51 37 
51 45 
51 77 
51 88 
52 3 
52 68 
52 69 
52 83 
52 87 
52 88 
52 90 
52 100 
54 4 
55 6 
55 15 
55 16 
55 23 
55 30 
55 36 
55 44 
55 45 
55 108 
55 127 
58 6 
58 16 
58 45 
58 79 
58 97 
58 109 
58 125 
59 14 
59 45 
60 6 
60 15 
60 27 
60 35 
60 36 
60 37 
60 45 
60 51 
60 77 
60 80 
60 88 
63 4 
63 15 
63 30 
63 45 
63 69 
63 73 
63 80 
63 83 
63 84 
63 87 
63 98 
65 6 
65 45 
66 6 
66 15 
66 23 
66 27 
66 35 
66 45 
67 2 
67 6 
67 35 
67 36 
67 45 
67 70 
68 3 
68 6 
68 13 
68 15 
68 22 
68 30 
68 35 
68 36 
68 44 
68 48 
68 52 
68 84 
68 88 
69 2 
69 3 
69 4 
69 6 
69 14 
69 15 
69 22 
69 25 
69 27 
69 30 
69 32 
69 35 
69 37 
69 39 
69 40 
69 42 
69 45 
69 49 
69 51 
69 60 
69 63 
69 68 
69 76 
69 80 
69 84 
69 86 
69 87 
69 88 
69 102 
69 105 
69 109 
69 156 
69 182 
70 2 
70 3 
70 4 
70 6 
70 7 
70 8 
70 9 
70 11 
70 14 
70 15 
70 27 
70 31 
70 34 
70 36 
70 37 
70 39 
70 42 
70 44 
70 45 
70 60 
70 63 
70 76 
70 80 
70 98 
70 100 
70 105 
70 109 
70 117 
71 7 
71 8 
71 15 
71 22 
71 27 
71 35 
71 44 
71 45 
71 82 
71 156 
72 7 
72 9 
72 32 
72 100 
73 11 
73 15 
73 98 
73 121 
74 4 
75 4 
75 6 
75 14 
75 15 
75 22 
75 23 
75 27 
75 31 
75 35 
75 44 
75 48 
75 51 
75 60 
75 80 
75 109 
76 2 
76 3 
76 5 
76 6 
76 13 
76 14 
76 15 
76 16 
76 22 
76 23 
76 25 
76 27 
76 30 
76 31 
76 32 
76 35 
76 37 
76 40 
76 42 
76 44 
76 45 
76 52 
76 55 
76 58 
76 60 
76 68 
76 70 
76 78 
76 80 
76 83 
76 84 
76 86 
76 97 
76 109 
76 117 
76 121 
76 128 
76 158 
78 4 
78 6 
78 14 
78 27 
78 35 
78 80 
78 90 
78 94 
79 45 
79 58 
80 63 
81 6 
81 45 
81 158 
82 14 
82 15 
82 35 
82 37 
82 44 
82 45 
82 53 
84 22 
84 30 
84 44 
84 52 
84 63 
84 69 
84 83 
86 2 
86 3 
86 6 
86 14 
86 15 
86 22 
86 32 
86 37 
86 42 
86 51 
86 60 
86 69 
86 77 
86 87 
86 88 
86 90 
86 102 
86 121 
87 37 
87 44 
87 52 
87 63 
87 69 
87 84 
88 37 
88 48 
88 51 
88 60 
88 69 
88 90 
89 2 
89 6 
89 36 
89 44 
89 45 
89 80 
89 116 
89 158 
90 2 
90 6 
90 15 
90 37 
90 48 
90 51 
91 4 
91 6 
91 14 
91 78 
92 4 
92 11 
92 14 
92 15 
92 23 
92 27 
92 35 
92 39 
92 71 
93 27 
93 33 
93 36 
93 40 
93 48 
93 53 
93 77 
93 91 
93 95 
95 35 
95 45 
95 49 
95 96 
96 2 
96 5 
96 6 
96 15 
96 17 
96 23 
96 27 
96 32 
96 35 
96 40 
96 42 
96 45 
96 55 
96 66 
96 76 
96 80 
96 95 
96 100 
97 6 
97 16 
97 45 
97 58 
97 79 
98 4 
98 11 
98 13 
98 32 
98 36 
98 42 
98 73 
98 121 
98 133 
99 45 
101 2 
101 6 
101 15 
101 16 
101 27 
101 45 
101 58 
101 79 
101 83 
101 97 
101 98 
102 11 
102 60 
103 5 
103 6 
103 13 
103 14 
103 15 
103 17 
103 23 
103 27 
103 36 
103 45 
103 80 
103 112 
103 156 
104 6 
104 14 
104 80 
105 2 
105 99 
106 2 
108 2 
108 4 
108 5 
108 6 
108 7 
108 9 
108 15 
108 16 
108 22 
108 23 
108 27 
108 32 
108 34 
108 35 
108 36 
108 42 
108 44 
108 45 
108 52 
108 55 
108 58 
108 60 
108 63 
108 70 
108 76 
108 83 
108 96 
108 105 
108 109 
108 112 
108 128 
108 158 
109 2 
109 6 
109 14 
109 15 
109 21 
109 22 
109 27 
109 30 
109 32 
109 34 
109 37 
109 39 
109 42 
109 44 
109 45 
109 68 
109 71 
109 75 
109 92 
109 104 
109 105 
109 113 
109 115 
109 119 
109 138 
109 150 
109 168 
110 2 
110 3 
110 4 
110 6 
110 11 
110 14 
110 15 
110 16 
110 22 
110 31 
110 37 
110 44 
110 45 
110 59 
110 60 
110 62 
110 80 
110 99 
110 105 
110 212 
112 6 
112 45 
112 128 
113 15 
113 35 
113 80 
113 102 
114 35 
115 35 
115 45 
115 109 
119 27 
119 45 
120 6 
120 112 
121 30 
121 32 
121 73 
121 98 
122 27 
122 187 
124 3 
124 4 
124 16 
124 21 
124 27 
124 35 
124 157 
124 187 
130 127 
135 2 
135 6 
135 23 
135 26 
135 31 
135 34 
135 36 
135 44 
135 45 
135 68 
135 134 
135 158 
139 6 
139 11 
139 39 
141 7 
141 9 
146 33 
146 45 
146 110 
147 36 
149 99 
150 14 
151 39 
152 22 
152 27 
152 35 
153 7 
153 9 
153 10 
153 26 
153 34 
153 39 
153 158 
154 15 
160 6 
163 45 
168 7 
168 8 
168 27 
168 35 
168 44 
168 45 
168 80 
168 109 
170 14 
171 6 
180 187 
187 27 
187 53 
204 59 
204 91 
