2 2 
2 7 
2 8 
2 9 
2 10 
2 17 
2 18 
2 22 
2 23 
2 26 
2 29 
2 34 
2 39 
2 99 
2 105 
2 109 
2 110 
2 139 
2 150 
2 156 
2 158 
2 166 
2 212 
3 14 
3 15 
3 22 
3 27 
3 30 
3 32 
3 37 
3 63 
3 67 
3 69 
3 74 
3 84 
3 87 
3 88 
3 109 
4 7 
4 8 
4 11 
4 14 
4 15 
4 16 
4 22 
4 25 
4 27 
4 35 
4 39 
4 44 
4 52 
4 57 
4 62 
4 63 
4 68 
4 69 
4 70 
4 74 
4 82 
4 84 
4 119 
4 148 
4 181 
4 182 
5 53 
5 82 
5 130 
5 158 
6 2 
6 6 
6 7 
6 8 
6 10 
6 23 
6 26 
6 29 
6 30 
6 32 
6 34 
6 44 
6 45 
6 55 
6 58 
6 70 
6 76 
6 79 
6 83 
6 94 
6 103 
6 104 
6 105 
6 120 
6 128 
6 134 
6 178 
7 6 
7 14 
7 17 
7 18 
7 26 
7 29 
7 34 
7 39 
7 45 
7 60 
7 62 
7 99 
7 104 
7 105 
7 119 
7 180 
8 104 
8 140 
9 6 
9 8 
9 10 
9 14 
9 17 
9 26 
9 29 
9 34 
9 39 
9 45 
9 60 
9 62 
9 99 
9 105 
9 119 
9 180 
10 6 
10 8 
10 9 
10 18 
10 26 
10 34 
10 45 
10 105 
10 140 
11 14 
11 15 
11 27 
11 35 
11 36 
11 74 
11 102 
11 121 
13 2 
13 7 
13 8 
13 9 
13 10 
13 11 
13 14 
13 23 
13 25 
13 27 
13 32 
13 34 
13 36 
13 42 
13 73 
13 74 
13 83 
13 86 
13 96 
13 98 
13 100 
13 109 
13 117 
13 121 
13 133 
13 182 
14 3 
14 4 
14 15 
14 21 
14 22 
14 25 
14 27 
14 35 
14 37 
14 51 
14 54 
14 68 
14 69 
14 74 
14 78 
14 82 
14 88 
14 91 
14 104 
14 117 
14 125 
14 150 
14 156 
14 182 
14 187 
15 2 
15 3 
15 4 
15 5 
15 6 
15 7 
15 8 
15 10 
15 11 
15 13 
15 14 
15 17 
15 19 
15 21 
15 22 
15 23 
15 25 
15 26 
15 27 
15 30 
15 32 
15 33 
15 34 
15 35 
15 36 
15 37 
15 40 
15 42 
15 44 
15 48 
15 51 
15 52 
15 57 
15 59 
15 60 
15 63 
15 67 
15 68 
15 69 
15 70 
15 73 
15 74 
15 78 
15 79 
15 82 
15 83 
15 84 
15 86 
15 87 
15 88 
15 90 
15 91 
15 98 
15 100 
15 102 
15 103 
15 109 
15 117 
15 119 
15 120 
15 121 
15 128 
15 130 
15 134 
15 139 
15 148 
15 158 
15 193 
15 212 
16 45 
16 58 
16 79 
16 97 
16 136 
17 34 
17 109 
17 110 
17 125 
17 155 
17 158 
17 212 
18 7 
18 8 
18 26 
19 6 
19 36 
19 100 
21 6 
21 7 
21 8 
21 14 
21 17 
21 23 
21 44 
21 45 
21 70 
22 3 
22 14 
22 35 
22 44 
22 45 
22 52 
22 60 
22 68 
22 70 
22 88 
22 102 
22 116 
22 148 
22 158 
23 34 
25 44 
26 6 
26 7 
26 8 
26 10 
26 14 
26 17 
26 18 
26 25 
26 29 
26 33 
26 34 
26 67 
26 71 
26 110 
26 120 
26 125 
26 134 
26 150 
26 158 
27 4 
27 11 
27 14 
27 15 
27 21 
27 22 
27 23 
27 30 
27 34 
27 35 
27 36 
27 37 
27 44 
27 51 
27 59 
27 68 
27 82 
27 83 
27 84 
27 88 
27 102 
27 109 
27 119 
27 120 
27 127 
27 130 
27 134 
27 148 
29 125 
29 127 
29 134 
30 6 
30 11 
30 15 
30 35 
30 44 
30 45 
30 60 
30 63 
30 68 
30 69 
30 73 
30 87 
30 88 
30 98 
30 121 
31 158 
32 6 
32 7 
32 9 
32 15 
32 22 
32 42 
32 45 
32 62 
32 68 
32 70 
32 72 
32 73 
32 83 
32 100 
32 116 
32 117 
32 133 
33 134 
33 146 
33 158 
34 7 
34 8 
34 26 
34 110 
34 212 
35 7 
35 10 
35 14 
35 27 
35 37 
35 57 
35 76 
35 78 
35 82 
36 4 
36 11 
36 13 
36 34 
36 44 
36 80 
36 102 
37 14 
37 15 
37 34 
37 35 
37 40 
37 45 
37 69 
39 6 
39 34 
39 45 
39 125 
40 100 
40 133 
42 6 
42 17 
42 25 
42 27 
42 34 
42 35 
42 68 
42 69 
42 70 
42 83 
42 100 
42 116 
42 117 
42 121 
42 133 
43 17 
43 33 
43 44 
43 54 
43 67 
43 71 
43 92 
43 105 
43 110 
43 113 
43 125 
43 134 
43 146 
43 158 
43 212 
44 4 
44 6 
44 7 
44 8 
44 9 
44 10 
44 11 
44 14 
44 15 
44 17 
44 21 
44 22 
44 23 
44 25 
44 26 
44 27 
44 28 
44 29 
44 30 
44 33 
44 34 
44 35 
44 36 
44 37 
44 39 
44 40 
44 45 
44 52 
44 57 
44 59 
44 62 
44 63 
44 67 
44 68 
44 69 
44 70 
44 71 
44 82 
44 92 
44 95 
44 102 
44 103 
44 105 
44 109 
44 113 
44 119 
44 120 
44 125 
44 128 
44 134 
44 136 
44 138 
44 146 
44 148 
44 150 
44 155 
44 158 
44 178 
44 193 
45 2 
45 3 
45 5 
45 6 
45 7 
45 8 
45 9 
45 10 
45 15 
45 16 
45 17 
45 18 
45 23 
45 25 
45 26 
45 27 
45 28 
45 29 
45 31 
45 34 
45 35 
45 37 
45 44 
45 55 
45 58 
45 66 
45 67 
45 76 
45 79 
45 97 
45 99 
45 102 
45 103 
45 105 
45 108 
45 119 
45 120 
45 127 
45 128 
45 130 
45 134 
45 136 
45 146 
45 178 
47 63 
49 5 
49 55 
49 94 
49 95 
49 96 
52 68 
52 73 
55 6 
55 27 
55 35 
55 45 
55 55 
55 66 
55 108 
58 16 
58 79 
58 97 
58 103 
63 22 
63 30 
63 52 
63 60 
63 69 
63 70 
63 73 
63 84 
63 87 
63 88 
63 187 
65 45 
65 103 
65 128 
66 35 
66 55 
68 48 
68 52 
68 62 
68 84 
69 14 
69 15 
69 84 
69 88 
69 182 
71 92 
71 159 
73 15 
73 44 
73 68 
73 98 
73 121 
74 4 
76 16 
76 45 
76 136 
78 67 
78 119 
79 16 
79 45 
79 58 
79 97 
82 35 
82 44 
82 53 
84 22 
86 51 
86 77 
86 90 
87 15 
87 63 
87 69 
88 22 
88 27 
91 57 
93 14 
93 17 
93 33 
96 16 
96 49 
96 55 
96 58 
96 66 
96 70 
96 76 
96 79 
96 94 
96 95 
96 97 
98 13 
98 73 
98 121 
99 165 
103 6 
103 44 
103 45 
103 120 
103 178 
105 34 
105 165 
107 35 
108 22 
108 55 
108 66 
108 95 
109 2 
109 6 
109 7 
109 8 
109 44 
109 67 
109 71 
109 75 
109 92 
109 104 
109 105 
109 113 
109 115 
109 119 
109 138 
109 150 
109 158 
109 168 
112 120 
112 128 
113 125 
117 15 
117 116 
119 173 
120 130 
121 13 
121 32 
121 44 
121 73 
121 98 
124 45 
125 17 
128 120 
148 146 
148 158 
148 187 
