2 6 
2 7 
2 8 
2 9 
2 15 
2 18 
2 29 
2 34 
2 99 
2 105 
2 110 
2 156 
2 166 
2 212 
3 4 
3 7 
3 9 
3 13 
3 14 
3 15 
3 18 
3 22 
3 27 
3 29 
3 30 
3 34 
3 35 
3 37 
3 42 
3 44 
3 51 
3 52 
3 60 
3 62 
3 63 
3 67 
3 68 
3 69 
3 70 
3 74 
3 80 
3 84 
3 87 
3 88 
3 91 
3 102 
3 116 
3 117 
3 148 
3 212 
4 6 
4 11 
4 14 
4 15 
4 22 
4 27 
4 44 
4 57 
4 74 
5 6 
6 2 
6 6 
6 7 
6 9 
6 21 
6 37 
6 44 
6 45 
6 112 
7 2 
7 6 
7 17 
7 26 
7 31 
7 34 
7 150 
7 158 
7 187 
8 140 
9 2 
9 8 
9 17 
9 34 
9 140 
9 150 
9 158 
9 187 
10 6 
10 9 
10 26 
10 34 
11 14 
11 15 
11 28 
11 36 
11 80 
11 102 
12 148 
12 212 
13 73 
13 121 
14 3 
14 4 
14 6 
14 7 
14 8 
14 9 
14 15 
14 21 
14 22 
14 23 
14 25 
14 27 
14 30 
14 34 
14 35 
14 36 
14 37 
14 42 
14 44 
14 45 
14 52 
14 54 
14 57 
14 59 
14 67 
14 68 
14 73 
14 74 
14 80 
14 82 
14 84 
14 87 
14 91 
14 94 
14 100 
14 104 
14 116 
14 117 
14 148 
14 150 
14 156 
14 182 
14 212 
15 3 
15 4 
15 6 
15 7 
15 9 
15 11 
15 13 
15 14 
15 17 
15 21 
15 22 
15 23 
15 26 
15 27 
15 30 
15 31 
15 34 
15 35 
15 36 
15 37 
15 42 
15 44 
15 51 
15 52 
15 60 
15 63 
15 68 
15 69 
15 73 
15 74 
15 80 
15 82 
15 87 
15 88 
15 94 
15 100 
15 102 
15 117 
15 119 
15 121 
15 134 
15 212 
16 58 
16 97 
18 193 
19 134 
21 44 
21 84 
22 3 
22 4 
22 11 
22 14 
22 15 
22 18 
22 27 
22 30 
22 34 
22 35 
22 37 
22 44 
22 45 
22 48 
22 51 
22 52 
22 60 
22 63 
22 67 
22 68 
22 80 
22 84 
22 86 
22 88 
22 91 
22 100 
22 108 
22 116 
22 148 
22 156 
22 158 
22 182 
22 212 
23 7 
23 8 
23 9 
23 10 
23 18 
23 26 
23 34 
24 72 
25 116 
26 18 
26 29 
26 34 
27 4 
27 7 
27 8 
27 13 
27 14 
27 15 
27 22 
27 35 
27 36 
27 44 
27 57 
27 68 
27 71 
27 74 
27 113 
27 121 
27 127 
27 130 
27 148 
30 7 
30 9 
30 11 
30 15 
30 21 
30 44 
30 45 
30 52 
30 63 
30 69 
30 70 
30 73 
30 84 
30 87 
30 102 
30 117 
30 121 
31 5 
32 15 
32 22 
32 42 
32 45 
32 68 
32 70 
32 72 
32 83 
32 100 
32 116 
32 117 
32 121 
32 133 
33 48 
33 67 
33 125 
34 7 
34 8 
34 29 
34 44 
34 110 
34 139 
34 212 
35 4 
35 5 
35 6 
35 7 
35 9 
35 10 
35 13 
35 14 
35 23 
35 27 
35 34 
35 44 
35 45 
35 53 
35 54 
35 73 
35 80 
35 82 
35 84 
35 91 
35 102 
35 119 
35 130 
35 148 
35 156 
35 182 
35 187 
36 11 
36 13 
37 13 
37 14 
37 15 
37 17 
37 80 
37 109 
39 2 
39 7 
39 9 
39 10 
39 34 
40 3 
40 4 
40 7 
40 8 
40 9 
40 11 
40 15 
40 23 
40 26 
40 27 
40 34 
40 36 
40 44 
40 45 
40 52 
40 70 
40 71 
40 100 
40 105 
40 110 
40 112 
40 148 
42 6 
42 15 
42 34 
42 44 
42 45 
42 68 
42 70 
42 72 
42 73 
42 83 
42 87 
42 100 
42 116 
42 117 
42 121 
42 133 
42 146 
43 6 
43 7 
43 8 
43 11 
43 17 
43 18 
43 34 
43 67 
43 68 
43 110 
43 113 
43 125 
43 134 
43 150 
43 158 
43 212 
44 3 
44 4 
44 7 
44 9 
44 11 
44 14 
44 15 
44 17 
44 21 
44 22 
44 27 
44 30 
44 31 
44 34 
44 35 
44 36 
44 42 
44 45 
44 62 
44 68 
44 71 
44 82 
44 92 
44 103 
44 108 
44 109 
44 113 
44 119 
44 128 
44 134 
44 148 
44 150 
44 158 
45 2 
45 4 
45 5 
45 6 
45 7 
45 8 
45 9 
45 11 
45 16 
45 17 
45 18 
45 21 
45 23 
45 26 
45 27 
45 29 
45 31 
45 34 
45 36 
45 37 
45 44 
45 49 
45 58 
45 66 
45 68 
45 70 
45 76 
45 79 
45 80 
45 84 
45 94 
45 95 
45 96 
45 97 
45 102 
45 103 
45 105 
45 109 
45 112 
45 120 
45 127 
45 128 
45 134 
45 136 
45 156 
45 178 
45 182 
46 72 
51 77 
52 6 
52 7 
52 9 
52 45 
52 84 
52 100 
52 116 
60 51 
60 77 
62 7 
62 9 
62 13 
62 26 
62 27 
62 34 
62 36 
62 54 
62 68 
62 73 
62 80 
62 104 
62 109 
62 110 
62 119 
62 146 
62 148 
62 150 
62 212 
63 27 
63 30 
63 52 
63 69 
63 87 
63 100 
68 15 
68 44 
68 45 
68 52 
68 62 
68 119 
69 5 
69 15 
69 48 
69 52 
69 60 
69 73 
69 77 
69 83 
69 84 
69 87 
69 88 
69 117 
70 4 
70 6 
70 14 
70 21 
70 23 
70 29 
70 30 
70 34 
70 37 
70 44 
70 45 
70 156 
71 92 
71 113 
73 22 
73 44 
73 52 
73 121 
76 6 
76 16 
76 35 
76 45 
76 58 
76 97 
76 127 
81 112 
82 4 
82 11 
82 14 
82 23 
82 35 
82 44 
82 53 
82 74 
83 15 
83 45 
83 73 
83 84 
83 100 
83 117 
83 121 
84 22 
84 27 
84 83 
86 51 
86 63 
86 77 
86 84 
86 87 
86 90 
87 30 
87 52 
87 69 
87 84 
89 158 
92 159 
93 27 
93 33 
93 36 
93 40 
93 83 
93 100 
96 14 
97 16 
97 58 
97 76 
97 79 
98 13 
98 69 
98 73 
98 121 
100 42 
100 117 
101 97 
105 99 
105 165 
109 7 
109 8 
109 67 
109 75 
109 104 
109 113 
109 115 
109 119 
109 138 
109 150 
109 168 
116 42 
116 69 
117 116 
117 121 
121 44 
121 70 
121 73 
121 117 
140 31 
145 193 
146 14 
168 115 
172 33 
172 134 
187 6 
