4 3 
4 5 
4 7 
4 9 
4 10 
4 14 
4 15 
4 22 
4 23 
4 27 
4 30 
4 32 
4 35 
4 37 
4 45 
4 63 
4 69 
4 73 
4 96 
6 14 
6 45 
7 4 
7 5 
7 22 
7 23 
7 77 
7 86 
7 117 
9 4 
9 22 
9 23 
9 77 
9 86 
9 117 
10 5 
10 9 
11 32 
11 73 
11 98 
11 102 
11 117 
11 121 
12 4 
12 7 
12 9 
12 14 
12 22 
12 35 
12 73 
12 86 
12 96 
12 146 
14 3 
14 4 
14 7 
14 9 
14 10 
14 15 
14 22 
14 30 
14 35 
14 37 
14 45 
14 68 
14 69 
14 73 
14 182 
15 3 
15 4 
15 14 
15 22 
15 29 
15 32 
15 37 
15 63 
15 73 
15 80 
15 121 
17 4 
17 155 
22 4 
22 51 
22 60 
22 63 
22 73 
22 77 
22 86 
22 88 
22 96 
27 2 
27 4 
27 7 
27 9 
27 15 
27 63 
27 73 
28 125 
30 4 
30 14 
30 15 
30 32 
30 69 
30 73 
30 117 
30 121 
31 18 
32 4 
32 30 
32 37 
32 40 
32 117 
35 14 
35 57 
36 80 
39 26 
39 57 
40 32 
40 83 
42 7 
42 9 
42 83 
43 125 
44 35 
45 4 
45 14 
45 35 
52 69 
63 4 
63 30 
63 87 
68 51 
69 4 
69 63 
69 73 
73 4 
73 7 
73 10 
73 14 
73 22 
73 32 
73 35 
73 45 
73 69 
73 98 
73 121 
82 14 
86 77 
87 22 
87 35 
87 63 
88 86 
91 4 
98 4 
101 45 
109 168 
113 75 
117 4 
117 7 
117 9 
117 15 
117 23 
117 37 
117 63 
117 73 
117 87 
121 14 
121 45 
121 73 
146 158 
