1 28 
2 18 
2 32 
2 34 
2 39 
2 99 
2 105 
2 146 
2 156 
2 158 
2 212 
3 14 
3 15 
3 22 
3 30 
3 35 
3 37 
3 63 
3 68 
3 69 
3 84 
3 87 
3 88 
4 3 
4 6 
4 13 
4 14 
4 15 
4 21 
4 22 
4 27 
4 30 
4 35 
4 36 
4 44 
4 63 
4 73 
4 74 
4 98 
4 121 
5 11 
5 15 
5 21 
5 22 
5 27 
5 32 
5 35 
5 37 
5 40 
5 42 
5 44 
5 45 
5 48 
5 49 
5 51 
5 53 
5 60 
5 77 
5 78 
5 80 
5 83 
5 86 
5 90 
5 102 
5 116 
5 117 
5 133 
5 148 
6 6 
6 45 
6 178 
7 6 
7 18 
7 26 
7 32 
7 34 
7 39 
7 97 
7 139 
8 97 
8 140 
9 6 
9 8 
9 18 
9 26 
9 32 
9 39 
9 139 
9 140 
10 6 
10 8 
10 34 
11 27 
11 36 
12 3 
12 14 
12 15 
12 22 
12 25 
12 27 
12 32 
12 33 
12 35 
12 36 
12 37 
12 40 
12 44 
12 51 
12 62 
12 63 
12 80 
12 83 
12 84 
12 87 
12 88 
12 91 
12 121 
12 125 
12 150 
14 3 
14 4 
14 11 
14 13 
14 15 
14 21 
14 22 
14 27 
14 30 
14 35 
14 36 
14 37 
14 44 
14 68 
14 73 
14 74 
14 80 
14 82 
14 87 
14 88 
15 3 
15 4 
15 11 
15 13 
15 14 
15 21 
15 22 
15 27 
15 30 
15 35 
15 36 
15 37 
15 44 
15 63 
15 68 
15 69 
15 74 
15 82 
15 84 
15 87 
15 88 
15 98 
15 212 
16 6 
16 27 
16 32 
16 45 
16 79 
16 80 
16 97 
16 102 
17 44 
17 125 
17 134 
17 155 
17 190 
17 212 
18 26 
18 34 
19 3 
19 15 
19 28 
19 32 
19 36 
19 37 
19 39 
19 40 
19 44 
19 52 
19 68 
19 69 
19 83 
19 84 
19 100 
19 116 
19 125 
19 158 
20 40 
21 14 
21 44 
21 87 
22 3 
22 4 
22 6 
22 11 
22 13 
22 14 
22 15 
22 21 
22 27 
22 30 
22 32 
22 35 
22 36 
22 37 
22 42 
22 44 
22 48 
22 51 
22 52 
22 60 
22 63 
22 68 
22 69 
22 73 
22 74 
22 80 
22 84 
22 87 
22 88 
22 98 
22 102 
22 117 
22 121 
22 148 
23 4 
23 7 
23 8 
23 10 
23 32 
23 34 
23 39 
24 15 
24 32 
25 134 
25 158 
26 7 
26 8 
26 9 
26 10 
26 18 
26 34 
26 212 
27 3 
27 4 
27 11 
27 13 
27 14 
27 15 
27 21 
27 22 
27 30 
27 32 
27 35 
27 36 
27 37 
27 44 
27 52 
27 62 
27 63 
27 68 
27 69 
27 73 
27 74 
27 82 
27 84 
27 87 
27 88 
27 98 
27 100 
27 121 
27 133 
27 148 
28 80 
29 7 
29 10 
30 13 
30 14 
30 15 
30 22 
30 42 
30 63 
30 73 
30 87 
30 98 
30 121 
31 7 
31 8 
31 23 
31 34 
32 73 
32 98 
32 117 
32 121 
33 25 
33 89 
33 125 
33 134 
33 158 
34 26 
34 139 
35 3 
35 4 
35 11 
35 13 
35 14 
35 15 
35 21 
35 22 
35 27 
35 30 
35 32 
35 36 
35 37 
35 42 
35 44 
35 51 
35 52 
35 53 
35 60 
35 63 
35 68 
35 69 
35 73 
35 74 
35 80 
35 82 
35 84 
35 86 
35 87 
35 88 
35 98 
35 102 
35 117 
35 121 
35 148 
35 150 
36 11 
36 13 
36 14 
36 27 
37 6 
39 15 
39 26 
39 27 
39 32 
39 34 
39 212 
40 3 
40 11 
40 15 
40 27 
40 30 
40 32 
40 36 
40 37 
40 42 
40 44 
40 51 
40 52 
40 60 
40 63 
40 68 
40 69 
40 77 
40 80 
40 83 
40 84 
40 86 
40 87 
40 88 
40 100 
40 102 
40 117 
40 121 
40 133 
40 134 
40 146 
42 15 
42 27 
42 30 
42 32 
42 73 
42 83 
42 84 
42 87 
42 98 
42 117 
42 121 
43 125 
43 134 
43 212 
44 4 
44 11 
44 15 
44 21 
44 22 
44 27 
44 35 
44 71 
44 82 
44 87 
45 6 
45 7 
45 8 
45 23 
45 31 
45 76 
45 96 
45 103 
45 116 
45 127 
45 128 
45 178 
45 182 
46 32 
47 7 
47 8 
47 9 
48 22 
48 30 
48 51 
48 52 
48 60 
48 63 
48 68 
48 69 
48 73 
48 77 
48 84 
48 86 
48 88 
48 90 
48 117 
49 6 
49 96 
51 60 
51 69 
52 30 
52 40 
52 63 
52 68 
52 73 
52 84 
52 87 
52 121 
55 14 
55 127 
58 4 
58 6 
58 15 
58 21 
58 22 
58 27 
58 32 
58 35 
58 37 
58 40 
58 42 
58 44 
58 45 
58 51 
58 60 
58 77 
58 78 
58 79 
58 80 
58 82 
58 83 
58 86 
58 90 
58 102 
58 117 
58 133 
60 15 
60 51 
60 86 
60 88 
62 3 
62 21 
62 22 
62 40 
62 44 
62 68 
63 15 
63 22 
63 30 
63 35 
63 84 
63 87 
65 6 
65 14 
65 15 
65 27 
65 44 
68 3 
68 4 
68 11 
68 13 
68 14 
68 15 
68 22 
68 27 
68 30 
68 32 
68 35 
68 36 
68 44 
68 48 
68 51 
68 52 
68 60 
68 62 
68 63 
68 69 
68 73 
68 77 
68 80 
68 83 
68 84 
68 86 
68 87 
68 88 
68 90 
68 98 
68 116 
68 117 
68 121 
69 3 
69 11 
69 13 
69 14 
69 15 
69 22 
69 27 
69 30 
69 32 
69 35 
69 36 
69 37 
69 60 
69 63 
69 73 
69 84 
69 87 
69 88 
69 98 
69 121 
70 22 
70 32 
70 62 
70 68 
72 32 
73 30 
73 98 
73 121 
74 14 
76 6 
76 32 
76 45 
77 51 
77 80 
77 87 
78 4 
78 14 
78 27 
78 35 
78 44 
79 6 
79 45 
79 58 
79 80 
81 4 
81 6 
81 14 
81 22 
81 27 
81 32 
81 35 
81 42 
81 44 
81 45 
81 51 
81 60 
81 77 
81 80 
81 86 
81 90 
81 102 
81 117 
82 14 
82 27 
82 35 
82 37 
82 44 
82 53 
82 74 
83 117 
84 30 
84 52 
84 68 
84 73 
84 87 
86 11 
86 30 
86 37 
86 51 
86 52 
86 60 
86 63 
86 69 
86 84 
86 87 
86 88 
87 30 
87 63 
87 69 
87 84 
88 22 
88 60 
88 63 
88 84 
88 87 
89 25 
89 32 
89 40 
89 42 
89 52 
89 83 
89 125 
89 134 
89 146 
89 158 
90 3 
90 15 
90 30 
90 36 
90 37 
90 44 
90 51 
90 52 
90 60 
90 63 
90 69 
90 73 
90 77 
90 80 
90 84 
90 86 
90 87 
90 88 
90 121 
91 4 
91 14 
91 15 
91 22 
91 32 
91 35 
91 37 
91 42 
91 148 
91 150 
92 159 
93 33 
93 40 
93 77 
94 127 
96 6 
96 32 
96 102 
97 16 
98 82 
98 121 
100 116 
101 4 
101 6 
101 16 
101 27 
101 32 
101 44 
101 45 
101 58 
101 79 
101 97 
105 99 
107 49 
108 6 
108 27 
108 32 
108 35 
108 40 
108 42 
108 44 
108 60 
108 66 
108 78 
108 80 
108 96 
108 102 
109 27 
109 44 
109 51 
109 57 
109 75 
109 115 
109 138 
109 150 
109 168 
110 212 
111 25 
111 158 
112 128 
113 71 
120 128 
121 73 
121 98 
125 158 
128 178 
130 14 
130 27 
133 32 
136 6 
146 3 
146 25 
146 30 
146 32 
146 40 
146 52 
146 63 
146 69 
146 84 
146 87 
146 89 
146 125 
146 134 
146 158 
148 22 
148 84 
153 7 
153 9 
165 105 
167 25 
167 33 
167 40 
167 89 
167 125 
178 128 
187 35 
187 213 
202 44 
203 37 
204 91 
