2 26 
2 37 
2 105 
3 15 
3 22 
3 27 
3 98 
4 11 
4 14 
4 15 
4 27 
4 30 
4 68 
4 74 
4 91 
5 34 
5 49 
5 94 
5 108 
5 109 
6 11 
6 45 
6 98 
7 4 
7 6 
7 18 
7 19 
7 23 
7 26 
7 29 
7 31 
7 34 
7 39 
7 44 
7 45 
7 109 
9 4 
9 6 
9 8 
9 10 
9 18 
9 19 
9 23 
9 26 
9 29 
9 31 
9 34 
9 39 
9 44 
9 45 
9 109 
11 14 
11 15 
12 146 
14 4 
14 15 
14 22 
14 27 
14 35 
14 36 
14 37 
14 68 
15 3 
15 4 
15 5 
15 7 
15 10 
15 11 
15 14 
15 19 
15 22 
15 27 
15 32 
15 34 
15 36 
15 37 
15 42 
15 44 
15 63 
15 68 
15 70 
15 74 
15 76 
15 90 
17 7 
17 8 
17 10 
17 26 
17 34 
17 92 
17 109 
17 146 
17 155 
17 158 
17 190 
18 23 
18 26 
21 11 
21 44 
22 3 
22 14 
22 17 
22 30 
22 32 
22 35 
22 37 
22 44 
22 60 
22 68 
22 70 
22 87 
22 88 
22 109 
23 18 
25 146 
26 18 
26 34 
26 125 
27 4 
27 11 
27 14 
27 15 
27 21 
27 22 
27 30 
27 35 
27 37 
27 68 
27 74 
27 82 
27 102 
28 26 
30 44 
30 63 
30 87 
31 26 
32 40 
34 110 
35 14 
35 30 
35 48 
35 55 
35 76 
35 78 
35 82 
36 14 
39 7 
39 8 
39 9 
39 10 
39 13 
39 15 
39 23 
39 26 
39 27 
39 34 
39 39 
39 146 
40 146 
42 40 
42 125 
43 19 
43 125 
44 6 
44 21 
44 27 
44 30 
44 34 
44 36 
44 68 
45 2 
45 4 
45 5 
45 6 
45 7 
45 8 
45 9 
45 10 
45 15 
45 18 
45 23 
45 26 
45 27 
45 29 
45 34 
45 36 
45 44 
45 55 
45 70 
45 76 
45 79 
45 94 
45 96 
45 105 
45 108 
45 109 
45 112 
45 125 
45 128 
45 146 
45 182 
47 139 
49 40 
49 96 
51 86 
52 68 
55 108 
60 51 
60 88 
63 15 
68 48 
69 3 
69 4 
69 22 
69 30 
69 63 
69 84 
69 88 
70 146 
73 30 
73 121 
74 4 
75 115 
75 168 
76 6 
76 22 
76 45 
76 55 
80 11 
82 35 
83 84 
84 30 
84 52 
84 68 
86 51 
86 52 
86 68 
86 77 
86 90 
87 21 
87 22 
87 30 
87 63 
88 22 
89 146 
90 48 
93 48 
95 108 
96 108 
97 6 
101 16 
105 26 
107 5 
108 6 
108 66 
109 29 
109 115 
109 138 
109 168 
110 17 
112 128 
113 71 
115 109 
115 138 
115 168 
135 17 
135 26 
142 159 
152 109 
152 168 
153 26 
153 34 
155 17 
168 138 
170 157 
175 6 
