2 4 
2 7 
2 9 
2 10 
2 14 
2 16 
2 22 
2 23 
2 29 
2 31 
2 34 
2 39 
2 44 
2 49 
2 55 
2 69 
2 82 
2 95 
2 99 
2 105 
2 134 
2 156 
2 158 
3 11 
3 15 
3 22 
3 63 
3 87 
3 88 
4 3 
4 11 
4 14 
4 15 
4 22 
4 23 
4 27 
4 30 
4 35 
4 37 
4 44 
4 63 
4 74 
4 82 
5 49 
5 95 
6 34 
6 45 
7 6 
7 15 
7 23 
7 26 
7 31 
7 36 
7 45 
7 59 
7 105 
7 134 
7 166 
8 59 
9 6 
9 10 
9 15 
9 23 
9 26 
9 31 
9 36 
9 45 
9 105 
9 134 
9 166 
11 35 
11 84 
12 4 
12 15 
12 27 
12 44 
12 68 
12 69 
12 82 
12 91 
12 146 
14 3 
14 4 
14 11 
14 15 
14 22 
14 27 
14 30 
14 35 
14 37 
14 42 
14 44 
14 45 
14 49 
14 52 
14 59 
14 63 
14 69 
14 78 
14 82 
14 84 
14 87 
14 88 
14 96 
14 187 
15 3 
15 4 
15 11 
15 14 
15 22 
15 27 
15 35 
15 44 
15 52 
15 60 
15 63 
15 68 
15 69 
15 70 
15 74 
15 86 
15 87 
15 88 
15 96 
15 134 
16 58 
16 94 
16 136 
17 6 
17 7 
17 10 
17 23 
17 25 
17 26 
17 27 
17 28 
17 29 
17 39 
17 44 
17 68 
17 69 
17 70 
17 82 
17 91 
17 110 
17 125 
17 134 
17 146 
17 158 
17 190 
19 26 
22 3 
22 4 
22 11 
22 14 
22 15 
22 27 
22 30 
22 35 
22 37 
22 68 
22 69 
22 70 
22 84 
22 87 
22 88 
23 7 
23 9 
25 146 
26 6 
27 4 
27 11 
27 14 
27 15 
27 30 
27 36 
27 37 
27 44 
27 73 
27 80 
27 82 
27 87 
27 109 
27 112 
27 134 
28 6 
28 158 
30 15 
30 27 
31 6 
34 29 
34 110 
35 4 
35 14 
35 22 
35 27 
35 82 
37 14 
37 35 
37 70 
39 7 
39 10 
39 23 
39 29 
42 29 
42 30 
42 40 
42 70 
42 73 
43 92 
43 125 
44 4 
44 11 
44 21 
44 70 
44 71 
44 148 
45 3 
45 6 
45 7 
45 10 
45 14 
45 15 
45 16 
45 22 
45 23 
45 27 
45 31 
45 35 
45 39 
45 44 
45 49 
45 55 
45 58 
45 60 
45 66 
45 67 
45 68 
45 69 
45 70 
45 71 
45 76 
45 78 
45 79 
45 82 
45 94 
45 95 
45 96 
45 104 
45 108 
45 112 
45 136 
45 157 
47 99 
49 5 
49 6 
49 7 
49 10 
49 14 
49 15 
49 23 
49 27 
49 29 
49 37 
49 45 
49 55 
49 66 
49 78 
49 79 
49 80 
49 94 
49 95 
49 96 
49 105 
49 108 
52 11 
52 14 
52 30 
52 40 
52 68 
52 84 
59 57 
62 29 
63 27 
63 30 
63 52 
63 69 
63 87 
67 4 
68 52 
69 3 
69 14 
69 15 
69 22 
69 30 
69 52 
69 63 
69 70 
69 84 
69 87 
69 88 
71 92 
71 104 
75 109 
75 115 
76 14 
76 16 
76 45 
76 49 
76 94 
79 97 
82 14 
82 35 
84 11 
84 14 
84 22 
84 25 
84 30 
84 37 
84 52 
84 69 
86 60 
87 30 
87 52 
88 69 
91 14 
92 71 
92 113 
93 28 
95 49 
95 96 
95 108 
96 14 
96 15 
97 79 
98 121 
107 5 
109 4 
109 15 
109 49 
109 92 
109 113 
109 115 
109 138 
109 168 
111 67 
113 71 
113 92 
113 181 
114 14 
114 49 
114 76 
114 95 
114 97 
115 71 
124 4 
124 37 
124 157 
124 180 
132 23 
139 7 
139 10 
152 168 
153 7 
153 9 
173 157 
180 157 
181 159 
184 45 
187 37 
187 59 
204 59 
