4 14 
4 35 
4 158 
5 7 
5 9 
5 14 
5 15 
5 23 
5 39 
6 15 
7 5 
7 6 
7 15 
7 17 
7 22 
7 23 
7 26 
7 31 
7 34 
7 39 
7 40 
7 42 
7 44 
7 45 
7 91 
7 105 
8 26 
8 44 
9 5 
9 6 
9 8 
9 10 
9 15 
9 17 
9 22 
9 23 
9 26 
9 31 
9 39 
9 40 
9 42 
9 44 
9 45 
9 91 
9 105 
10 26 
10 34 
11 14 
14 134 
15 3 
15 4 
15 14 
15 22 
15 27 
15 30 
15 35 
15 40 
15 45 
15 63 
15 69 
15 82 
15 84 
15 88 
17 6 
17 7 
17 8 
17 9 
17 22 
17 23 
17 39 
17 44 
17 45 
17 62 
17 158 
18 7 
18 9 
19 7 
19 9 
22 3 
22 5 
22 6 
22 14 
22 15 
22 23 
22 28 
22 40 
22 45 
22 52 
22 63 
22 70 
22 73 
22 82 
22 84 
22 88 
22 148 
23 5 
23 6 
23 7 
23 9 
23 10 
23 15 
23 22 
23 31 
23 34 
23 39 
23 44 
25 158 
27 4 
27 14 
27 22 
28 7 
28 9 
31 7 
31 9 
31 17 
31 29 
35 14 
38 7 
38 9 
39 23 
40 7 
40 9 
40 17 
41 7 
41 9 
44 6 
44 14 
44 15 
44 17 
44 22 
44 45 
44 84 
45 158 
46 7 
46 9 
46 17 
46 23 
47 7 
47 9 
47 23 
68 62 
72 7 
72 9 
74 15 
82 22 
107 7 
107 9 
110 62 
135 17 
141 7 
141 9 
147 39 
