2 18 
2 23 
2 105 
3 14 
3 15 
3 22 
3 27 
3 37 
3 40 
3 69 
3 73 
3 87 
4 14 
4 15 
4 21 
4 27 
4 37 
4 44 
4 68 
4 73 
4 74 
4 109 
5 7 
5 9 
5 22 
5 37 
5 109 
6 7 
6 9 
6 10 
6 21 
6 23 
6 29 
6 40 
6 45 
7 15 
7 21 
7 22 
7 23 
7 26 
7 29 
7 31 
7 34 
7 73 
8 26 
9 10 
9 23 
9 26 
9 31 
9 34 
9 73 
10 15 
10 21 
10 22 
10 23 
10 26 
10 29 
11 13 
11 15 
11 73 
13 73 
14 4 
14 6 
14 15 
14 21 
14 22 
14 27 
14 35 
14 37 
14 44 
14 73 
15 3 
15 4 
15 11 
15 14 
15 21 
15 22 
15 27 
15 30 
15 34 
15 37 
15 44 
15 69 
15 73 
15 74 
17 7 
17 10 
18 29 
21 44 
21 73 
21 109 
22 3 
22 14 
22 35 
22 73 
23 7 
23 9 
23 10 
23 15 
23 18 
23 26 
24 19 
26 23 
26 34 
27 4 
27 11 
27 14 
27 15 
27 21 
27 23 
27 30 
27 37 
27 40 
27 44 
27 63 
27 73 
27 74 
30 15 
30 22 
30 27 
30 37 
30 63 
30 73 
30 87 
31 23 
32 3 
32 13 
32 15 
32 30 
32 40 
32 42 
32 73 
32 98 
32 121 
32 133 
34 26 
35 14 
35 21 
35 44 
35 73 
35 82 
36 11 
36 21 
36 26 
36 44 
36 73 
36 80 
37 34 
37 70 
37 73 
39 26 
40 21 
40 52 
42 30 
42 40 
42 62 
42 73 
43 113 
44 4 
44 13 
44 21 
44 27 
44 35 
44 71 
44 73 
44 109 
45 6 
45 7 
45 9 
45 10 
45 14 
45 15 
45 16 
45 18 
45 21 
45 23 
45 26 
45 29 
45 31 
45 34 
45 35 
45 39 
45 40 
45 44 
45 55 
45 66 
45 70 
45 73 
45 76 
45 78 
45 79 
45 82 
45 91 
45 96 
45 97 
45 103 
45 108 
45 125 
47 7 
47 10 
47 11 
47 21 
47 22 
47 23 
47 26 
47 31 
47 134 
47 139 
52 22 
52 40 
52 68 
63 3 
63 7 
63 9 
63 15 
63 22 
63 30 
63 35 
63 37 
63 60 
63 68 
63 69 
63 73 
63 87 
66 22 
68 73 
69 3 
69 22 
69 73 
69 84 
69 87 
69 88 
70 73 
73 27 
73 30 
73 121 
74 14 
74 27 
84 15 
84 40 
84 73 
87 3 
87 15 
87 22 
87 30 
87 60 
87 63 
87 69 
87 88 
88 73 
90 86 
97 16 
98 73 
109 115 
115 168 
121 73 
124 157 
146 25 
146 73 
147 39 
148 70 
