2 11 
2 18 
2 33 
2 45 
2 105 
2 119 
2 156 
3 14 
3 15 
3 22 
3 30 
3 37 
3 60 
3 63 
3 69 
3 84 
3 87 
3 88 
4 2 
4 11 
4 13 
4 14 
4 15 
4 19 
4 21 
4 22 
4 23 
4 27 
4 30 
4 32 
4 37 
4 44 
4 63 
4 68 
4 70 
4 73 
4 74 
4 82 
4 86 
4 87 
4 105 
4 134 
4 158 
5 49 
5 66 
6 6 
6 15 
6 18 
6 45 
7 4 
7 6 
7 11 
7 14 
7 15 
7 16 
7 17 
7 18 
7 21 
7 22 
7 27 
7 28 
7 31 
7 32 
7 36 
7 39 
7 40 
7 44 
7 45 
7 63 
7 66 
7 67 
7 68 
7 71 
7 75 
7 80 
7 92 
7 96 
7 105 
7 109 
7 110 
7 115 
7 136 
7 139 
7 146 
7 156 
7 158 
7 159 
8 6 
8 18 
8 68 
9 4 
9 6 
9 8 
9 9 
9 10 
9 11 
9 14 
9 15 
9 16 
9 17 
9 21 
9 22 
9 27 
9 28 
9 31 
9 32 
9 36 
9 39 
9 40 
9 44 
9 45 
9 63 
9 66 
9 67 
9 71 
9 75 
9 80 
9 92 
9 96 
9 105 
9 109 
9 115 
9 136 
9 146 
9 156 
9 158 
9 159 
10 4 
10 8 
10 9 
10 18 
10 27 
10 28 
10 31 
10 44 
10 105 
10 109 
10 110 
10 139 
11 13 
11 36 
11 44 
11 63 
11 73 
11 82 
11 158 
12 146 
13 18 
13 30 
13 68 
13 73 
13 98 
14 2 
14 4 
14 11 
14 13 
14 15 
14 21 
14 22 
14 27 
14 30 
14 32 
14 33 
14 35 
14 37 
14 40 
14 44 
14 45 
14 51 
14 57 
14 63 
14 68 
14 71 
14 74 
14 76 
14 82 
14 91 
14 102 
14 104 
14 105 
14 109 
14 157 
15 4 
15 5 
15 6 
15 11 
15 13 
15 14 
15 17 
15 19 
15 21 
15 22 
15 27 
15 30 
15 33 
15 35 
15 36 
15 37 
15 40 
15 44 
15 45 
15 51 
15 52 
15 60 
15 63 
15 68 
15 69 
15 70 
15 73 
15 74 
15 80 
15 82 
15 83 
15 84 
15 87 
15 88 
15 91 
15 96 
15 102 
15 105 
15 109 
15 117 
15 155 
15 158 
16 4 
16 5 
16 6 
16 15 
16 22 
16 27 
16 35 
16 45 
16 49 
16 55 
16 66 
16 76 
16 94 
16 96 
16 97 
16 108 
17 4 
17 5 
17 6 
17 7 
17 9 
17 11 
17 14 
17 15 
17 18 
17 22 
17 26 
17 27 
17 28 
17 32 
17 35 
17 36 
17 40 
17 44 
17 45 
17 52 
17 55 
17 63 
17 70 
17 71 
17 78 
17 82 
17 86 
17 89 
17 91 
17 99 
17 102 
17 105 
17 109 
17 110 
17 117 
17 120 
17 138 
17 146 
17 155 
17 158 
17 190 
18 4 
18 5 
18 6 
18 7 
18 9 
18 14 
18 15 
18 19 
18 22 
18 23 
18 26 
18 27 
18 31 
18 32 
18 33 
18 35 
18 40 
18 44 
18 45 
18 63 
18 69 
18 80 
18 110 
21 6 
21 44 
22 4 
22 7 
22 8 
22 11 
22 13 
22 14 
22 15 
22 17 
22 27 
22 30 
22 32 
22 35 
22 37 
22 40 
22 42 
22 44 
22 45 
22 48 
22 51 
22 52 
22 55 
22 60 
22 67 
22 68 
22 69 
22 73 
22 76 
22 82 
22 84 
22 86 
22 87 
22 88 
22 91 
22 100 
22 117 
22 156 
22 158 
22 182 
23 2 
23 5 
23 6 
23 14 
23 18 
23 26 
23 29 
23 31 
23 37 
23 39 
23 45 
23 69 
23 89 
23 113 
25 4 
26 2 
26 4 
26 5 
26 6 
26 7 
26 8 
26 9 
26 10 
26 11 
26 14 
26 15 
26 17 
26 18 
26 19 
26 22 
26 23 
26 27 
26 28 
26 29 
26 30 
26 31 
26 32 
26 33 
26 35 
26 36 
26 37 
26 39 
26 40 
26 42 
26 44 
26 45 
26 49 
26 55 
26 60 
26 63 
26 66 
26 68 
26 70 
26 71 
26 76 
26 78 
26 80 
26 86 
26 88 
26 89 
26 91 
26 99 
26 104 
26 105 
26 108 
26 109 
26 110 
26 113 
26 117 
26 125 
26 138 
26 146 
26 150 
26 155 
27 4 
27 5 
27 11 
27 13 
27 14 
27 15 
27 21 
27 22 
27 26 
27 30 
27 33 
27 35 
27 36 
27 37 
27 45 
27 67 
27 70 
27 74 
27 82 
27 92 
27 102 
27 119 
27 168 
29 7 
29 9 
30 14 
30 15 
30 22 
30 36 
30 37 
30 63 
30 68 
30 69 
30 73 
30 84 
30 87 
30 121 
31 18 
31 32 
31 113 
31 138 
33 125 
33 146 
34 4 
34 18 
34 19 
34 26 
34 27 
34 44 
34 63 
34 69 
34 70 
34 86 
34 109 
34 110 
34 125 
34 155 
35 4 
35 14 
35 15 
35 22 
35 27 
35 45 
35 69 
35 78 
35 82 
36 6 
36 11 
36 13 
36 14 
36 15 
36 21 
36 30 
36 32 
36 35 
36 44 
36 45 
36 73 
36 105 
36 115 
37 14 
37 15 
37 21 
37 22 
37 44 
39 2 
39 4 
39 5 
39 6 
39 7 
39 8 
39 9 
39 10 
39 11 
39 14 
39 15 
39 17 
39 18 
39 19 
39 22 
39 23 
39 26 
39 27 
39 28 
39 29 
39 30 
39 31 
39 32 
39 35 
39 36 
39 37 
39 39 
39 40 
39 42 
39 44 
39 45 
39 49 
39 55 
39 60 
39 63 
39 67 
39 68 
39 69 
39 71 
39 76 
39 78 
39 82 
39 86 
39 88 
39 89 
39 91 
39 96 
39 99 
39 105 
39 108 
39 109 
39 110 
39 117 
39 125 
39 150 
39 155 
40 22 
40 32 
40 52 
43 19 
43 125 
43 158 
43 181 
44 2 
44 4 
44 11 
44 14 
44 15 
44 19 
44 21 
44 22 
44 27 
44 30 
44 32 
44 36 
44 37 
44 45 
44 63 
44 68 
44 70 
44 73 
44 74 
44 75 
44 76 
44 82 
44 88 
44 102 
44 105 
44 109 
44 148 
44 158 
44 168 
44 193 
45 2 
45 4 
45 5 
45 6 
45 7 
45 9 
45 11 
45 13 
45 14 
45 15 
45 18 
45 21 
45 22 
45 23 
45 26 
45 27 
45 28 
45 30 
45 31 
45 32 
45 35 
45 36 
45 37 
45 40 
45 44 
45 52 
45 55 
45 63 
45 66 
45 70 
45 73 
45 76 
45 80 
45 82 
45 87 
45 94 
45 96 
45 105 
45 109 
45 110 
45 127 
45 128 
45 134 
45 150 
45 158 
47 4 
47 5 
47 6 
47 7 
47 8 
47 9 
47 10 
47 14 
47 15 
47 17 
47 18 
47 19 
47 22 
47 23 
47 26 
47 27 
47 31 
47 32 
47 35 
47 40 
47 44 
47 45 
47 49 
47 55 
47 63 
47 71 
47 76 
47 78 
47 82 
47 91 
47 105 
47 108 
47 109 
47 110 
47 139 
47 155 
52 22 
52 68 
52 84 
54 4 
54 5 
54 6 
54 7 
54 9 
54 14 
54 15 
54 22 
54 30 
54 32 
54 35 
54 44 
54 45 
54 52 
54 82 
54 117 
55 22 
55 44 
57 44 
59 4 
59 6 
59 14 
59 15 
59 22 
59 27 
59 32 
59 44 
59 45 
63 14 
63 22 
63 30 
63 32 
63 37 
63 52 
63 68 
63 69 
63 84 
63 86 
63 87 
63 121 
66 80 
68 52 
68 86 
69 15 
69 51 
69 52 
69 84 
73 117 
73 121 
74 4 
74 14 
74 15 
74 18 
74 22 
74 27 
74 45 
74 158 
75 115 
76 6 
76 7 
76 10 
76 15 
76 22 
76 44 
76 45 
79 16 
80 36 
80 44 
81 5 
82 4 
82 15 
82 35 
82 44 
84 14 
84 22 
84 52 
84 70 
87 22 
87 27 
87 45 
87 63 
88 15 
88 22 
88 30 
88 51 
88 60 
88 84 
92 181 
93 33 
93 76 
97 16 
98 14 
105 76 
105 99 
105 165 
108 35 
109 6 
109 115 
109 138 
109 168 
110 4 
110 6 
110 7 
110 10 
110 14 
110 15 
110 17 
110 19 
110 22 
110 23 
110 28 
110 31 
110 35 
110 40 
110 44 
110 45 
110 49 
110 52 
110 67 
110 71 
110 78 
110 105 
113 71 
115 75 
119 44 
119 67 
124 7 
124 9 
124 44 
124 45 
134 26 
135 110 
138 168 
147 7 
147 9 
153 7 
153 9 
153 26 
172 19 
185 4 
185 6 
185 7 
185 9 
185 15 
185 45 
185 76 
199 173 
