2 212 
3 15 
3 22 
3 30 
3 69 
3 87 
3 88 
4 14 
4 15 
4 27 
4 36 
4 37 
4 44 
4 62 
4 74 
4 88 
4 119 
4 148 
4 212 
5 158 
6 45 
7 134 
8 140 
9 134 
9 140 
11 36 
11 98 
11 102 
13 98 
14 3 
14 4 
14 5 
14 6 
14 7 
14 8 
14 11 
14 15 
14 21 
14 22 
14 23 
14 27 
14 32 
14 35 
14 36 
14 37 
14 44 
14 62 
14 63 
14 67 
14 71 
14 74 
14 82 
14 88 
14 100 
14 102 
14 119 
14 121 
14 134 
14 139 
14 140 
14 150 
14 158 
15 3 
15 4 
15 14 
15 22 
15 30 
15 37 
15 52 
15 63 
15 69 
15 82 
15 102 
15 212 
22 4 
22 14 
22 37 
22 84 
22 88 
23 69 
27 4 
27 14 
27 15 
27 44 
27 102 
27 119 
27 130 
27 148 
27 212 
30 14 
30 27 
30 63 
30 84 
30 102 
31 119 
33 134 
35 4 
35 82 
42 83 
43 212 
44 134 
45 103 
45 130 
45 134 
52 4 
52 14 
52 37 
63 69 
63 84 
63 87 
69 3 
69 4 
69 6 
69 14 
69 15 
69 22 
69 23 
69 30 
69 32 
69 37 
69 60 
69 63 
69 70 
69 84 
69 87 
69 88 
69 98 
84 3 
84 15 
87 30 
87 63 
87 69 
109 138 
109 168 
121 73 
