2 7 
2 8 
2 15 
2 23 
2 26 
2 29 
2 32 
2 34 
2 36 
2 39 
2 62 
2 63 
2 84 
2 99 
2 105 
3 11 
3 14 
3 15 
3 22 
3 25 
3 30 
3 32 
3 37 
3 44 
3 52 
3 63 
3 69 
3 73 
3 74 
3 82 
3 84 
3 87 
3 88 
3 117 
3 146 
3 158 
4 14 
4 15 
4 25 
4 44 
4 63 
4 68 
4 70 
4 74 
4 139 
6 5 
6 14 
6 15 
6 103 
7 6 
7 14 
7 15 
7 18 
7 33 
7 34 
7 102 
7 105 
7 116 
8 140 
9 6 
9 14 
9 15 
9 18 
9 33 
9 34 
9 102 
9 116 
10 6 
10 34 
10 105 
11 13 
11 30 
11 36 
11 37 
11 74 
11 98 
11 102 
11 113 
13 98 
14 2 
14 3 
14 4 
14 5 
14 6 
14 7 
14 8 
14 9 
14 10 
14 11 
14 13 
14 15 
14 17 
14 21 
14 22 
14 23 
14 25 
14 26 
14 27 
14 30 
14 31 
14 32 
14 34 
14 35 
14 36 
14 37 
14 39 
14 40 
14 44 
14 45 
14 52 
14 54 
14 59 
14 60 
14 62 
14 63 
14 68 
14 69 
14 70 
14 74 
14 78 
14 80 
14 82 
14 84 
14 88 
14 91 
14 100 
14 102 
14 104 
14 105 
14 108 
14 134 
14 148 
14 150 
14 156 
14 157 
14 158 
14 180 
14 187 
15 3 
15 4 
15 6 
15 7 
15 8 
15 11 
15 13 
15 14 
15 16 
15 22 
15 23 
15 25 
15 27 
15 30 
15 32 
15 34 
15 35 
15 36 
15 37 
15 44 
15 45 
15 51 
15 60 
15 63 
15 68 
15 69 
15 70 
15 73 
15 74 
15 82 
15 84 
15 86 
15 87 
15 88 
15 100 
15 102 
15 109 
15 121 
15 146 
17 2 
17 3 
17 4 
17 5 
17 6 
17 7 
17 10 
17 14 
17 15 
17 22 
17 27 
17 30 
17 32 
17 34 
17 37 
17 44 
17 45 
17 49 
17 80 
17 102 
17 110 
17 117 
17 119 
17 125 
17 134 
17 150 
17 155 
17 158 
17 170 
18 2 
18 4 
18 6 
18 7 
18 8 
18 9 
18 10 
18 15 
18 23 
18 25 
18 26 
18 27 
18 31 
18 34 
18 37 
18 39 
18 40 
18 42 
18 44 
18 45 
18 59 
18 68 
18 76 
18 78 
18 80 
18 105 
18 109 
18 156 
19 25 
19 67 
19 134 
21 27 
21 44 
22 4 
22 6 
22 14 
22 15 
22 17 
22 21 
22 34 
22 35 
22 44 
22 48 
22 53 
22 73 
22 77 
22 80 
22 84 
22 90 
22 91 
22 100 
22 146 
23 14 
23 18 
23 34 
25 6 
25 146 
25 158 
26 17 
26 18 
26 34 
26 139 
26 146 
26 158 
27 3 
27 4 
27 13 
27 14 
27 15 
27 19 
27 21 
27 22 
27 26 
27 30 
27 35 
27 36 
27 44 
27 52 
27 68 
27 69 
27 116 
28 29 
28 34 
29 155 
30 15 
30 32 
30 44 
30 63 
30 71 
30 73 
30 121 
32 14 
32 100 
32 116 
32 117 
33 2 
33 158 
34 2 
34 44 
35 4 
35 5 
35 11 
35 44 
35 53 
35 80 
35 82 
36 11 
36 13 
36 98 
37 15 
37 26 
37 27 
37 34 
39 102 
40 3 
40 15 
40 25 
40 44 
40 45 
40 78 
40 80 
40 83 
40 100 
40 133 
40 146 
42 6 
43 17 
43 19 
43 92 
43 104 
43 134 
43 158 
44 2 
44 14 
44 15 
44 21 
44 22 
44 25 
44 27 
44 30 
44 31 
44 34 
44 37 
44 39 
44 45 
44 60 
44 63 
44 68 
44 82 
44 102 
44 134 
44 146 
44 148 
44 157 
45 2 
45 4 
45 5 
45 6 
45 7 
45 9 
45 10 
45 11 
45 14 
45 15 
45 16 
45 17 
45 18 
45 21 
45 22 
45 26 
45 27 
45 30 
45 31 
45 34 
45 35 
45 36 
45 39 
45 44 
45 55 
45 58 
45 67 
45 70 
45 76 
45 80 
45 102 
45 103 
45 105 
45 112 
45 120 
45 125 
45 127 
45 128 
45 158 
45 165 
45 178 
45 182 
52 68 
56 6 
56 14 
56 15 
56 45 
56 80 
56 96 
58 79 
60 51 
60 77 
63 30 
63 87 
63 98 
65 45 
68 6 
68 48 
68 52 
68 84 
68 90 
69 14 
69 60 
69 84 
69 87 
69 88 
70 4 
71 44 
71 92 
71 113 
73 44 
73 98 
73 121 
74 4 
76 2 
76 6 
76 14 
76 15 
76 23 
76 35 
76 45 
76 80 
76 103 
76 128 
76 136 
78 14 
78 80 
82 22 
82 44 
82 53 
83 25 
85 14 
85 82 
89 116 
92 4 
92 5 
92 6 
92 11 
92 14 
92 15 
92 23 
92 30 
92 40 
92 44 
92 45 
92 63 
92 70 
92 82 
92 109 
92 150 
92 159 
93 14 
93 33 
93 59 
93 80 
97 45 
98 11 
98 32 
98 121 
99 2 
99 31 
99 105 
99 156 
103 44 
104 2 
104 4 
104 5 
104 6 
104 7 
104 8 
104 9 
104 10 
104 14 
104 15 
104 17 
104 18 
104 22 
104 23 
104 25 
104 27 
104 31 
104 34 
104 36 
104 37 
104 40 
104 42 
104 44 
104 45 
104 49 
104 51 
104 52 
104 54 
104 60 
104 78 
104 80 
104 86 
104 91 
104 96 
104 102 
104 105 
104 109 
104 139 
104 150 
104 158 
105 2 
105 26 
105 29 
105 34 
105 44 
105 99 
105 165 
106 2 
106 5 
106 6 
106 7 
106 8 
106 10 
106 14 
106 15 
106 23 
106 26 
106 27 
106 31 
106 34 
106 39 
106 42 
106 44 
106 45 
106 49 
106 60 
106 80 
106 99 
106 105 
108 27 
108 44 
109 6 
109 13 
109 14 
109 15 
109 27 
109 36 
109 37 
109 45 
109 52 
109 63 
109 71 
109 75 
109 102 
109 113 
109 115 
109 119 
109 138 
109 150 
109 168 
110 3 
110 6 
110 14 
110 22 
110 27 
110 36 
110 117 
110 128 
110 158 
112 14 
113 15 
113 18 
113 22 
113 36 
113 84 
121 73 
121 98 
124 37 
125 158 
139 102 
145 80 
148 146 
150 6 
150 14 
150 44 
165 45 
165 105 
166 2 
166 45 
166 105 
166 156 
182 3 
182 6 
182 11 
182 14 
182 15 
182 23 
182 27 
182 31 
182 36 
182 45 
182 80 
182 148 
182 156 
184 146 
186 146 
