2 7 
2 8 
2 9 
2 18 
2 23 
2 39 
2 99 
2 105 
2 212 
3 7 
3 9 
3 13 
3 14 
3 15 
3 22 
3 23 
3 25 
3 32 
3 34 
3 35 
3 37 
3 42 
3 44 
3 51 
3 52 
3 57 
3 60 
3 62 
3 63 
3 68 
3 69 
3 70 
3 84 
3 87 
3 88 
3 90 
3 91 
3 116 
3 117 
3 148 
3 157 
3 212 
4 11 
4 14 
4 15 
4 27 
4 32 
4 35 
4 36 
4 37 
4 44 
4 57 
4 70 
4 74 
4 112 
4 115 
4 116 
6 45 
6 178 
7 26 
7 34 
7 45 
7 187 
8 9 
8 140 
9 8 
9 187 
10 9 
10 26 
10 34 
10 45 
11 14 
11 36 
11 80 
11 98 
11 102 
12 212 
13 32 
13 98 
14 3 
14 4 
14 7 
14 9 
14 13 
14 15 
14 22 
14 23 
14 31 
14 32 
14 35 
14 37 
14 42 
14 44 
14 52 
14 69 
14 73 
14 74 
14 82 
14 88 
14 116 
14 170 
14 182 
14 187 
14 212 
15 3 
15 4 
15 7 
15 9 
15 11 
15 14 
15 22 
15 26 
15 27 
15 30 
15 32 
15 34 
15 35 
15 36 
15 37 
15 44 
15 51 
15 57 
15 60 
15 63 
15 68 
15 69 
15 74 
15 80 
15 82 
15 84 
15 87 
15 88 
15 98 
15 117 
15 212 
18 26 
19 11 
19 36 
21 7 
21 9 
21 44 
22 3 
22 4 
22 6 
22 13 
22 14 
22 15 
22 18 
22 21 
22 23 
22 27 
22 32 
22 36 
22 37 
22 44 
22 62 
22 68 
22 69 
22 74 
22 88 
22 94 
22 115 
22 117 
22 119 
22 148 
22 212 
23 7 
23 8 
23 9 
23 10 
23 45 
25 14 
25 115 
25 157 
25 187 
26 29 
26 139 
26 212 
27 3 
27 4 
27 11 
27 13 
27 14 
27 15 
27 17 
27 21 
27 22 
27 26 
27 30 
27 35 
27 36 
27 37 
27 44 
27 68 
27 69 
27 70 
27 74 
27 88 
27 134 
27 146 
29 125 
29 134 
30 7 
30 9 
30 15 
30 21 
30 32 
30 44 
30 45 
30 52 
30 63 
30 70 
30 73 
30 84 
30 87 
30 88 
30 98 
30 102 
30 117 
30 121 
32 42 
32 83 
32 100 
32 116 
32 117 
32 133 
33 213 
34 26 
34 62 
35 13 
35 14 
35 22 
35 23 
35 34 
35 36 
35 44 
35 82 
35 116 
35 187 
37 14 
37 15 
39 7 
39 9 
39 15 
39 212 
40 3 
40 11 
40 15 
40 26 
40 29 
40 36 
40 44 
40 70 
40 187 
42 32 
42 70 
42 73 
42 83 
42 100 
42 116 
42 117 
43 54 
43 125 
43 181 
43 212 
44 4 
44 7 
44 9 
44 11 
44 15 
44 21 
44 22 
44 31 
44 32 
44 35 
44 82 
44 102 
44 103 
44 115 
44 134 
45 4 
45 6 
45 7 
45 8 
45 9 
45 10 
45 11 
45 14 
45 15 
45 18 
45 22 
45 23 
45 26 
45 27 
45 30 
45 31 
45 33 
45 34 
45 35 
45 36 
45 39 
45 55 
45 76 
45 80 
45 97 
45 99 
45 102 
45 103 
45 105 
45 108 
45 112 
45 120 
45 127 
45 128 
45 178 
47 11 
52 45 
52 84 
52 100 
52 116 
54 45 
60 51 
61 11 
61 15 
61 27 
61 32 
61 37 
61 69 
61 84 
62 7 
62 9 
62 23 
62 26 
62 29 
62 34 
62 54 
62 68 
62 98 
62 146 
62 148 
62 178 
62 212 
63 22 
63 52 
63 69 
63 73 
63 84 
63 87 
63 100 
65 45 
68 6 
69 30 
69 32 
69 42 
69 52 
69 60 
69 73 
69 83 
69 84 
69 87 
69 88 
69 116 
69 117 
69 148 
70 2 
70 3 
70 4 
70 6 
70 7 
70 8 
70 9 
70 11 
70 13 
70 14 
70 15 
70 22 
70 23 
70 27 
70 30 
70 32 
70 35 
70 60 
70 69 
70 80 
70 117 
70 133 
71 92 
73 98 
73 121 
74 4 
74 14 
76 4 
76 16 
76 27 
76 37 
76 45 
76 55 
76 58 
76 95 
76 97 
78 35 
84 22 
86 51 
86 52 
86 77 
87 63 
88 22 
88 51 
88 60 
88 63 
88 87 
93 14 
93 33 
93 48 
96 100 
97 16 
97 58 
107 5 
108 146 
109 2 
109 7 
109 9 
109 10 
109 11 
109 14 
109 21 
109 23 
109 26 
109 27 
109 34 
109 45 
109 62 
109 71 
109 112 
109 115 
109 119 
109 120 
109 138 
109 150 
109 168 
109 212 
112 6 
112 45 
112 112 
112 128 
112 178 
114 21 
116 32 
116 42 
121 32 
121 73 
121 98 
121 117 
128 178 
129 130 
136 27 
136 103 
136 112 
160 103 
163 7 
163 9 
172 33 
172 134 
