3 4 
3 15 
3 22 
3 63 
3 87 
3 88 
4 11 
4 14 
4 15 
4 27 
4 35 
4 36 
4 44 
4 68 
4 69 
4 74 
4 148 
11 13 
11 14 
11 15 
11 32 
11 35 
11 36 
11 44 
11 68 
11 73 
12 45 
13 36 
13 98 
14 3 
14 4 
14 11 
14 13 
14 15 
14 21 
14 22 
14 27 
14 30 
14 32 
14 35 
14 36 
14 44 
14 45 
14 63 
14 68 
14 69 
14 74 
14 83 
14 84 
14 88 
14 121 
14 148 
15 3 
15 4 
15 11 
15 13 
15 14 
15 22 
15 27 
15 30 
15 35 
15 36 
15 44 
15 45 
15 52 
15 63 
15 68 
15 74 
15 82 
15 84 
15 121 
15 133 
15 148 
21 15 
21 44 
22 3 
22 4 
22 11 
22 13 
22 14 
22 15 
22 21 
22 27 
22 30 
22 32 
22 35 
22 36 
22 44 
22 45 
22 52 
22 62 
22 63 
22 68 
22 69 
22 73 
22 74 
22 82 
22 83 
22 84 
22 87 
22 88 
22 98 
22 116 
22 121 
22 148 
25 45 
27 3 
27 4 
27 11 
27 13 
27 14 
27 15 
27 21 
27 22 
27 30 
27 35 
27 36 
27 44 
27 45 
27 68 
27 74 
27 82 
27 84 
27 121 
27 133 
27 148 
30 21 
30 44 
30 45 
30 73 
30 87 
35 3 
35 4 
35 11 
35 14 
35 15 
35 22 
35 30 
35 36 
35 44 
35 45 
35 52 
35 62 
35 68 
35 73 
35 74 
35 82 
35 121 
36 11 
36 13 
37 3 
40 45 
40 133 
44 14 
44 21 
44 22 
44 36 
44 45 
44 52 
44 62 
52 14 
52 15 
52 35 
52 44 
52 45 
52 68 
52 69 
52 84 
52 88 
60 45 
62 4 
62 11 
62 14 
62 15 
62 36 
62 44 
62 45 
62 68 
63 36 
63 69 
63 87 
68 3 
68 4 
68 15 
68 21 
68 22 
68 32 
68 36 
68 44 
68 45 
68 52 
68 62 
68 63 
69 84 
70 45 
73 30 
73 45 
73 121 
74 4 
74 14 
74 15 
82 4 
82 14 
82 15 
82 35 
82 45 
82 69 
82 74 
84 22 
84 45 
84 52 
84 68 
87 63 
88 52 
89 45 
90 45 
98 13 
98 73 
98 121 
105 45 
121 73 
121 98 
146 45 
