3 14 
3 15 
3 63 
3 73 
3 84 
3 88 
4 14 
4 15 
4 44 
4 68 
4 73 
4 74 
4 84 
4 88 
6 14 
6 15 
6 44 
7 15 
7 44 
9 15 
10 44 
11 14 
11 15 
11 44 
14 4 
14 15 
14 44 
14 68 
14 74 
14 88 
15 4 
15 14 
15 32 
15 44 
15 63 
15 68 
15 73 
15 74 
15 84 
15 88 
15 148 
17 15 
17 44 
17 63 
21 44 
22 4 
22 14 
22 15 
22 44 
22 48 
22 68 
22 84 
22 87 
22 88 
23 44 
23 63 
25 4 
27 4 
27 14 
27 15 
27 44 
27 63 
27 68 
27 74 
27 88 
28 44 
30 15 
30 44 
30 63 
30 84 
31 15 
31 73 
35 4 
35 14 
35 84 
44 4 
44 14 
44 15 
44 32 
44 62 
44 67 
44 148 
45 4 
45 14 
45 15 
45 44 
45 68 
45 73 
45 88 
52 4 
52 68 
52 84 
52 88 
54 4 
62 68 
62 84 
63 84 
63 87 
66 14 
66 15 
68 4 
68 62 
69 4 
69 14 
69 15 
69 63 
69 84 
69 87 
73 15 
74 4 
74 14 
82 4 
84 68 
88 4 
93 14 
95 14 
95 15 
95 44 
108 14 
108 15 
108 32 
108 44 
108 87 
110 14 
121 73 
122 14 
145 14 
173 4 
187 14 
