1 17 
1 19 
1 28 
2 2 
2 6 
2 7 
2 9 
2 22 
2 28 
2 35 
2 39 
2 40 
2 44 
2 45 
2 62 
2 99 
2 105 
2 109 
2 156 
2 166 
3 2 
3 6 
3 14 
3 15 
3 22 
3 25 
3 27 
3 32 
3 35 
3 36 
3 37 
3 42 
3 51 
3 52 
3 60 
3 63 
3 69 
3 73 
3 74 
3 78 
3 80 
3 83 
3 84 
3 86 
3 87 
3 88 
3 156 
4 3 
4 14 
4 15 
4 22 
4 25 
4 27 
4 30 
4 35 
4 37 
4 39 
4 40 
4 44 
4 48 
4 49 
4 51 
4 57 
4 60 
4 63 
4 68 
4 69 
4 70 
4 74 
4 78 
4 80 
4 82 
4 86 
4 88 
4 156 
4 181 
5 6 
5 14 
5 45 
5 78 
5 108 
6 2 
6 6 
6 7 
6 9 
6 13 
6 14 
6 15 
6 18 
6 22 
6 27 
6 35 
6 37 
6 39 
6 40 
6 44 
6 45 
6 55 
6 58 
6 63 
6 80 
6 105 
6 109 
6 127 
6 134 
6 150 
7 2 
7 3 
7 4 
7 5 
7 6 
7 13 
7 14 
7 15 
7 18 
7 19 
7 21 
7 22 
7 23 
7 25 
7 26 
7 27 
7 28 
7 29 
7 30 
7 31 
7 32 
7 35 
7 36 
7 37 
7 39 
7 40 
7 42 
7 44 
7 45 
7 48 
7 49 
7 51 
7 52 
7 60 
7 62 
7 63 
7 67 
7 69 
7 70 
7 73 
7 76 
7 77 
7 78 
7 80 
7 82 
7 84 
7 86 
7 87 
7 88 
7 90 
7 99 
7 102 
7 103 
7 104 
7 105 
7 109 
7 110 
7 117 
7 121 
7 127 
7 150 
7 156 
7 182 
8 2 
8 6 
8 15 
8 26 
8 27 
8 44 
8 45 
8 99 
8 103 
8 105 
9 2 
9 3 
9 4 
9 5 
9 6 
9 9 
9 10 
9 13 
9 14 
9 15 
9 18 
9 19 
9 21 
9 22 
9 23 
9 25 
9 26 
9 27 
9 28 
9 29 
9 30 
9 31 
9 32 
9 35 
9 36 
9 37 
9 39 
9 40 
9 42 
9 44 
9 45 
9 48 
9 49 
9 51 
9 52 
9 60 
9 62 
9 63 
9 67 
9 69 
9 70 
9 73 
9 76 
9 77 
9 78 
9 80 
9 82 
9 84 
9 86 
9 87 
9 88 
9 90 
9 102 
9 104 
9 105 
9 109 
9 117 
9 121 
9 127 
9 150 
9 156 
9 182 
10 2 
10 3 
10 6 
10 26 
10 30 
10 35 
10 44 
10 45 
10 110 
11 4 
11 13 
11 15 
11 22 
11 27 
11 36 
11 37 
11 44 
11 78 
11 80 
11 82 
11 102 
11 148 
12 2 
12 4 
12 6 
12 15 
12 17 
12 35 
12 44 
12 45 
12 68 
12 78 
12 109 
13 36 
13 98 
14 3 
14 4 
14 6 
14 7 
14 9 
14 15 
14 21 
14 22 
14 25 
14 35 
14 37 
14 40 
14 44 
14 45 
14 51 
14 59 
14 66 
14 69 
14 74 
14 78 
14 82 
14 84 
14 108 
14 109 
14 125 
14 150 
14 156 
14 180 
14 182 
14 187 
15 2 
15 3 
15 4 
15 6 
15 7 
15 8 
15 11 
15 13 
15 14 
15 21 
15 22 
15 23 
15 27 
15 30 
15 35 
15 36 
15 37 
15 39 
15 44 
15 48 
15 52 
15 60 
15 62 
15 63 
15 68 
15 69 
15 70 
15 71 
15 73 
15 74 
15 78 
15 80 
15 82 
15 83 
15 84 
15 86 
15 87 
15 88 
15 98 
15 102 
15 121 
15 150 
16 18 
16 29 
16 45 
16 79 
16 97 
17 2 
17 4 
17 5 
17 6 
17 7 
17 9 
17 10 
17 14 
17 15 
17 18 
17 19 
17 22 
17 23 
17 25 
17 26 
17 27 
17 28 
17 29 
17 30 
17 31 
17 32 
17 35 
17 36 
17 37 
17 39 
17 40 
17 44 
17 45 
17 49 
17 51 
17 52 
17 55 
17 60 
17 67 
17 68 
17 69 
17 70 
17 71 
17 75 
17 76 
17 78 
17 80 
17 82 
17 86 
17 91 
17 92 
17 99 
17 105 
17 109 
17 110 
17 113 
17 120 
17 125 
17 134 
17 138 
17 146 
17 155 
18 2 
18 7 
18 9 
18 10 
18 15 
18 23 
18 26 
18 27 
18 28 
18 31 
18 39 
18 44 
18 59 
19 2 
19 3 
19 6 
19 15 
19 17 
19 36 
19 44 
21 44 
21 45 
22 3 
22 4 
22 6 
22 7 
22 9 
22 14 
22 15 
22 30 
22 32 
22 35 
22 36 
22 37 
22 48 
22 51 
22 60 
22 68 
22 69 
22 71 
22 77 
22 78 
22 80 
22 82 
22 84 
22 88 
22 102 
22 104 
22 113 
22 148 
22 156 
23 7 
23 9 
23 17 
23 26 
23 29 
23 37 
23 44 
23 45 
23 82 
24 4 
24 27 
24 32 
24 72 
25 4 
25 5 
25 6 
25 14 
25 15 
25 26 
25 36 
25 44 
25 49 
25 54 
25 57 
25 91 
25 119 
26 2 
26 18 
26 27 
26 28 
26 39 
26 44 
26 105 
26 156 
27 2 
27 3 
27 4 
27 7 
27 9 
27 13 
27 14 
27 15 
27 21 
27 22 
27 29 
27 30 
27 35 
27 36 
27 37 
27 44 
27 51 
27 60 
27 63 
27 68 
27 69 
27 70 
27 73 
27 78 
27 80 
27 82 
27 84 
27 88 
27 95 
27 98 
27 102 
27 109 
27 121 
27 127 
27 148 
28 6 
28 7 
28 9 
28 17 
28 26 
28 35 
28 44 
28 80 
29 7 
29 9 
29 62 
29 76 
30 3 
30 4 
30 7 
30 9 
30 15 
30 21 
30 32 
30 44 
30 63 
30 69 
30 73 
30 82 
30 84 
30 87 
30 117 
30 121 
31 6 
31 7 
31 9 
31 35 
31 45 
32 3 
32 4 
32 6 
32 13 
32 30 
32 37 
32 60 
32 69 
32 73 
32 87 
32 117 
33 4 
33 17 
33 44 
34 3 
34 6 
34 26 
34 27 
34 45 
34 99 
35 4 
35 7 
35 9 
35 14 
35 15 
35 22 
35 27 
35 30 
35 37 
35 53 
35 66 
35 68 
35 77 
35 78 
35 82 
35 84 
35 156 
35 187 
36 2 
36 13 
36 27 
36 30 
36 80 
37 3 
37 15 
37 27 
37 69 
37 168 
39 2 
39 5 
39 6 
39 15 
39 16 
39 21 
39 23 
39 26 
39 36 
39 45 
39 67 
39 78 
39 80 
39 97 
39 134 
39 136 
39 187 
40 2 
40 3 
40 4 
40 6 
40 14 
40 15 
40 18 
40 19 
40 26 
40 27 
40 30 
40 36 
40 37 
40 42 
40 44 
40 45 
40 76 
40 78 
40 80 
40 84 
40 102 
40 109 
40 187 
42 3 
42 7 
42 9 
42 15 
42 19 
42 22 
42 30 
42 32 
42 35 
42 51 
42 52 
42 62 
42 63 
42 68 
42 69 
42 73 
42 76 
42 83 
42 84 
42 86 
42 87 
42 90 
42 117 
42 156 
43 19 
43 26 
43 71 
43 105 
43 110 
43 134 
43 181 
44 2 
44 3 
44 4 
44 6 
44 7 
44 9 
44 13 
44 14 
44 15 
44 21 
44 22 
44 27 
44 30 
44 35 
44 37 
44 52 
44 62 
44 63 
44 68 
44 71 
44 80 
44 84 
44 102 
44 109 
44 113 
44 119 
44 128 
44 148 
45 2 
45 3 
45 4 
45 6 
45 7 
45 8 
45 9 
45 10 
45 14 
45 15 
45 21 
45 22 
45 26 
45 27 
45 29 
45 31 
45 35 
45 39 
45 44 
45 49 
45 53 
45 55 
45 69 
45 70 
45 76 
45 78 
45 80 
45 90 
45 97 
45 99 
45 102 
45 103 
45 105 
45 119 
45 120 
45 127 
45 128 
45 136 
45 156 
45 182 
47 4 
47 6 
47 14 
47 15 
47 23 
47 26 
47 30 
47 31 
47 45 
47 63 
47 156 
48 156 
49 4 
49 5 
49 6 
49 14 
49 15 
49 22 
49 27 
49 44 
49 45 
49 55 
49 105 
51 45 
51 60 
51 86 
52 5 
52 7 
52 10 
52 15 
52 27 
52 30 
52 35 
52 36 
52 37 
52 45 
52 51 
52 68 
52 73 
52 76 
52 83 
52 84 
52 90 
53 17 
54 3 
54 37 
55 5 
55 16 
55 45 
55 66 
55 76 
58 5 
58 16 
58 17 
58 18 
58 27 
58 29 
58 39 
58 55 
58 66 
58 76 
58 79 
58 108 
58 113 
59 14 
59 17 
59 22 
59 45 
59 108 
59 180 
59 187 
60 3 
60 77 
60 86 
60 88 
61 76 
63 3 
63 15 
63 22 
63 27 
63 30 
63 51 
63 60 
63 69 
63 80 
63 87 
63 88 
63 121 
66 5 
66 6 
66 22 
66 31 
66 35 
66 36 
66 45 
66 55 
66 105 
66 108 
67 4 
67 6 
67 7 
67 9 
67 15 
67 17 
67 18 
67 22 
67 25 
67 27 
67 30 
67 35 
67 39 
67 40 
67 44 
67 45 
67 55 
67 58 
67 68 
67 70 
67 90 
68 15 
68 27 
68 45 
68 48 
68 52 
68 62 
68 84 
68 90 
68 109 
69 3 
69 15 
69 22 
69 27 
69 30 
69 48 
69 51 
69 52 
69 60 
69 68 
69 80 
69 84 
69 86 
69 102 
69 156 
70 4 
70 6 
70 35 
70 67 
70 68 
70 76 
70 109 
70 148 
71 39 
71 181 
73 3 
73 15 
73 98 
73 121 
74 4 
75 27 
76 2 
76 4 
76 6 
76 7 
76 9 
76 15 
76 35 
76 36 
76 44 
76 45 
76 52 
76 80 
76 82 
79 45 
79 58 
79 97 
81 44 
81 58 
82 14 
82 15 
82 35 
82 37 
82 44 
83 3 
83 15 
83 30 
83 60 
84 3 
84 22 
84 44 
84 51 
84 52 
84 60 
84 68 
84 69 
84 86 
84 87 
86 3 
86 42 
86 51 
86 69 
86 77 
86 88 
86 90 
87 3 
87 4 
87 27 
87 30 
87 52 
87 60 
87 63 
87 69 
87 84 
88 3 
88 15 
88 27 
88 51 
88 60 
88 86 
89 4 
89 6 
89 14 
89 15 
89 26 
89 36 
89 40 
89 44 
89 68 
89 69 
89 78 
89 91 
89 146 
90 22 
90 68 
90 77 
92 17 
92 71 
92 113 
92 159 
92 181 
93 27 
93 28 
93 48 
93 58 
93 59 
93 77 
93 83 
95 2 
95 4 
95 6 
95 7 
95 9 
95 14 
95 15 
95 21 
95 27 
95 31 
95 35 
95 44 
95 45 
95 49 
95 55 
95 105 
95 109 
95 156 
96 3 
96 4 
96 14 
96 15 
96 35 
96 37 
96 45 
96 78 
97 27 
97 45 
97 58 
98 13 
98 27 
98 73 
98 121 
99 2 
100 44 
101 55 
101 76 
101 79 
103 127 
104 7 
104 8 
104 156 
105 2 
105 3 
105 7 
105 9 
105 15 
105 31 
105 44 
105 99 
105 156 
105 165 
106 18 
106 26 
106 110 
107 5 
107 15 
108 3 
108 6 
108 27 
108 35 
108 45 
108 78 
108 105 
109 2 
109 3 
109 15 
109 71 
109 75 
109 105 
109 113 
109 115 
109 138 
109 150 
109 168 
110 44 
111 17 
113 4 
113 15 
113 35 
113 39 
113 71 
113 115 
113 181 
114 105 
115 168 
117 73 
119 3 
119 4 
119 6 
119 7 
119 9 
119 14 
119 15 
119 17 
119 22 
119 26 
119 27 
119 70 
119 109 
119 180 
122 2 
122 119 
122 170 
122 181 
124 3 
124 6 
124 7 
124 9 
124 17 
124 21 
124 22 
124 37 
124 45 
124 109 
124 157 
126 7 
126 9 
135 22 
135 44 
138 119 
139 26 
141 7 
141 9 
141 27 
147 39 
150 39 
152 168 
153 2 
153 4 
153 7 
153 9 
153 17 
153 23 
153 26 
153 27 
153 31 
153 35 
153 39 
153 40 
153 44 
155 7 
155 10 
155 44 
156 166 
157 119 
164 18 
166 156 
168 35 
169 4 
170 14 
170 119 
173 7 
173 9 
173 35 
173 37 
173 180 
180 17 
180 39 
180 55 
180 108 
184 14 
187 22 
187 156 
192 71 
202 23 
204 59 
