2 2 
2 7 
2 8 
2 29 
2 34 
2 39 
2 99 
2 109 
2 110 
2 119 
2 134 
2 150 
2 158 
2 166 
2 212 
3 11 
3 14 
3 15 
3 22 
3 27 
3 30 
3 35 
3 37 
3 48 
3 51 
3 52 
3 60 
3 63 
3 68 
3 69 
3 84 
3 87 
3 88 
4 1 
4 3 
4 6 
4 7 
4 8 
4 9 
4 11 
4 13 
4 14 
4 15 
4 21 
4 22 
4 26 
4 27 
4 29 
4 30 
4 32 
4 34 
4 35 
4 36 
4 37 
4 42 
4 44 
4 48 
4 51 
4 52 
4 53 
4 57 
4 60 
4 62 
4 63 
4 68 
4 69 
4 73 
4 74 
4 82 
4 83 
4 84 
4 86 
4 88 
4 90 
4 91 
4 98 
4 104 
4 109 
4 110 
4 116 
4 117 
4 119 
4 121 
4 130 
4 133 
4 146 
4 148 
4 150 
4 158 
4 173 
4 180 
4 193 
5 1 
5 3 
5 4 
5 6 
5 7 
5 8 
5 9 
5 11 
5 14 
5 15 
5 19 
5 21 
5 22 
5 23 
5 25 
5 27 
5 29 
5 30 
5 31 
5 32 
5 33 
5 34 
5 35 
5 37 
5 42 
5 44 
5 48 
5 49 
5 52 
5 53 
5 57 
5 59 
5 60 
5 62 
5 63 
5 68 
5 72 
5 77 
5 78 
5 82 
5 83 
5 84 
5 90 
5 91 
5 94 
5 95 
5 96 
5 104 
5 108 
5 109 
5 116 
5 118 
5 119 
5 125 
5 127 
5 130 
5 133 
5 134 
5 140 
5 146 
5 148 
5 155 
5 156 
5 157 
5 158 
5 168 
5 170 
5 173 
5 180 
5 193 
5 212 
5 213 
6 1 
6 7 
6 8 
6 10 
6 14 
6 16 
6 28 
6 29 
6 32 
6 34 
6 45 
6 48 
6 53 
6 57 
6 83 
6 90 
6 97 
6 100 
6 103 
6 104 
6 109 
6 112 
6 116 
6 119 
6 128 
6 130 
6 178 
6 180 
7 1 
7 21 
7 23 
7 26 
7 29 
7 31 
7 34 
7 51 
7 71 
7 72 
7 94 
7 100 
7 109 
7 110 
7 113 
7 116 
7 119 
7 120 
7 134 
7 139 
7 150 
8 29 
8 34 
8 51 
8 140 
9 1 
9 8 
9 21 
9 23 
9 26 
9 29 
9 34 
9 71 
9 72 
9 94 
9 100 
9 109 
9 110 
9 113 
9 116 
9 119 
9 120 
9 134 
9 139 
9 140 
10 8 
10 23 
10 31 
10 34 
10 150 
11 1 
11 3 
11 4 
11 7 
11 8 
11 9 
11 13 
11 14 
11 15 
11 21 
11 22 
11 26 
11 27 
11 29 
11 30 
11 31 
11 32 
11 34 
11 35 
11 36 
11 37 
11 44 
11 52 
11 60 
11 62 
11 63 
11 68 
11 69 
11 73 
11 74 
11 77 
11 80 
11 82 
11 84 
11 87 
11 88 
11 92 
11 98 
11 102 
11 109 
11 119 
11 121 
11 125 
11 127 
11 133 
11 134 
11 148 
11 156 
11 158 
11 180 
11 193 
11 212 
12 7 
12 8 
12 134 
12 158 
13 3 
13 7 
13 8 
13 11 
13 14 
13 27 
13 30 
13 32 
13 35 
13 36 
13 63 
13 68 
13 73 
13 98 
13 121 
14 3 
14 4 
14 7 
14 8 
14 9 
14 11 
14 13 
14 15 
14 21 
14 22 
14 23 
14 25 
14 27 
14 29 
14 30 
14 31 
14 32 
14 33 
14 34 
14 35 
14 36 
14 37 
14 42 
14 44 
14 48 
14 52 
14 53 
14 54 
14 57 
14 59 
14 60 
14 62 
14 63 
14 68 
14 69 
14 73 
14 74 
14 78 
14 80 
14 82 
14 84 
14 87 
14 88 
14 90 
14 98 
14 100 
14 109 
14 116 
14 117 
14 118 
14 119 
14 121 
14 125 
14 134 
14 146 
14 148 
14 150 
14 156 
14 157 
14 158 
14 170 
14 173 
14 180 
14 182 
14 212 
14 213 
15 3 
15 4 
15 7 
15 8 
15 11 
15 13 
15 14 
15 21 
15 22 
15 26 
15 27 
15 29 
15 30 
15 32 
15 35 
15 36 
15 37 
15 42 
15 44 
15 51 
15 52 
15 57 
15 60 
15 62 
15 63 
15 68 
15 69 
15 72 
15 73 
15 74 
15 77 
15 80 
15 82 
15 83 
15 84 
15 87 
15 88 
15 89 
15 90 
15 98 
15 100 
15 109 
15 116 
15 117 
15 119 
15 121 
15 125 
15 130 
15 133 
15 148 
15 158 
15 173 
15 180 
15 193 
15 212 
16 7 
16 8 
16 97 
17 1 
17 7 
17 8 
17 29 
17 110 
17 113 
17 119 
17 125 
17 134 
17 155 
17 158 
17 180 
17 190 
19 7 
19 8 
20 40 
21 3 
21 4 
21 7 
21 8 
21 11 
21 14 
21 15 
21 22 
21 27 
21 29 
21 30 
21 32 
21 35 
21 36 
21 44 
21 52 
21 63 
21 68 
21 69 
21 73 
21 82 
21 84 
21 98 
21 109 
21 115 
21 119 
21 148 
21 168 
21 180 
22 3 
22 4 
22 7 
22 8 
22 11 
22 14 
22 15 
22 21 
22 27 
22 30 
22 32 
22 35 
22 36 
22 37 
22 42 
22 44 
22 48 
22 51 
22 52 
22 53 
22 57 
22 60 
22 62 
22 63 
22 68 
22 69 
22 73 
22 82 
22 84 
22 87 
22 88 
22 90 
22 95 
22 98 
22 116 
22 119 
22 121 
22 148 
22 150 
22 173 
22 180 
22 212 
22 213 
23 7 
23 8 
23 31 
23 34 
23 39 
23 213 
24 42 
24 72 
25 7 
25 8 
25 119 
26 7 
26 8 
26 18 
26 34 
26 158 
26 212 
27 3 
27 4 
27 7 
27 8 
27 11 
27 13 
27 14 
27 15 
27 21 
27 22 
27 26 
27 29 
27 30 
27 32 
27 35 
27 36 
27 37 
27 42 
27 44 
27 48 
27 51 
27 52 
27 53 
27 57 
27 60 
27 62 
27 63 
27 68 
27 69 
27 73 
27 74 
27 77 
27 78 
27 82 
27 83 
27 84 
27 86 
27 87 
27 88 
27 90 
27 98 
27 100 
27 103 
27 109 
27 116 
27 119 
27 121 
27 125 
27 127 
27 130 
27 134 
27 148 
27 158 
27 159 
27 173 
27 180 
27 193 
27 213 
28 1 
28 7 
28 8 
29 23 
29 158 
30 3 
30 4 
30 7 
30 8 
30 11 
30 13 
30 14 
30 15 
30 21 
30 22 
30 27 
30 32 
30 35 
30 36 
30 37 
30 42 
30 44 
30 48 
30 52 
30 60 
30 62 
30 63 
30 68 
30 69 
30 72 
30 73 
30 82 
30 83 
30 84 
30 87 
30 88 
30 90 
30 98 
30 116 
30 117 
30 119 
30 121 
30 148 
30 173 
30 180 
31 7 
31 8 
31 19 
31 23 
31 119 
32 7 
32 8 
32 26 
32 34 
32 42 
32 117 
33 1 
33 7 
33 8 
33 125 
33 134 
33 158 
33 180 
34 7 
34 8 
34 18 
34 26 
34 29 
34 119 
34 134 
34 212 
35 4 
35 7 
35 8 
35 11 
35 14 
35 15 
35 21 
35 22 
35 23 
35 26 
35 27 
35 30 
35 32 
35 36 
35 37 
35 44 
35 48 
35 52 
35 53 
35 59 
35 62 
35 63 
35 68 
35 69 
35 73 
35 82 
35 84 
35 88 
35 98 
35 109 
35 119 
35 121 
35 148 
35 150 
35 157 
35 173 
35 180 
35 213 
36 4 
36 7 
36 8 
36 11 
36 13 
36 14 
36 15 
36 27 
36 32 
36 35 
36 44 
36 63 
36 69 
36 88 
36 98 
36 102 
37 3 
37 34 
37 180 
37 193 
39 7 
39 8 
39 11 
39 15 
39 21 
39 26 
39 39 
39 44 
39 109 
39 134 
39 139 
39 155 
39 158 
40 1 
40 7 
40 8 
40 19 
40 32 
40 33 
40 51 
40 90 
40 100 
40 133 
40 134 
40 146 
40 173 
40 180 
40 213 
42 7 
42 8 
42 15 
42 32 
42 72 
42 83 
42 100 
42 112 
42 116 
42 117 
42 118 
42 146 
43 1 
43 14 
43 19 
43 25 
43 33 
43 48 
43 89 
43 92 
43 100 
43 113 
43 119 
43 125 
43 133 
43 134 
43 155 
43 158 
43 181 
43 193 
43 212 
44 1 
44 3 
44 4 
44 7 
44 8 
44 11 
44 13 
44 14 
44 15 
44 21 
44 22 
44 27 
44 29 
44 30 
44 34 
44 35 
44 36 
44 37 
44 39 
44 42 
44 52 
44 62 
44 63 
44 68 
44 69 
44 73 
44 80 
44 82 
44 83 
44 84 
44 87 
44 88 
44 98 
44 109 
44 112 
44 119 
44 121 
44 134 
44 148 
44 158 
44 173 
44 178 
44 180 
44 193 
45 1 
45 6 
45 7 
45 8 
45 9 
45 10 
45 16 
45 23 
45 26 
45 29 
45 31 
45 32 
45 33 
45 34 
45 42 
45 48 
45 53 
45 57 
45 58 
45 59 
45 62 
45 68 
45 72 
45 76 
45 79 
45 83 
45 90 
45 96 
45 97 
45 100 
45 103 
45 104 
45 108 
45 109 
45 110 
45 112 
45 116 
45 119 
45 125 
45 127 
45 128 
45 130 
45 133 
45 134 
45 136 
45 146 
45 156 
45 158 
45 165 
45 168 
45 170 
45 178 
45 180 
45 182 
45 193 
45 213 
47 7 
47 8 
47 51 
47 60 
49 4 
49 5 
49 7 
49 8 
49 9 
49 11 
49 14 
49 15 
49 21 
49 22 
49 23 
49 25 
49 27 
49 32 
49 33 
49 34 
49 35 
49 36 
49 37 
49 44 
49 49 
49 57 
49 59 
49 62 
49 68 
49 80 
49 82 
49 84 
49 94 
49 96 
49 108 
49 109 
49 116 
49 119 
49 125 
49 133 
49 134 
49 148 
49 156 
49 158 
49 168 
49 173 
49 182 
50 134 
51 60 
51 77 
51 86 
51 88 
52 3 
52 4 
52 7 
52 8 
52 14 
52 27 
52 35 
52 44 
52 62 
52 68 
52 77 
52 84 
52 87 
52 90 
52 100 
52 110 
52 116 
52 148 
53 37 
54 100 
55 39 
58 7 
58 8 
58 79 
59 180 
60 3 
60 7 
60 8 
60 36 
60 51 
60 77 
60 86 
60 88 
60 90 
62 4 
62 7 
62 8 
62 27 
62 30 
62 40 
62 44 
62 52 
62 68 
62 84 
62 87 
63 3 
63 4 
63 7 
63 8 
63 11 
63 14 
63 15 
63 22 
63 27 
63 30 
63 32 
63 37 
63 44 
63 52 
63 69 
63 84 
63 86 
63 87 
63 88 
63 98 
63 148 
63 173 
63 180 
65 100 
66 7 
66 8 
68 3 
68 4 
68 7 
68 8 
68 14 
68 15 
68 22 
68 27 
68 35 
68 44 
68 48 
68 52 
68 62 
68 83 
68 84 
68 90 
69 3 
69 4 
69 7 
69 8 
69 14 
69 15 
69 21 
69 22 
69 27 
69 30 
69 31 
69 32 
69 35 
69 37 
69 42 
69 44 
69 52 
69 60 
69 62 
69 63 
69 68 
69 74 
69 80 
69 83 
69 84 
69 87 
69 88 
69 90 
69 98 
69 117 
69 121 
69 148 
70 4 
70 7 
70 8 
70 14 
70 15 
70 22 
70 39 
70 44 
70 45 
70 109 
71 113 
73 3 
73 4 
73 7 
73 8 
73 11 
73 13 
73 14 
73 15 
73 21 
73 22 
73 27 
73 30 
73 32 
73 44 
73 52 
73 68 
73 98 
73 121 
73 182 
74 4 
74 14 
74 15 
74 22 
74 35 
74 44 
74 52 
74 82 
74 121 
76 7 
76 8 
76 23 
77 51 
78 119 
79 7 
79 8 
79 16 
80 7 
80 8 
80 11 
80 15 
80 35 
80 36 
80 44 
81 7 
81 8 
82 3 
82 4 
82 6 
82 7 
82 8 
82 11 
82 13 
82 14 
82 15 
82 19 
82 21 
82 22 
82 27 
82 30 
82 32 
82 35 
82 36 
82 37 
82 44 
82 52 
82 53 
82 62 
82 63 
82 68 
82 69 
82 74 
82 87 
82 90 
82 109 
82 119 
82 150 
82 212 
82 213 
84 3 
84 4 
84 7 
84 8 
84 14 
84 15 
84 22 
84 25 
84 27 
84 33 
84 35 
84 44 
84 52 
84 63 
84 68 
84 69 
84 83 
84 86 
84 87 
84 88 
84 148 
86 7 
86 8 
86 51 
86 77 
86 90 
87 3 
87 7 
87 8 
87 11 
87 14 
87 15 
87 22 
87 27 
87 30 
87 32 
87 44 
87 52 
87 63 
87 69 
87 84 
87 86 
87 88 
88 3 
88 4 
88 7 
88 8 
88 11 
88 14 
88 15 
88 22 
88 27 
88 30 
88 32 
88 35 
88 36 
88 37 
88 44 
88 48 
88 51 
88 60 
88 63 
88 68 
88 69 
88 77 
88 84 
88 86 
88 87 
88 90 
88 121 
89 7 
89 8 
89 158 
90 86 
91 7 
91 8 
92 159 
92 181 
93 7 
93 9 
93 14 
93 21 
93 33 
93 82 
93 127 
95 108 
96 6 
96 7 
96 8 
96 9 
96 15 
96 22 
96 23 
96 27 
96 31 
96 32 
96 33 
96 34 
96 35 
96 44 
96 45 
96 62 
96 76 
96 95 
96 108 
96 109 
96 119 
96 140 
96 156 
96 180 
97 7 
97 8 
97 16 
98 11 
98 13 
98 15 
98 27 
98 30 
98 36 
98 44 
98 52 
98 68 
98 73 
98 84 
98 87 
98 121 
99 166 
100 112 
101 16 
101 58 
101 79 
101 97 
102 48 
105 7 
105 8 
105 29 
105 33 
105 99 
105 125 
105 165 
105 166 
105 182 
107 57 
107 94 
109 57 
109 59 
109 75 
109 92 
109 109 
109 113 
109 115 
109 119 
109 138 
109 158 
109 168 
109 212 
110 7 
110 8 
110 125 
110 158 
110 212 
111 92 
112 120 
112 130 
114 7 
114 8 
114 21 
114 32 
114 33 
114 94 
114 96 
114 119 
114 125 
114 134 
114 158 
114 213 
117 116 
119 173 
121 3 
121 7 
121 8 
121 15 
121 21 
121 27 
121 30 
121 32 
121 36 
121 44 
121 73 
121 98 
121 117 
122 180 
125 25 
125 119 
125 134 
125 158 
129 193 
132 168 
134 7 
134 8 
136 134 
138 168 
140 8 
142 57 
146 7 
146 8 
146 25 
146 33 
146 40 
146 125 
146 134 
146 158 
148 4 
148 27 
148 84 
154 115 
154 168 
156 166 
165 165 
169 7 
169 8 
169 157 
172 7 
172 8 
172 158 
172 180 
173 180 
186 100 
201 57 
210 60 
210 109 
