2 4 
2 7 
2 8 
2 10 
2 14 
2 15 
2 18 
2 22 
2 23 
2 26 
2 27 
2 29 
2 31 
2 32 
2 34 
2 39 
2 42 
2 45 
2 62 
2 110 
2 117 
2 139 
2 156 
2 158 
2 166 
2 182 
2 212 
3 14 
3 15 
3 21 
3 22 
3 36 
3 44 
3 69 
3 88 
4 3 
4 11 
4 13 
4 14 
4 15 
4 21 
4 22 
4 27 
4 32 
4 35 
4 36 
4 37 
4 44 
4 63 
4 68 
4 73 
4 74 
4 80 
4 121 
6 4 
6 6 
6 7 
6 8 
6 10 
6 14 
6 15 
6 17 
6 21 
6 22 
6 23 
6 27 
6 31 
6 32 
6 34 
6 35 
6 39 
6 44 
6 45 
6 80 
6 112 
6 139 
7 6 
7 31 
7 32 
7 139 
8 140 
9 6 
9 8 
9 31 
9 32 
9 139 
9 140 
10 8 
11 4 
11 27 
11 36 
12 34 
13 98 
14 3 
14 4 
14 7 
14 8 
14 11 
14 13 
14 15 
14 21 
14 22 
14 27 
14 32 
14 34 
14 35 
14 36 
14 37 
14 44 
14 45 
14 59 
14 60 
14 68 
14 69 
14 74 
14 80 
14 82 
14 88 
14 91 
14 156 
15 3 
15 4 
15 11 
15 13 
15 14 
15 21 
15 22 
15 27 
15 30 
15 35 
15 36 
15 37 
15 44 
15 45 
15 63 
15 69 
15 73 
15 74 
15 82 
15 86 
15 87 
15 121 
15 212 
16 6 
17 27 
17 155 
19 17 
19 32 
21 44 
22 3 
22 4 
22 11 
22 13 
22 14 
22 15 
22 21 
22 25 
22 27 
22 30 
22 32 
22 35 
22 36 
22 37 
22 44 
22 51 
22 60 
22 63 
22 68 
22 73 
22 80 
22 84 
22 88 
22 98 
22 117 
22 121 
22 148 
23 7 
23 8 
23 10 
23 34 
25 14 
25 32 
25 33 
25 62 
25 125 
25 146 
25 158 
26 212 
27 3 
27 4 
27 7 
27 8 
27 11 
27 13 
27 14 
27 15 
27 21 
27 22 
27 30 
27 31 
27 32 
27 35 
27 36 
27 37 
27 39 
27 44 
27 52 
27 62 
27 63 
27 68 
27 71 
27 73 
27 74 
27 82 
27 84 
27 87 
27 88 
27 98 
27 115 
27 121 
27 148 
27 158 
30 2 
30 3 
30 14 
30 15 
30 18 
30 22 
30 32 
30 36 
30 42 
30 63 
30 73 
30 80 
30 98 
30 117 
30 121 
30 133 
31 7 
31 8 
31 34 
31 39 
34 7 
34 8 
34 18 
34 31 
34 110 
34 139 
34 212 
35 3 
35 4 
35 5 
35 11 
35 13 
35 14 
35 15 
35 21 
35 22 
35 26 
35 27 
35 30 
35 32 
35 34 
35 36 
35 37 
35 42 
35 44 
35 51 
35 52 
35 53 
35 58 
35 60 
35 63 
35 68 
35 69 
35 73 
35 74 
35 78 
35 80 
35 82 
35 88 
35 98 
35 102 
35 109 
35 117 
35 121 
36 11 
36 13 
36 15 
36 27 
36 44 
37 4 
37 6 
37 14 
37 22 
37 45 
37 80 
38 32 
40 3 
40 11 
40 13 
40 14 
40 15 
40 22 
40 25 
40 27 
40 30 
40 32 
40 34 
40 36 
40 37 
40 42 
40 44 
40 52 
40 60 
40 63 
40 68 
40 69 
40 77 
40 80 
40 83 
40 84 
40 86 
40 88 
40 98 
40 100 
40 102 
40 109 
40 117 
40 121 
40 125 
40 133 
40 158 
42 27 
42 32 
42 117 
43 92 
43 125 
43 212 
44 4 
44 15 
44 21 
44 27 
44 35 
44 36 
44 71 
44 109 
44 119 
44 128 
45 2 
45 4 
45 5 
45 6 
45 7 
45 8 
45 9 
45 10 
45 11 
45 14 
45 15 
45 16 
45 17 
45 18 
45 22 
45 23 
45 26 
45 27 
45 29 
45 31 
45 32 
45 33 
45 34 
45 35 
45 36 
45 37 
45 39 
45 44 
45 49 
45 55 
45 58 
45 66 
45 76 
45 80 
45 96 
45 97 
45 102 
45 103 
45 105 
45 112 
45 117 
45 120 
45 125 
45 127 
45 128 
45 139 
45 178 
45 182 
46 31 
46 32 
47 139 
48 77 
49 4 
49 5 
49 6 
49 7 
49 8 
49 14 
49 15 
49 22 
49 25 
49 26 
49 27 
49 30 
49 32 
49 34 
49 35 
49 39 
49 40 
49 44 
49 45 
49 60 
49 62 
49 72 
49 78 
49 80 
49 82 
49 86 
49 102 
49 158 
49 187 
51 86 
52 4 
52 15 
52 22 
52 27 
52 32 
52 35 
52 44 
52 68 
52 83 
52 84 
52 121 
55 6 
55 32 
58 6 
60 51 
63 3 
63 4 
63 15 
63 27 
63 32 
63 60 
63 87 
68 11 
68 13 
68 15 
68 22 
68 27 
68 30 
68 32 
68 35 
68 42 
68 44 
68 48 
68 52 
68 60 
68 62 
68 63 
68 73 
68 77 
68 80 
68 82 
68 83 
68 84 
68 88 
68 98 
68 102 
68 116 
68 117 
68 121 
69 3 
69 4 
69 14 
69 15 
69 22 
69 27 
69 30 
69 32 
69 42 
69 44 
69 60 
69 63 
69 73 
69 80 
69 83 
69 84 
69 87 
69 88 
69 98 
69 117 
69 121 
70 7 
70 8 
70 32 
70 44 
70 62 
72 32 
73 121 
74 4 
74 14 
74 27 
76 2 
76 6 
78 59 
80 11 
80 36 
81 7 
81 8 
82 5 
82 14 
82 35 
82 37 
82 53 
82 74 
83 32 
83 42 
83 117 
84 15 
84 32 
84 73 
84 83 
84 117 
86 3 
86 15 
86 32 
86 51 
86 60 
86 77 
86 84 
86 88 
87 3 
87 4 
87 22 
87 32 
87 44 
87 63 
87 88 
88 15 
88 22 
88 35 
88 84 
89 11 
89 15 
89 25 
89 32 
89 33 
89 36 
89 42 
89 44 
89 117 
89 125 
89 146 
89 158 
90 32 
90 48 
90 77 
90 83 
90 84 
90 86 
90 117 
93 27 
93 28 
93 33 
93 36 
93 77 
96 4 
96 5 
96 6 
96 7 
96 8 
96 9 
96 10 
96 14 
96 15 
96 16 
96 17 
96 21 
96 22 
96 23 
96 25 
96 26 
96 27 
96 29 
96 32 
96 33 
96 34 
96 35 
96 39 
96 40 
96 42 
96 44 
96 45 
96 49 
96 55 
96 58 
96 60 
96 62 
96 66 
96 68 
96 76 
96 78 
96 80 
96 82 
96 86 
96 94 
96 95 
96 97 
96 102 
96 103 
96 108 
96 112 
96 117 
96 128 
96 150 
96 158 
96 182 
98 82 
100 116 
100 133 
101 6 
105 2 
105 4 
105 6 
105 7 
105 8 
105 9 
105 10 
105 14 
105 15 
105 23 
105 26 
105 29 
105 31 
105 32 
105 34 
105 39 
105 45 
105 99 
105 156 
105 166 
105 182 
108 14 
108 45 
109 4 
109 7 
109 8 
109 14 
109 44 
109 59 
109 71 
109 75 
109 113 
109 115 
109 119 
109 138 
109 150 
109 168 
110 212 
116 32 
121 73 
121 98 
133 32 
146 36 
146 158 
204 59 
