1 19 
2 5 
2 7 
2 9 
2 17 
2 23 
2 25 
2 26 
2 33 
2 34 
2 40 
2 48 
2 70 
2 105 
2 125 
2 134 
2 146 
2 150 
2 158 
3 15 
3 22 
3 37 
3 63 
4 14 
4 27 
4 37 
4 74 
6 32 
6 44 
6 45 
7 124 
9 124 
10 124 
11 15 
11 27 
11 52 
11 80 
14 4 
14 15 
14 22 
14 25 
14 27 
14 35 
14 37 
14 52 
14 68 
15 4 
15 14 
15 22 
15 25 
15 27 
15 35 
15 37 
15 42 
15 69 
15 74 
17 155 
18 26 
19 158 
21 4 
21 14 
21 15 
21 22 
21 44 
22 4 
22 14 
22 15 
22 35 
22 37 
22 68 
22 84 
24 19 
27 4 
27 14 
27 15 
27 37 
28 19 
28 134 
30 15 
30 22 
30 27 
32 40 
32 116 
32 146 
33 134 
33 158 
35 14 
35 15 
35 22 
35 25 
35 68 
35 82 
35 84 
35 187 
37 3 
37 15 
37 22 
43 125 
43 134 
43 158 
44 4 
44 14 
44 15 
44 21 
44 22 
44 27 
44 37 
44 68 
44 84 
45 6 
45 76 
45 124 
45 127 
45 130 
45 136 
49 96 
52 22 
52 40 
52 62 
52 68 
60 88 
63 3 
63 14 
63 15 
63 25 
63 27 
63 30 
63 87 
67 134 
68 15 
68 22 
68 40 
68 48 
68 62 
69 3 
69 14 
69 22 
69 25 
69 40 
69 51 
69 52 
69 60 
69 68 
69 84 
71 113 
72 19 
73 32 
74 4 
74 15 
76 16 
76 66 
79 97 
80 15 
82 35 
83 25 
83 89 
83 146 
84 3 
84 14 
84 15 
84 22 
84 25 
84 27 
84 30 
84 35 
84 51 
84 52 
84 60 
84 62 
84 68 
84 69 
84 74 
84 146 
86 51 
86 77 
87 22 
87 30 
87 63 
87 68 
87 69 
88 22 
89 25 
89 33 
89 134 
89 158 
92 159 
93 33 
93 89 
93 124 
96 108 
98 15 
100 19 
100 25 
100 89 
100 116 
100 158 
105 2 
105 44 
105 49 
105 156 
108 95 
109 138 
109 150 
111 33 
111 146 
111 158 
112 120 
114 5 
114 25 
114 49 
114 108 
116 19 
119 59 
121 4 
122 170 
125 33 
125 158 
129 130 
134 158 
143 33 
143 125 
143 158 
144 33 
146 33 
146 70 
146 158 
154 115 
157 119 
157 170 
158 33 
169 124 
170 59 
170 119 
170 173 
172 33 
172 158 
176 33 
176 125 
176 158 
196 124 
