2 29 
2 212 
3 15 
3 22 
3 68 
3 84 
3 87 
3 88 
4 14 
4 15 
4 27 
4 35 
4 74 
5 29 
5 134 
6 3 
6 5 
6 15 
6 27 
6 32 
7 28 
7 67 
7 72 
9 28 
9 67 
9 72 
11 35 
11 36 
11 68 
13 36 
14 3 
14 4 
14 5 
14 11 
14 15 
14 19 
14 22 
14 27 
14 32 
14 35 
14 39 
14 44 
14 60 
14 68 
14 74 
14 82 
14 84 
14 110 
15 3 
15 14 
15 22 
15 27 
15 35 
15 44 
15 63 
15 68 
15 74 
15 212 
17 67 
19 28 
21 27 
21 44 
21 84 
22 3 
22 14 
22 21 
22 35 
22 48 
22 52 
22 82 
22 84 
22 148 
23 39 
26 29 
27 3 
27 4 
27 13 
27 14 
27 15 
27 21 
27 22 
27 35 
27 36 
27 44 
27 68 
27 80 
27 84 
30 3 
30 15 
30 21 
30 44 
30 52 
30 73 
30 84 
30 87 
33 125 
33 134 
35 14 
35 15 
35 22 
35 29 
35 44 
35 82 
36 4 
39 39 
42 133 
43 125 
43 134 
43 212 
44 3 
44 14 
44 15 
44 21 
44 22 
44 35 
44 68 
45 5 
45 14 
45 15 
45 21 
45 27 
45 44 
51 60 
52 68 
52 84 
54 118 
63 22 
63 87 
68 62 
69 3 
69 22 
69 36 
69 60 
69 68 
69 84 
69 87 
70 4 
70 15 
74 4 
74 14 
82 22 
82 35 
84 52 
87 3 
87 15 
87 22 
87 52 
87 84 
88 22 
93 28 
98 121 
110 212 
121 73 
