2 7 
2 8 
2 10 
2 25 
2 31 
2 32 
2 44 
2 45 
2 52 
2 99 
2 105 
2 109 
2 134 
2 146 
2 150 
2 156 
2 166 
3 22 
3 88 
4 14 
4 15 
4 27 
4 35 
4 68 
4 104 
4 187 
5 7 
5 8 
5 53 
5 109 
6 45 
7 25 
7 146 
7 150 
9 8 
9 25 
9 146 
10 150 
11 15 
11 109 
14 4 
14 13 
14 15 
14 22 
14 27 
14 35 
14 44 
14 68 
14 74 
14 84 
14 150 
15 3 
15 4 
15 7 
15 8 
15 11 
15 14 
15 22 
15 27 
15 35 
15 36 
15 44 
15 68 
15 84 
15 109 
17 33 
21 4 
21 7 
21 8 
21 11 
21 14 
21 15 
21 22 
21 30 
21 35 
21 36 
21 44 
21 82 
21 109 
22 4 
22 14 
22 35 
22 44 
22 48 
22 52 
22 68 
22 121 
27 3 
27 4 
27 7 
27 8 
27 14 
27 15 
27 21 
27 22 
27 35 
27 44 
27 68 
27 87 
27 109 
28 33 
30 87 
30 121 
33 134 
34 7 
34 8 
35 7 
35 8 
35 14 
35 15 
35 22 
35 27 
35 30 
35 48 
35 52 
35 62 
35 68 
35 82 
35 98 
35 109 
36 13 
40 7 
40 8 
43 212 
44 4 
44 7 
44 8 
44 14 
44 15 
44 21 
44 22 
44 27 
44 35 
44 68 
44 84 
45 31 
45 76 
49 4 
49 7 
49 8 
49 35 
49 44 
49 52 
49 68 
49 109 
52 22 
52 68 
67 33 
68 52 
68 62 
68 84 
69 84 
73 121 
80 84 
82 35 
82 53 
84 22 
84 52 
84 62 
84 68 
87 22 
93 14 
93 33 
95 108 
96 7 
96 8 
96 27 
96 44 
96 70 
96 76 
98 121 
102 11 
102 27 
102 35 
102 36 
102 44 
102 45 
105 4 
105 7 
105 8 
105 10 
105 14 
105 15 
105 22 
105 27 
105 31 
105 32 
105 35 
105 44 
105 45 
105 52 
105 62 
105 68 
105 82 
105 91 
105 99 
105 105 
105 109 
105 146 
105 150 
105 182 
109 7 
109 8 
114 7 
114 8 
114 25 
156 166 
174 44 
