2 26 
2 39 
2 99 
2 105 
3 15 
3 27 
3 30 
4 14 
4 26 
4 27 
4 30 
4 34 
5 6 
5 14 
5 15 
5 22 
5 23 
5 35 
5 37 
5 44 
5 45 
5 49 
5 53 
5 55 
5 58 
5 66 
5 76 
5 82 
5 94 
5 95 
5 105 
5 108 
6 99 
7 2 
7 6 
7 15 
7 23 
7 26 
7 29 
7 34 
7 36 
7 37 
7 40 
7 45 
7 49 
7 66 
7 82 
7 99 
7 105 
7 109 
7 119 
7 150 
7 187 
8 6 
8 66 
8 109 
8 119 
8 140 
8 187 
9 2 
9 6 
9 8 
9 9 
9 10 
9 26 
9 29 
9 36 
9 37 
9 82 
9 99 
9 140 
9 150 
9 187 
10 6 
10 8 
10 9 
10 15 
10 23 
10 26 
10 29 
10 34 
10 40 
10 45 
10 49 
10 105 
11 7 
11 9 
11 13 
11 15 
11 22 
11 36 
11 44 
11 63 
11 69 
11 98 
11 119 
13 98 
14 3 
14 6 
14 7 
14 10 
14 15 
14 22 
14 27 
14 34 
14 35 
14 37 
14 44 
14 45 
15 2 
15 3 
15 4 
15 5 
15 6 
15 7 
15 8 
15 14 
15 22 
15 27 
15 30 
15 32 
15 35 
15 36 
15 37 
15 39 
15 42 
15 44 
15 45 
15 52 
15 60 
15 63 
15 69 
15 70 
15 82 
15 109 
15 140 
16 97 
17 6 
17 26 
17 39 
17 110 
17 155 
18 2 
18 7 
18 8 
18 9 
18 10 
18 26 
18 28 
18 29 
18 34 
18 96 
18 105 
18 109 
18 110 
22 26 
22 34 
23 6 
23 7 
23 9 
23 10 
23 15 
23 31 
23 39 
23 63 
26 14 
26 18 
26 34 
26 39 
26 110 
27 3 
27 4 
27 6 
27 7 
27 8 
27 11 
27 13 
27 14 
27 15 
27 22 
27 30 
27 35 
27 36 
27 37 
27 39 
27 44 
27 52 
27 60 
27 63 
27 68 
27 70 
27 80 
27 88 
27 98 
29 6 
29 7 
29 9 
29 26 
30 7 
30 8 
30 173 
31 6 
31 39 
34 2 
34 18 
34 26 
34 97 
34 99 
34 110 
35 22 
35 26 
35 37 
36 7 
36 9 
36 11 
36 80 
39 2 
39 4 
39 5 
39 6 
39 7 
39 8 
39 9 
39 10 
39 13 
39 14 
39 15 
39 16 
39 17 
39 18 
39 22 
39 23 
39 25 
39 26 
39 27 
39 28 
39 29 
39 31 
39 32 
39 34 
39 35 
39 36 
39 37 
39 39 
39 40 
39 44 
39 45 
39 49 
39 55 
39 58 
39 60 
39 63 
39 66 
39 70 
39 71 
39 76 
39 79 
39 80 
39 94 
39 96 
39 97 
39 99 
39 104 
39 105 
39 108 
39 109 
39 110 
39 119 
39 130 
39 146 
39 150 
39 155 
39 156 
39 182 
39 187 
44 4 
44 13 
44 15 
44 21 
44 22 
44 32 
44 35 
44 36 
44 37 
44 39 
44 69 
44 80 
45 5 
45 6 
45 7 
45 9 
45 10 
45 14 
45 18 
45 27 
45 39 
45 55 
45 58 
45 66 
45 70 
45 76 
45 96 
45 97 
45 108 
45 109 
47 2 
47 6 
47 7 
47 9 
47 10 
47 11 
47 14 
47 15 
47 17 
47 18 
47 23 
47 26 
47 27 
47 29 
47 32 
47 34 
47 37 
47 39 
47 44 
47 45 
47 55 
47 76 
47 80 
47 94 
47 100 
47 105 
47 109 
47 146 
47 155 
47 173 
47 182 
47 187 
49 96 
54 14 
55 6 
55 27 
55 35 
55 44 
55 45 
55 66 
55 76 
55 108 
58 16 
59 6 
59 27 
59 170 
63 4 
63 15 
63 87 
63 105 
66 55 
69 11 
69 36 
69 44 
75 168 
79 16 
79 97 
82 14 
82 15 
82 35 
82 37 
82 109 
87 44 
92 14 
92 181 
93 27 
94 128 
95 45 
103 6 
105 99 
107 5 
107 35 
107 49 
107 55 
107 66 
107 76 
107 95 
107 96 
107 108 
109 115 
109 138 
109 168 
110 25 
113 125 
113 181 
119 27 
119 44 
119 45 
119 80 
124 6 
124 23 
124 45 
124 173 
139 39 
142 159 
153 7 
153 10 
153 26 
