2 4 
2 6 
2 7 
2 8 
2 14 
2 18 
2 26 
2 27 
2 32 
2 34 
2 37 
2 39 
2 44 
2 105 
2 156 
2 158 
2 212 
3 14 
3 15 
3 22 
3 27 
3 30 
3 37 
3 52 
3 63 
3 68 
3 69 
3 73 
3 84 
3 87 
3 88 
4 3 
4 6 
4 11 
4 13 
4 14 
4 15 
4 21 
4 22 
4 27 
4 30 
4 32 
4 35 
4 36 
4 37 
4 44 
4 63 
4 68 
4 69 
4 73 
4 74 
4 84 
4 88 
4 98 
4 121 
5 4 
5 6 
5 11 
5 14 
5 15 
5 18 
5 22 
5 25 
5 27 
5 32 
5 35 
5 37 
5 40 
5 42 
5 44 
5 51 
5 60 
5 77 
5 78 
5 80 
5 82 
5 83 
5 84 
5 86 
5 90 
5 102 
5 116 
5 117 
5 125 
5 134 
5 158 
6 6 
6 27 
7 6 
7 18 
7 19 
7 26 
7 29 
7 32 
7 33 
7 34 
7 39 
7 72 
7 125 
7 134 
7 146 
7 158 
8 6 
8 140 
9 6 
9 8 
9 18 
9 19 
9 26 
9 29 
9 32 
9 33 
9 34 
9 39 
9 72 
9 125 
9 134 
9 140 
9 146 
9 158 
10 9 
10 26 
11 3 
11 4 
11 13 
11 14 
11 15 
11 27 
11 35 
11 36 
11 44 
12 2 
12 3 
12 6 
12 7 
12 8 
12 11 
12 13 
12 14 
12 15 
12 18 
12 19 
12 21 
12 22 
12 25 
12 26 
12 27 
12 30 
12 32 
12 33 
12 34 
12 35 
12 36 
12 42 
12 44 
12 45 
12 51 
12 52 
12 60 
12 68 
12 69 
12 70 
12 71 
12 77 
12 80 
12 88 
12 89 
12 91 
12 102 
12 109 
12 116 
12 117 
12 121 
12 125 
12 134 
12 146 
12 148 
12 150 
12 158 
13 36 
14 3 
14 4 
14 11 
14 13 
14 15 
14 21 
14 22 
14 25 
14 27 
14 30 
14 34 
14 35 
14 36 
14 37 
14 44 
14 54 
14 57 
14 59 
14 62 
14 63 
14 68 
14 73 
14 74 
14 78 
14 80 
14 82 
14 87 
14 88 
14 91 
14 104 
14 180 
15 3 
15 4 
15 7 
15 9 
15 11 
15 13 
15 14 
15 21 
15 22 
15 27 
15 30 
15 35 
15 36 
15 37 
15 44 
15 52 
15 63 
15 68 
15 69 
15 73 
15 74 
15 82 
15 84 
15 87 
15 88 
15 98 
15 121 
15 212 
16 6 
16 33 
16 45 
16 70 
16 97 
16 134 
16 158 
17 6 
17 15 
17 19 
17 33 
17 34 
17 44 
17 45 
17 125 
17 134 
17 155 
17 158 
17 190 
17 193 
17 212 
18 26 
18 29 
18 34 
18 212 
19 2 
19 3 
19 6 
19 11 
19 15 
19 36 
19 37 
19 44 
19 116 
19 133 
19 134 
19 158 
21 15 
21 44 
22 3 
22 4 
22 6 
22 11 
22 13 
22 14 
22 15 
22 21 
22 27 
22 30 
22 32 
22 34 
22 35 
22 36 
22 37 
22 42 
22 44 
22 45 
22 48 
22 51 
22 52 
22 60 
22 62 
22 63 
22 68 
22 69 
22 73 
22 74 
22 77 
22 80 
22 84 
22 86 
22 87 
22 88 
22 90 
22 98 
22 102 
22 117 
22 121 
22 134 
22 148 
22 158 
23 6 
23 19 
23 34 
23 117 
25 6 
25 25 
25 33 
25 89 
25 125 
25 134 
25 146 
25 158 
26 14 
26 26 
26 27 
26 34 
26 212 
27 3 
27 4 
27 7 
27 8 
27 11 
27 13 
27 14 
27 15 
27 21 
27 22 
27 25 
27 30 
27 32 
27 34 
27 35 
27 36 
27 37 
27 44 
27 52 
27 60 
27 62 
27 63 
27 68 
27 69 
27 73 
27 74 
27 82 
27 84 
27 87 
27 88 
27 90 
27 98 
27 100 
27 102 
27 121 
27 148 
27 158 
28 6 
28 37 
28 80 
29 45 
29 146 
30 3 
30 4 
30 15 
30 22 
30 27 
30 35 
30 36 
30 42 
30 44 
30 52 
30 63 
30 69 
30 73 
30 87 
30 98 
30 121 
32 40 
32 72 
32 73 
33 60 
33 68 
33 71 
33 134 
33 158 
34 6 
34 7 
34 8 
34 18 
34 26 
34 139 
34 212 
35 3 
35 4 
35 5 
35 6 
35 11 
35 13 
35 14 
35 15 
35 18 
35 21 
35 22 
35 25 
35 26 
35 27 
35 30 
35 32 
35 36 
35 37 
35 42 
35 44 
35 45 
35 48 
35 51 
35 52 
35 53 
35 59 
35 60 
35 62 
35 63 
35 68 
35 69 
35 72 
35 73 
35 74 
35 77 
35 80 
35 82 
35 83 
35 84 
35 86 
35 87 
35 88 
35 90 
35 98 
35 102 
35 116 
35 117 
35 121 
35 134 
35 148 
35 150 
35 157 
35 158 
36 11 
36 13 
36 15 
36 22 
36 27 
36 30 
36 63 
37 14 
37 35 
38 32 
38 72 
39 6 
39 7 
39 8 
39 13 
39 17 
39 25 
39 26 
39 29 
39 32 
39 34 
39 37 
39 102 
39 116 
39 140 
39 212 
40 3 
40 4 
40 6 
40 7 
40 8 
40 11 
40 13 
40 14 
40 15 
40 18 
40 19 
40 21 
40 22 
40 26 
40 27 
40 30 
40 32 
40 33 
40 34 
40 36 
40 37 
40 42 
40 44 
40 48 
40 51 
40 52 
40 60 
40 63 
40 68 
40 69 
40 72 
40 73 
40 77 
40 80 
40 83 
40 84 
40 86 
40 87 
40 88 
40 90 
40 98 
40 100 
40 102 
40 117 
40 121 
40 125 
40 133 
40 134 
40 139 
40 146 
40 158 
43 2 
43 19 
43 125 
43 134 
43 168 
43 212 
44 4 
44 11 
44 14 
44 15 
44 21 
44 27 
44 30 
44 36 
44 63 
44 69 
44 133 
45 2 
45 6 
45 7 
45 8 
45 9 
45 10 
45 16 
45 18 
45 22 
45 23 
45 25 
45 26 
45 27 
45 29 
45 31 
45 32 
45 34 
45 37 
45 39 
45 55 
45 76 
45 86 
45 96 
45 97 
45 102 
45 105 
45 117 
45 127 
45 128 
45 158 
45 178 
45 182 
46 32 
47 6 
47 7 
47 8 
47 18 
47 26 
47 32 
47 34 
47 39 
47 44 
47 139 
47 158 
48 68 
49 4 
49 6 
49 7 
49 8 
49 11 
49 14 
49 15 
49 18 
49 21 
49 22 
49 26 
49 27 
49 30 
49 32 
49 33 
49 34 
49 35 
49 36 
49 37 
49 40 
49 42 
49 44 
49 45 
49 48 
49 49 
49 51 
49 52 
49 53 
49 59 
49 60 
49 62 
49 68 
49 69 
49 72 
49 73 
49 77 
49 80 
49 82 
49 83 
49 84 
49 86 
49 88 
49 90 
49 102 
49 116 
49 117 
49 121 
49 133 
49 158 
52 15 
52 63 
52 68 
52 73 
52 84 
52 87 
54 100 
55 4 
55 6 
55 14 
55 15 
55 27 
55 45 
55 66 
55 127 
58 6 
58 27 
58 32 
58 42 
58 45 
58 60 
58 79 
59 27 
62 3 
62 4 
62 6 
62 7 
62 8 
62 21 
62 22 
62 26 
62 27 
62 30 
62 34 
62 36 
62 40 
62 44 
62 51 
62 60 
62 63 
62 68 
62 69 
62 87 
62 117 
63 15 
63 27 
63 30 
63 35 
63 36 
63 52 
63 68 
63 69 
63 73 
63 84 
63 87 
63 88 
63 121 
64 14 
64 44 
65 4 
65 6 
65 14 
65 15 
65 35 
65 44 
65 45 
65 128 
66 6 
66 45 
66 55 
66 90 
68 3 
68 6 
68 15 
68 22 
68 27 
68 32 
68 35 
68 42 
68 44 
68 48 
68 52 
68 60 
68 62 
68 63 
68 69 
68 73 
68 80 
68 83 
68 84 
68 86 
68 90 
68 100 
68 102 
68 116 
68 117 
69 3 
69 14 
69 15 
69 22 
69 27 
69 30 
69 35 
69 63 
69 73 
69 84 
69 87 
69 88 
70 4 
70 6 
70 7 
70 8 
70 14 
70 21 
70 22 
70 27 
70 32 
70 34 
70 36 
70 37 
70 42 
70 44 
70 62 
70 80 
70 88 
70 102 
70 109 
71 7 
71 8 
71 25 
71 113 
72 32 
73 11 
73 30 
73 98 
73 121 
74 14 
74 27 
76 4 
76 6 
76 11 
76 14 
76 15 
76 22 
76 23 
76 25 
76 27 
76 32 
76 35 
76 37 
76 40 
76 42 
76 44 
76 45 
76 51 
76 60 
76 77 
76 78 
76 80 
76 82 
76 83 
76 84 
76 86 
76 90 
76 102 
76 117 
76 128 
78 6 
78 14 
78 15 
78 27 
78 30 
78 32 
78 35 
78 37 
78 44 
78 59 
78 60 
78 80 
78 82 
78 91 
78 102 
78 117 
78 158 
79 58 
81 14 
82 14 
82 27 
82 30 
82 35 
82 37 
82 42 
82 44 
82 53 
82 74 
82 117 
84 22 
84 27 
84 30 
84 40 
84 52 
84 63 
84 68 
84 69 
84 73 
84 87 
86 90 
87 30 
87 63 
87 69 
87 84 
87 88 
88 22 
88 35 
88 60 
88 84 
88 87 
89 6 
89 22 
89 25 
89 32 
89 33 
89 36 
89 42 
89 83 
89 90 
89 117 
89 125 
89 134 
89 146 
89 158 
91 6 
91 14 
91 22 
93 14 
93 21 
93 27 
93 33 
93 34 
93 63 
93 77 
93 84 
93 96 
94 14 
94 27 
94 32 
94 35 
94 42 
94 44 
94 77 
94 82 
94 127 
95 14 
95 22 
95 27 
95 32 
95 35 
95 44 
95 51 
95 60 
95 77 
95 86 
95 117 
96 6 
96 22 
96 23 
96 25 
96 27 
96 31 
96 32 
96 33 
96 35 
96 37 
96 42 
96 44 
96 45 
96 49 
96 51 
96 55 
96 60 
96 77 
96 80 
96 86 
96 117 
96 146 
96 158 
97 6 
97 16 
97 45 
97 58 
97 109 
98 13 
98 14 
98 73 
98 121 
100 116 
100 117 
100 133 
101 4 
101 6 
101 14 
101 45 
101 58 
101 97 
103 102 
104 14 
105 2 
105 6 
105 7 
105 8 
105 23 
105 26 
105 29 
105 34 
105 45 
105 99 
105 156 
105 165 
105 182 
107 15 
108 4 
108 6 
108 14 
108 27 
108 32 
108 37 
108 44 
108 45 
108 66 
108 95 
108 96 
109 3 
109 4 
109 6 
109 7 
109 8 
109 10 
109 11 
109 13 
109 14 
109 15 
109 18 
109 19 
109 21 
109 22 
109 23 
109 26 
109 27 
109 28 
109 32 
109 33 
109 34 
109 35 
109 36 
109 37 
109 42 
109 44 
109 48 
109 51 
109 52 
109 57 
109 59 
109 60 
109 62 
109 63 
109 68 
109 71 
109 72 
109 73 
109 75 
109 77 
109 80 
109 82 
109 83 
109 86 
109 90 
109 100 
109 102 
109 104 
109 115 
109 116 
109 117 
109 119 
109 121 
109 125 
109 133 
109 134 
109 138 
109 139 
109 146 
109 150 
109 158 
109 168 
110 15 
110 19 
110 33 
110 134 
110 158 
110 212 
111 134 
111 158 
114 5 
114 6 
114 11 
114 18 
114 22 
114 26 
114 27 
114 30 
114 32 
114 33 
114 34 
114 35 
114 36 
114 37 
114 42 
114 44 
114 48 
114 49 
114 51 
114 60 
114 68 
114 77 
114 80 
114 82 
114 86 
114 102 
114 117 
114 134 
114 146 
114 158 
115 60 
115 168 
120 127 
120 128 
121 30 
121 73 
121 98 
121 117 
124 157 
125 15 
125 134 
125 158 
135 6 
135 26 
135 28 
135 34 
135 44 
136 6 
136 14 
136 45 
146 33 
146 125 
146 134 
146 158 
148 15 
148 21 
148 22 
148 27 
148 84 
150 14 
156 105 
161 105 
163 27 
163 32 
163 80 
163 158 
166 105 
167 33 
167 125 
168 60 
168 109 
168 115 
176 33 
176 36 
176 125 
176 134 
176 158 
181 159 
186 27 
199 6 
204 59 
