2 31 
2 39 
2 105 
2 159 
3 15 
3 22 
3 30 
3 37 
3 60 
3 63 
3 69 
3 87 
3 88 
4 14 
4 27 
4 39 
6 6 
6 23 
6 26 
6 31 
6 45 
6 55 
6 70 
6 109 
7 31 
8 31 
9 31 
11 4 
11 13 
11 15 
11 27 
11 35 
11 36 
11 45 
11 68 
11 73 
11 80 
11 98 
11 102 
11 121 
13 7 
13 10 
13 102 
14 4 
14 15 
14 21 
14 22 
14 23 
14 27 
14 32 
14 35 
14 37 
14 74 
15 3 
15 4 
15 7 
15 10 
15 11 
15 13 
15 14 
15 16 
15 21 
15 22 
15 23 
15 27 
15 30 
15 32 
15 35 
15 36 
15 37 
15 42 
15 44 
15 52 
15 55 
15 60 
15 63 
15 68 
15 69 
15 70 
15 73 
15 74 
15 80 
15 82 
15 87 
15 88 
15 121 
15 134 
17 158 
17 212 
19 36 
22 14 
22 15 
22 21 
22 35 
22 68 
24 72 
27 4 
27 14 
27 15 
27 21 
27 35 
27 36 
27 63 
27 82 
30 3 
30 13 
30 15 
30 22 
30 23 
30 27 
30 35 
30 36 
30 37 
30 63 
30 73 
30 84 
30 87 
30 88 
30 98 
30 121 
32 15 
32 133 
34 70 
34 110 
34 125 
35 14 
35 82 
36 13 
36 15 
36 27 
36 80 
36 102 
37 15 
37 158 
42 3 
42 15 
42 73 
43 125 
44 14 
44 21 
44 35 
44 70 
44 71 
45 6 
45 14 
45 23 
45 31 
45 76 
52 48 
52 68 
52 84 
63 3 
63 15 
63 30 
63 86 
63 87 
67 70 
67 71 
68 52 
68 84 
69 3 
69 15 
69 22 
69 37 
69 51 
69 60 
69 84 
69 86 
69 87 
69 88 
73 11 
73 13 
73 15 
73 30 
73 35 
73 98 
73 121 
74 4 
74 27 
76 15 
82 22 
84 15 
84 37 
84 52 
86 51 
86 60 
86 77 
87 3 
87 15 
87 30 
87 37 
87 60 
87 63 
87 88 
88 60 
88 77 
89 52 
89 116 
93 63 
96 49 
98 11 
98 13 
98 15 
98 121 
105 23 
109 23 
109 31 
109 138 
117 42 
117 73 
117 121 
121 11 
121 13 
121 15 
121 73 
121 98 
