2 2 
2 23 
2 26 
2 34 
2 39 
2 105 
2 212 
3 2 
3 15 
3 22 
3 27 
3 30 
3 32 
3 63 
3 69 
3 87 
3 88 
4 11 
4 14 
4 15 
4 22 
4 27 
4 73 
4 74 
4 82 
4 148 
5 6 
5 23 
6 14 
6 23 
6 44 
6 45 
7 2 
7 4 
7 6 
7 14 
7 15 
7 22 
7 23 
7 26 
7 27 
7 31 
7 34 
7 36 
7 44 
7 45 
7 51 
7 60 
7 63 
7 70 
7 80 
7 82 
7 86 
7 100 
7 105 
7 109 
7 133 
7 134 
7 139 
9 2 
9 4 
9 6 
9 8 
9 10 
9 14 
9 15 
9 22 
9 23 
9 26 
9 27 
9 31 
9 34 
9 36 
9 44 
9 45 
9 51 
9 60 
9 63 
9 70 
9 80 
9 82 
9 86 
9 100 
9 105 
9 109 
9 133 
9 134 
9 139 
10 105 
11 3 
11 14 
11 80 
14 4 
14 15 
14 22 
14 27 
14 35 
14 44 
14 68 
14 74 
14 102 
15 3 
15 4 
15 11 
15 13 
15 14 
15 22 
15 27 
15 30 
15 32 
15 34 
15 35 
15 36 
15 37 
15 44 
15 51 
15 52 
15 63 
15 73 
15 74 
15 77 
15 80 
15 82 
15 84 
15 88 
15 98 
15 100 
15 121 
17 6 
17 45 
17 110 
17 125 
17 155 
17 190 
19 133 
21 44 
22 3 
22 4 
22 14 
22 15 
22 30 
22 36 
22 88 
23 2 
23 6 
23 14 
23 39 
23 45 
23 88 
23 105 
24 72 
25 5 
25 44 
27 3 
27 4 
27 11 
27 13 
27 14 
27 15 
27 21 
27 22 
27 30 
27 34 
27 35 
27 36 
27 37 
27 44 
27 51 
27 68 
27 69 
27 70 
27 73 
27 80 
27 84 
27 98 
27 102 
27 109 
27 130 
28 158 
30 2 
30 4 
30 14 
30 15 
30 21 
30 22 
30 27 
30 35 
30 44 
30 45 
30 51 
30 52 
30 63 
30 73 
30 84 
30 87 
30 98 
30 121 
32 2 
32 4 
32 6 
32 7 
32 9 
32 15 
32 27 
32 45 
32 68 
32 73 
32 83 
32 117 
32 133 
32 146 
35 82 
36 13 
40 44 
40 158 
42 3 
42 7 
42 9 
42 15 
42 22 
42 23 
42 27 
42 30 
42 35 
42 37 
42 40 
42 45 
42 52 
42 63 
42 68 
42 69 
42 73 
42 86 
42 87 
42 88 
42 133 
43 67 
43 115 
44 14 
44 21 
44 63 
44 148 
45 2 
45 4 
45 6 
45 7 
45 8 
45 10 
45 15 
45 23 
45 34 
45 44 
45 70 
45 76 
45 96 
45 112 
45 127 
63 3 
63 22 
63 27 
63 30 
63 87 
63 88 
68 22 
68 52 
68 62 
69 14 
69 15 
69 22 
69 30 
69 84 
69 88 
73 15 
73 21 
73 22 
73 27 
73 30 
73 35 
73 44 
73 45 
73 80 
73 98 
73 121 
74 4 
82 27 
84 22 
86 90 
87 27 
87 63 
87 69 
87 84 
87 88 
88 3 
88 22 
88 60 
93 100 
95 102 
98 13 
98 36 
98 80 
98 121 
105 23 
116 14 
117 30 
121 23 
121 30 
121 44 
121 73 
121 98 
153 23 
155 17 
155 44 
