2 14 
2 39 
2 105 
2 109 
3 22 
3 51 
3 88 
4 11 
4 14 
4 15 
4 22 
4 30 
4 35 
4 36 
4 44 
4 66 
4 71 
4 74 
4 108 
4 119 
5 2 
5 4 
5 5 
5 6 
5 7 
5 8 
5 9 
5 10 
5 14 
5 15 
5 16 
5 17 
5 18 
5 19 
5 22 
5 23 
5 26 
5 27 
5 28 
5 29 
5 31 
5 32 
5 35 
5 36 
5 39 
5 40 
5 42 
5 44 
5 45 
5 49 
5 55 
5 58 
5 66 
5 70 
5 71 
5 76 
5 78 
5 86 
5 88 
5 89 
5 94 
5 96 
5 105 
5 108 
5 109 
5 117 
6 45 
7 6 
7 14 
7 15 
7 17 
7 19 
7 23 
7 26 
7 27 
7 28 
7 29 
7 30 
7 31 
7 36 
7 39 
7 44 
7 45 
7 54 
7 62 
7 70 
7 76 
7 94 
7 97 
7 109 
7 146 
7 158 
8 29 
8 109 
9 6 
9 8 
9 10 
9 14 
9 15 
9 17 
9 19 
9 23 
9 26 
9 27 
9 28 
9 29 
9 30 
9 31 
9 36 
9 39 
9 44 
9 45 
9 54 
9 62 
9 70 
9 76 
9 94 
9 97 
9 109 
9 146 
9 158 
10 8 
10 9 
10 29 
10 39 
11 14 
11 29 
11 36 
11 71 
11 80 
11 168 
13 32 
13 36 
14 4 
14 5 
14 6 
14 7 
14 9 
14 10 
14 13 
14 15 
14 17 
14 18 
14 22 
14 26 
14 30 
14 31 
14 34 
14 35 
14 36 
14 37 
14 40 
14 44 
14 45 
14 55 
14 63 
14 68 
14 69 
14 70 
14 76 
14 78 
14 82 
14 84 
14 88 
14 96 
14 105 
14 108 
14 158 
14 182 
15 2 
15 3 
15 4 
15 5 
15 6 
15 7 
15 9 
15 10 
15 11 
15 13 
15 14 
15 17 
15 18 
15 19 
15 21 
15 22 
15 23 
15 26 
15 27 
15 29 
15 30 
15 31 
15 32 
15 35 
15 36 
15 37 
15 39 
15 40 
15 44 
15 45 
15 49 
15 55 
15 60 
15 63 
15 66 
15 67 
15 68 
15 69 
15 70 
15 73 
15 74 
15 76 
15 78 
15 79 
15 80 
15 82 
15 84 
15 86 
15 87 
15 88 
15 91 
15 94 
15 95 
15 105 
15 108 
15 109 
15 110 
15 117 
15 121 
15 158 
16 97 
17 14 
17 15 
17 23 
17 27 
17 45 
17 71 
17 76 
17 110 
17 119 
17 158 
18 2 
18 6 
18 7 
18 8 
18 9 
18 15 
18 16 
18 17 
18 22 
18 23 
18 27 
18 29 
18 30 
18 34 
18 35 
18 39 
18 40 
18 45 
18 49 
18 55 
18 59 
18 60 
18 66 
18 70 
18 76 
18 84 
18 86 
18 88 
18 92 
18 94 
18 96 
18 97 
18 98 
18 105 
18 108 
18 109 
21 29 
21 36 
22 5 
22 6 
22 14 
22 17 
22 28 
22 29 
22 30 
22 31 
22 32 
22 35 
22 37 
22 40 
22 49 
22 51 
22 60 
22 63 
22 66 
22 68 
22 69 
22 70 
22 76 
22 78 
22 84 
22 86 
22 88 
22 91 
23 7 
23 8 
23 9 
23 10 
23 14 
23 15 
23 18 
23 22 
23 26 
23 30 
23 31 
23 34 
23 35 
23 39 
23 40 
23 44 
23 45 
23 76 
26 2 
26 7 
26 8 
26 9 
26 14 
26 17 
26 22 
26 27 
26 29 
26 30 
26 31 
26 32 
26 34 
26 39 
26 45 
26 55 
26 63 
26 76 
26 94 
26 98 
26 109 
26 155 
27 4 
27 6 
27 7 
27 8 
27 10 
27 13 
27 14 
27 15 
27 21 
27 22 
27 26 
27 30 
27 35 
27 36 
27 37 
27 40 
27 44 
27 45 
27 48 
27 51 
27 63 
27 68 
27 70 
27 74 
27 76 
27 80 
27 109 
28 109 
30 14 
30 15 
30 22 
30 36 
30 44 
30 73 
30 84 
31 7 
31 9 
34 2 
34 18 
34 26 
34 29 
34 109 
35 2 
35 4 
35 5 
35 7 
35 9 
35 14 
35 15 
35 22 
35 27 
35 32 
35 36 
35 39 
35 40 
35 44 
35 63 
35 82 
35 96 
35 109 
35 121 
35 150 
36 4 
36 14 
36 15 
37 27 
37 31 
37 82 
39 7 
39 9 
39 18 
40 14 
40 15 
40 35 
40 37 
40 94 
42 30 
42 121 
43 19 
44 2 
44 4 
44 6 
44 7 
44 8 
44 9 
44 10 
44 11 
44 14 
44 15 
44 17 
44 19 
44 21 
44 22 
44 26 
44 27 
44 30 
44 34 
44 35 
44 36 
44 39 
44 49 
44 68 
44 73 
44 86 
44 88 
44 109 
44 110 
44 121 
45 2 
45 4 
45 5 
45 6 
45 7 
45 8 
45 9 
45 10 
45 11 
45 13 
45 14 
45 15 
45 16 
45 17 
45 18 
45 21 
45 22 
45 23 
45 25 
45 26 
45 28 
45 29 
45 30 
45 31 
45 32 
45 34 
45 35 
45 39 
45 40 
45 44 
45 49 
45 55 
45 58 
45 63 
45 66 
45 70 
45 73 
45 76 
45 79 
45 80 
45 84 
45 94 
45 96 
45 97 
45 98 
45 103 
45 105 
45 108 
45 109 
45 112 
45 117 
51 60 
52 14 
52 100 
55 45 
55 66 
55 109 
58 66 
63 87 
65 45 
68 22 
68 45 
68 48 
69 84 
70 29 
70 35 
71 168 
73 121 
74 14 
76 2 
76 5 
76 6 
76 7 
76 9 
76 10 
76 14 
76 15 
76 17 
76 18 
76 22 
76 23 
76 31 
76 32 
76 35 
76 37 
76 39 
76 40 
76 42 
76 44 
76 45 
76 49 
76 55 
76 58 
76 108 
80 13 
80 36 
81 94 
84 11 
86 60 
88 22 
88 60 
93 33 
96 2 
96 22 
96 66 
97 16 
98 36 
99 165 
108 66 
109 2 
109 22 
109 115 
109 138 
109 187 
111 18 
119 6 
