1 28 
2 18 
2 26 
2 99 
2 105 
3 7 
3 8 
3 11 
3 14 
3 15 
3 22 
3 30 
3 32 
3 36 
3 37 
3 48 
3 52 
3 60 
3 63 
3 68 
3 69 
3 73 
3 82 
3 84 
3 87 
3 88 
3 116 
4 3 
4 14 
4 15 
4 17 
4 22 
4 27 
4 31 
4 44 
4 58 
4 68 
4 74 
4 82 
4 158 
5 2 
5 7 
5 8 
5 67 
5 92 
5 95 
6 45 
6 58 
6 76 
6 103 
6 120 
6 155 
6 158 
7 2 
7 3 
7 4 
7 6 
7 14 
7 15 
7 16 
7 17 
7 18 
7 19 
7 21 
7 23 
7 25 
7 26 
7 27 
7 28 
7 31 
7 32 
7 33 
7 34 
7 35 
7 36 
7 37 
7 39 
7 40 
7 42 
7 44 
7 45 
7 55 
7 58 
7 59 
7 62 
7 67 
7 68 
7 69 
7 70 
7 71 
7 77 
7 78 
7 80 
7 82 
7 84 
7 89 
7 90 
7 91 
7 94 
7 96 
7 99 
7 105 
7 108 
7 109 
7 116 
7 120 
7 125 
7 134 
7 146 
7 150 
7 155 
7 158 
8 6 
8 9 
8 34 
8 45 
8 70 
9 2 
9 3 
9 4 
9 6 
9 8 
9 10 
9 14 
9 15 
9 16 
9 17 
9 18 
9 19 
9 21 
9 23 
9 25 
9 26 
9 27 
9 28 
9 31 
9 32 
9 33 
9 34 
9 35 
9 36 
9 37 
9 39 
9 40 
9 42 
9 44 
9 45 
9 55 
9 58 
9 59 
9 62 
9 67 
9 68 
9 69 
9 70 
9 71 
9 77 
9 78 
9 80 
9 82 
9 84 
9 89 
9 90 
9 91 
9 94 
9 96 
9 99 
9 105 
9 108 
9 109 
9 116 
9 120 
9 125 
9 134 
9 146 
9 150 
9 158 
10 6 
10 155 
11 13 
11 15 
11 34 
11 36 
11 44 
11 74 
11 80 
11 102 
12 6 
12 25 
12 80 
12 91 
12 125 
12 158 
13 98 
14 3 
14 4 
14 11 
14 15 
14 22 
14 25 
14 27 
14 32 
14 35 
14 37 
14 42 
14 44 
14 54 
14 57 
14 59 
14 62 
14 74 
14 78 
14 82 
14 84 
14 156 
14 182 
14 187 
15 2 
15 3 
15 4 
15 7 
15 8 
15 9 
15 10 
15 11 
15 13 
15 14 
15 16 
15 17 
15 22 
15 27 
15 30 
15 32 
15 34 
15 35 
15 36 
15 37 
15 40 
15 42 
15 44 
15 45 
15 51 
15 57 
15 58 
15 60 
15 63 
15 66 
15 68 
15 69 
15 70 
15 73 
15 74 
15 80 
15 82 
15 84 
15 87 
15 88 
15 94 
15 96 
15 97 
15 98 
15 102 
15 121 
15 158 
16 55 
16 58 
16 76 
16 79 
16 80 
16 97 
16 136 
17 2 
17 4 
17 6 
17 7 
17 10 
17 11 
17 14 
17 15 
17 21 
17 22 
17 23 
17 26 
17 27 
17 28 
17 29 
17 30 
17 31 
17 32 
17 34 
17 36 
17 37 
17 39 
17 40 
17 44 
17 45 
17 48 
17 49 
17 55 
17 60 
17 63 
17 70 
17 71 
17 75 
17 76 
17 80 
17 82 
17 83 
17 95 
17 96 
17 98 
17 99 
17 100 
17 105 
17 109 
17 110 
17 116 
17 117 
17 120 
17 125 
17 128 
17 134 
17 148 
17 155 
17 158 
17 190 
17 212 
18 2 
18 4 
18 5 
18 6 
18 7 
18 9 
18 10 
18 14 
18 15 
18 16 
18 17 
18 18 
18 22 
18 23 
18 25 
18 26 
18 27 
18 29 
18 30 
18 31 
18 32 
18 34 
18 35 
18 36 
18 37 
18 39 
18 40 
18 42 
18 44 
18 45 
18 48 
18 49 
18 51 
18 52 
18 54 
18 55 
18 58 
18 59 
18 60 
18 63 
18 68 
18 69 
18 70 
18 76 
18 77 
18 78 
18 79 
18 80 
18 82 
18 83 
18 84 
18 86 
18 88 
18 89 
18 90 
18 91 
18 94 
18 96 
18 98 
18 99 
18 102 
18 103 
18 105 
18 108 
18 109 
18 112 
18 116 
18 117 
18 125 
18 128 
18 134 
18 146 
18 150 
18 156 
18 158 
18 182 
18 212 
19 17 
21 44 
22 14 
22 15 
22 17 
22 27 
22 30 
22 31 
22 32 
22 35 
22 36 
22 37 
22 42 
22 44 
22 45 
22 48 
22 63 
22 70 
22 80 
22 82 
22 84 
22 88 
22 90 
22 102 
22 109 
22 148 
22 158 
23 7 
23 9 
23 10 
23 31 
23 110 
23 134 
25 2 
25 5 
25 6 
25 36 
25 44 
25 91 
25 158 
25 187 
26 2 
26 7 
26 8 
26 18 
26 23 
26 31 
26 34 
26 39 
26 45 
26 92 
26 105 
26 109 
26 128 
26 158 
27 3 
27 4 
27 6 
27 11 
27 13 
27 14 
27 15 
27 21 
27 22 
27 30 
27 34 
27 35 
27 36 
27 37 
27 44 
27 51 
27 52 
27 58 
27 60 
27 63 
27 68 
27 69 
27 73 
27 74 
27 76 
27 80 
27 84 
27 87 
27 98 
27 100 
27 102 
27 121 
27 127 
27 130 
28 4 
28 6 
28 15 
28 67 
29 34 
29 109 
29 158 
30 15 
30 32 
30 44 
30 63 
30 69 
30 73 
30 83 
30 84 
30 87 
30 88 
30 98 
30 117 
30 121 
31 6 
31 7 
31 8 
31 17 
31 34 
31 109 
32 17 
32 83 
32 100 
32 116 
32 117 
33 6 
33 158 
34 2 
34 5 
34 17 
34 18 
34 28 
34 29 
34 31 
34 40 
34 44 
34 45 
34 67 
34 70 
34 71 
34 99 
34 109 
34 155 
34 158 
34 212 
35 4 
35 7 
35 10 
35 11 
35 14 
35 15 
35 22 
35 30 
35 33 
35 39 
35 42 
35 44 
35 45 
35 53 
35 58 
35 76 
35 82 
35 96 
35 102 
35 110 
35 158 
36 4 
36 6 
36 11 
36 13 
36 15 
36 27 
36 30 
36 44 
36 80 
36 87 
36 98 
36 102 
37 14 
37 15 
39 2 
39 6 
39 15 
39 27 
39 45 
39 96 
39 105 
39 130 
39 156 
39 158 
39 212 
40 3 
40 6 
40 15 
40 27 
40 36 
40 48 
40 80 
40 133 
40 158 
42 83 
42 100 
42 117 
42 133 
43 19 
43 40 
43 71 
43 113 
43 116 
43 125 
43 134 
43 158 
43 181 
43 212 
44 7 
44 9 
44 14 
44 15 
44 21 
44 22 
44 23 
44 27 
44 30 
44 31 
44 32 
44 35 
44 36 
44 37 
44 62 
44 63 
44 84 
44 88 
44 134 
44 148 
44 158 
45 6 
45 7 
45 8 
45 9 
45 10 
45 15 
45 16 
45 17 
45 18 
45 23 
45 25 
45 27 
45 28 
45 29 
45 30 
45 31 
45 32 
45 34 
45 37 
45 39 
45 40 
45 44 
45 49 
45 55 
45 58 
45 62 
45 66 
45 68 
45 70 
45 76 
45 79 
45 82 
45 95 
45 96 
45 97 
45 102 
45 103 
45 105 
45 108 
45 109 
45 110 
45 112 
45 119 
45 120 
45 127 
45 128 
45 130 
45 134 
45 136 
45 146 
45 158 
45 178 
45 182 
47 2 
47 3 
47 4 
47 6 
47 7 
47 8 
47 10 
47 11 
47 14 
47 15 
47 17 
47 18 
47 19 
47 22 
47 23 
47 25 
47 26 
47 27 
47 28 
47 30 
47 31 
47 32 
47 34 
47 35 
47 37 
47 39 
47 42 
47 44 
47 45 
47 52 
47 55 
47 60 
47 70 
47 73 
47 76 
47 78 
47 83 
47 84 
47 86 
47 90 
47 103 
47 105 
47 109 
47 116 
47 117 
47 120 
47 125 
47 134 
47 146 
47 158 
49 55 
49 108 
52 17 
52 83 
52 90 
52 116 
54 158 
55 35 
55 82 
58 16 
58 79 
58 97 
60 51 
60 77 
63 30 
63 69 
63 73 
63 87 
64 14 
64 128 
65 45 
66 22 
66 27 
66 35 
66 55 
68 6 
68 15 
68 44 
68 48 
68 52 
68 62 
68 84 
69 6 
69 14 
69 15 
69 84 
70 6 
70 45 
70 80 
73 44 
73 98 
73 121 
76 6 
76 16 
76 35 
76 45 
76 58 
76 66 
76 79 
76 97 
76 103 
76 108 
76 136 
76 158 
78 39 
78 45 
78 67 
78 80 
80 36 
80 102 
82 4 
82 14 
82 15 
82 37 
82 44 
82 53 
82 74 
82 78 
82 109 
82 158 
84 22 
84 44 
84 87 
86 51 
86 77 
86 90 
87 30 
87 55 
87 63 
87 69 
87 84 
88 51 
88 60 
88 77 
88 90 
89 116 
89 158 
93 28 
93 33 
93 48 
93 97 
95 35 
96 2 
96 36 
97 6 
97 16 
97 58 
97 79 
98 4 
98 13 
98 32 
98 36 
98 73 
98 121 
99 105 
101 79 
101 97 
104 4 
104 14 
104 15 
104 17 
104 22 
104 27 
104 35 
104 37 
104 44 
104 49 
104 60 
104 78 
104 150 
104 156 
105 2 
105 166 
109 2 
109 34 
109 37 
109 45 
109 75 
109 92 
109 113 
109 115 
109 119 
109 138 
109 158 
109 168 
110 2 
110 3 
110 4 
110 6 
110 11 
110 14 
110 15 
110 16 
110 17 
110 22 
110 23 
110 25 
110 26 
110 27 
110 28 
110 31 
110 34 
110 35 
110 36 
110 37 
110 44 
110 45 
110 49 
110 55 
110 58 
110 60 
110 66 
110 68 
110 76 
110 79 
110 80 
110 95 
110 96 
110 105 
110 108 
110 109 
110 117 
110 128 
110 148 
110 158 
110 212 
112 45 
112 120 
112 128 
112 178 
113 4 
113 15 
114 29 
120 45 
121 30 
121 32 
121 73 
121 98 
126 3 
135 2 
135 6 
135 31 
135 44 
135 45 
146 34 
147 39 
150 14 
153 7 
153 9 
153 31 
153 39 
155 17 
167 158 
171 128 
172 155 
172 158 
189 6 
189 27 
189 44 
