2 26 
2 29 
2 105 
2 166 
3 4 
3 14 
3 15 
3 22 
3 69 
3 88 
4 2 
4 3 
4 5 
4 6 
4 7 
4 9 
4 10 
4 11 
4 13 
4 14 
4 15 
4 17 
4 21 
4 22 
4 23 
4 25 
4 27 
4 30 
4 31 
4 32 
4 34 
4 35 
4 36 
4 37 
4 39 
4 40 
4 44 
4 45 
4 49 
4 52 
4 60 
4 62 
4 63 
4 67 
4 68 
4 69 
4 70 
4 73 
4 74 
4 76 
4 78 
4 84 
4 86 
4 96 
4 98 
4 102 
4 105 
4 109 
4 121 
4 134 
4 148 
4 158 
4 159 
5 4 
5 6 
5 14 
5 27 
5 39 
5 44 
5 45 
5 49 
5 58 
5 76 
5 96 
5 108 
6 55 
7 2 
7 4 
7 6 
7 14 
7 15 
7 27 
7 40 
7 44 
7 45 
7 49 
7 70 
7 72 
7 86 
7 89 
7 96 
7 100 
7 113 
9 2 
9 4 
9 6 
9 14 
9 15 
9 27 
9 40 
9 44 
9 45 
9 49 
9 70 
9 72 
9 86 
9 89 
9 96 
9 100 
9 113 
10 8 
11 3 
11 4 
11 14 
11 15 
11 19 
11 22 
11 27 
11 35 
11 37 
11 44 
11 58 
11 73 
11 82 
11 109 
11 158 
14 2 
14 3 
14 4 
14 5 
14 6 
14 7 
14 9 
14 10 
14 11 
14 13 
14 15 
14 17 
14 21 
14 22 
14 23 
14 25 
14 27 
14 30 
14 32 
14 33 
14 34 
14 35 
14 36 
14 37 
14 40 
14 42 
14 44 
14 45 
14 52 
14 57 
14 59 
14 60 
14 63 
14 68 
14 69 
14 70 
14 74 
14 76 
14 78 
14 80 
14 82 
14 84 
14 86 
14 100 
14 102 
14 104 
14 105 
14 150 
14 155 
14 156 
14 158 
14 166 
14 173 
14 182 
14 187 
15 2 
15 3 
15 4 
15 6 
15 7 
15 9 
15 11 
15 13 
15 14 
15 19 
15 22 
15 23 
15 25 
15 27 
15 30 
15 32 
15 34 
15 35 
15 36 
15 37 
15 42 
15 44 
15 45 
15 49 
15 52 
15 60 
15 63 
15 68 
15 69 
15 70 
15 73 
15 74 
15 78 
15 80 
15 84 
15 86 
15 87 
15 88 
15 102 
15 105 
15 113 
15 117 
15 121 
15 158 
16 97 
17 15 
17 27 
17 34 
17 44 
17 45 
17 76 
18 2 
18 6 
18 7 
18 9 
18 13 
18 14 
18 15 
18 17 
18 22 
18 23 
18 26 
18 27 
18 29 
18 32 
18 33 
18 34 
18 35 
18 40 
18 44 
18 45 
18 63 
18 68 
18 70 
18 71 
18 76 
18 83 
18 98 
18 105 
18 109 
18 117 
18 125 
21 4 
21 44 
21 158 
22 2 
22 3 
22 4 
22 7 
22 9 
22 14 
22 15 
22 17 
22 27 
22 30 
22 35 
22 37 
22 40 
22 42 
22 45 
22 48 
22 60 
22 63 
22 67 
22 69 
22 70 
22 82 
22 83 
22 88 
22 91 
22 96 
22 105 
22 133 
22 148 
23 4 
23 15 
23 18 
23 26 
23 27 
23 31 
23 34 
23 35 
23 76 
23 105 
25 6 
26 2 
26 4 
26 6 
26 7 
26 9 
26 10 
26 14 
26 15 
26 17 
26 19 
26 23 
26 27 
26 29 
26 31 
26 32 
26 33 
26 34 
26 35 
26 37 
26 39 
26 40 
26 42 
26 44 
26 45 
26 60 
26 68 
26 69 
26 70 
26 84 
26 98 
26 104 
26 105 
26 109 
26 117 
26 125 
26 133 
26 139 
27 2 
27 3 
27 4 
27 6 
27 7 
27 9 
27 11 
27 13 
27 14 
27 15 
27 19 
27 21 
27 22 
27 23 
27 25 
27 26 
27 30 
27 31 
27 32 
27 33 
27 34 
27 35 
27 36 
27 37 
27 39 
27 40 
27 42 
27 44 
27 45 
27 49 
27 51 
27 52 
27 55 
27 60 
27 62 
27 63 
27 68 
27 69 
27 70 
27 73 
27 76 
27 78 
27 80 
27 83 
27 84 
27 86 
27 87 
27 88 
27 89 
27 90 
27 91 
27 96 
27 98 
27 102 
27 105 
27 108 
27 109 
27 112 
27 117 
27 121 
27 127 
27 146 
27 158 
29 14 
29 15 
29 44 
29 45 
30 4 
30 14 
30 22 
30 44 
30 52 
30 63 
30 73 
30 84 
30 87 
30 121 
30 133 
30 158 
31 17 
32 4 
32 37 
32 117 
34 2 
34 6 
34 7 
34 8 
34 9 
34 10 
34 17 
34 18 
34 23 
34 26 
34 28 
34 29 
34 31 
34 32 
34 39 
34 45 
34 70 
34 71 
34 105 
34 109 
34 110 
34 212 
35 2 
35 4 
35 6 
35 14 
35 15 
35 19 
35 22 
35 23 
35 25 
35 27 
35 30 
35 33 
35 36 
35 37 
35 39 
35 44 
35 45 
35 62 
35 68 
35 69 
35 70 
35 76 
35 78 
35 82 
35 84 
35 86 
35 87 
35 89 
35 90 
35 91 
35 108 
35 109 
35 121 
35 146 
36 4 
36 13 
36 14 
36 22 
36 30 
36 32 
36 44 
36 63 
37 2 
37 3 
37 6 
37 7 
37 9 
37 10 
37 14 
37 15 
37 22 
37 25 
37 32 
37 34 
37 39 
37 44 
37 45 
37 70 
37 74 
37 80 
37 102 
37 105 
37 158 
39 2 
39 7 
39 9 
39 14 
39 23 
39 26 
39 28 
39 105 
39 109 
40 19 
40 27 
40 33 
40 59 
40 60 
40 70 
40 84 
40 100 
40 133 
42 15 
42 32 
43 19 
43 104 
43 113 
43 158 
43 212 
44 2 
44 4 
44 6 
44 13 
44 14 
44 15 
44 21 
44 23 
44 27 
44 30 
44 31 
44 32 
44 35 
44 39 
44 52 
44 60 
44 68 
44 70 
44 71 
44 121 
44 128 
44 146 
44 158 
45 2 
45 5 
45 6 
45 7 
45 9 
45 13 
45 14 
45 15 
45 16 
45 17 
45 18 
45 21 
45 22 
45 23 
45 27 
45 29 
45 31 
45 35 
45 36 
45 37 
45 39 
45 44 
45 49 
45 55 
45 58 
45 60 
45 63 
45 71 
45 76 
45 80 
45 86 
45 95 
45 96 
45 103 
45 105 
45 108 
45 109 
45 110 
45 112 
45 120 
45 128 
45 130 
45 146 
45 158 
45 166 
45 187 
47 6 
47 23 
52 27 
52 69 
52 84 
52 86 
52 125 
54 14 
54 26 
54 27 
54 44 
54 45 
55 4 
55 32 
55 44 
55 45 
55 49 
55 58 
55 76 
55 96 
55 112 
55 127 
58 45 
59 4 
59 6 
59 7 
59 9 
59 14 
59 15 
59 22 
59 23 
59 26 
59 27 
59 30 
59 32 
59 33 
59 35 
59 40 
59 42 
59 45 
59 51 
59 52 
59 60 
59 68 
59 70 
59 76 
59 82 
59 83 
59 86 
59 98 
59 109 
59 117 
59 156 
59 187 
61 15 
61 27 
61 35 
63 87 
63 88 
64 27 
64 44 
65 6 
65 14 
65 16 
65 27 
65 39 
65 44 
65 45 
65 109 
66 2 
66 4 
66 6 
66 14 
66 15 
66 16 
66 27 
66 35 
66 36 
66 44 
66 45 
66 49 
66 51 
66 63 
66 76 
66 82 
66 95 
66 96 
66 108 
66 109 
68 52 
68 62 
68 84 
69 3 
69 84 
70 6 
70 45 
71 44 
71 109 
73 98 
73 121 
74 22 
76 2 
76 27 
76 45 
76 49 
76 105 
82 15 
82 37 
84 63 
86 90 
87 4 
90 133 
93 33 
93 54 
93 77 
94 14 
94 15 
94 45 
94 86 
94 109 
95 15 
95 27 
95 37 
96 108 
98 121 
100 42 
100 49 
101 45 
101 97 
108 2 
108 6 
108 11 
108 13 
108 14 
108 15 
108 23 
108 27 
108 30 
108 35 
108 36 
108 44 
108 45 
108 49 
108 80 
108 105 
109 6 
109 45 
109 76 
109 92 
109 115 
109 138 
109 168 
118 40 
119 4 
119 6 
119 14 
119 15 
119 23 
119 27 
119 32 
119 35 
119 40 
119 44 
119 45 
119 51 
119 52 
119 60 
119 77 
119 86 
119 90 
119 98 
119 109 
119 117 
124 14 
124 15 
124 27 
124 32 
124 35 
124 42 
124 44 
124 45 
124 71 
124 109 
146 70 
154 115 
161 2 
168 115 
169 15 
169 42 
