2 23 
2 31 
2 34 
2 39 
2 105 
2 134 
2 158 
3 15 
3 22 
3 27 
3 30 
3 37 
3 63 
3 69 
3 87 
3 88 
4 14 
4 15 
4 27 
4 30 
4 37 
4 53 
4 74 
4 82 
4 86 
4 109 
4 125 
5 35 
6 15 
6 23 
6 45 
6 134 
7 4 
7 6 
7 11 
7 15 
7 23 
7 26 
7 27 
7 31 
7 34 
7 35 
7 39 
7 70 
7 84 
7 110 
9 4 
9 6 
9 8 
9 10 
9 11 
9 15 
9 23 
9 26 
9 27 
9 31 
9 34 
9 35 
9 39 
9 70 
9 84 
9 110 
10 9 
10 23 
11 15 
11 36 
11 80 
11 102 
12 15 
12 63 
12 158 
13 36 
13 80 
14 3 
14 4 
14 15 
14 22 
14 27 
14 35 
14 37 
14 40 
14 44 
14 74 
14 84 
15 3 
15 4 
15 7 
15 10 
15 11 
15 13 
15 14 
15 21 
15 22 
15 27 
15 29 
15 30 
15 35 
15 37 
15 39 
15 40 
15 44 
15 60 
15 63 
15 68 
15 69 
15 73 
15 74 
15 80 
15 82 
15 84 
15 87 
15 88 
15 98 
17 2 
17 6 
17 7 
17 9 
17 18 
17 26 
17 28 
17 34 
17 36 
17 40 
17 44 
17 45 
17 109 
17 125 
17 134 
17 155 
17 158 
17 190 
18 7 
18 9 
19 125 
19 146 
19 158 
21 44 
22 3 
22 4 
22 14 
22 35 
22 37 
22 51 
22 52 
22 60 
22 62 
22 63 
22 70 
22 74 
22 87 
22 88 
22 121 
23 7 
23 9 
23 31 
25 6 
25 134 
25 146 
26 33 
26 34 
27 3 
27 4 
27 11 
27 14 
27 15 
27 22 
27 30 
27 35 
27 37 
27 44 
27 60 
27 68 
27 69 
27 74 
27 80 
27 134 
28 6 
28 44 
28 125 
28 134 
28 158 
29 5 
30 3 
30 7 
30 9 
30 11 
30 15 
30 37 
30 39 
30 63 
30 73 
31 23 
31 34 
32 7 
32 9 
32 13 
32 31 
32 39 
34 26 
34 158 
35 4 
35 14 
35 21 
35 22 
35 37 
35 82 
35 84 
35 87 
35 146 
35 148 
36 11 
36 80 
37 3 
37 14 
37 15 
37 35 
39 17 
39 34 
40 37 
40 133 
40 146 
40 158 
42 3 
42 7 
42 9 
42 15 
42 30 
42 31 
42 32 
42 63 
43 33 
43 125 
43 134 
43 158 
43 187 
44 4 
44 14 
44 21 
44 27 
44 35 
44 37 
44 80 
44 82 
44 148 
45 5 
45 6 
45 7 
45 9 
45 10 
45 22 
45 23 
45 31 
45 32 
45 33 
45 36 
45 44 
45 55 
45 76 
45 80 
45 82 
45 125 
45 134 
45 158 
45 182 
47 7 
47 8 
47 10 
47 17 
47 26 
47 31 
47 34 
47 39 
51 60 
52 68 
63 3 
63 15 
63 30 
63 37 
63 52 
63 87 
69 3 
69 11 
69 15 
69 22 
69 30 
69 37 
69 60 
69 63 
69 84 
69 87 
69 88 
70 37 
70 146 
73 7 
73 9 
73 11 
73 22 
73 30 
73 31 
73 121 
74 27 
76 6 
76 44 
76 45 
79 16 
79 97 
80 36 
80 37 
82 35 
82 53 
84 3 
84 22 
86 11 
86 87 
87 3 
87 22 
87 30 
87 37 
87 69 
87 88 
88 3 
88 22 
89 25 
90 48 
93 30 
93 33 
93 36 
93 39 
96 14 
105 15 
106 105 
108 44 
109 75 
109 138 
110 17 
110 28 
110 44 
110 158 
111 158 
117 7 
117 9 
117 15 
117 30 
117 73 
119 44 
121 30 
125 158 
130 44 
135 45 
155 17 
172 134 
172 158 
203 37 
