2 2 
2 7 
2 8 
2 9 
2 10 
2 17 
2 18 
2 23 
2 26 
2 28 
2 29 
2 31 
2 32 
2 34 
2 36 
2 39 
2 92 
2 99 
2 105 
2 110 
2 139 
2 150 
2 156 
2 166 
2 182 
3 4 
3 7 
3 10 
3 15 
3 22 
3 23 
3 30 
3 32 
3 37 
3 42 
3 48 
3 51 
3 52 
3 60 
3 63 
3 69 
3 72 
3 80 
3 84 
3 87 
3 88 
3 117 
3 133 
3 146 
4 2 
4 5 
4 6 
4 7 
4 9 
4 10 
4 11 
4 13 
4 14 
4 15 
4 16 
4 17 
4 18 
4 19 
4 22 
4 23 
4 25 
4 26 
4 27 
4 29 
4 30 
4 32 
4 34 
4 35 
4 36 
4 37 
4 39 
4 40 
4 44 
4 45 
4 48 
4 52 
4 53 
4 54 
4 55 
4 57 
4 58 
4 59 
4 62 
4 67 
4 68 
4 69 
4 70 
4 71 
4 72 
4 74 
4 76 
4 78 
4 80 
4 82 
4 83 
4 84 
4 86 
4 88 
4 90 
4 91 
4 92 
4 94 
4 96 
4 102 
4 103 
4 104 
4 105 
4 108 
4 109 
4 110 
4 112 
4 113 
4 115 
4 117 
4 118 
4 119 
4 120 
4 130 
4 133 
4 138 
4 139 
4 146 
4 148 
4 150 
4 156 
4 157 
4 159 
4 170 
4 173 
4 180 
4 181 
4 182 
4 187 
5 7 
5 8 
5 14 
6 2 
6 6 
6 16 
6 17 
6 23 
6 26 
6 29 
6 31 
6 45 
6 58 
6 66 
6 76 
6 79 
6 94 
6 97 
6 103 
6 109 
6 112 
6 136 
7 2 
7 6 
7 14 
7 17 
7 18 
7 23 
7 26 
7 27 
7 29 
7 31 
7 32 
7 34 
7 39 
7 44 
7 45 
7 55 
7 72 
7 75 
7 105 
7 109 
7 110 
7 119 
7 139 
7 155 
8 14 
9 2 
9 6 
9 8 
9 10 
9 17 
9 18 
9 23 
9 26 
9 27 
9 29 
9 31 
9 32 
9 34 
9 39 
9 44 
9 45 
9 55 
9 72 
9 75 
9 105 
9 109 
9 110 
9 119 
9 139 
10 9 
10 155 
11 4 
11 13 
11 15 
11 18 
11 19 
11 23 
11 26 
11 27 
11 29 
11 30 
11 35 
11 36 
11 44 
11 68 
11 73 
11 75 
11 80 
11 98 
11 102 
11 110 
11 112 
11 120 
11 121 
11 155 
11 178 
12 25 
12 27 
12 91 
12 92 
12 181 
13 5 
13 7 
13 10 
13 15 
13 23 
13 27 
13 30 
13 31 
13 32 
13 36 
13 58 
13 73 
13 80 
13 98 
13 117 
13 121 
14 4 
14 5 
14 6 
14 7 
14 9 
14 11 
14 15 
14 17 
14 18 
14 21 
14 22 
14 23 
14 26 
14 27 
14 29 
14 30 
14 32 
14 34 
14 35 
14 36 
14 37 
14 39 
14 44 
14 45 
14 49 
14 53 
14 54 
14 58 
14 59 
14 63 
14 67 
14 68 
14 73 
14 74 
14 76 
14 78 
14 82 
14 84 
14 87 
14 88 
14 91 
14 92 
14 94 
14 100 
14 104 
14 110 
14 113 
14 115 
14 118 
14 130 
14 139 
14 146 
14 148 
14 150 
14 156 
14 157 
14 170 
14 173 
14 180 
14 181 
14 182 
14 187 
15 2 
15 3 
15 4 
15 5 
15 6 
15 7 
15 9 
15 10 
15 11 
15 13 
15 14 
15 17 
15 18 
15 19 
15 22 
15 23 
15 25 
15 26 
15 27 
15 29 
15 30 
15 31 
15 32 
15 34 
15 35 
15 36 
15 37 
15 39 
15 40 
15 42 
15 44 
15 45 
15 49 
15 51 
15 52 
15 53 
15 55 
15 58 
15 59 
15 60 
15 62 
15 63 
15 66 
15 67 
15 68 
15 69 
15 70 
15 71 
15 73 
15 74 
15 76 
15 79 
15 80 
15 82 
15 84 
15 87 
15 88 
15 90 
15 91 
15 92 
15 94 
15 95 
15 96 
15 100 
15 102 
15 103 
15 105 
15 108 
15 109 
15 110 
15 112 
15 113 
15 116 
15 117 
15 120 
15 121 
15 125 
15 127 
15 133 
15 139 
15 146 
15 148 
15 155 
15 156 
15 157 
15 170 
15 187 
15 193 
17 26 
17 34 
17 60 
17 110 
17 134 
17 155 
17 158 
17 190 
18 51 
21 44 
22 2 
22 3 
22 4 
22 6 
22 7 
22 9 
22 11 
22 14 
22 27 
22 30 
22 35 
22 36 
22 37 
22 40 
22 48 
22 53 
22 60 
22 62 
22 63 
22 68 
22 69 
22 70 
22 80 
22 82 
22 83 
22 84 
22 88 
22 146 
22 148 
23 3 
23 5 
23 7 
23 10 
23 22 
23 29 
23 31 
23 44 
24 72 
26 34 
27 3 
27 4 
27 5 
27 11 
27 13 
27 14 
27 15 
27 18 
27 19 
27 21 
27 22 
27 23 
27 25 
27 26 
27 29 
27 30 
27 32 
27 34 
27 35 
27 36 
27 37 
27 40 
27 52 
27 62 
27 63 
27 67 
27 68 
27 69 
27 70 
27 74 
27 78 
27 80 
27 82 
27 84 
27 86 
27 88 
27 94 
27 96 
27 103 
27 105 
27 108 
27 109 
27 113 
27 128 
27 130 
27 139 
27 148 
27 170 
27 181 
27 182 
30 11 
30 15 
30 21 
30 22 
30 26 
30 27 
30 36 
30 37 
30 44 
30 52 
30 68 
30 69 
30 73 
30 75 
30 80 
30 84 
30 87 
30 98 
30 112 
30 113 
30 121 
30 139 
30 155 
31 2 
31 5 
31 6 
31 15 
31 23 
31 45 
31 105 
31 109 
32 6 
32 13 
32 42 
32 63 
32 72 
32 73 
32 83 
32 116 
32 117 
32 133 
35 2 
35 4 
35 14 
35 22 
35 27 
35 44 
35 53 
35 54 
35 68 
35 82 
35 118 
36 3 
36 4 
36 11 
36 13 
36 16 
36 21 
36 23 
36 32 
36 35 
36 37 
36 40 
36 44 
36 58 
36 69 
36 73 
36 79 
36 80 
36 94 
36 97 
36 102 
36 105 
36 109 
36 121 
37 15 
37 30 
37 54 
37 58 
37 94 
37 110 
37 113 
37 127 
39 18 
39 155 
40 100 
42 14 
42 32 
42 83 
42 100 
42 116 
42 133 
43 115 
43 134 
44 2 
44 3 
44 4 
44 5 
44 6 
44 7 
44 9 
44 10 
44 11 
44 13 
44 14 
44 15 
44 17 
44 18 
44 21 
44 22 
44 23 
44 26 
44 27 
44 29 
44 30 
44 31 
44 32 
44 34 
44 35 
44 36 
44 37 
44 39 
44 40 
44 45 
44 49 
44 52 
44 54 
44 60 
44 62 
44 63 
44 68 
44 70 
44 76 
44 80 
44 82 
44 84 
44 90 
44 102 
44 103 
44 105 
44 108 
44 109 
44 110 
44 112 
44 119 
44 120 
44 121 
44 125 
44 127 
44 128 
44 148 
44 150 
45 2 
45 4 
45 5 
45 6 
45 7 
45 10 
45 14 
45 18 
45 23 
45 26 
45 49 
45 55 
45 58 
45 66 
45 76 
45 94 
45 96 
45 97 
45 103 
45 109 
45 127 
45 128 
45 130 
49 5 
49 35 
49 55 
49 66 
49 94 
49 95 
49 96 
52 40 
52 68 
52 90 
52 100 
55 66 
58 76 
60 4 
60 48 
60 51 
60 77 
60 84 
60 86 
62 44 
62 68 
62 87 
63 3 
63 14 
63 15 
63 22 
63 23 
63 29 
63 30 
63 31 
63 32 
63 37 
63 42 
63 44 
63 45 
63 48 
63 51 
63 52 
63 60 
63 62 
63 69 
63 73 
63 83 
63 84 
63 86 
63 87 
63 88 
63 90 
63 91 
63 100 
63 102 
63 110 
63 116 
63 117 
63 133 
65 35 
65 100 
68 62 
68 84 
68 90 
69 4 
69 22 
69 23 
69 42 
69 52 
69 60 
69 68 
69 77 
69 83 
69 84 
69 86 
69 100 
69 133 
71 92 
71 181 
73 15 
73 27 
73 30 
73 32 
73 36 
73 42 
73 70 
73 83 
73 98 
73 100 
73 117 
73 121 
75 168 
76 4 
76 6 
78 4 
80 22 
80 102 
81 70 
82 22 
82 35 
82 53 
84 35 
86 51 
86 60 
86 77 
86 90 
87 3 
87 22 
87 30 
87 32 
87 48 
87 52 
87 60 
87 63 
87 69 
87 72 
87 83 
87 84 
87 88 
87 90 
87 116 
87 117 
87 133 
93 63 
96 16 
96 45 
96 55 
96 58 
96 66 
96 94 
96 95 
96 97 
96 108 
98 13 
98 73 
98 121 
105 2 
105 26 
105 34 
105 99 
105 156 
105 165 
105 166 
105 182 
108 95 
109 92 
109 109 
109 113 
109 115 
109 138 
109 168 
113 181 
114 5 
114 49 
114 94 
114 95 
114 108 
115 92 
115 138 
117 42 
117 72 
117 83 
117 100 
117 116 
117 133 
119 173 
121 73 
124 109 
125 71 
150 14 
150 92 
150 115 
150 119 
150 138 
168 75 
211 14 
