2 7 
2 8 
2 18 
2 32 
2 34 
2 37 
2 105 
2 134 
2 156 
2 166 
2 212 
3 15 
3 22 
3 37 
3 52 
3 63 
3 69 
3 74 
3 84 
3 87 
3 88 
4 3 
4 11 
4 13 
4 14 
4 15 
4 21 
4 22 
4 26 
4 27 
4 30 
4 35 
4 36 
4 37 
4 44 
4 52 
4 63 
4 68 
4 69 
4 73 
4 74 
4 82 
4 84 
4 87 
4 98 
4 121 
5 4 
5 6 
5 14 
5 22 
5 32 
5 35 
5 37 
5 42 
5 44 
5 45 
5 49 
5 78 
5 82 
5 83 
5 90 
5 117 
6 6 
6 45 
6 55 
7 6 
7 19 
7 22 
7 23 
7 27 
7 31 
7 32 
7 34 
7 36 
7 42 
7 44 
7 45 
7 72 
7 80 
7 109 
7 133 
7 134 
7 157 
8 6 
8 140 
9 6 
9 8 
9 19 
9 22 
9 27 
9 32 
9 34 
9 36 
9 42 
9 44 
9 45 
9 72 
9 80 
9 109 
9 133 
9 134 
9 140 
9 157 
10 6 
10 8 
10 9 
10 23 
10 31 
10 34 
11 3 
11 4 
11 13 
11 15 
11 27 
11 35 
11 36 
11 44 
11 63 
12 27 
12 32 
12 44 
12 80 
12 158 
13 98 
14 3 
14 4 
14 11 
14 13 
14 15 
14 21 
14 22 
14 27 
14 30 
14 32 
14 34 
14 35 
14 36 
14 37 
14 44 
14 63 
14 68 
14 69 
14 73 
14 74 
14 82 
14 87 
14 88 
14 104 
14 117 
15 3 
15 4 
15 7 
15 9 
15 11 
15 13 
15 14 
15 22 
15 27 
15 30 
15 32 
15 35 
15 36 
15 37 
15 44 
15 63 
15 68 
15 69 
15 70 
15 73 
15 74 
15 82 
15 84 
15 87 
15 88 
15 100 
15 110 
15 121 
15 146 
15 212 
16 6 
16 45 
16 97 
17 19 
17 28 
17 33 
17 44 
17 116 
17 125 
17 134 
17 155 
17 158 
17 190 
17 212 
18 22 
18 31 
18 158 
19 133 
21 11 
21 14 
21 15 
21 32 
21 36 
21 44 
21 84 
22 3 
22 4 
22 6 
22 11 
22 13 
22 14 
22 15 
22 27 
22 30 
22 32 
22 35 
22 37 
22 44 
22 48 
22 51 
22 52 
22 60 
22 62 
22 63 
22 68 
22 69 
22 73 
22 78 
22 80 
22 82 
22 84 
22 86 
22 87 
22 88 
22 148 
22 158 
23 7 
23 10 
25 134 
26 7 
26 8 
26 18 
26 19 
26 25 
26 28 
26 31 
26 33 
26 34 
26 40 
26 89 
26 125 
26 134 
26 146 
26 158 
26 212 
27 3 
27 4 
27 11 
27 13 
27 14 
27 15 
27 21 
27 22 
27 30 
27 32 
27 35 
27 36 
27 37 
27 44 
27 52 
27 62 
27 63 
27 68 
27 69 
27 73 
27 74 
27 82 
27 84 
27 87 
27 88 
27 98 
27 100 
27 121 
27 133 
27 148 
28 158 
29 2 
29 6 
29 7 
29 8 
29 9 
29 10 
29 11 
29 13 
29 15 
29 18 
29 19 
29 22 
29 23 
29 25 
29 26 
29 27 
29 28 
29 30 
29 31 
29 32 
29 33 
29 34 
29 36 
29 39 
29 40 
29 44 
29 45 
29 89 
29 102 
29 105 
29 116 
29 125 
29 133 
29 134 
29 146 
29 156 
29 158 
30 3 
30 14 
30 27 
30 63 
30 73 
30 84 
30 87 
31 134 
32 14 
32 73 
33 134 
33 158 
34 26 
34 99 
34 212 
35 4 
35 11 
35 13 
35 14 
35 15 
35 22 
35 27 
35 30 
35 32 
35 34 
35 36 
35 37 
35 44 
35 52 
35 53 
35 60 
35 63 
35 68 
35 69 
35 70 
35 78 
35 80 
35 82 
35 84 
35 87 
35 88 
35 121 
35 134 
36 11 
36 13 
37 6 
37 14 
37 32 
37 73 
39 2 
39 4 
39 5 
39 6 
39 7 
39 8 
39 9 
39 10 
39 11 
39 14 
39 15 
39 18 
39 19 
39 22 
39 25 
39 26 
39 27 
39 30 
39 32 
39 33 
39 34 
39 35 
39 36 
39 37 
39 44 
39 45 
39 49 
39 51 
39 52 
39 58 
39 60 
39 62 
39 63 
39 70 
39 76 
39 77 
39 78 
39 80 
39 83 
39 86 
39 90 
39 91 
39 94 
39 96 
39 98 
39 102 
39 109 
39 110 
39 112 
39 117 
39 133 
39 139 
39 146 
39 150 
39 156 
39 158 
39 187 
39 212 
39 213 
40 52 
40 70 
40 100 
40 133 
43 17 
43 19 
43 113 
43 125 
43 134 
43 158 
43 212 
44 3 
44 4 
44 11 
44 14 
44 15 
44 21 
44 22 
44 27 
44 30 
44 32 
44 34 
44 35 
44 36 
44 63 
44 69 
44 73 
44 82 
45 6 
45 16 
45 23 
45 34 
45 70 
45 127 
45 128 
45 134 
45 178 
45 182 
45 212 
47 6 
47 7 
47 9 
49 6 
49 27 
49 133 
52 15 
52 68 
54 4 
54 14 
54 15 
54 32 
54 37 
54 42 
54 51 
54 60 
54 78 
54 80 
54 86 
54 117 
55 6 
55 14 
55 15 
55 22 
55 32 
55 36 
55 37 
55 44 
55 45 
55 51 
55 80 
55 86 
55 127 
56 37 
58 3 
58 4 
58 6 
58 11 
58 14 
58 15 
58 16 
58 21 
58 22 
58 25 
58 27 
58 31 
58 32 
58 33 
58 35 
58 37 
58 40 
58 42 
58 44 
58 45 
58 48 
58 51 
58 53 
58 55 
58 60 
58 68 
58 70 
58 72 
58 73 
58 77 
58 78 
58 79 
58 80 
58 82 
58 83 
58 84 
58 86 
58 90 
58 91 
58 96 
58 97 
58 102 
58 116 
58 117 
58 128 
58 133 
58 178 
59 4 
59 14 
59 22 
59 27 
59 32 
59 35 
59 37 
59 42 
59 51 
59 60 
59 77 
59 78 
59 80 
59 83 
59 86 
59 91 
59 117 
62 27 
62 60 
62 83 
63 15 
63 30 
63 35 
63 52 
63 68 
63 69 
63 73 
63 84 
63 87 
63 98 
63 121 
64 51 
64 60 
64 77 
64 86 
65 4 
65 14 
65 22 
65 27 
65 32 
65 35 
65 37 
65 44 
65 45 
65 60 
65 70 
65 82 
65 83 
65 117 
66 4 
66 6 
66 11 
66 15 
66 22 
66 27 
66 32 
66 35 
66 37 
66 40 
66 42 
66 44 
66 45 
66 49 
66 51 
66 52 
66 55 
66 60 
66 63 
66 68 
66 77 
66 78 
66 80 
66 82 
66 83 
66 86 
66 90 
66 96 
66 102 
66 108 
66 116 
66 117 
66 156 
68 22 
68 30 
68 48 
68 52 
68 62 
68 84 
68 90 
68 100 
68 116 
69 15 
69 27 
69 36 
69 84 
69 87 
69 88 
71 14 
71 37 
71 44 
73 13 
73 30 
73 98 
73 121 
74 4 
74 14 
76 3 
76 4 
76 6 
76 27 
76 45 
76 90 
76 117 
79 45 
79 97 
80 63 
81 3 
81 4 
81 6 
81 14 
81 15 
81 22 
81 23 
81 27 
81 32 
81 35 
81 37 
81 40 
81 42 
81 44 
81 45 
81 49 
81 51 
81 58 
81 60 
81 68 
81 77 
81 80 
81 82 
81 83 
81 86 
81 90 
81 91 
81 96 
81 102 
81 116 
81 117 
81 121 
81 127 
81 128 
82 14 
82 22 
82 35 
82 53 
82 74 
84 15 
84 22 
84 52 
86 52 
87 3 
87 30 
87 52 
87 63 
87 69 
87 84 
88 22 
88 84 
92 3 
92 4 
92 6 
92 11 
92 15 
92 37 
92 44 
92 45 
92 80 
92 125 
92 159 
93 14 
93 21 
93 27 
93 28 
93 33 
93 70 
93 77 
93 96 
93 100 
94 127 
95 45 
95 49 
95 58 
95 96 
96 6 
96 27 
96 32 
96 42 
96 45 
96 58 
96 60 
96 77 
96 78 
96 80 
96 86 
96 158 
98 13 
98 73 
98 82 
98 121 
100 42 
100 116 
101 4 
101 6 
101 32 
101 37 
101 40 
101 42 
101 45 
101 60 
101 80 
101 86 
101 90 
101 97 
101 116 
101 133 
103 6 
104 27 
104 32 
105 6 
105 156 
105 165 
107 49 
107 60 
108 6 
108 15 
108 25 
108 32 
108 44 
108 45 
108 78 
108 80 
109 2 
109 3 
109 4 
109 6 
109 11 
109 13 
109 14 
109 15 
109 22 
109 25 
109 27 
109 32 
109 33 
109 35 
109 37 
109 42 
109 44 
109 45 
109 51 
109 60 
109 75 
109 78 
109 80 
109 83 
109 86 
109 115 
109 116 
109 117 
109 125 
109 128 
109 133 
109 134 
109 138 
109 150 
109 157 
109 158 
109 168 
110 2 
110 6 
110 7 
110 10 
110 14 
110 15 
110 22 
110 28 
110 33 
110 34 
110 36 
110 37 
110 44 
110 45 
110 63 
110 134 
110 158 
110 212 
112 128 
113 15 
113 71 
113 125 
114 44 
114 133 
115 168 
119 4 
119 14 
119 15 
119 22 
119 25 
119 27 
119 32 
119 35 
119 37 
119 44 
119 45 
119 51 
119 60 
119 74 
119 77 
119 78 
119 80 
119 86 
119 102 
119 109 
119 117 
119 146 
120 6 
120 127 
120 128 
121 73 
121 98 
125 17 
135 32 
136 6 
145 4 
145 14 
148 22 
148 84 
150 4 
150 7 
150 8 
150 14 
150 15 
150 22 
150 27 
150 32 
150 35 
150 37 
150 117 
152 32 
156 105 
158 17 
170 4 
170 14 
173 4 
173 14 
173 15 
173 37 
173 44 
180 4 
180 14 
180 37 
180 78 
180 157 
180 170 
183 51 
186 80 
191 83 
197 40 
210 51 
213 14 
