2 31 
2 99 
2 105 
2 156 
2 165 
3 14 
3 15 
3 22 
3 69 
3 74 
3 88 
4 14 
4 15 
4 21 
4 22 
4 25 
4 27 
4 30 
4 32 
4 35 
4 36 
4 37 
4 42 
4 44 
4 45 
4 53 
4 54 
4 57 
4 59 
4 60 
4 62 
4 63 
4 67 
4 69 
4 70 
4 72 
4 74 
4 80 
4 84 
4 87 
4 102 
4 112 
4 116 
4 119 
4 120 
4 130 
4 148 
4 156 
4 157 
4 178 
4 182 
4 187 
4 213 
5 2 
5 7 
5 8 
5 9 
5 14 
5 15 
5 17 
5 22 
5 23 
5 27 
5 31 
5 34 
5 35 
5 40 
5 44 
5 49 
5 53 
5 54 
5 55 
5 59 
5 66 
5 76 
5 78 
5 79 
5 80 
5 82 
5 91 
5 94 
5 95 
5 96 
5 105 
5 108 
5 109 
5 112 
5 113 
5 115 
5 119 
5 120 
5 125 
5 130 
5 155 
5 180 
5 187 
6 6 
6 7 
6 8 
6 9 
6 15 
6 28 
6 31 
6 45 
6 54 
6 79 
6 94 
6 109 
6 112 
6 120 
6 178 
7 2 
7 6 
7 15 
7 17 
7 18 
7 23 
7 26 
7 29 
7 31 
7 32 
7 33 
7 34 
7 44 
7 53 
7 54 
7 58 
7 59 
7 67 
7 71 
7 75 
7 99 
7 104 
7 105 
7 109 
7 110 
7 115 
7 116 
7 119 
7 127 
7 134 
7 139 
7 150 
7 157 
7 165 
7 168 
7 212 
7 213 
8 2 
8 71 
8 99 
8 127 
8 165 
9 2 
9 6 
9 8 
9 15 
9 17 
9 18 
9 23 
9 26 
9 29 
9 31 
9 32 
9 33 
9 34 
9 44 
9 53 
9 54 
9 58 
9 59 
9 67 
9 75 
9 104 
9 105 
9 109 
9 110 
9 115 
9 116 
9 119 
9 134 
9 150 
9 157 
9 165 
9 168 
9 212 
9 213 
10 2 
10 6 
10 8 
10 9 
10 18 
10 23 
10 26 
10 29 
10 33 
10 105 
10 109 
10 115 
10 139 
10 165 
11 4 
11 15 
11 27 
11 30 
11 32 
11 35 
11 36 
11 60 
11 80 
11 84 
11 102 
12 25 
12 33 
12 62 
12 70 
12 104 
12 134 
12 146 
12 150 
12 158 
12 213 
13 36 
13 73 
13 121 
14 2 
14 4 
14 5 
14 6 
14 13 
14 15 
14 21 
14 22 
14 25 
14 27 
14 30 
14 31 
14 32 
14 34 
14 35 
14 37 
14 42 
14 44 
14 52 
14 53 
14 54 
14 57 
14 59 
14 62 
14 63 
14 68 
14 74 
14 76 
14 80 
14 84 
14 88 
14 98 
14 104 
14 116 
14 121 
14 156 
14 157 
14 166 
14 170 
14 173 
14 180 
14 182 
14 187 
14 213 
15 2 
15 3 
15 4 
15 5 
15 7 
15 10 
15 11 
15 13 
15 14 
15 17 
15 18 
15 19 
15 21 
15 22 
15 27 
15 30 
15 31 
15 32 
15 35 
15 36 
15 37 
15 39 
15 44 
15 45 
15 52 
15 60 
15 62 
15 63 
15 69 
15 70 
15 73 
15 74 
15 80 
15 82 
15 84 
15 86 
15 87 
15 88 
15 91 
15 99 
15 102 
15 105 
15 109 
15 117 
15 121 
15 130 
15 148 
15 157 
15 158 
15 213 
16 97 
17 2 
17 7 
17 9 
17 34 
17 67 
17 71 
17 75 
17 110 
17 134 
17 155 
17 156 
17 158 
17 165 
17 190 
18 17 
18 28 
18 51 
18 75 
18 99 
18 118 
18 155 
18 165 
18 213 
19 72 
21 4 
21 14 
21 27 
21 44 
22 2 
22 3 
22 4 
22 11 
22 14 
22 15 
22 27 
22 28 
22 30 
22 32 
22 35 
22 37 
22 44 
22 48 
22 51 
22 52 
22 53 
22 54 
22 57 
22 60 
22 62 
22 63 
22 67 
22 68 
22 69 
22 70 
22 71 
22 74 
22 77 
22 80 
22 83 
22 84 
22 87 
22 88 
22 89 
22 91 
22 98 
22 110 
22 116 
22 121 
22 148 
23 2 
23 7 
23 8 
23 9 
23 11 
23 17 
23 26 
23 31 
23 37 
23 44 
23 63 
23 105 
24 72 
25 119 
26 2 
26 5 
26 6 
26 7 
26 8 
26 10 
26 18 
26 22 
26 23 
26 28 
26 29 
26 33 
26 34 
26 57 
26 67 
26 75 
26 99 
26 104 
26 105 
26 110 
26 119 
26 134 
26 139 
26 150 
26 155 
26 156 
26 157 
26 158 
26 213 
27 2 
27 3 
27 4 
27 11 
27 13 
27 14 
27 15 
27 19 
27 21 
27 22 
27 25 
27 26 
27 30 
27 31 
27 32 
27 34 
27 35 
27 36 
27 37 
27 39 
27 42 
27 44 
27 53 
27 57 
27 62 
27 63 
27 67 
27 68 
27 69 
27 70 
27 74 
27 80 
27 82 
27 87 
27 91 
27 98 
27 102 
27 109 
27 112 
27 119 
27 120 
27 121 
27 127 
27 130 
27 134 
27 148 
27 155 
27 156 
27 182 
27 187 
27 193 
27 213 
28 72 
30 3 
30 15 
30 21 
30 73 
30 80 
30 87 
31 2 
31 6 
31 7 
31 9 
31 10 
31 18 
31 23 
31 29 
31 32 
31 34 
31 45 
31 72 
31 105 
31 139 
31 155 
32 11 
32 14 
32 22 
32 30 
32 31 
32 44 
32 73 
32 91 
32 116 
32 117 
32 121 
33 17 
33 91 
33 146 
33 158 
34 2 
34 7 
34 8 
34 18 
34 23 
34 26 
34 28 
34 29 
34 67 
34 99 
34 104 
34 105 
34 110 
34 139 
34 150 
34 155 
34 158 
34 212 
34 213 
35 4 
35 7 
35 8 
35 11 
35 14 
35 15 
35 22 
35 27 
35 30 
35 39 
35 40 
35 44 
35 53 
35 54 
35 58 
35 66 
35 68 
35 70 
35 78 
35 82 
35 84 
35 91 
35 105 
35 109 
35 121 
35 148 
35 170 
35 187 
35 213 
36 3 
36 4 
36 7 
36 9 
36 11 
36 13 
36 15 
36 22 
36 27 
36 32 
36 44 
36 45 
36 49 
36 63 
36 68 
36 73 
36 80 
36 102 
36 112 
37 15 
37 19 
37 22 
37 27 
37 30 
37 31 
37 44 
37 45 
37 80 
37 104 
37 165 
37 213 
39 2 
39 7 
39 9 
39 18 
39 23 
39 31 
39 34 
39 36 
39 37 
39 105 
39 139 
39 155 
39 180 
39 190 
39 213 
40 2 
40 18 
40 25 
40 34 
40 44 
40 52 
40 67 
40 70 
40 80 
40 100 
40 110 
40 127 
40 146 
40 150 
40 187 
40 213 
42 15 
42 30 
42 32 
42 40 
42 69 
42 73 
42 87 
42 116 
42 117 
42 150 
42 155 
43 19 
43 25 
43 33 
43 54 
43 67 
43 71 
43 104 
43 109 
43 125 
43 133 
43 134 
43 146 
43 158 
43 212 
43 213 
44 3 
44 4 
44 11 
44 13 
44 14 
44 15 
44 21 
44 22 
44 27 
44 30 
44 35 
44 36 
44 37 
44 39 
44 40 
44 54 
44 62 
44 71 
44 80 
44 102 
44 109 
44 112 
44 120 
44 148 
45 2 
45 3 
45 4 
45 5 
45 6 
45 7 
45 8 
45 9 
45 10 
45 11 
45 14 
45 15 
45 16 
45 17 
45 18 
45 22 
45 23 
45 25 
45 26 
45 28 
45 29 
45 30 
45 31 
45 32 
45 33 
45 34 
45 35 
45 36 
45 37 
45 39 
45 40 
45 44 
45 48 
45 53 
45 54 
45 55 
45 58 
45 66 
45 70 
45 71 
45 74 
45 75 
45 76 
45 78 
45 79 
45 82 
45 83 
45 87 
45 91 
45 94 
45 97 
45 99 
45 102 
45 103 
45 104 
45 105 
45 108 
45 109 
45 112 
45 118 
45 119 
45 120 
45 125 
45 127 
45 128 
45 130 
45 133 
45 134 
45 136 
45 146 
45 148 
45 158 
45 159 
45 165 
45 178 
45 182 
45 187 
46 72 
47 2 
47 7 
47 10 
47 28 
47 31 
47 84 
49 2 
49 5 
49 7 
49 8 
49 9 
49 14 
49 16 
49 17 
49 19 
49 22 
49 25 
49 26 
49 27 
49 28 
49 31 
49 32 
49 35 
49 44 
49 45 
49 55 
49 58 
49 66 
49 67 
49 70 
49 71 
49 75 
49 76 
49 78 
49 79 
49 80 
49 91 
49 94 
49 95 
49 96 
49 97 
49 99 
49 103 
49 108 
49 109 
49 112 
49 113 
49 115 
49 119 
49 120 
49 125 
49 127 
49 128 
49 130 
49 146 
49 150 
49 155 
49 178 
49 182 
49 187 
49 213 
51 3 
51 60 
51 69 
51 88 
52 44 
52 68 
54 94 
55 44 
55 108 
58 16 
58 79 
58 94 
58 97 
59 119 
60 3 
60 22 
60 36 
60 51 
60 69 
60 77 
60 88 
62 4 
62 44 
63 22 
63 30 
63 69 
63 87 
65 103 
66 55 
66 94 
68 52 
68 62 
68 89 
68 90 
69 15 
69 30 
69 84 
69 87 
69 88 
69 100 
70 3 
70 15 
70 40 
71 113 
71 115 
73 21 
73 30 
73 36 
73 94 
73 98 
73 121 
74 4 
74 14 
74 37 
75 213 
76 6 
76 14 
76 28 
76 45 
76 79 
76 97 
76 130 
76 136 
78 4 
78 54 
78 59 
78 62 
78 104 
78 119 
78 170 
78 187 
78 213 
79 94 
79 97 
80 11 
80 13 
80 27 
80 35 
80 36 
80 37 
80 91 
81 17 
82 27 
82 35 
82 40 
82 44 
82 53 
82 74 
82 94 
82 109 
82 112 
83 30 
83 32 
83 52 
83 84 
83 86 
83 116 
84 22 
84 52 
84 69 
86 3 
86 15 
86 22 
86 27 
86 37 
86 51 
86 52 
86 63 
86 68 
86 69 
86 84 
86 87 
86 88 
86 90 
87 30 
87 44 
87 63 
88 3 
88 22 
88 44 
88 51 
88 60 
88 69 
88 84 
88 86 
89 25 
89 26 
89 146 
91 25 
91 78 
91 157 
91 187 
92 71 
92 113 
93 27 
93 28 
93 33 
93 55 
93 63 
93 66 
93 91 
93 148 
93 180 
94 82 
94 112 
95 55 
95 94 
95 96 
95 108 
97 16 
98 72 
98 73 
98 121 
99 105 
99 165 
101 79 
103 178 
105 17 
105 34 
105 99 
105 156 
105 165 
105 182 
107 5 
107 14 
107 17 
107 35 
107 78 
107 94 
108 66 
108 96 
109 71 
109 75 
109 104 
109 113 
109 115 
109 138 
109 168 
110 212 
110 213 
112 130 
112 178 
114 2 
114 35 
115 168 
120 130 
121 52 
121 73 
121 98 
125 146 
128 178 
130 14 
132 75 
132 127 
132 130 
132 155 
132 178 
136 155 
140 8 
141 7 
141 9 
141 28 
142 57 
142 75 
146 158 
150 75 
150 104 
150 168 
152 75 
160 112 
168 75 
168 109 
169 14 
169 134 
172 33 
172 146 
187 193 
189 115 
189 168 
204 119 
