2 2 
2 3 
2 6 
2 7 
2 8 
2 9 
2 10 
2 16 
2 18 
2 19 
2 23 
2 25 
2 26 
2 29 
2 31 
2 32 
2 33 
2 34 
2 39 
2 40 
2 45 
2 58 
2 76 
2 78 
2 89 
2 99 
2 105 
2 109 
2 110 
2 125 
2 133 
2 134 
2 139 
2 150 
2 155 
2 158 
2 166 
2 212 
3 14 
3 15 
3 22 
3 27 
3 30 
3 32 
3 35 
3 36 
3 52 
3 60 
3 62 
3 63 
3 68 
3 69 
3 73 
3 78 
3 82 
3 84 
3 86 
3 87 
3 88 
3 134 
4 2 
4 3 
4 5 
4 6 
4 7 
4 8 
4 9 
4 10 
4 11 
4 13 
4 14 
4 15 
4 16 
4 18 
4 19 
4 21 
4 22 
4 23 
4 25 
4 26 
4 27 
4 29 
4 30 
4 31 
4 32 
4 33 
4 34 
4 35 
4 36 
4 37 
4 39 
4 40 
4 42 
4 44 
4 45 
4 48 
4 51 
4 52 
4 57 
4 59 
4 60 
4 62 
4 63 
4 68 
4 69 
4 70 
4 73 
4 74 
4 76 
4 78 
4 80 
4 82 
4 84 
4 86 
4 88 
4 89 
4 92 
4 109 
4 112 
4 121 
4 125 
4 133 
4 134 
4 146 
4 148 
4 150 
4 156 
4 158 
4 170 
4 180 
4 181 
4 182 
4 187 
4 193 
4 212 
4 213 
5 33 
5 40 
5 45 
5 78 
5 134 
5 146 
5 158 
5 180 
5 193 
6 2 
6 7 
6 8 
6 15 
6 25 
6 27 
6 29 
6 34 
6 45 
6 48 
6 59 
6 78 
6 103 
6 104 
7 19 
7 29 
7 31 
7 34 
7 92 
7 104 
7 105 
7 118 
7 120 
7 125 
7 155 
7 166 
7 180 
8 29 
8 34 
8 140 
9 8 
9 19 
9 29 
9 31 
9 34 
9 92 
9 104 
9 118 
9 120 
9 125 
9 166 
9 180 
10 8 
10 29 
10 34 
10 105 
10 155 
11 2 
11 3 
11 4 
11 7 
11 8 
11 9 
11 10 
11 13 
11 14 
11 15 
11 18 
11 22 
11 23 
11 25 
11 26 
11 27 
11 28 
11 29 
11 30 
11 31 
11 32 
11 33 
11 34 
11 35 
11 36 
11 39 
11 42 
11 44 
11 45 
11 51 
11 52 
11 55 
11 58 
11 59 
11 62 
11 63 
11 66 
11 67 
11 68 
11 69 
11 70 
11 71 
11 74 
11 76 
11 80 
11 82 
11 83 
11 84 
11 87 
11 89 
11 90 
11 92 
11 94 
11 96 
11 100 
11 103 
11 105 
11 109 
11 116 
11 119 
11 121 
11 133 
11 134 
11 146 
11 148 
11 158 
11 168 
11 193 
11 212 
12 14 
12 25 
12 29 
12 45 
12 67 
12 78 
12 158 
13 4 
13 11 
13 14 
13 25 
13 27 
13 30 
13 32 
13 33 
13 36 
13 42 
13 62 
13 63 
13 68 
13 70 
13 83 
13 98 
13 100 
13 116 
13 133 
14 2 
14 3 
14 4 
14 5 
14 6 
14 7 
14 8 
14 9 
14 10 
14 11 
14 13 
14 15 
14 16 
14 18 
14 21 
14 22 
14 23 
14 25 
14 26 
14 27 
14 29 
14 30 
14 31 
14 32 
14 33 
14 34 
14 35 
14 36 
14 37 
14 39 
14 40 
14 42 
14 44 
14 45 
14 48 
14 49 
14 51 
14 52 
14 53 
14 54 
14 55 
14 57 
14 59 
14 60 
14 62 
14 63 
14 66 
14 67 
14 68 
14 69 
14 70 
14 74 
14 76 
14 77 
14 78 
14 80 
14 82 
14 83 
14 84 
14 86 
14 87 
14 88 
14 89 
14 90 
14 91 
14 94 
14 96 
14 98 
14 100 
14 103 
14 104 
14 105 
14 108 
14 109 
14 110 
14 112 
14 115 
14 116 
14 118 
14 119 
14 121 
14 125 
14 127 
14 128 
14 133 
14 134 
14 139 
14 146 
14 148 
14 150 
14 156 
14 157 
14 158 
14 166 
14 170 
14 173 
14 178 
14 180 
14 182 
14 187 
14 193 
14 212 
14 213 
15 3 
15 4 
15 6 
15 7 
15 8 
15 9 
15 10 
15 11 
15 13 
15 14 
15 19 
15 21 
15 22 
15 23 
15 25 
15 26 
15 27 
15 30 
15 31 
15 32 
15 33 
15 34 
15 35 
15 36 
15 37 
15 39 
15 40 
15 42 
15 44 
15 45 
15 48 
15 51 
15 52 
15 59 
15 60 
15 62 
15 63 
15 67 
15 68 
15 69 
15 70 
15 73 
15 74 
15 77 
15 78 
15 82 
15 83 
15 84 
15 86 
15 87 
15 88 
15 89 
15 90 
15 98 
15 100 
15 109 
15 116 
15 121 
15 133 
15 134 
15 139 
15 146 
15 148 
15 155 
15 158 
15 159 
15 182 
15 187 
15 193 
15 212 
16 97 
16 136 
17 2 
17 4 
17 7 
17 8 
17 10 
17 23 
17 25 
17 26 
17 29 
17 33 
17 34 
17 45 
17 54 
17 71 
17 78 
17 80 
17 89 
17 100 
17 105 
17 110 
17 113 
17 116 
17 119 
17 125 
17 134 
17 150 
17 155 
17 158 
17 190 
18 7 
18 8 
18 10 
18 26 
18 29 
18 45 
18 125 
18 146 
18 158 
19 125 
21 3 
21 4 
21 7 
21 9 
21 10 
21 11 
21 14 
21 15 
21 18 
21 22 
21 25 
21 26 
21 27 
21 30 
21 32 
21 33 
21 34 
21 35 
21 40 
21 44 
21 45 
21 62 
21 63 
21 68 
21 70 
21 71 
21 78 
21 87 
21 89 
21 92 
21 94 
21 96 
21 100 
21 103 
21 109 
21 112 
21 113 
21 125 
21 128 
21 134 
21 148 
21 150 
21 158 
22 2 
22 3 
22 4 
22 5 
22 7 
22 8 
22 10 
22 11 
22 13 
22 14 
22 15 
22 21 
22 23 
22 25 
22 27 
22 28 
22 30 
22 32 
22 33 
22 34 
22 35 
22 36 
22 37 
22 44 
22 45 
22 48 
22 52 
22 53 
22 60 
22 62 
22 63 
22 67 
22 68 
22 69 
22 70 
22 74 
22 78 
22 80 
22 82 
22 84 
22 86 
22 87 
22 88 
22 90 
22 98 
22 104 
22 108 
22 121 
22 133 
22 148 
22 158 
22 168 
23 7 
23 8 
23 9 
23 10 
23 14 
23 34 
23 39 
24 117 
25 119 
25 158 
25 187 
26 7 
26 8 
26 25 
26 29 
26 33 
26 34 
26 110 
26 125 
26 130 
26 139 
26 150 
26 158 
26 193 
26 212 
27 3 
27 4 
27 6 
27 7 
27 8 
27 9 
27 10 
27 11 
27 13 
27 14 
27 15 
27 18 
27 19 
27 21 
27 22 
27 23 
27 25 
27 26 
27 29 
27 30 
27 31 
27 32 
27 33 
27 34 
27 35 
27 36 
27 37 
27 40 
27 44 
27 45 
27 48 
27 52 
27 53 
27 57 
27 59 
27 62 
27 63 
27 67 
27 68 
27 69 
27 70 
27 73 
27 74 
27 76 
27 78 
27 82 
27 84 
27 87 
27 88 
27 89 
27 90 
27 94 
27 96 
27 97 
27 100 
27 104 
27 121 
27 125 
27 127 
27 130 
27 133 
27 134 
27 139 
27 146 
27 148 
27 150 
27 156 
27 158 
27 182 
27 187 
27 193 
27 212 
27 213 
28 7 
28 8 
28 10 
28 21 
28 31 
28 44 
28 92 
28 125 
29 34 
29 45 
29 134 
29 158 
30 3 
30 4 
30 6 
30 11 
30 14 
30 15 
30 21 
30 22 
30 27 
30 32 
30 35 
30 42 
30 44 
30 45 
30 52 
30 60 
30 63 
30 68 
30 69 
30 73 
30 84 
30 86 
30 87 
30 98 
30 117 
30 121 
30 133 
30 146 
30 158 
31 7 
31 8 
31 29 
31 39 
32 13 
32 15 
32 19 
32 45 
32 72 
32 100 
32 116 
32 117 
32 133 
33 25 
33 28 
33 40 
33 45 
33 105 
33 125 
33 134 
33 146 
33 158 
34 7 
34 8 
34 9 
34 16 
34 18 
34 21 
34 25 
34 26 
34 29 
34 31 
34 33 
34 39 
34 58 
34 76 
34 89 
34 110 
34 125 
34 134 
34 139 
34 158 
34 193 
34 212 
35 4 
35 14 
35 15 
35 22 
35 27 
35 33 
35 34 
35 40 
35 44 
35 53 
35 62 
35 63 
35 68 
35 69 
35 76 
35 82 
35 88 
35 92 
35 150 
35 158 
35 213 
36 4 
36 11 
36 13 
36 14 
36 15 
36 27 
36 30 
36 32 
36 33 
36 40 
36 70 
36 73 
36 74 
36 80 
36 100 
36 146 
37 4 
37 11 
37 14 
37 15 
37 25 
37 27 
37 32 
37 33 
37 34 
37 40 
37 44 
37 78 
37 82 
37 89 
37 119 
37 134 
37 158 
37 187 
39 29 
39 34 
39 110 
39 158 
39 212 
40 33 
40 45 
40 48 
40 72 
40 77 
40 100 
40 133 
41 100 
42 6 
42 25 
42 83 
42 100 
42 116 
42 133 
42 146 
42 193 
43 7 
43 8 
43 19 
43 25 
43 29 
43 31 
43 33 
43 34 
43 54 
43 72 
43 75 
43 89 
43 92 
43 104 
43 105 
43 110 
43 113 
43 116 
43 119 
43 125 
43 134 
43 146 
43 158 
43 181 
43 212 
44 2 
44 4 
44 6 
44 7 
44 8 
44 10 
44 11 
44 13 
44 14 
44 15 
44 21 
44 22 
44 26 
44 27 
44 28 
44 30 
44 31 
44 32 
44 33 
44 34 
44 35 
44 36 
44 37 
44 39 
44 45 
44 62 
44 63 
44 68 
44 69 
44 71 
44 73 
44 80 
44 82 
44 84 
44 94 
44 103 
44 109 
44 110 
44 112 
44 113 
44 119 
44 121 
44 125 
44 128 
44 134 
44 148 
44 158 
44 178 
45 2 
45 4 
45 5 
45 6 
45 7 
45 8 
45 9 
45 10 
45 11 
45 14 
45 15 
45 16 
45 18 
45 23 
45 25 
45 26 
45 28 
45 29 
45 31 
45 32 
45 33 
45 34 
45 37 
45 39 
45 40 
45 58 
45 59 
45 66 
45 70 
45 71 
45 76 
45 78 
45 79 
45 89 
45 92 
45 94 
45 96 
45 97 
45 103 
45 105 
45 112 
45 113 
45 120 
45 125 
45 127 
45 128 
45 130 
45 133 
45 134 
45 136 
45 146 
45 158 
45 165 
45 170 
45 178 
45 193 
49 5 
49 7 
49 8 
49 9 
49 10 
49 18 
49 25 
49 26 
49 29 
49 32 
49 33 
49 34 
49 40 
49 45 
49 76 
49 78 
49 89 
49 91 
49 94 
49 95 
49 96 
49 108 
49 125 
49 130 
49 133 
51 48 
51 60 
51 77 
51 86 
51 90 
52 14 
52 15 
52 27 
52 30 
52 44 
52 68 
52 84 
52 88 
52 90 
55 7 
55 10 
55 78 
55 100 
55 127 
58 16 
58 45 
58 79 
58 97 
59 170 
60 22 
60 36 
60 48 
60 51 
60 77 
60 86 
60 88 
60 90 
62 7 
62 10 
62 40 
62 44 
62 84 
63 3 
63 4 
63 15 
63 22 
63 25 
63 27 
63 30 
63 32 
63 45 
63 51 
63 52 
63 69 
63 84 
63 86 
63 87 
63 88 
66 80 
67 45 
67 138 
68 7 
68 10 
68 14 
68 22 
68 45 
68 52 
68 62 
68 84 
69 14 
69 30 
69 51 
69 52 
69 63 
69 84 
69 87 
69 88 
69 90 
69 158 
70 4 
70 6 
70 37 
70 45 
70 52 
70 103 
71 67 
71 89 
71 92 
71 113 
71 125 
71 181 
73 4 
73 14 
73 15 
73 21 
73 22 
73 27 
73 30 
73 32 
73 35 
73 44 
73 45 
73 62 
73 63 
73 70 
73 80 
73 98 
73 121 
73 133 
74 4 
74 14 
74 15 
76 16 
78 22 
79 45 
79 97 
80 4 
80 11 
80 25 
80 32 
80 33 
80 34 
80 35 
80 36 
80 40 
80 72 
80 100 
82 3 
82 4 
82 7 
82 11 
82 14 
82 15 
82 22 
82 27 
82 35 
82 37 
82 40 
82 44 
82 45 
82 53 
82 69 
82 74 
82 78 
82 89 
82 140 
82 187 
84 4 
84 15 
84 22 
84 30 
84 35 
84 44 
84 52 
84 69 
84 87 
86 51 
86 60 
86 77 
86 90 
87 3 
87 14 
87 30 
87 63 
87 69 
87 73 
87 84 
88 3 
88 15 
88 22 
88 51 
88 52 
88 60 
88 63 
88 69 
88 84 
88 90 
89 7 
89 8 
89 33 
89 146 
90 86 
91 213 
92 71 
92 113 
93 14 
93 27 
93 28 
93 33 
93 77 
93 83 
93 157 
93 180 
94 127 
95 108 
96 7 
96 10 
96 25 
96 32 
96 33 
96 40 
96 76 
96 89 
96 94 
96 100 
96 108 
96 109 
96 116 
96 125 
97 16 
97 45 
98 11 
98 13 
98 15 
98 32 
98 45 
98 73 
98 80 
98 100 
98 121 
98 133 
99 105 
101 16 
101 45 
102 25 
102 27 
102 45 
105 2 
105 6 
105 7 
105 8 
105 9 
105 10 
105 11 
105 14 
105 16 
105 18 
105 19 
105 23 
105 26 
105 27 
105 28 
105 29 
105 30 
105 31 
105 32 
105 33 
105 34 
105 37 
105 39 
105 40 
105 44 
105 45 
105 49 
105 59 
105 71 
105 72 
105 76 
105 78 
105 79 
105 89 
105 94 
105 96 
105 97 
105 99 
105 100 
105 103 
105 104 
105 105 
105 108 
105 109 
105 110 
105 112 
105 115 
105 116 
105 119 
105 125 
105 127 
105 128 
105 133 
105 134 
105 136 
105 140 
105 146 
105 150 
105 156 
105 158 
105 165 
105 166 
105 182 
105 193 
105 212 
106 166 
107 78 
107 95 
107 116 
109 67 
109 71 
109 75 
109 92 
109 104 
109 109 
109 113 
109 115 
109 119 
109 138 
109 150 
109 168 
110 212 
112 127 
114 5 
114 25 
114 31 
114 32 
114 34 
114 40 
114 49 
114 76 
114 78 
114 89 
114 94 
114 100 
114 108 
114 116 
114 158 
115 75 
115 168 
117 42 
117 72 
117 83 
117 100 
117 116 
117 133 
119 173 
120 45 
121 11 
121 15 
121 22 
121 27 
121 30 
121 32 
121 44 
121 52 
121 68 
121 73 
121 98 
121 133 
125 33 
125 34 
125 113 
125 158 
128 178 
135 45 
135 134 
140 8 
142 57 
145 193 
146 134 
150 104 
156 18 
156 166 
168 115 
169 4 
169 14 
169 113 
169 157 
172 89 
172 146 
172 158 
173 180 
176 125 
180 173 
186 100 
187 170 
195 139 
204 59 
210 100 
