3 15 
3 74 
3 84 
4 15 
4 27 
4 74 
5 4 
5 15 
5 27 
6 15 
7 4 
7 15 
7 23 
7 27 
9 4 
9 15 
9 23 
10 27 
11 4 
11 15 
11 27 
11 74 
12 4 
12 15 
14 4 
14 15 
14 27 
14 74 
15 4 
15 27 
15 74 
17 4 
17 15 
17 23 
17 27 
17 190 
18 27 
19 15 
21 15 
22 4 
22 15 
22 23 
22 27 
22 74 
23 4 
23 15 
23 27 
25 4 
25 15 
25 84 
26 23 
27 4 
27 15 
27 74 
27 84 
28 4 
28 15 
28 27 
28 84 
30 15 
30 27 
31 15 
31 23 
31 27 
32 4 
32 15 
33 27 
34 15 
34 27 
35 4 
35 15 
35 23 
35 27 
36 4 
36 27 
37 4 
37 15 
39 4 
39 15 
39 23 
39 27 
39 74 
39 190 
40 4 
40 15 
40 27 
43 27 
44 4 
44 15 
44 27 
44 84 
45 4 
45 15 
45 23 
45 27 
47 4 
47 15 
47 27 
49 4 
52 84 
63 15 
68 15 
68 27 
69 15 
69 84 
70 4 
74 4 
74 15 
76 27 
82 4 
82 15 
82 74 
88 27 
93 27 
98 4 
108 4 
110 4 
110 15 
110 27 
114 4 
114 27 
120 15 
120 27 
124 4 
129 27 
130 4 
130 27 
139 4 
139 15 
139 27 
147 4 
147 15 
147 27 
180 4 
