2 2 
2 4 
2 5 
2 6 
2 7 
2 8 
2 9 
2 10 
2 11 
2 14 
2 15 
2 16 
2 18 
2 19 
2 22 
2 23 
2 25 
2 26 
2 27 
2 29 
2 31 
2 32 
2 33 
2 34 
2 36 
2 37 
2 39 
2 42 
2 44 
2 45 
2 48 
2 51 
2 59 
2 60 
2 70 
2 76 
2 78 
2 80 
2 82 
2 90 
2 91 
2 96 
2 99 
2 103 
2 105 
2 109 
2 110 
2 112 
2 113 
2 125 
2 128 
2 133 
2 134 
2 139 
2 140 
2 146 
2 150 
2 155 
2 156 
2 158 
2 166 
2 182 
2 187 
2 212 
3 4 
3 11 
3 14 
3 15 
3 21 
3 22 
3 27 
3 30 
3 32 
3 35 
3 36 
3 37 
3 44 
3 48 
3 51 
3 52 
3 60 
3 63 
3 68 
3 69 
3 73 
3 77 
3 84 
3 86 
3 87 
3 88 
3 90 
3 98 
4 3 
4 11 
4 13 
4 14 
4 15 
4 19 
4 21 
4 22 
4 25 
4 27 
4 30 
4 32 
4 35 
4 36 
4 44 
4 52 
4 57 
4 59 
4 60 
4 62 
4 63 
4 68 
4 74 
4 82 
4 84 
4 87 
4 88 
4 92 
4 119 
4 148 
4 182 
4 212 
5 4 
5 5 
5 7 
5 8 
5 9 
5 11 
5 13 
5 14 
5 15 
5 19 
5 22 
5 25 
5 26 
5 27 
5 29 
5 32 
5 33 
5 34 
5 35 
5 36 
5 37 
5 42 
5 44 
5 48 
5 51 
5 53 
5 57 
5 59 
5 60 
5 62 
5 68 
5 70 
5 77 
5 78 
5 80 
5 82 
5 89 
5 90 
5 91 
5 94 
5 96 
5 108 
5 109 
5 116 
5 117 
5 125 
5 127 
5 133 
5 134 
5 146 
5 150 
5 158 
5 187 
5 193 
5 212 
6 4 
6 7 
6 8 
6 9 
6 10 
6 14 
6 15 
6 16 
6 18 
6 23 
6 27 
6 29 
6 32 
6 34 
6 37 
6 39 
6 44 
6 45 
6 59 
6 74 
6 76 
6 104 
6 112 
6 127 
6 128 
7 25 
7 26 
7 28 
7 29 
7 33 
7 59 
7 70 
7 71 
7 72 
7 119 
7 134 
7 146 
7 150 
7 159 
8 140 
9 8 
9 25 
9 26 
9 28 
9 29 
9 33 
9 59 
9 70 
9 71 
9 72 
9 119 
9 134 
9 140 
9 146 
9 159 
10 8 
10 140 
10 150 
11 3 
11 4 
11 13 
11 14 
11 15 
11 21 
11 22 
11 25 
11 27 
11 29 
11 30 
11 32 
11 35 
11 36 
11 37 
11 44 
11 52 
11 62 
11 63 
11 68 
11 69 
11 73 
11 74 
11 80 
11 82 
11 84 
11 87 
11 88 
11 98 
11 102 
11 119 
11 146 
11 148 
12 158 
13 4 
13 11 
13 27 
13 36 
13 68 
13 69 
13 98 
14 3 
14 4 
14 7 
14 8 
14 11 
14 13 
14 15 
14 21 
14 22 
14 25 
14 27 
14 29 
14 30 
14 32 
14 35 
14 36 
14 37 
14 44 
14 52 
14 57 
14 59 
14 60 
14 62 
14 63 
14 68 
14 69 
14 70 
14 71 
14 73 
14 74 
14 78 
14 80 
14 82 
14 84 
14 87 
14 88 
14 98 
14 119 
14 121 
14 134 
14 148 
14 150 
14 158 
14 180 
14 182 
14 187 
14 212 
15 3 
15 4 
15 7 
15 8 
15 11 
15 13 
15 14 
15 19 
15 21 
15 22 
15 25 
15 26 
15 27 
15 29 
15 30 
15 32 
15 35 
15 36 
15 37 
15 44 
15 48 
15 51 
15 52 
15 60 
15 62 
15 63 
15 68 
15 69 
15 73 
15 74 
15 80 
15 82 
15 83 
15 84 
15 87 
15 88 
15 90 
15 91 
15 98 
15 102 
15 116 
15 121 
15 133 
15 148 
15 158 
15 182 
15 193 
15 212 
16 58 
16 97 
17 19 
17 25 
17 26 
17 28 
17 29 
17 33 
17 34 
17 39 
17 57 
17 59 
17 89 
17 116 
17 119 
17 125 
17 133 
17 134 
17 146 
17 150 
17 155 
17 158 
17 180 
17 187 
17 190 
17 212 
18 7 
18 8 
18 29 
18 212 
21 3 
21 4 
21 7 
21 8 
21 11 
21 13 
21 14 
21 15 
21 19 
21 22 
21 27 
21 30 
21 32 
21 35 
21 36 
21 37 
21 44 
21 52 
21 59 
21 62 
21 63 
21 68 
21 69 
21 70 
21 73 
21 74 
21 80 
21 82 
21 87 
21 91 
21 109 
21 116 
21 119 
21 148 
21 182 
22 3 
22 4 
22 11 
22 13 
22 14 
22 15 
22 21 
22 25 
22 27 
22 29 
22 30 
22 32 
22 35 
22 36 
22 37 
22 44 
22 48 
22 51 
22 52 
22 53 
22 59 
22 62 
22 63 
22 68 
22 69 
22 71 
22 73 
22 74 
22 80 
22 82 
22 84 
22 87 
22 88 
22 90 
22 98 
22 116 
22 119 
22 121 
22 148 
22 150 
22 187 
22 212 
23 6 
23 7 
23 8 
23 25 
23 29 
23 34 
23 39 
23 45 
23 139 
23 140 
23 158 
24 158 
25 19 
25 158 
26 25 
26 28 
26 34 
26 134 
26 158 
26 212 
27 3 
27 4 
27 7 
27 8 
27 11 
27 13 
27 14 
27 15 
27 19 
27 21 
27 22 
27 25 
27 29 
27 30 
27 32 
27 33 
27 34 
27 35 
27 36 
27 37 
27 44 
27 51 
27 52 
27 53 
27 57 
27 59 
27 60 
27 62 
27 63 
27 68 
27 69 
27 73 
27 74 
27 77 
27 80 
27 82 
27 84 
27 87 
27 88 
27 90 
27 98 
27 102 
27 104 
27 109 
27 116 
27 119 
27 121 
27 125 
27 127 
27 130 
27 146 
27 148 
27 158 
27 170 
27 187 
27 212 
28 26 
28 33 
28 134 
28 158 
30 3 
30 4 
30 11 
30 13 
30 14 
30 15 
30 19 
30 21 
30 22 
30 27 
30 32 
30 35 
30 36 
30 44 
30 51 
30 52 
30 60 
30 62 
30 63 
30 68 
30 69 
30 70 
30 73 
30 80 
30 82 
30 83 
30 84 
30 87 
30 88 
30 90 
30 91 
30 98 
30 121 
30 148 
32 80 
32 117 
33 25 
33 125 
33 134 
33 146 
33 158 
33 212 
34 7 
34 8 
34 18 
34 26 
34 110 
34 212 
35 3 
35 4 
35 7 
35 8 
35 11 
35 13 
35 14 
35 15 
35 21 
35 22 
35 27 
35 29 
35 30 
35 32 
35 35 
35 36 
35 37 
35 44 
35 48 
35 51 
35 52 
35 53 
35 59 
35 62 
35 63 
35 68 
35 69 
35 73 
35 78 
35 82 
35 84 
35 88 
35 90 
35 98 
35 99 
35 102 
35 148 
35 150 
35 158 
35 187 
36 4 
36 11 
36 13 
36 14 
36 15 
36 22 
36 27 
36 30 
36 35 
36 44 
36 52 
36 80 
36 98 
36 121 
36 178 
37 3 
37 15 
37 21 
37 26 
37 27 
37 29 
37 63 
39 28 
39 29 
39 158 
39 190 
39 212 
40 52 
40 134 
40 187 
42 18 
43 19 
43 67 
43 92 
43 125 
43 133 
43 134 
43 158 
43 212 
44 3 
44 4 
44 7 
44 8 
44 11 
44 13 
44 14 
44 15 
44 21 
44 22 
44 27 
44 30 
44 34 
44 35 
44 36 
44 37 
44 52 
44 59 
44 62 
44 63 
44 68 
44 69 
44 70 
44 74 
44 82 
44 84 
44 87 
44 109 
44 119 
44 134 
44 148 
44 182 
45 4 
45 6 
45 7 
45 8 
45 10 
45 14 
45 15 
45 16 
45 18 
45 22 
45 23 
45 25 
45 26 
45 27 
45 29 
45 31 
45 32 
45 33 
45 34 
45 35 
45 36 
45 37 
45 39 
45 42 
45 44 
45 48 
45 55 
45 58 
45 59 
45 66 
45 67 
45 68 
45 70 
45 72 
45 74 
45 76 
45 79 
45 94 
45 96 
45 97 
45 103 
45 104 
45 108 
45 112 
45 117 
45 119 
45 120 
45 125 
45 127 
45 128 
45 130 
45 134 
45 136 
45 146 
45 158 
45 165 
45 170 
45 178 
45 182 
45 193 
49 4 
49 5 
49 7 
49 8 
49 9 
49 11 
49 14 
49 15 
49 22 
49 25 
49 26 
49 27 
49 32 
49 33 
49 34 
49 35 
49 36 
49 37 
49 39 
49 42 
49 44 
49 48 
49 49 
49 51 
49 55 
49 57 
49 59 
49 60 
49 66 
49 68 
49 70 
49 74 
49 78 
49 80 
49 82 
49 90 
49 91 
49 94 
49 95 
49 96 
49 108 
49 109 
49 116 
49 119 
49 125 
49 127 
49 182 
49 187 
52 14 
52 22 
52 36 
52 44 
52 63 
52 68 
52 69 
52 84 
55 108 
58 7 
58 10 
58 16 
58 45 
58 76 
58 79 
58 94 
58 97 
58 103 
58 112 
58 127 
60 51 
60 88 
62 14 
62 35 
62 44 
62 52 
62 68 
62 84 
62 87 
63 3 
63 4 
63 11 
63 14 
63 15 
63 30 
63 69 
63 74 
63 84 
63 87 
68 15 
68 27 
68 35 
68 36 
68 44 
68 48 
68 52 
68 62 
68 82 
68 84 
69 3 
69 11 
69 14 
69 15 
69 22 
69 30 
69 32 
69 35 
69 36 
69 51 
69 52 
69 63 
69 68 
69 73 
69 84 
69 87 
69 88 
69 98 
69 148 
71 113 
71 158 
73 3 
73 11 
73 13 
73 14 
73 15 
73 21 
73 22 
73 27 
73 30 
73 32 
73 35 
73 36 
73 42 
73 63 
73 68 
73 69 
73 88 
73 98 
73 102 
73 117 
73 121 
73 148 
74 3 
74 4 
74 11 
74 14 
74 15 
74 22 
74 27 
74 36 
76 23 
76 31 
76 32 
76 45 
76 112 
76 178 
77 51 
79 7 
79 10 
79 16 
79 23 
79 32 
79 45 
79 58 
79 76 
79 94 
79 97 
80 11 
80 15 
80 36 
81 7 
81 10 
81 58 
81 66 
81 70 
81 76 
81 97 
81 103 
81 112 
81 127 
82 4 
82 11 
82 14 
82 15 
82 19 
82 22 
82 27 
82 35 
82 37 
82 44 
82 53 
82 68 
82 74 
82 150 
84 3 
84 15 
84 22 
84 30 
84 52 
84 68 
84 69 
84 80 
84 87 
84 89 
86 77 
86 90 
86 94 
87 3 
87 27 
87 30 
87 63 
87 69 
88 3 
88 22 
88 27 
88 36 
88 51 
88 69 
88 77 
90 86 
92 59 
93 14 
93 21 
93 27 
93 28 
93 33 
93 82 
93 127 
95 94 
96 4 
96 7 
96 8 
96 11 
96 15 
96 22 
96 23 
96 27 
96 32 
96 35 
96 36 
96 37 
96 44 
96 45 
96 49 
96 58 
96 70 
96 76 
96 82 
96 94 
96 108 
96 125 
96 148 
98 11 
98 13 
98 27 
98 30 
98 32 
98 36 
98 68 
98 73 
98 82 
98 90 
98 121 
101 7 
101 10 
101 16 
101 45 
101 58 
101 76 
101 97 
102 70 
105 2 
105 3 
105 4 
105 6 
105 7 
105 8 
105 9 
105 10 
105 11 
105 14 
105 15 
105 18 
105 22 
105 23 
105 25 
105 26 
105 27 
105 29 
105 31 
105 32 
105 33 
105 34 
105 35 
105 36 
105 37 
105 39 
105 44 
105 45 
105 48 
105 51 
105 59 
105 60 
105 62 
105 68 
105 76 
105 78 
105 80 
105 82 
105 90 
105 99 
105 103 
105 105 
105 109 
105 112 
105 119 
105 125 
105 128 
105 134 
105 146 
105 148 
105 150 
105 156 
105 158 
105 165 
105 166 
105 178 
105 182 
105 187 
105 212 
107 5 
107 7 
107 8 
107 10 
107 11 
107 15 
107 19 
107 22 
107 25 
107 27 
107 32 
107 33 
107 35 
107 37 
107 44 
107 48 
107 55 
107 57 
107 59 
107 60 
107 66 
107 70 
107 82 
107 90 
107 94 
107 96 
107 108 
107 109 
107 116 
107 119 
107 134 
107 146 
107 158 
107 187 
109 25 
109 37 
109 57 
109 67 
109 75 
109 113 
109 115 
109 119 
109 134 
109 138 
109 150 
109 168 
109 187 
109 212 
110 158 
110 212 
111 146 
112 120 
114 4 
114 5 
114 6 
114 7 
114 8 
114 9 
114 11 
114 13 
114 14 
114 15 
114 19 
114 21 
114 22 
114 25 
114 26 
114 27 
114 32 
114 33 
114 34 
114 35 
114 36 
114 37 
114 44 
114 45 
114 49 
114 53 
114 55 
114 59 
114 60 
114 63 
114 66 
114 68 
114 70 
114 74 
114 76 
114 80 
114 82 
114 91 
114 94 
114 96 
114 98 
114 108 
114 109 
114 112 
114 128 
114 146 
114 148 
114 170 
114 182 
114 187 
117 19 
121 3 
121 13 
121 14 
121 27 
121 30 
121 36 
121 68 
121 73 
121 98 
123 27 
132 37 
138 14 
138 15 
138 27 
138 44 
138 68 
138 80 
138 115 
140 8 
142 57 
146 25 
146 33 
146 134 
146 158 
148 3 
151 32 
153 158 
154 7 
154 9 
154 14 
154 27 
154 44 
154 68 
154 80 
154 109 
154 148 
154 168 
161 19 
163 14 
163 80 
165 165 
166 2 
166 23 
166 99 
169 22 
169 157 
172 158 
174 44 
187 213 
195 139 
203 11 
