1 116 
2 6 
2 17 
2 18 
2 23 
2 25 
2 26 
2 29 
2 31 
2 33 
2 34 
2 39 
2 45 
2 84 
2 105 
2 125 
2 134 
2 156 
2 158 
2 165 
2 166 
3 4 
3 6 
3 7 
3 9 
3 11 
3 14 
3 15 
3 18 
3 22 
3 25 
3 30 
3 32 
3 36 
3 37 
3 42 
3 60 
3 63 
3 68 
3 69 
3 74 
3 80 
3 84 
3 87 
3 88 
3 109 
4 3 
4 6 
4 7 
4 8 
4 10 
4 11 
4 13 
4 14 
4 15 
4 22 
4 27 
4 30 
4 34 
4 36 
4 44 
4 52 
4 55 
4 62 
4 63 
4 67 
4 68 
4 69 
4 74 
4 78 
4 80 
4 82 
4 84 
4 88 
4 121 
4 125 
4 150 
4 159 
5 2 
5 6 
5 15 
5 22 
5 23 
5 27 
5 31 
5 35 
5 37 
5 44 
5 45 
5 53 
5 70 
5 80 
5 82 
5 95 
5 96 
6 2 
6 6 
6 7 
6 10 
6 14 
6 15 
6 16 
6 19 
6 23 
6 26 
6 29 
6 44 
6 45 
6 76 
6 79 
6 94 
6 103 
6 112 
6 120 
6 128 
6 158 
6 178 
7 2 
7 3 
7 6 
7 13 
7 14 
7 15 
7 18 
7 22 
7 23 
7 25 
7 26 
7 27 
7 29 
7 30 
7 31 
7 32 
7 34 
7 35 
7 37 
7 39 
7 44 
7 45 
7 51 
7 60 
7 63 
7 69 
7 70 
7 72 
7 73 
7 75 
7 80 
7 83 
7 86 
7 87 
7 88 
7 98 
7 100 
7 105 
7 109 
7 116 
7 117 
7 119 
7 121 
7 134 
7 158 
8 2 
8 34 
8 45 
8 70 
8 119 
8 140 
9 2 
9 3 
9 6 
9 8 
9 10 
9 13 
9 14 
9 15 
9 22 
9 23 
9 25 
9 26 
9 27 
9 30 
9 31 
9 32 
9 34 
9 35 
9 37 
9 39 
9 44 
9 45 
9 51 
9 60 
9 63 
9 69 
9 70 
9 72 
9 73 
9 75 
9 80 
9 83 
9 86 
9 87 
9 88 
9 98 
9 100 
9 105 
9 109 
9 116 
9 117 
9 119 
9 121 
9 134 
9 140 
9 158 
10 2 
10 6 
10 8 
10 9 
10 14 
10 18 
10 26 
10 29 
10 34 
10 39 
10 44 
10 45 
10 105 
11 4 
11 7 
11 10 
11 13 
11 14 
11 15 
11 26 
11 30 
11 36 
11 39 
11 44 
11 68 
11 73 
11 80 
11 82 
11 84 
11 98 
11 102 
12 67 
12 91 
12 158 
13 6 
13 7 
13 10 
13 14 
13 25 
13 26 
13 27 
13 30 
13 32 
13 36 
13 42 
13 73 
13 74 
13 83 
13 98 
13 100 
13 117 
13 121 
13 133 
14 4 
14 11 
14 13 
14 15 
14 21 
14 22 
14 25 
14 26 
14 27 
14 30 
14 34 
14 35 
14 37 
14 39 
14 44 
14 57 
14 63 
14 68 
14 70 
14 74 
14 78 
14 80 
14 82 
14 84 
14 90 
14 91 
14 102 
14 105 
14 125 
14 134 
14 139 
14 150 
14 155 
14 156 
14 182 
15 3 
15 4 
15 6 
15 7 
15 10 
15 11 
15 13 
15 14 
15 17 
15 18 
15 21 
15 22 
15 26 
15 27 
15 29 
15 30 
15 32 
15 34 
15 35 
15 36 
15 37 
15 40 
15 42 
15 44 
15 45 
15 48 
15 51 
15 52 
15 55 
15 60 
15 62 
15 63 
15 67 
15 68 
15 69 
15 70 
15 73 
15 74 
15 77 
15 78 
15 79 
15 80 
15 82 
15 83 
15 84 
15 87 
15 88 
15 90 
15 91 
15 98 
15 100 
15 102 
15 109 
15 117 
15 119 
15 121 
15 133 
15 134 
15 146 
15 148 
15 182 
15 187 
16 45 
16 79 
16 97 
17 2 
17 4 
17 6 
17 14 
17 15 
17 21 
17 23 
17 26 
17 33 
17 34 
17 37 
17 39 
17 44 
17 45 
17 71 
17 75 
17 82 
17 92 
17 99 
17 105 
17 109 
17 110 
17 113 
17 116 
17 125 
17 134 
17 150 
17 155 
17 158 
18 39 
19 36 
19 44 
20 6 
21 44 
21 70 
22 2 
22 3 
22 4 
22 6 
22 11 
22 14 
22 15 
22 21 
22 27 
22 30 
22 32 
22 34 
22 35 
22 36 
22 37 
22 44 
22 45 
22 48 
22 51 
22 52 
22 60 
22 63 
22 68 
22 70 
22 82 
22 84 
22 88 
22 91 
22 102 
22 105 
22 109 
22 119 
22 134 
22 148 
23 6 
23 7 
23 8 
23 10 
23 14 
23 34 
23 36 
23 37 
23 39 
23 51 
23 88 
23 155 
24 32 
24 42 
24 72 
24 83 
24 133 
25 2 
25 6 
25 11 
25 14 
25 15 
25 35 
25 36 
25 44 
25 134 
25 158 
26 2 
26 7 
26 8 
26 10 
26 17 
26 18 
26 34 
26 39 
26 105 
26 109 
26 119 
26 158 
27 2 
27 3 
27 4 
27 6 
27 7 
27 8 
27 10 
27 11 
27 13 
27 14 
27 15 
27 22 
27 26 
27 28 
27 30 
27 33 
27 34 
27 35 
27 36 
27 37 
27 39 
27 44 
27 51 
27 52 
27 60 
27 63 
27 68 
27 69 
27 70 
27 73 
27 74 
27 80 
27 82 
27 86 
27 87 
27 88 
27 100 
27 102 
27 104 
27 109 
27 110 
27 125 
27 127 
27 130 
27 148 
27 150 
27 156 
27 158 
28 45 
28 80 
28 134 
28 158 
29 7 
29 8 
29 26 
29 33 
29 125 
30 6 
30 11 
30 13 
30 14 
30 15 
30 21 
30 25 
30 27 
30 32 
30 35 
30 37 
30 42 
30 44 
30 45 
30 52 
30 60 
30 63 
30 68 
30 69 
30 73 
30 82 
30 84 
30 87 
30 98 
30 102 
31 2 
31 6 
31 7 
31 9 
31 13 
31 15 
31 23 
31 25 
31 34 
31 36 
31 40 
31 44 
31 45 
31 63 
31 76 
31 84 
31 99 
31 105 
31 109 
31 134 
32 6 
32 7 
32 9 
32 13 
32 15 
32 42 
32 45 
32 49 
32 60 
32 63 
32 68 
32 70 
32 72 
32 73 
32 77 
32 83 
32 88 
32 98 
32 100 
32 116 
32 117 
32 121 
32 133 
33 44 
33 125 
33 134 
33 213 
34 7 
34 8 
34 18 
34 26 
34 29 
34 99 
34 110 
35 11 
35 14 
35 15 
35 17 
35 22 
35 27 
35 30 
35 33 
35 37 
35 44 
35 53 
35 73 
35 78 
35 80 
35 82 
35 94 
36 11 
36 13 
36 22 
36 73 
36 80 
36 102 
37 3 
37 14 
37 15 
37 27 
37 33 
37 36 
37 40 
37 44 
37 70 
37 74 
37 91 
39 2 
39 7 
39 8 
39 10 
39 13 
39 14 
39 15 
39 18 
39 27 
39 29 
39 34 
39 36 
39 44 
39 67 
39 130 
39 158 
40 2 
40 3 
40 4 
40 6 
40 11 
40 14 
40 15 
40 22 
40 25 
40 27 
40 33 
40 36 
40 37 
40 44 
40 48 
40 67 
40 72 
40 80 
40 84 
40 88 
40 90 
40 100 
40 105 
40 117 
40 133 
40 134 
40 146 
40 158 
42 2 
42 3 
42 4 
42 6 
42 7 
42 9 
42 14 
42 15 
42 22 
42 25 
42 27 
42 32 
42 40 
42 60 
42 63 
42 68 
42 69 
42 70 
42 72 
42 73 
42 80 
42 83 
42 84 
42 86 
42 87 
42 88 
42 90 
42 98 
42 100 
42 116 
42 117 
42 121 
43 11 
43 26 
43 33 
43 67 
43 92 
43 113 
43 119 
43 125 
43 134 
43 158 
43 193 
43 213 
44 3 
44 4 
44 6 
44 7 
44 8 
44 10 
44 11 
44 13 
44 14 
44 15 
44 17 
44 21 
44 22 
44 26 
44 27 
44 30 
44 35 
44 36 
44 37 
44 39 
44 40 
44 45 
44 62 
44 63 
44 67 
44 68 
44 70 
44 73 
44 80 
44 82 
44 88 
44 102 
44 109 
44 112 
44 119 
44 125 
44 128 
44 148 
44 150 
44 158 
45 2 
45 3 
45 5 
45 6 
45 7 
45 9 
45 10 
45 13 
45 14 
45 15 
45 16 
45 17 
45 18 
45 22 
45 23 
45 25 
45 26 
45 27 
45 29 
45 31 
45 33 
45 34 
45 35 
45 36 
45 37 
45 39 
45 44 
45 48 
45 55 
45 58 
45 60 
45 67 
45 68 
45 70 
45 71 
45 76 
45 79 
45 80 
45 86 
45 95 
45 96 
45 97 
45 98 
45 99 
45 102 
45 103 
45 104 
45 105 
45 109 
45 112 
45 116 
45 119 
45 120 
45 127 
45 128 
45 130 
45 133 
45 134 
45 136 
45 146 
45 158 
45 165 
45 178 
45 182 
47 2 
47 15 
47 27 
47 35 
47 63 
47 80 
49 2 
49 15 
49 23 
49 31 
49 45 
49 71 
49 80 
49 82 
49 83 
49 95 
49 96 
49 116 
49 117 
49 133 
49 158 
49 173 
52 11 
52 68 
52 84 
54 37 
55 35 
55 44 
55 45 
55 127 
58 79 
59 57 
59 157 
60 51 
62 29 
62 68 
62 158 
63 6 
63 15 
63 25 
63 27 
63 30 
63 42 
63 44 
63 52 
63 69 
63 70 
63 73 
63 84 
63 87 
63 88 
63 98 
64 112 
65 127 
66 6 
66 14 
66 22 
66 27 
66 35 
66 45 
66 125 
68 44 
68 48 
68 52 
68 62 
68 84 
69 3 
69 6 
69 11 
69 15 
69 22 
69 27 
69 30 
69 60 
69 63 
69 68 
69 80 
69 84 
69 88 
70 6 
70 45 
71 70 
71 92 
73 11 
73 13 
73 15 
73 21 
73 30 
73 70 
73 80 
73 83 
73 98 
73 117 
73 121 
74 4 
76 45 
76 49 
78 119 
79 45 
81 70 
82 14 
82 35 
82 37 
82 44 
82 53 
82 74 
83 84 
83 146 
84 22 
84 35 
84 52 
84 68 
84 69 
86 15 
86 51 
86 52 
86 77 
87 3 
87 14 
87 15 
87 22 
87 30 
87 63 
87 69 
88 27 
88 51 
88 68 
89 44 
89 84 
89 116 
89 158 
91 119 
91 158 
92 71 
92 181 
93 14 
93 33 
93 48 
93 59 
94 127 
95 2 
95 5 
95 6 
95 7 
95 10 
95 14 
95 15 
95 22 
95 25 
95 32 
95 35 
95 44 
95 45 
95 49 
95 78 
95 86 
95 105 
95 108 
95 156 
96 6 
96 14 
96 16 
96 45 
96 66 
96 112 
97 16 
97 45 
98 13 
98 73 
98 121 
98 133 
105 26 
105 27 
105 29 
105 99 
105 165 
105 182 
108 2 
108 6 
108 14 
108 22 
108 35 
108 45 
108 55 
108 80 
108 94 
108 105 
109 23 
109 39 
109 44 
109 67 
109 71 
109 75 
109 92 
109 104 
109 113 
109 115 
109 119 
109 138 
109 150 
109 168 
110 15 
110 37 
110 45 
110 158 
111 67 
112 120 
112 127 
115 113 
115 168 
116 32 
117 42 
117 116 
117 133 
119 4 
119 6 
119 44 
119 45 
119 157 
121 13 
121 30 
121 32 
121 73 
121 98 
121 117 
122 14 
122 27 
122 45 
124 6 
124 21 
124 44 
124 45 
125 33 
125 158 
129 127 
132 94 
135 22 
135 44 
135 110 
136 103 
139 7 
139 10 
145 14 
145 27 
146 6 
146 11 
146 44 
147 7 
147 9 
150 14 
152 168 
155 2 
157 110 
158 33 
159 71 
159 181 
168 109 
170 119 
180 157 
181 159 
187 14 
187 27 
187 45 
194 82 
204 59 
