2 2 
2 4 
2 6 
2 7 
2 8 
2 9 
2 10 
2 14 
2 15 
2 17 
2 18 
2 23 
2 25 
2 26 
2 27 
2 28 
2 29 
2 31 
2 34 
2 36 
2 37 
2 39 
2 44 
2 45 
2 60 
2 76 
2 80 
2 99 
2 103 
2 105 
2 109 
2 110 
2 125 
2 134 
2 139 
2 146 
2 150 
2 156 
2 158 
2 165 
2 166 
2 182 
2 212 
3 4 
3 7 
3 9 
3 11 
3 14 
3 15 
3 22 
3 23 
3 26 
3 27 
3 30 
3 31 
3 32 
3 34 
3 35 
3 36 
3 37 
3 40 
3 42 
3 44 
3 51 
3 52 
3 60 
3 63 
3 68 
3 69 
3 70 
3 73 
3 74 
3 77 
3 80 
3 82 
3 83 
3 84 
3 86 
3 87 
3 88 
3 90 
3 98 
3 102 
3 116 
3 117 
3 121 
3 133 
3 148 
4 2 
4 3 
4 5 
4 6 
4 7 
4 8 
4 9 
4 10 
4 11 
4 13 
4 14 
4 15 
4 18 
4 21 
4 22 
4 23 
4 25 
4 26 
4 27 
4 29 
4 30 
4 31 
4 32 
4 33 
4 34 
4 35 
4 36 
4 37 
4 39 
4 44 
4 45 
4 48 
4 51 
4 52 
4 53 
4 54 
4 55 
4 57 
4 59 
4 60 
4 62 
4 63 
4 67 
4 68 
4 69 
4 70 
4 71 
4 73 
4 74 
4 76 
4 77 
4 78 
4 80 
4 82 
4 84 
4 86 
4 87 
4 88 
4 91 
4 92 
4 94 
4 98 
4 102 
4 104 
4 105 
4 117 
4 119 
4 121 
4 134 
4 138 
4 146 
4 148 
4 150 
4 156 
4 157 
4 158 
4 170 
4 180 
4 181 
4 182 
4 187 
4 193 
5 4 
5 6 
5 14 
5 15 
5 16 
5 22 
5 23 
5 27 
5 35 
5 37 
5 39 
5 44 
5 45 
5 49 
5 53 
5 66 
5 76 
5 82 
5 84 
5 94 
5 95 
5 96 
5 97 
5 99 
5 112 
5 130 
5 134 
6 2 
6 6 
6 7 
6 8 
6 9 
6 10 
6 14 
6 16 
6 21 
6 23 
6 25 
6 26 
6 29 
6 31 
6 33 
6 34 
6 39 
6 44 
6 45 
6 55 
6 58 
6 60 
6 63 
6 76 
6 79 
6 82 
6 92 
6 94 
6 96 
6 97 
6 103 
6 104 
6 105 
6 108 
6 109 
6 110 
6 112 
6 113 
6 120 
6 128 
6 134 
6 146 
6 178 
7 2 
7 3 
7 4 
7 5 
7 6 
7 11 
7 14 
7 15 
7 16 
7 17 
7 18 
7 19 
7 21 
7 22 
7 23 
7 25 
7 26 
7 27 
7 28 
7 29 
7 30 
7 31 
7 32 
7 33 
7 34 
7 35 
7 36 
7 37 
7 39 
7 40 
7 44 
7 45 
7 48 
7 49 
7 51 
7 52 
7 54 
7 57 
7 58 
7 59 
7 60 
7 67 
7 70 
7 71 
7 75 
7 76 
7 77 
7 78 
7 79 
7 80 
7 82 
7 86 
7 89 
7 95 
7 96 
7 99 
7 100 
7 102 
7 103 
7 104 
7 105 
7 108 
7 109 
7 110 
7 112 
7 113 
7 115 
7 116 
7 119 
7 125 
7 127 
7 130 
7 133 
7 134 
7 136 
7 138 
7 139 
7 148 
7 150 
7 155 
7 158 
7 159 
7 165 
7 166 
7 168 
7 170 
7 173 
7 180 
7 182 
7 187 
7 193 
7 213 
8 2 
8 6 
8 9 
8 16 
8 18 
8 22 
8 26 
8 34 
8 44 
8 59 
8 76 
8 99 
8 109 
8 119 
8 140 
8 158 
8 180 
8 182 
9 2 
9 3 
9 4 
9 5 
9 6 
9 8 
9 9 
9 10 
9 11 
9 14 
9 15 
9 16 
9 17 
9 18 
9 19 
9 21 
9 22 
9 23 
9 25 
9 26 
9 27 
9 28 
9 29 
9 30 
9 31 
9 32 
9 33 
9 34 
9 35 
9 36 
9 37 
9 39 
9 40 
9 44 
9 45 
9 48 
9 51 
9 52 
9 54 
9 57 
9 58 
9 59 
9 60 
9 67 
9 70 
9 71 
9 75 
9 76 
9 77 
9 78 
9 80 
9 82 
9 86 
9 89 
9 95 
9 96 
9 99 
9 100 
9 103 
9 104 
9 105 
9 108 
9 109 
9 110 
9 112 
9 113 
9 115 
9 116 
9 119 
9 125 
9 127 
9 130 
9 133 
9 134 
9 138 
9 139 
9 140 
9 148 
9 158 
9 159 
9 165 
9 166 
9 168 
9 170 
9 173 
9 180 
9 182 
9 187 
9 193 
9 213 
10 2 
10 3 
10 5 
10 6 
10 8 
10 9 
10 14 
10 15 
10 18 
10 22 
10 23 
10 26 
10 27 
10 29 
10 31 
10 34 
10 35 
10 36 
10 39 
10 44 
10 45 
10 49 
10 58 
10 76 
10 79 
10 102 
10 105 
10 109 
10 136 
10 139 
10 140 
10 150 
10 155 
11 2 
11 3 
11 4 
11 7 
11 9 
11 10 
11 13 
11 14 
11 15 
11 21 
11 22 
11 23 
11 25 
11 27 
11 30 
11 33 
11 34 
11 35 
11 36 
11 37 
11 44 
11 45 
11 52 
11 63 
11 68 
11 69 
11 70 
11 73 
11 74 
11 80 
11 98 
11 102 
11 121 
11 190 
11 193 
12 6 
12 7 
12 8 
12 9 
12 23 
12 25 
12 27 
12 28 
12 29 
12 31 
12 33 
12 34 
12 36 
12 45 
12 51 
12 54 
12 59 
12 60 
12 71 
12 76 
12 78 
12 84 
12 91 
12 92 
12 99 
12 105 
12 109 
12 113 
12 119 
12 125 
12 134 
12 146 
12 150 
12 187 
12 213 
13 7 
13 9 
13 32 
13 34 
13 36 
13 42 
13 69 
13 73 
13 80 
13 83 
13 84 
13 98 
13 100 
13 117 
13 121 
13 133 
14 2 
14 3 
14 4 
14 5 
14 6 
14 7 
14 8 
14 9 
14 10 
14 11 
14 13 
14 15 
14 17 
14 21 
14 22 
14 23 
14 25 
14 26 
14 27 
14 29 
14 30 
14 31 
14 32 
14 33 
14 34 
14 35 
14 36 
14 37 
14 39 
14 40 
14 42 
14 44 
14 45 
14 48 
14 51 
14 52 
14 53 
14 54 
14 55 
14 57 
14 59 
14 60 
14 62 
14 63 
14 67 
14 68 
14 69 
14 70 
14 71 
14 73 
14 74 
14 75 
14 76 
14 78 
14 80 
14 82 
14 83 
14 84 
14 86 
14 87 
14 88 
14 90 
14 91 
14 94 
14 96 
14 98 
14 102 
14 104 
14 105 
14 109 
14 115 
14 119 
14 121 
14 125 
14 134 
14 139 
14 146 
14 148 
14 150 
14 156 
14 157 
14 158 
14 166 
14 170 
14 173 
14 180 
14 182 
14 187 
14 193 
14 212 
14 213 
15 2 
15 3 
15 4 
15 5 
15 6 
15 7 
15 8 
15 9 
15 10 
15 11 
15 13 
15 14 
15 16 
15 17 
15 18 
15 19 
15 21 
15 22 
15 23 
15 25 
15 26 
15 27 
15 30 
15 31 
15 32 
15 33 
15 34 
15 35 
15 36 
15 37 
15 39 
15 40 
15 42 
15 44 
15 45 
15 48 
15 49 
15 51 
15 52 
15 54 
15 55 
15 58 
15 59 
15 60 
15 62 
15 63 
15 67 
15 68 
15 69 
15 70 
15 71 
15 72 
15 73 
15 74 
15 75 
15 76 
15 77 
15 78 
15 79 
15 80 
15 82 
15 83 
15 84 
15 86 
15 87 
15 88 
15 89 
15 90 
15 91 
15 92 
15 95 
15 96 
15 97 
15 98 
15 100 
15 102 
15 103 
15 105 
15 108 
15 109 
15 116 
15 117 
15 119 
15 120 
15 121 
15 125 
15 130 
15 133 
15 134 
15 139 
15 146 
15 148 
15 150 
15 155 
15 156 
15 157 
15 158 
15 168 
15 182 
15 193 
15 212 
15 213 
16 6 
16 45 
16 58 
16 79 
16 95 
16 97 
16 136 
17 2 
17 3 
17 4 
17 6 
17 7 
17 8 
17 9 
17 10 
17 11 
17 14 
17 15 
17 21 
17 22 
17 23 
17 25 
17 26 
17 29 
17 30 
17 31 
17 32 
17 34 
17 36 
17 37 
17 39 
17 44 
17 45 
17 54 
17 55 
17 58 
17 62 
17 70 
17 71 
17 75 
17 80 
17 82 
17 92 
17 96 
17 99 
17 104 
17 105 
17 109 
17 110 
17 112 
17 113 
17 116 
17 119 
17 125 
17 134 
17 150 
17 155 
17 158 
17 168 
17 180 
17 187 
17 190 
17 193 
17 212 
18 2 
18 6 
18 7 
18 8 
18 9 
18 10 
18 17 
18 26 
18 27 
18 28 
18 29 
18 31 
18 34 
18 39 
18 75 
18 92 
18 130 
18 156 
18 158 
18 165 
18 212 
19 2 
19 6 
19 15 
19 23 
19 44 
19 100 
19 116 
19 119 
20 40 
21 3 
21 4 
21 5 
21 6 
21 11 
21 14 
21 22 
21 35 
21 36 
21 37 
21 44 
21 45 
21 73 
21 84 
21 109 
21 150 
22 2 
22 3 
22 4 
22 5 
22 6 
22 7 
22 8 
22 9 
22 10 
22 11 
22 13 
22 14 
22 15 
22 16 
22 17 
22 18 
22 19 
22 21 
22 23 
22 25 
22 26 
22 27 
22 28 
22 29 
22 30 
22 31 
22 32 
22 34 
22 35 
22 36 
22 37 
22 39 
22 40 
22 42 
22 44 
22 45 
22 48 
22 49 
22 51 
22 52 
22 53 
22 54 
22 55 
22 57 
22 58 
22 59 
22 60 
22 62 
22 63 
22 66 
22 67 
22 68 
22 69 
22 70 
22 73 
22 74 
22 75 
22 76 
22 77 
22 78 
22 79 
22 80 
22 82 
22 83 
22 84 
22 86 
22 87 
22 88 
22 90 
22 91 
22 94 
22 95 
22 96 
22 104 
22 105 
22 108 
22 109 
22 113 
22 115 
22 116 
22 117 
22 119 
22 121 
22 125 
22 134 
22 146 
22 148 
22 150 
22 156 
22 158 
22 181 
22 182 
22 187 
22 212 
22 213 
23 2 
23 3 
23 4 
23 5 
23 6 
23 7 
23 8 
23 9 
23 10 
23 11 
23 14 
23 15 
23 16 
23 17 
23 18 
23 21 
23 22 
23 25 
23 26 
23 27 
23 29 
23 31 
23 32 
23 34 
23 36 
23 37 
23 39 
23 44 
23 45 
23 48 
23 49 
23 60 
23 63 
23 69 
23 76 
23 79 
23 80 
23 82 
23 86 
23 105 
23 109 
23 119 
23 125 
23 134 
23 139 
23 156 
23 158 
23 165 
23 166 
23 182 
24 40 
24 72 
25 2 
25 4 
25 5 
25 6 
25 11 
25 14 
25 15 
25 21 
25 22 
25 25 
25 27 
25 33 
25 36 
25 37 
25 44 
25 45 
25 55 
25 62 
25 78 
25 84 
25 89 
25 91 
25 92 
25 94 
25 105 
25 115 
25 119 
25 125 
25 134 
25 146 
25 157 
25 158 
25 170 
25 173 
25 180 
25 187 
25 193 
26 2 
26 6 
26 7 
26 8 
26 9 
26 10 
26 14 
26 17 
26 18 
26 23 
26 26 
26 27 
26 28 
26 29 
26 31 
26 34 
26 39 
26 44 
26 45 
26 59 
26 67 
26 71 
26 92 
26 99 
26 104 
26 105 
26 109 
26 110 
26 119 
26 120 
26 125 
26 134 
26 139 
26 146 
26 150 
26 155 
26 158 
26 165 
26 166 
26 170 
26 173 
26 212 
27 2 
27 3 
27 4 
27 5 
27 6 
27 7 
27 8 
27 9 
27 10 
27 11 
27 13 
27 14 
27 15 
27 17 
27 18 
27 21 
27 22 
27 25 
27 26 
27 28 
27 29 
27 30 
27 31 
27 32 
27 34 
27 35 
27 36 
27 37 
27 40 
27 42 
27 44 
27 45 
27 51 
27 57 
27 59 
27 60 
27 62 
27 63 
27 68 
27 69 
27 70 
27 71 
27 73 
27 74 
27 76 
27 77 
27 78 
27 80 
27 82 
27 83 
27 84 
27 86 
27 87 
27 88 
27 91 
27 98 
27 100 
27 102 
27 104 
27 105 
27 109 
27 112 
27 113 
27 119 
27 121 
27 125 
27 127 
27 130 
27 134 
27 148 
27 156 
27 157 
27 158 
27 182 
27 193 
28 3 
28 6 
28 15 
28 22 
28 34 
28 44 
28 45 
28 67 
28 71 
28 92 
28 96 
28 109 
28 125 
28 134 
29 2 
29 4 
29 6 
29 7 
29 8 
29 9 
29 10 
29 11 
29 14 
29 15 
29 18 
29 21 
29 22 
29 23 
29 25 
29 26 
29 27 
29 28 
29 31 
29 33 
29 34 
29 35 
29 36 
29 37 
29 39 
29 44 
29 45 
29 62 
29 70 
29 71 
29 80 
29 92 
29 99 
29 104 
29 105 
29 109 
29 110 
29 125 
29 127 
29 134 
29 146 
29 150 
29 155 
29 156 
29 158 
29 165 
29 166 
29 182 
30 2 
30 3 
30 4 
30 6 
30 11 
30 13 
30 14 
30 15 
30 21 
30 22 
30 25 
30 26 
30 27 
30 32 
30 33 
30 35 
30 36 
30 37 
30 40 
30 42 
30 44 
30 45 
30 48 
30 51 
30 52 
30 55 
30 59 
30 60 
30 62 
30 63 
30 67 
30 68 
30 69 
30 70 
30 72 
30 73 
30 77 
30 78 
30 80 
30 82 
30 83 
30 84 
30 86 
30 87 
30 88 
30 90 
30 91 
30 98 
30 102 
30 109 
30 116 
30 117 
30 119 
30 121 
30 125 
30 133 
30 134 
30 146 
30 148 
30 150 
30 156 
30 158 
30 182 
30 187 
31 2 
31 3 
31 5 
31 6 
31 7 
31 8 
31 9 
31 10 
31 14 
31 15 
31 16 
31 17 
31 18 
31 19 
31 22 
31 23 
31 26 
31 27 
31 29 
31 32 
31 34 
31 35 
31 37 
31 39 
31 40 
31 44 
31 45 
31 49 
31 52 
31 63 
31 70 
31 72 
31 73 
31 76 
31 80 
31 87 
31 96 
31 99 
31 105 
31 109 
31 127 
31 134 
31 138 
31 139 
31 155 
31 212 
32 2 
32 6 
32 13 
32 14 
32 15 
32 17 
32 42 
32 45 
32 63 
32 68 
32 70 
32 72 
32 73 
32 83 
32 84 
32 87 
32 88 
32 98 
32 100 
32 105 
32 116 
32 117 
32 121 
32 133 
33 2 
33 25 
33 28 
33 59 
33 105 
33 112 
33 119 
33 134 
33 146 
33 158 
33 213 
34 2 
34 4 
34 6 
34 7 
34 8 
34 9 
34 10 
34 17 
34 18 
34 26 
34 27 
34 28 
34 29 
34 36 
34 39 
34 44 
34 45 
34 63 
34 80 
34 99 
34 104 
34 105 
34 109 
34 110 
34 125 
34 139 
34 155 
34 166 
34 187 
34 212 
35 2 
35 3 
35 4 
35 5 
35 6 
35 7 
35 8 
35 10 
35 11 
35 13 
35 14 
35 15 
35 16 
35 17 
35 22 
35 23 
35 25 
35 27 
35 28 
35 30 
35 31 
35 32 
35 33 
35 34 
35 36 
35 37 
35 39 
35 40 
35 42 
35 44 
35 45 
35 48 
35 49 
35 51 
35 53 
35 55 
35 58 
35 60 
35 62 
35 63 
35 66 
35 68 
35 69 
35 70 
35 76 
35 78 
35 79 
35 80 
35 82 
35 84 
35 86 
35 87 
35 88 
35 89 
35 94 
35 96 
35 98 
35 105 
35 109 
35 112 
35 113 
35 116 
35 119 
35 125 
35 134 
35 146 
35 148 
35 150 
35 156 
35 157 
35 158 
35 182 
35 187 
35 193 
35 213 
36 2 
36 3 
36 4 
36 6 
36 7 
36 9 
36 11 
36 13 
36 14 
36 15 
36 22 
36 27 
36 30 
36 35 
36 37 
36 40 
36 44 
36 45 
36 51 
36 60 
36 63 
36 69 
36 74 
36 80 
36 84 
36 87 
36 98 
36 102 
36 121 
37 2 
37 3 
37 4 
37 6 
37 7 
37 8 
37 9 
37 10 
37 13 
37 14 
37 15 
37 17 
37 18 
37 19 
37 22 
37 23 
37 25 
37 26 
37 27 
37 29 
37 30 
37 31 
37 34 
37 35 
37 36 
37 39 
37 40 
37 44 
37 45 
37 51 
37 52 
37 54 
37 59 
37 60 
37 62 
37 63 
37 70 
37 72 
37 74 
37 76 
37 78 
37 80 
37 84 
37 86 
37 87 
37 91 
37 105 
37 109 
37 125 
37 134 
37 136 
37 139 
37 156 
37 158 
37 165 
37 182 
37 212 
39 2 
39 3 
39 4 
39 6 
39 7 
39 8 
39 9 
39 10 
39 11 
39 13 
39 14 
39 15 
39 17 
39 18 
39 21 
39 22 
39 23 
39 25 
39 26 
39 27 
39 28 
39 29 
39 30 
39 31 
39 32 
39 33 
39 34 
39 35 
39 36 
39 37 
39 39 
39 44 
39 45 
39 49 
39 58 
39 62 
39 63 
39 70 
39 71 
39 76 
39 78 
39 79 
39 80 
39 87 
39 89 
39 91 
39 95 
39 99 
39 102 
39 105 
39 109 
39 117 
39 125 
39 128 
39 134 
39 139 
39 146 
39 148 
39 150 
39 155 
39 158 
39 187 
39 190 
39 212 
40 2 
40 3 
40 4 
40 6 
40 7 
40 9 
40 11 
40 13 
40 14 
40 15 
40 19 
40 22 
40 23 
40 25 
40 27 
40 32 
40 33 
40 34 
40 35 
40 36 
40 37 
40 39 
40 42 
40 44 
40 45 
40 48 
40 51 
40 52 
40 63 
40 68 
40 69 
40 70 
40 72 
40 77 
40 78 
40 80 
40 83 
40 84 
40 87 
40 88 
40 89 
40 90 
40 91 
40 92 
40 100 
40 105 
40 109 
40 117 
40 133 
40 134 
40 146 
40 148 
40 156 
40 158 
40 173 
40 193 
42 6 
42 11 
42 15 
42 32 
42 34 
42 40 
42 45 
42 48 
42 68 
42 70 
42 72 
42 73 
42 80 
42 83 
42 86 
42 98 
42 100 
42 116 
42 117 
42 121 
42 133 
43 2 
43 7 
43 8 
43 15 
43 17 
43 19 
43 25 
43 26 
43 28 
43 34 
43 44 
43 45 
43 54 
43 57 
43 71 
43 75 
43 78 
43 92 
43 104 
43 110 
43 113 
43 115 
43 116 
43 125 
43 133 
43 134 
43 150 
43 155 
43 158 
43 159 
43 173 
43 181 
43 187 
43 193 
43 212 
44 2 
44 3 
44 4 
44 5 
44 6 
44 7 
44 8 
44 9 
44 10 
44 11 
44 13 
44 14 
44 15 
44 17 
44 18 
44 21 
44 22 
44 23 
44 25 
44 26 
44 27 
44 28 
44 29 
44 30 
44 31 
44 32 
44 33 
44 34 
44 35 
44 36 
44 37 
44 39 
44 40 
44 45 
44 51 
44 52 
44 54 
44 55 
44 58 
44 59 
44 60 
44 62 
44 63 
44 67 
44 68 
44 69 
44 70 
44 71 
44 73 
44 74 
44 75 
44 76 
44 77 
44 78 
44 80 
44 82 
44 83 
44 84 
44 87 
44 88 
44 91 
44 92 
44 95 
44 96 
44 98 
44 102 
44 103 
44 104 
44 105 
44 109 
44 110 
44 112 
44 113 
44 115 
44 116 
44 119 
44 120 
44 125 
44 128 
44 133 
44 134 
44 138 
44 146 
44 148 
44 150 
44 155 
44 156 
44 157 
44 158 
44 168 
44 170 
44 178 
44 180 
44 182 
44 193 
44 212 
45 2 
45 3 
45 4 
45 5 
45 6 
45 7 
45 8 
45 9 
45 10 
45 11 
45 13 
45 14 
45 15 
45 16 
45 17 
45 18 
45 22 
45 23 
45 25 
45 26 
45 27 
45 28 
45 29 
45 30 
45 31 
45 32 
45 33 
45 34 
45 35 
45 36 
45 37 
45 39 
45 40 
45 42 
45 44 
45 48 
45 49 
45 53 
45 54 
45 55 
45 58 
45 59 
45 62 
45 66 
45 67 
45 69 
45 70 
45 71 
45 75 
45 76 
45 79 
45 80 
45 82 
45 83 
45 84 
45 89 
45 90 
45 92 
45 94 
45 95 
45 96 
45 97 
45 99 
45 102 
45 103 
45 105 
45 108 
45 109 
45 110 
45 112 
45 113 
45 116 
45 119 
45 120 
45 125 
45 127 
45 128 
45 130 
45 133 
45 134 
45 136 
45 139 
45 146 
45 150 
45 156 
45 157 
45 158 
45 165 
45 166 
45 168 
45 170 
45 173 
45 178 
45 182 
45 187 
45 193 
47 2 
47 3 
47 4 
47 6 
47 7 
47 8 
47 10 
47 14 
47 15 
47 22 
47 23 
47 26 
47 27 
47 29 
47 30 
47 31 
47 32 
47 34 
47 36 
47 37 
47 39 
47 44 
47 45 
47 63 
47 76 
47 78 
47 80 
47 87 
47 102 
47 105 
47 156 
47 182 
47 187 
48 59 
48 182 
49 4 
49 5 
49 6 
49 14 
49 15 
49 26 
49 27 
49 34 
49 39 
49 45 
49 55 
49 57 
49 58 
49 70 
49 76 
49 79 
49 94 
49 95 
49 96 
49 97 
49 103 
49 108 
49 109 
49 112 
49 113 
49 115 
49 125 
49 128 
49 133 
49 136 
49 146 
49 155 
49 170 
49 178 
49 180 
51 27 
51 37 
51 44 
51 48 
51 60 
51 77 
51 86 
51 88 
51 90 
52 3 
52 6 
52 7 
52 9 
52 13 
52 15 
52 22 
52 25 
52 35 
52 37 
52 42 
52 48 
52 51 
52 60 
52 62 
52 68 
52 71 
52 73 
52 77 
52 84 
52 86 
52 87 
52 90 
52 100 
52 116 
53 37 
55 5 
55 6 
55 16 
55 35 
55 37 
55 45 
55 55 
55 58 
55 59 
55 66 
55 76 
55 82 
55 94 
55 95 
55 96 
55 97 
55 108 
55 120 
55 127 
55 130 
55 136 
58 16 
58 45 
58 79 
58 97 
58 112 
58 120 
58 128 
58 130 
59 54 
59 170 
59 187 
60 2 
60 3 
60 6 
60 15 
60 30 
60 36 
60 37 
60 44 
60 45 
60 51 
60 77 
60 86 
60 88 
60 90 
60 105 
62 15 
62 23 
62 36 
62 44 
62 68 
63 3 
63 4 
63 5 
63 6 
63 7 
63 9 
63 10 
63 11 
63 13 
63 14 
63 15 
63 17 
63 21 
63 22 
63 23 
63 26 
63 30 
63 31 
63 32 
63 35 
63 36 
63 40 
63 42 
63 44 
63 48 
63 51 
63 52 
63 58 
63 60 
63 62 
63 68 
63 69 
63 70 
63 73 
63 76 
63 78 
63 80 
63 83 
63 84 
63 86 
63 87 
63 88 
63 90 
63 91 
63 94 
63 98 
63 102 
63 117 
63 121 
63 125 
63 146 
63 158 
63 182 
63 187 
64 103 
64 112 
64 120 
64 130 
65 45 
65 58 
65 97 
65 103 
65 120 
65 127 
65 128 
66 2 
66 35 
66 45 
66 55 
66 58 
66 97 
67 6 
67 44 
67 45 
67 59 
67 70 
68 3 
68 4 
68 6 
68 7 
68 9 
68 13 
68 15 
68 17 
68 22 
68 27 
68 30 
68 32 
68 36 
68 39 
68 44 
68 45 
68 48 
68 52 
68 59 
68 62 
68 70 
68 80 
68 84 
68 86 
68 90 
68 96 
68 98 
68 121 
68 148 
68 158 
69 3 
69 14 
69 15 
69 22 
69 30 
69 32 
69 36 
69 37 
69 45 
69 48 
69 51 
69 52 
69 60 
69 63 
69 68 
69 73 
69 77 
69 80 
69 84 
69 86 
69 87 
69 88 
69 90 
69 98 
69 100 
69 116 
69 121 
69 134 
69 158 
70 2 
70 4 
70 5 
70 6 
70 7 
70 9 
70 14 
70 22 
70 32 
70 37 
70 39 
70 40 
70 42 
70 44 
70 45 
70 52 
70 58 
70 71 
70 76 
70 109 
71 44 
71 92 
71 113 
72 117 
73 2 
73 3 
73 11 
73 14 
73 15 
73 21 
73 23 
73 30 
73 32 
73 35 
73 42 
73 44 
73 45 
73 62 
73 63 
73 68 
73 69 
73 82 
73 83 
73 98 
73 102 
73 117 
73 121 
73 133 
74 4 
74 14 
74 37 
74 80 
74 90 
74 91 
74 156 
74 182 
75 168 
76 6 
76 7 
76 9 
76 14 
76 16 
76 29 
76 31 
76 44 
76 45 
76 49 
76 55 
76 58 
76 66 
76 70 
76 79 
76 80 
76 94 
76 95 
76 96 
76 97 
76 103 
76 108 
76 112 
76 120 
76 125 
76 127 
76 128 
76 130 
76 134 
76 136 
76 158 
76 182 
77 48 
78 4 
78 6 
78 54 
78 158 
79 16 
79 45 
79 58 
79 97 
80 3 
80 4 
80 11 
80 13 
80 14 
80 15 
80 27 
80 35 
80 36 
80 37 
80 39 
80 45 
80 102 
81 16 
81 58 
81 94 
81 102 
81 103 
82 3 
82 4 
82 5 
82 6 
82 7 
82 13 
82 14 
82 15 
82 30 
82 35 
82 37 
82 44 
82 45 
82 51 
82 53 
82 74 
82 78 
82 140 
82 158 
82 187 
82 193 
83 32 
83 68 
83 84 
84 6 
84 14 
84 22 
84 35 
84 44 
84 52 
84 60 
84 62 
84 63 
84 68 
84 69 
84 73 
84 83 
84 87 
84 88 
84 134 
84 148 
84 156 
85 48 
86 2 
86 6 
86 37 
86 44 
86 51 
86 52 
86 60 
86 68 
86 69 
86 77 
86 84 
86 87 
86 88 
86 90 
87 30 
87 32 
87 40 
87 42 
87 44 
87 52 
87 60 
87 63 
87 69 
87 73 
87 84 
87 117 
88 3 
88 6 
88 7 
88 8 
88 14 
88 15 
88 22 
88 27 
88 48 
88 51 
88 52 
88 60 
88 63 
88 70 
88 77 
88 86 
88 90 
89 6 
89 14 
89 15 
89 25 
89 30 
89 36 
89 40 
89 44 
89 45 
89 48 
89 62 
89 63 
89 80 
89 83 
89 91 
89 94 
89 125 
89 146 
89 158 
90 2 
90 6 
90 15 
90 36 
90 37 
90 45 
90 48 
90 51 
90 52 
90 60 
90 62 
90 68 
90 69 
90 70 
90 77 
90 82 
90 84 
90 86 
90 88 
91 2 
91 22 
91 45 
91 78 
91 119 
91 134 
91 156 
92 75 
92 159 
93 14 
93 17 
93 21 
93 28 
93 33 
93 36 
93 48 
93 53 
93 59 
93 77 
93 90 
93 91 
93 96 
93 97 
93 109 
94 34 
94 55 
94 127 
95 2 
95 5 
95 6 
95 14 
95 15 
95 22 
95 35 
95 36 
95 37 
95 44 
95 45 
95 49 
95 55 
95 96 
95 150 
95 156 
95 182 
96 5 
96 7 
96 8 
96 16 
96 36 
96 45 
96 49 
96 55 
96 58 
96 66 
96 76 
96 94 
96 95 
96 97 
96 100 
96 105 
96 108 
96 109 
96 112 
97 6 
97 16 
97 45 
97 58 
97 76 
97 79 
97 136 
98 13 
98 73 
98 121 
98 148 
99 6 
99 105 
99 165 
99 166 
99 182 
100 193 
101 16 
101 35 
101 58 
101 79 
101 97 
102 128 
103 44 
103 45 
103 112 
103 178 
105 2 
105 7 
105 8 
105 9 
105 17 
105 21 
105 29 
105 31 
105 34 
105 44 
105 45 
105 99 
105 105 
105 134 
105 156 
105 165 
105 166 
105 168 
105 182 
108 4 
108 5 
108 6 
108 14 
108 22 
108 23 
108 31 
108 34 
108 35 
108 36 
108 44 
108 45 
108 55 
108 58 
108 66 
108 76 
108 79 
108 94 
108 95 
108 96 
108 105 
108 134 
109 2 
109 6 
109 7 
109 9 
109 14 
109 17 
109 21 
109 25 
109 26 
109 29 
109 34 
109 44 
109 45 
109 54 
109 59 
109 62 
109 67 
109 71 
109 75 
109 92 
109 99 
109 104 
109 105 
109 109 
109 113 
109 115 
109 119 
109 138 
109 150 
109 158 
109 168 
109 187 
109 212 
109 213 
110 2 
110 4 
110 6 
110 17 
110 22 
110 37 
110 44 
110 80 
110 105 
110 134 
110 146 
110 212 
112 6 
112 45 
112 55 
112 58 
112 103 
112 120 
112 127 
112 128 
112 130 
112 178 
113 75 
113 92 
114 5 
114 6 
114 42 
114 45 
114 49 
114 58 
114 94 
114 103 
114 108 
114 117 
114 156 
114 182 
115 75 
115 168 
116 14 
116 32 
117 42 
117 73 
117 83 
117 116 
117 121 
119 6 
119 44 
119 45 
119 213 
120 128 
121 13 
121 30 
121 32 
121 45 
121 70 
121 73 
121 87 
121 98 
121 133 
124 2 
124 6 
124 21 
124 44 
124 62 
124 119 
124 138 
125 28 
125 71 
125 134 
125 150 
125 158 
127 27 
128 120 
128 178 
129 27 
129 127 
129 193 
130 14 
130 128 
135 2 
135 6 
135 15 
135 17 
135 22 
135 25 
135 26 
135 31 
135 33 
135 34 
135 35 
135 36 
135 44 
135 45 
135 62 
135 68 
135 105 
135 109 
135 134 
135 139 
135 146 
135 158 
135 212 
138 168 
139 187 
141 28 
145 193 
146 2 
146 6 
146 11 
146 36 
146 44 
146 45 
146 70 
146 158 
148 15 
148 125 
148 134 
148 146 
148 193 
150 104 
150 119 
150 134 
150 158 
152 168 
153 26 
153 34 
155 17 
155 44 
155 190 
156 166 
158 17 
158 134 
163 156 
168 44 
168 109 
168 138 
169 6 
172 30 
172 125 
172 134 
172 146 
172 158 
173 157 
174 134 
186 146 
187 4 
187 45 
187 119 
187 193 
191 95 
202 7 
202 9 
203 37 
204 59 
