1 28 
2 2 
2 6 
2 7 
2 8 
2 10 
2 14 
2 17 
2 18 
2 22 
2 23 
2 26 
2 27 
2 29 
2 32 
2 34 
2 39 
2 44 
2 45 
2 51 
2 77 
2 80 
2 99 
2 105 
2 110 
2 116 
2 134 
2 139 
2 156 
2 158 
2 166 
2 182 
2 212 
3 14 
3 15 
3 17 
3 22 
3 30 
3 37 
3 52 
3 63 
3 68 
3 69 
3 84 
3 87 
3 88 
4 3 
4 6 
4 11 
4 13 
4 14 
4 15 
4 21 
4 22 
4 27 
4 30 
4 35 
4 36 
4 37 
4 44 
4 52 
4 57 
4 63 
4 73 
4 74 
4 88 
4 121 
4 158 
5 6 
5 14 
5 21 
5 22 
5 27 
5 32 
5 33 
5 35 
5 37 
5 39 
5 44 
5 68 
5 77 
5 80 
5 82 
5 86 
5 117 
5 158 
6 6 
6 7 
6 8 
6 45 
7 2 
7 6 
7 17 
7 18 
7 19 
7 26 
7 29 
7 32 
7 33 
7 34 
7 36 
7 39 
7 44 
7 45 
7 66 
7 72 
7 80 
7 97 
7 110 
7 117 
7 125 
7 134 
7 139 
7 146 
7 155 
7 158 
7 170 
7 213 
8 6 
8 18 
8 26 
8 34 
8 97 
8 110 
8 140 
9 2 
9 6 
9 8 
9 17 
9 18 
9 19 
9 26 
9 29 
9 32 
9 33 
9 34 
9 36 
9 39 
9 44 
9 45 
9 66 
9 72 
9 80 
9 110 
9 117 
9 125 
9 134 
9 139 
9 140 
9 146 
9 158 
9 170 
9 213 
10 6 
10 8 
10 9 
10 18 
10 26 
10 29 
10 34 
10 139 
10 155 
11 13 
11 15 
11 27 
11 36 
11 44 
11 73 
11 98 
11 102 
12 2 
12 3 
12 4 
12 6 
12 7 
12 8 
12 11 
12 13 
12 14 
12 15 
12 17 
12 18 
12 19 
12 21 
12 22 
12 26 
12 27 
12 30 
12 32 
12 33 
12 34 
12 35 
12 36 
12 37 
12 42 
12 44 
12 51 
12 54 
12 57 
12 59 
12 60 
12 62 
12 63 
12 67 
12 71 
12 72 
12 73 
12 77 
12 80 
12 82 
12 83 
12 84 
12 86 
12 88 
12 89 
12 91 
12 92 
12 98 
12 100 
12 102 
12 116 
12 117 
12 121 
12 125 
12 133 
12 134 
12 139 
12 146 
12 148 
12 150 
12 158 
12 187 
12 212 
12 213 
13 36 
13 98 
13 121 
14 3 
14 4 
14 7 
14 8 
14 11 
14 13 
14 15 
14 21 
14 22 
14 27 
14 30 
14 35 
14 36 
14 37 
14 44 
14 45 
14 54 
14 57 
14 63 
14 69 
14 73 
14 74 
14 80 
14 82 
14 87 
14 88 
14 104 
14 109 
14 119 
14 134 
14 150 
14 180 
14 187 
15 3 
15 4 
15 11 
15 13 
15 14 
15 21 
15 22 
15 27 
15 30 
15 35 
15 36 
15 37 
15 44 
15 45 
15 52 
15 63 
15 68 
15 69 
15 73 
15 74 
15 82 
15 84 
15 87 
15 88 
15 98 
15 212 
16 6 
17 125 
17 134 
17 155 
17 158 
17 190 
17 212 
18 26 
19 15 
19 32 
19 36 
19 37 
19 40 
19 116 
19 117 
19 125 
19 133 
19 134 
21 15 
21 27 
21 30 
21 44 
21 87 
21 121 
22 3 
22 4 
22 6 
22 11 
22 13 
22 14 
22 15 
22 21 
22 23 
22 26 
22 27 
22 30 
22 32 
22 34 
22 35 
22 36 
22 37 
22 42 
22 44 
22 45 
22 48 
22 51 
22 52 
22 60 
22 62 
22 63 
22 68 
22 69 
22 73 
22 74 
22 77 
22 80 
22 82 
22 83 
22 84 
22 86 
22 87 
22 88 
22 90 
22 98 
22 102 
22 117 
22 121 
22 134 
22 148 
22 150 
22 168 
23 7 
23 8 
23 10 
23 26 
23 32 
23 34 
23 35 
25 15 
25 25 
25 33 
25 89 
25 125 
25 134 
25 146 
25 158 
26 26 
26 34 
26 139 
26 212 
27 3 
27 4 
27 6 
27 7 
27 8 
27 11 
27 13 
27 14 
27 15 
27 21 
27 22 
27 25 
27 26 
27 30 
27 32 
27 35 
27 36 
27 37 
27 44 
27 52 
27 60 
27 62 
27 63 
27 68 
27 69 
27 73 
27 74 
27 82 
27 84 
27 87 
27 88 
27 98 
27 100 
27 104 
27 117 
27 121 
27 127 
27 148 
27 158 
28 6 
28 7 
28 8 
28 18 
28 26 
28 27 
28 29 
28 34 
28 44 
28 71 
28 133 
28 134 
28 139 
28 158 
30 11 
30 14 
30 15 
30 22 
30 27 
30 35 
30 36 
30 44 
30 52 
30 63 
30 68 
30 73 
30 87 
30 98 
30 121 
31 6 
31 7 
31 8 
31 18 
31 34 
31 139 
32 72 
32 73 
33 26 
33 51 
33 60 
33 77 
33 80 
33 125 
33 134 
33 139 
33 158 
33 168 
33 212 
34 7 
34 8 
34 18 
34 26 
34 139 
34 212 
35 3 
35 4 
35 5 
35 6 
35 11 
35 13 
35 14 
35 15 
35 21 
35 22 
35 25 
35 26 
35 27 
35 30 
35 31 
35 32 
35 33 
35 34 
35 36 
35 37 
35 42 
35 44 
35 51 
35 52 
35 53 
35 54 
35 58 
35 59 
35 60 
35 62 
35 63 
35 68 
35 69 
35 73 
35 74 
35 77 
35 80 
35 82 
35 83 
35 84 
35 86 
35 87 
35 88 
35 97 
35 98 
35 102 
35 116 
35 117 
35 121 
35 134 
35 146 
35 148 
35 157 
35 158 
35 213 
36 11 
36 13 
36 14 
36 15 
36 27 
36 30 
36 35 
36 121 
36 159 
37 3 
37 14 
37 26 
37 27 
37 35 
37 146 
37 158 
39 5 
39 7 
39 8 
39 18 
39 26 
39 34 
39 39 
39 116 
39 212 
40 3 
40 4 
40 6 
40 14 
40 15 
40 19 
40 26 
40 27 
40 30 
40 32 
40 33 
40 34 
40 36 
40 37 
40 42 
40 44 
40 45 
40 48 
40 51 
40 52 
40 60 
40 63 
40 69 
40 72 
40 73 
40 77 
40 80 
40 83 
40 84 
40 86 
40 87 
40 88 
40 90 
40 100 
40 102 
40 109 
40 117 
40 121 
40 125 
40 133 
40 134 
40 146 
40 158 
42 168 
43 17 
43 19 
43 125 
43 134 
43 158 
43 168 
43 212 
44 4 
44 11 
44 14 
44 15 
44 21 
44 22 
44 27 
44 30 
44 35 
44 36 
44 37 
44 60 
44 63 
44 87 
44 128 
45 2 
45 4 
45 6 
45 7 
45 8 
45 9 
45 10 
45 14 
45 16 
45 17 
45 18 
45 23 
45 26 
45 27 
45 28 
45 29 
45 31 
45 32 
45 33 
45 34 
45 37 
45 39 
45 55 
45 58 
45 66 
45 76 
45 79 
45 96 
45 97 
45 102 
45 105 
45 108 
45 110 
45 125 
45 127 
45 128 
45 134 
45 139 
45 156 
45 158 
45 178 
45 182 
47 32 
47 105 
47 139 
48 68 
49 4 
49 6 
49 7 
49 8 
49 9 
49 11 
49 14 
49 15 
49 18 
49 21 
49 22 
49 25 
49 26 
49 27 
49 29 
49 30 
49 32 
49 33 
49 34 
49 35 
49 36 
49 37 
49 42 
49 44 
49 48 
49 49 
49 51 
49 52 
49 53 
49 60 
49 62 
49 68 
49 72 
49 73 
49 77 
49 78 
49 80 
49 82 
49 83 
49 84 
49 86 
49 88 
49 90 
49 102 
49 116 
49 117 
49 121 
49 125 
49 134 
49 139 
49 146 
49 148 
49 158 
52 15 
52 63 
52 68 
52 73 
52 84 
52 121 
54 100 
55 6 
55 14 
55 37 
55 45 
55 66 
55 127 
58 6 
58 32 
58 77 
58 79 
59 57 
60 35 
60 88 
61 14 
62 3 
62 4 
62 15 
62 19 
62 21 
62 22 
62 26 
62 27 
62 30 
62 32 
62 36 
62 37 
62 40 
62 42 
62 44 
62 51 
62 60 
62 63 
62 68 
62 69 
62 80 
62 83 
62 86 
62 87 
62 117 
62 148 
63 15 
63 27 
63 30 
63 35 
63 68 
63 69 
63 73 
63 84 
63 87 
63 98 
63 121 
63 158 
64 14 
65 6 
65 14 
65 45 
65 128 
66 6 
66 37 
66 45 
67 37 
68 3 
68 4 
68 6 
68 11 
68 13 
68 14 
68 15 
68 21 
68 22 
68 27 
68 30 
68 32 
68 33 
68 35 
68 36 
68 42 
68 44 
68 48 
68 51 
68 52 
68 60 
68 62 
68 63 
68 69 
68 73 
68 77 
68 80 
68 83 
68 84 
68 86 
68 87 
68 88 
68 90 
68 100 
68 102 
68 116 
68 117 
68 158 
69 15 
69 63 
69 68 
69 84 
69 87 
70 4 
70 6 
70 13 
70 14 
70 15 
70 21 
70 22 
70 27 
70 32 
70 36 
70 37 
70 42 
70 44 
70 45 
70 49 
70 51 
70 60 
70 62 
70 77 
70 80 
70 84 
70 88 
70 100 
70 102 
70 109 
70 110 
70 117 
71 92 
73 11 
73 15 
73 30 
73 36 
73 40 
73 98 
73 117 
73 121 
74 4 
74 14 
74 15 
75 168 
76 6 
76 16 
76 27 
76 37 
76 44 
76 45 
76 49 
76 146 
78 4 
78 6 
78 13 
78 14 
78 15 
78 21 
78 27 
78 30 
78 32 
78 33 
78 35 
78 36 
78 37 
78 42 
78 44 
78 45 
78 51 
78 59 
78 60 
78 72 
78 73 
78 77 
78 80 
78 82 
78 83 
78 86 
78 88 
78 102 
78 116 
78 117 
78 119 
78 158 
78 187 
79 58 
79 97 
80 30 
80 35 
80 36 
81 14 
82 4 
82 14 
82 15 
82 22 
82 27 
82 30 
82 35 
82 37 
82 42 
82 44 
82 53 
82 74 
82 80 
82 117 
84 22 
84 35 
84 52 
84 63 
84 68 
84 69 
84 87 
87 3 
87 30 
87 63 
87 69 
87 84 
87 88 
88 3 
88 15 
88 22 
88 35 
88 60 
88 63 
88 69 
88 84 
88 86 
88 87 
89 6 
89 25 
89 32 
89 33 
89 36 
89 42 
89 62 
89 69 
89 83 
89 90 
89 100 
89 116 
89 117 
89 125 
89 134 
89 146 
89 158 
90 51 
90 60 
90 77 
90 84 
91 14 
91 15 
91 32 
91 37 
91 134 
92 80 
93 14 
93 21 
93 27 
93 33 
93 77 
93 127 
93 148 
94 55 
94 127 
96 4 
96 6 
96 7 
96 8 
96 14 
96 15 
96 16 
96 22 
96 23 
96 27 
96 29 
96 31 
96 32 
96 33 
96 35 
96 44 
96 45 
96 49 
96 55 
96 58 
96 66 
96 80 
96 83 
96 86 
96 97 
96 108 
96 117 
96 134 
96 146 
96 158 
97 16 
98 13 
98 73 
98 121 
100 116 
100 117 
100 133 
101 6 
101 14 
101 16 
101 97 
103 6 
103 37 
103 44 
103 127 
103 128 
104 60 
105 7 
105 8 
105 18 
105 23 
105 26 
105 29 
105 99 
105 105 
105 110 
105 156 
105 158 
105 165 
105 166 
105 182 
108 6 
108 14 
108 15 
108 16 
108 22 
108 27 
108 32 
108 44 
108 45 
108 55 
108 58 
108 66 
108 80 
108 82 
108 97 
109 3 
109 4 
109 6 
109 7 
109 8 
109 9 
109 10 
109 11 
109 13 
109 14 
109 15 
109 17 
109 18 
109 19 
109 21 
109 22 
109 23 
109 25 
109 26 
109 27 
109 30 
109 31 
109 32 
109 33 
109 34 
109 35 
109 36 
109 37 
109 42 
109 44 
109 45 
109 48 
109 51 
109 52 
109 53 
109 54 
109 57 
109 59 
109 60 
109 62 
109 63 
109 68 
109 71 
109 72 
109 73 
109 75 
109 77 
109 80 
109 82 
109 83 
109 84 
109 86 
109 90 
109 92 
109 98 
109 100 
109 102 
109 104 
109 110 
109 113 
109 115 
109 116 
109 117 
109 119 
109 121 
109 125 
109 133 
109 134 
109 138 
109 139 
109 146 
109 148 
109 150 
109 157 
109 158 
109 168 
109 180 
109 187 
109 212 
110 212 
111 51 
111 60 
113 71 
113 92 
114 4 
114 5 
114 6 
114 7 
114 8 
114 11 
114 14 
114 15 
114 18 
114 22 
114 26 
114 27 
114 32 
114 33 
114 35 
114 36 
114 37 
114 42 
114 44 
114 48 
114 51 
114 53 
114 60 
114 62 
114 68 
114 73 
114 77 
114 80 
114 82 
114 83 
114 86 
114 102 
114 117 
114 125 
114 146 
114 158 
115 37 
115 168 
117 73 
119 44 
119 59 
119 157 
119 170 
120 127 
120 128 
121 15 
121 30 
121 73 
121 98 
124 11 
124 157 
125 158 
130 14 
135 34 
136 14 
136 16 
136 44 
142 57 
146 125 
146 134 
146 158 
148 15 
150 110 
152 22 
152 26 
152 27 
152 32 
152 44 
153 29 
153 39 
154 139 
163 7 
163 10 
163 14 
163 22 
163 27 
163 32 
163 33 
163 36 
163 44 
163 60 
163 73 
163 80 
163 82 
163 84 
163 100 
163 158 
168 6 
168 14 
168 22 
168 27 
168 32 
168 35 
168 37 
168 42 
168 44 
168 48 
168 60 
168 73 
168 75 
168 77 
168 80 
168 82 
168 83 
168 86 
168 109 
168 115 
168 117 
168 134 
168 158 
169 14 
169 157 
170 157 
173 180 
174 134 
178 128 
203 37 
204 59 
