2 2 
2 7 
2 9 
2 10 
2 18 
2 23 
2 26 
2 29 
2 31 
2 34 
2 39 
2 44 
2 45 
2 99 
2 105 
2 156 
2 166 
3 4 
3 11 
3 15 
3 22 
3 30 
3 32 
3 36 
3 37 
3 52 
3 63 
3 68 
3 69 
3 74 
3 80 
3 84 
3 87 
3 88 
4 3 
4 7 
4 10 
4 11 
4 13 
4 14 
4 15 
4 21 
4 22 
4 25 
4 27 
4 30 
4 32 
4 35 
4 36 
4 37 
4 44 
4 54 
4 59 
4 60 
4 62 
4 63 
4 68 
4 70 
4 74 
4 78 
4 80 
4 87 
4 88 
4 91 
4 102 
4 104 
4 119 
4 121 
4 148 
4 150 
4 156 
4 182 
5 6 
5 49 
5 94 
5 96 
5 108 
5 112 
5 130 
6 2 
6 6 
6 7 
6 8 
6 9 
6 10 
6 15 
6 17 
6 22 
6 23 
6 25 
6 26 
6 31 
6 32 
6 34 
6 39 
6 45 
6 55 
6 58 
6 66 
6 68 
6 76 
6 79 
6 82 
6 97 
6 105 
6 108 
6 112 
6 119 
6 120 
6 125 
6 134 
6 146 
7 6 
7 11 
7 13 
7 15 
7 23 
7 34 
7 44 
7 45 
7 70 
7 80 
7 105 
7 119 
8 6 
8 45 
8 119 
8 140 
9 6 
9 10 
9 11 
9 13 
9 15 
9 34 
9 44 
9 45 
9 70 
9 80 
9 105 
9 140 
10 6 
10 23 
10 45 
10 140 
11 4 
11 5 
11 13 
11 14 
11 15 
11 27 
11 29 
11 35 
11 36 
11 37 
11 40 
11 76 
11 80 
11 87 
11 102 
12 150 
12 213 
13 32 
13 36 
13 44 
13 73 
13 80 
13 98 
13 121 
14 3 
14 4 
14 5 
14 6 
14 7 
14 9 
14 11 
14 13 
14 15 
14 19 
14 21 
14 22 
14 23 
14 25 
14 27 
14 30 
14 31 
14 32 
14 33 
14 34 
14 35 
14 36 
14 37 
14 40 
14 42 
14 44 
14 45 
14 54 
14 57 
14 59 
14 62 
14 63 
14 68 
14 70 
14 73 
14 74 
14 76 
14 78 
14 80 
14 82 
14 84 
14 87 
14 88 
14 91 
14 102 
14 104 
14 109 
14 119 
14 121 
14 134 
14 148 
14 150 
14 156 
14 157 
14 158 
14 180 
14 182 
14 187 
14 213 
15 3 
15 4 
15 5 
15 6 
15 7 
15 9 
15 10 
15 11 
15 13 
15 14 
15 18 
15 21 
15 22 
15 23 
15 27 
15 29 
15 30 
15 32 
15 34 
15 35 
15 36 
15 37 
15 39 
15 40 
15 42 
15 44 
15 45 
15 49 
15 52 
15 54 
15 59 
15 60 
15 63 
15 66 
15 68 
15 69 
15 70 
15 73 
15 74 
15 76 
15 80 
15 83 
15 84 
15 86 
15 87 
15 88 
15 90 
15 98 
15 100 
15 102 
15 108 
15 117 
15 121 
15 148 
15 182 
16 58 
16 97 
17 2 
17 6 
17 7 
17 10 
17 14 
17 15 
17 23 
17 25 
17 34 
17 37 
17 39 
17 44 
17 45 
17 71 
17 80 
17 99 
17 105 
17 109 
17 110 
17 112 
17 113 
17 125 
17 130 
17 134 
17 138 
17 150 
17 155 
17 158 
17 168 
17 190 
18 33 
18 37 
18 39 
19 34 
21 4 
21 44 
21 87 
22 3 
22 4 
22 6 
22 11 
22 13 
22 14 
22 15 
22 17 
22 27 
22 30 
22 31 
22 35 
22 36 
22 37 
22 42 
22 44 
22 45 
22 48 
22 51 
22 52 
22 54 
22 58 
22 60 
22 63 
22 68 
22 70 
22 80 
22 84 
22 86 
22 87 
22 88 
22 102 
22 148 
22 156 
23 7 
23 9 
23 10 
23 17 
23 18 
23 26 
23 27 
23 31 
23 32 
23 34 
23 39 
23 45 
23 140 
26 2 
26 18 
26 27 
26 31 
26 33 
26 34 
26 39 
26 49 
26 62 
26 80 
26 105 
26 155 
26 156 
26 173 
27 2 
27 3 
27 4 
27 5 
27 6 
27 7 
27 10 
27 11 
27 13 
27 14 
27 15 
27 21 
27 22 
27 23 
27 30 
27 31 
27 32 
27 33 
27 34 
27 35 
27 36 
27 37 
27 40 
27 44 
27 45 
27 62 
27 63 
27 66 
27 68 
27 69 
27 70 
27 73 
27 74 
27 76 
27 80 
27 82 
27 84 
27 86 
27 87 
27 98 
27 102 
27 109 
27 125 
27 130 
27 148 
27 158 
28 6 
28 31 
28 68 
28 80 
28 110 
28 134 
29 6 
30 3 
30 11 
30 15 
30 21 
30 22 
30 27 
30 35 
30 37 
30 44 
30 45 
30 63 
30 69 
30 73 
30 80 
30 84 
30 87 
30 88 
30 98 
30 121 
31 2 
31 6 
31 32 
31 45 
31 158 
32 3 
32 6 
32 15 
32 22 
32 27 
32 37 
32 68 
32 73 
32 98 
32 117 
32 121 
34 2 
34 7 
34 10 
34 17 
34 18 
34 19 
34 26 
34 29 
34 39 
34 105 
34 119 
34 134 
34 150 
34 155 
35 4 
35 6 
35 11 
35 14 
35 15 
35 22 
35 27 
35 30 
35 36 
35 44 
35 45 
35 55 
35 58 
35 62 
35 73 
35 76 
35 78 
35 82 
35 103 
35 108 
35 109 
35 113 
35 121 
35 125 
35 213 
36 4 
36 6 
36 11 
36 13 
36 14 
36 15 
36 22 
36 23 
36 27 
36 29 
36 30 
36 32 
36 35 
36 42 
36 44 
36 45 
36 51 
36 52 
36 60 
36 63 
36 76 
36 80 
36 86 
36 98 
36 102 
37 3 
37 6 
37 14 
37 15 
37 18 
37 22 
37 23 
37 34 
37 45 
37 71 
37 78 
37 80 
39 26 
40 2 
40 25 
40 31 
40 34 
40 36 
40 55 
40 70 
40 80 
40 187 
42 3 
42 15 
42 30 
42 32 
42 59 
42 63 
42 70 
42 73 
42 117 
42 155 
43 6 
43 7 
43 9 
43 14 
43 19 
43 22 
43 25 
43 26 
43 33 
43 34 
43 45 
43 71 
43 92 
43 113 
43 125 
43 134 
43 150 
43 158 
44 2 
44 4 
44 5 
44 6 
44 11 
44 13 
44 14 
44 15 
44 18 
44 21 
44 22 
44 25 
44 26 
44 27 
44 30 
44 32 
44 33 
44 34 
44 35 
44 36 
44 37 
44 39 
44 40 
44 45 
44 62 
44 69 
44 70 
44 71 
44 80 
44 88 
44 105 
44 119 
44 121 
44 148 
45 4 
45 5 
45 6 
45 7 
45 8 
45 9 
45 10 
45 14 
45 16 
45 22 
45 23 
45 25 
45 26 
45 27 
45 30 
45 31 
45 34 
45 39 
45 44 
45 49 
45 55 
45 58 
45 66 
45 68 
45 70 
45 76 
45 79 
45 82 
45 94 
45 95 
45 96 
45 97 
45 102 
45 103 
45 105 
45 108 
45 112 
45 119 
45 128 
45 136 
45 140 
45 146 
45 157 
45 158 
45 178 
45 182 
47 15 
47 39 
49 5 
49 15 
49 27 
49 96 
51 3 
51 60 
51 69 
51 88 
52 22 
52 40 
52 62 
52 73 
52 87 
55 45 
58 16 
60 3 
60 36 
60 51 
60 86 
60 88 
63 3 
63 15 
63 22 
63 30 
63 60 
63 69 
63 73 
63 84 
63 87 
63 88 
66 55 
66 58 
68 22 
68 30 
68 62 
69 3 
69 15 
69 27 
69 30 
69 32 
69 63 
69 84 
69 87 
69 88 
69 90 
73 3 
73 13 
73 15 
73 22 
73 30 
73 36 
73 44 
73 63 
73 69 
73 80 
73 87 
73 98 
73 121 
74 15 
76 6 
76 31 
76 45 
76 55 
76 58 
76 97 
78 35 
79 59 
80 36 
82 14 
82 35 
82 44 
83 15 
83 52 
84 3 
84 22 
84 27 
84 30 
84 44 
84 52 
84 68 
84 69 
84 70 
84 87 
86 3 
86 15 
86 68 
86 69 
86 77 
86 88 
87 3 
87 30 
87 52 
87 63 
87 69 
87 73 
87 88 
87 90 
88 22 
88 44 
88 51 
88 60 
88 69 
88 77 
88 86 
88 90 
89 84 
93 19 
93 33 
93 59 
93 77 
96 55 
96 66 
96 108 
98 13 
98 27 
98 73 
98 121 
99 2 
99 6 
99 45 
99 105 
99 166 
101 16 
105 34 
107 5 
107 27 
107 34 
109 15 
109 75 
109 110 
109 115 
109 119 
109 138 
109 150 
114 45 
117 3 
117 15 
117 30 
117 42 
117 63 
117 73 
117 80 
117 98 
117 121 
121 30 
121 32 
121 73 
121 87 
121 98 
125 25 
135 2 
135 6 
135 22 
135 25 
135 26 
135 33 
135 34 
135 36 
135 44 
135 45 
135 109 
135 134 
135 146 
135 158 
146 25 
152 75 
155 17 
172 19 
210 55 
