1 78 
2 2 
2 6 
2 7 
2 8 
2 9 
2 14 
2 15 
2 17 
2 18 
2 23 
2 25 
2 26 
2 27 
2 28 
2 29 
2 31 
2 34 
2 37 
2 39 
2 44 
2 45 
2 55 
2 60 
2 62 
2 63 
2 68 
2 99 
2 105 
2 109 
2 110 
2 125 
2 150 
2 156 
2 158 
2 165 
2 166 
2 182 
2 212 
3 4 
3 6 
3 7 
3 8 
3 10 
3 11 
3 14 
3 15 
3 18 
3 21 
3 22 
3 23 
3 25 
3 26 
3 27 
3 30 
3 31 
3 32 
3 35 
3 36 
3 37 
3 45 
3 48 
3 51 
3 52 
3 60 
3 63 
3 68 
3 69 
3 70 
3 73 
3 74 
3 77 
3 80 
3 82 
3 84 
3 86 
3 87 
3 88 
3 90 
3 98 
3 102 
3 109 
3 117 
3 121 
3 133 
3 134 
3 158 
4 2 
4 3 
4 6 
4 7 
4 8 
4 9 
4 11 
4 13 
4 14 
4 15 
4 16 
4 22 
4 27 
4 30 
4 32 
4 33 
4 34 
4 35 
4 36 
4 37 
4 40 
4 44 
4 45 
4 54 
4 59 
4 60 
4 63 
4 68 
4 69 
4 70 
4 74 
4 76 
4 78 
4 80 
4 82 
4 83 
4 84 
4 87 
4 88 
4 91 
4 92 
4 94 
4 102 
4 105 
4 119 
4 130 
4 150 
4 156 
4 157 
4 158 
4 180 
4 181 
4 182 
5 1 
5 2 
5 3 
5 6 
5 7 
5 9 
5 14 
5 15 
5 23 
5 26 
5 27 
5 36 
5 37 
5 39 
5 44 
5 45 
5 49 
5 51 
5 53 
5 59 
5 60 
5 72 
5 78 
5 80 
5 82 
5 94 
5 95 
5 96 
5 108 
5 109 
5 156 
5 193 
6 1 
6 2 
6 3 
6 4 
6 5 
6 6 
6 7 
6 8 
6 9 
6 10 
6 13 
6 14 
6 15 
6 18 
6 21 
6 23 
6 25 
6 26 
6 27 
6 31 
6 34 
6 36 
6 37 
6 39 
6 42 
6 44 
6 45 
6 55 
6 62 
6 76 
6 80 
6 82 
6 87 
6 88 
6 95 
6 96 
6 103 
6 105 
6 109 
6 112 
6 121 
6 127 
6 128 
6 140 
6 146 
6 148 
6 158 
6 178 
6 182 
7 1 
7 2 
7 3 
7 4 
7 5 
7 6 
7 11 
7 13 
7 14 
7 15 
7 16 
7 17 
7 18 
7 19 
7 21 
7 22 
7 23 
7 25 
7 26 
7 27 
7 28 
7 29 
7 30 
7 31 
7 32 
7 33 
7 34 
7 35 
7 36 
7 37 
7 39 
7 40 
7 42 
7 44 
7 45 
7 48 
7 49 
7 51 
7 52 
7 54 
7 55 
7 57 
7 58 
7 59 
7 60 
7 62 
7 63 
7 66 
7 67 
7 68 
7 69 
7 70 
7 71 
7 72 
7 73 
7 75 
7 76 
7 77 
7 78 
7 80 
7 82 
7 83 
7 84 
7 86 
7 87 
7 88 
7 89 
7 90 
7 91 
7 92 
7 94 
7 95 
7 96 
7 98 
7 99 
7 100 
7 102 
7 103 
7 104 
7 105 
7 108 
7 109 
7 110 
7 112 
7 113 
7 115 
7 116 
7 117 
7 119 
7 120 
7 121 
7 125 
7 127 
7 128 
7 130 
7 134 
7 136 
7 138 
7 139 
7 146 
7 150 
7 155 
7 156 
7 157 
7 158 
7 165 
7 168 
7 170 
7 173 
7 180 
7 182 
7 187 
7 193 
7 212 
7 213 
8 2 
8 3 
8 4 
8 5 
8 6 
8 9 
8 11 
8 13 
8 14 
8 15 
8 16 
8 18 
8 22 
8 23 
8 26 
8 27 
8 28 
8 29 
8 31 
8 32 
8 34 
8 36 
8 37 
8 39 
8 44 
8 45 
8 52 
8 57 
8 59 
8 63 
8 66 
8 70 
8 75 
8 80 
8 95 
8 99 
8 100 
8 102 
8 103 
8 104 
8 105 
8 109 
8 119 
8 130 
8 134 
8 140 
8 156 
8 173 
8 182 
8 193 
8 212 
9 1 
9 2 
9 3 
9 4 
9 5 
9 6 
9 8 
9 9 
9 10 
9 11 
9 13 
9 14 
9 15 
9 16 
9 17 
9 18 
9 19 
9 21 
9 22 
9 23 
9 25 
9 26 
9 27 
9 28 
9 29 
9 30 
9 31 
9 32 
9 33 
9 34 
9 35 
9 36 
9 37 
9 39 
9 40 
9 42 
9 44 
9 45 
9 48 
9 49 
9 51 
9 52 
9 54 
9 55 
9 57 
9 58 
9 59 
9 60 
9 62 
9 63 
9 66 
9 67 
9 68 
9 69 
9 70 
9 71 
9 72 
9 73 
9 75 
9 76 
9 77 
9 78 
9 80 
9 82 
9 83 
9 84 
9 86 
9 87 
9 88 
9 89 
9 90 
9 91 
9 92 
9 94 
9 95 
9 96 
9 98 
9 99 
9 102 
9 103 
9 104 
9 105 
9 108 
9 109 
9 110 
9 112 
9 113 
9 115 
9 116 
9 117 
9 119 
9 120 
9 121 
9 125 
9 127 
9 128 
9 130 
9 134 
9 136 
9 138 
9 139 
9 140 
9 146 
9 150 
9 156 
9 157 
9 158 
9 165 
9 168 
9 170 
9 173 
9 180 
9 182 
9 187 
9 193 
9 212 
9 213 
10 2 
10 3 
10 4 
10 5 
10 6 
10 8 
10 9 
10 11 
10 13 
10 14 
10 15 
10 17 
10 18 
10 21 
10 22 
10 23 
10 25 
10 26 
10 27 
10 29 
10 30 
10 31 
10 32 
10 34 
10 35 
10 36 
10 37 
10 39 
10 42 
10 44 
10 45 
10 49 
10 58 
10 60 
10 63 
10 69 
10 76 
10 80 
10 87 
10 88 
10 96 
10 102 
10 105 
10 108 
10 109 
10 116 
10 117 
10 121 
10 130 
10 134 
10 136 
10 138 
10 139 
10 140 
10 150 
10 155 
10 182 
11 2 
11 3 
11 4 
11 6 
11 7 
11 9 
11 13 
11 14 
11 15 
11 22 
11 26 
11 30 
11 34 
11 35 
11 36 
11 37 
11 44 
11 73 
11 74 
11 80 
11 87 
11 98 
11 102 
11 121 
11 190 
11 193 
11 213 
12 2 
12 3 
12 6 
12 7 
12 9 
12 14 
12 15 
12 18 
12 22 
12 25 
12 33 
12 36 
12 39 
12 44 
12 45 
12 51 
12 67 
12 68 
12 69 
12 76 
12 78 
12 80 
12 86 
12 89 
12 90 
12 91 
12 125 
12 134 
12 146 
12 158 
12 168 
12 193 
13 30 
13 32 
13 36 
13 37 
13 42 
13 44 
13 52 
13 70 
13 73 
13 98 
13 121 
14 2 
14 3 
14 4 
14 5 
14 6 
14 7 
14 8 
14 9 
14 10 
14 11 
14 13 
14 15 
14 21 
14 22 
14 23 
14 25 
14 26 
14 27 
14 29 
14 30 
14 31 
14 32 
14 34 
14 35 
14 36 
14 37 
14 39 
14 42 
14 44 
14 45 
14 48 
14 49 
14 52 
14 53 
14 54 
14 55 
14 57 
14 59 
14 60 
14 62 
14 63 
14 68 
14 69 
14 70 
14 73 
14 74 
14 76 
14 78 
14 80 
14 82 
14 84 
14 87 
14 88 
14 91 
14 98 
14 102 
14 104 
14 108 
14 109 
14 116 
14 118 
14 121 
14 125 
14 134 
14 139 
14 146 
14 150 
14 156 
14 157 
14 158 
14 166 
14 170 
14 173 
14 180 
14 182 
14 187 
14 193 
14 212 
14 213 
15 2 
15 3 
15 4 
15 5 
15 6 
15 7 
15 8 
15 9 
15 10 
15 11 
15 13 
15 14 
15 16 
15 17 
15 18 
15 19 
15 21 
15 22 
15 23 
15 25 
15 26 
15 27 
15 28 
15 29 
15 30 
15 31 
15 32 
15 33 
15 34 
15 35 
15 36 
15 37 
15 39 
15 40 
15 42 
15 44 
15 45 
15 48 
15 49 
15 51 
15 52 
15 55 
15 57 
15 58 
15 59 
15 60 
15 62 
15 63 
15 66 
15 68 
15 69 
15 70 
15 71 
15 73 
15 74 
15 76 
15 77 
15 78 
15 80 
15 82 
15 83 
15 84 
15 86 
15 87 
15 88 
15 90 
15 94 
15 95 
15 96 
15 98 
15 100 
15 102 
15 105 
15 108 
15 109 
15 110 
15 113 
15 116 
15 117 
15 119 
15 121 
15 133 
15 134 
15 139 
15 146 
15 148 
15 156 
15 157 
15 158 
15 168 
15 170 
15 178 
15 193 
15 212 
16 6 
16 45 
16 58 
16 79 
16 97 
17 1 
17 2 
17 3 
17 4 
17 5 
17 6 
17 7 
17 8 
17 9 
17 10 
17 11 
17 13 
17 14 
17 15 
17 18 
17 19 
17 21 
17 22 
17 23 
17 25 
17 26 
17 27 
17 28 
17 29 
17 30 
17 31 
17 32 
17 33 
17 34 
17 35 
17 36 
17 37 
17 39 
17 40 
17 42 
17 44 
17 45 
17 49 
17 51 
17 54 
17 55 
17 57 
17 59 
17 60 
17 62 
17 63 
17 68 
17 69 
17 70 
17 71 
17 72 
17 73 
17 74 
17 76 
17 77 
17 78 
17 80 
17 82 
17 83 
17 86 
17 88 
17 89 
17 91 
17 96 
17 98 
17 99 
17 100 
17 102 
17 105 
17 108 
17 109 
17 110 
17 116 
17 117 
17 119 
17 120 
17 121 
17 125 
17 133 
17 134 
17 138 
17 146 
17 150 
17 155 
17 156 
17 157 
17 158 
17 170 
17 180 
17 182 
17 190 
17 193 
17 212 
18 1 
18 2 
18 3 
18 4 
18 6 
18 7 
18 8 
18 9 
18 10 
18 14 
18 15 
18 17 
18 22 
18 23 
18 26 
18 27 
18 28 
18 29 
18 30 
18 31 
18 32 
18 33 
18 34 
18 35 
18 37 
18 39 
18 40 
18 42 
18 44 
18 45 
18 59 
18 60 
18 63 
18 70 
18 72 
18 76 
18 77 
18 78 
18 80 
18 83 
18 86 
18 96 
18 99 
18 102 
18 105 
18 109 
18 110 
18 117 
18 121 
18 130 
18 139 
18 156 
18 166 
18 193 
18 212 
19 1 
19 2 
19 6 
19 7 
19 9 
19 14 
19 15 
19 17 
19 18 
19 26 
19 27 
19 28 
19 30 
19 32 
19 40 
19 42 
19 44 
19 45 
19 71 
19 72 
19 83 
19 100 
19 105 
19 116 
19 117 
19 125 
19 133 
19 134 
19 146 
19 156 
19 158 
19 182 
21 2 
21 6 
21 14 
21 22 
21 27 
21 35 
21 37 
21 44 
21 45 
21 105 
22 2 
22 3 
22 4 
22 5 
22 6 
22 7 
22 8 
22 9 
22 10 
22 13 
22 14 
22 15 
22 23 
22 25 
22 26 
22 27 
22 29 
22 30 
22 31 
22 32 
22 34 
22 35 
22 36 
22 37 
22 44 
22 45 
22 48 
22 49 
22 51 
22 52 
22 53 
22 55 
22 59 
22 60 
22 62 
22 63 
22 67 
22 68 
22 69 
22 70 
22 73 
22 74 
22 76 
22 77 
22 78 
22 80 
22 82 
22 83 
22 84 
22 87 
22 88 
22 90 
22 91 
22 96 
22 98 
22 100 
22 102 
22 105 
22 109 
22 116 
22 117 
22 121 
22 134 
22 146 
22 148 
22 156 
22 158 
22 187 
22 212 
23 2 
23 3 
23 4 
23 5 
23 6 
23 7 
23 8 
23 9 
23 10 
23 11 
23 13 
23 14 
23 15 
23 17 
23 18 
23 19 
23 22 
23 25 
23 26 
23 27 
23 28 
23 29 
23 30 
23 31 
23 32 
23 34 
23 35 
23 36 
23 37 
23 39 
23 42 
23 44 
23 45 
23 49 
23 51 
23 55 
23 59 
23 60 
23 63 
23 69 
23 70 
23 76 
23 77 
23 78 
23 80 
23 82 
23 86 
23 87 
23 88 
23 90 
23 96 
23 99 
23 102 
23 105 
23 108 
23 109 
23 110 
23 116 
23 117 
23 125 
23 134 
23 138 
23 140 
23 146 
23 150 
23 156 
23 158 
23 182 
23 187 
23 193 
23 212 
24 32 
24 72 
25 2 
25 4 
25 5 
25 6 
25 11 
25 14 
25 15 
25 36 
25 37 
25 44 
25 45 
25 54 
25 62 
25 84 
25 91 
25 94 
25 105 
25 119 
25 134 
25 158 
25 187 
25 193 
26 1 
26 2 
26 3 
26 6 
26 7 
26 8 
26 9 
26 10 
26 11 
26 15 
26 17 
26 18 
26 21 
26 23 
26 25 
26 27 
26 28 
26 29 
26 34 
26 39 
26 44 
26 45 
26 63 
26 69 
26 71 
26 72 
26 99 
26 100 
26 105 
26 109 
26 110 
26 119 
26 139 
26 140 
26 155 
26 158 
26 180 
26 212 
27 2 
27 3 
27 4 
27 6 
27 7 
27 8 
27 11 
27 13 
27 14 
27 15 
27 21 
27 22 
27 23 
27 25 
27 26 
27 29 
27 30 
27 32 
27 35 
27 36 
27 37 
27 40 
27 42 
27 44 
27 45 
27 52 
27 53 
27 59 
27 60 
27 62 
27 63 
27 68 
27 69 
27 70 
27 73 
27 74 
27 76 
27 80 
27 82 
27 83 
27 84 
27 87 
27 88 
27 96 
27 98 
27 100 
27 102 
27 105 
27 109 
27 110 
27 119 
27 121 
27 127 
27 130 
27 133 
27 148 
27 156 
27 168 
27 170 
27 182 
27 213 
28 1 
28 2 
28 3 
28 6 
28 7 
28 8 
28 10 
28 11 
28 14 
28 15 
28 21 
28 22 
28 27 
28 31 
28 33 
28 35 
28 37 
28 39 
28 44 
28 45 
28 68 
28 71 
28 72 
28 78 
28 80 
28 105 
28 109 
28 134 
29 2 
29 6 
29 7 
29 8 
29 34 
29 44 
29 45 
29 62 
29 105 
29 125 
29 134 
29 158 
29 165 
30 2 
30 3 
30 4 
30 6 
30 11 
30 13 
30 14 
30 15 
30 21 
30 22 
30 27 
30 32 
30 35 
30 36 
30 37 
30 42 
30 44 
30 45 
30 48 
30 52 
30 59 
30 60 
30 62 
30 63 
30 68 
30 69 
30 70 
30 73 
30 77 
30 78 
30 80 
30 82 
30 83 
30 84 
30 86 
30 87 
30 90 
30 98 
30 100 
30 102 
30 109 
30 116 
30 117 
30 121 
30 146 
30 148 
30 156 
30 182 
31 1 
31 2 
31 3 
31 5 
31 6 
31 7 
31 8 
31 9 
31 14 
31 15 
31 16 
31 17 
31 18 
31 21 
31 23 
31 26 
31 27 
31 29 
31 34 
31 35 
31 37 
31 44 
31 45 
31 49 
31 63 
31 71 
31 76 
31 96 
31 105 
31 108 
31 109 
31 110 
31 119 
31 134 
31 139 
31 146 
31 155 
31 156 
31 158 
31 182 
32 6 
32 7 
32 10 
32 14 
32 15 
32 17 
32 22 
32 27 
32 30 
32 34 
32 37 
32 42 
32 45 
32 63 
32 69 
32 70 
32 72 
32 73 
32 83 
32 84 
32 98 
32 100 
32 105 
32 110 
32 116 
32 117 
32 121 
32 133 
33 1 
33 2 
33 6 
33 7 
33 9 
33 25 
33 26 
33 27 
33 40 
33 78 
33 89 
33 119 
33 125 
33 134 
33 146 
33 155 
33 158 
33 213 
34 2 
34 4 
34 6 
34 7 
34 8 
34 9 
34 10 
34 11 
34 14 
34 15 
34 18 
34 23 
34 26 
34 27 
34 28 
34 29 
34 31 
34 35 
34 36 
34 37 
34 39 
34 40 
34 44 
34 45 
34 62 
34 78 
34 82 
34 99 
34 100 
34 105 
34 134 
34 139 
34 155 
34 156 
34 157 
34 158 
34 166 
34 178 
34 193 
34 212 
35 4 
35 6 
35 13 
35 14 
35 15 
35 22 
35 25 
35 27 
35 30 
35 32 
35 33 
35 34 
35 37 
35 44 
35 45 
35 48 
35 49 
35 53 
35 55 
35 58 
35 59 
35 68 
35 69 
35 70 
35 74 
35 76 
35 78 
35 82 
35 84 
35 87 
35 88 
35 96 
35 98 
35 103 
35 119 
35 148 
35 150 
35 155 
35 156 
35 158 
35 187 
36 2 
36 3 
36 4 
36 6 
36 7 
36 9 
36 11 
36 13 
36 14 
36 23 
36 27 
36 30 
36 31 
36 32 
36 34 
36 35 
36 37 
36 40 
36 45 
36 63 
36 68 
36 69 
36 80 
36 87 
36 96 
36 98 
36 102 
36 117 
36 148 
37 2 
37 3 
37 4 
37 6 
37 7 
37 8 
37 11 
37 13 
37 14 
37 15 
37 21 
37 22 
37 26 
37 27 
37 29 
37 30 
37 36 
37 39 
37 42 
37 44 
37 48 
37 59 
37 63 
37 69 
37 80 
37 84 
37 98 
37 105 
37 109 
37 125 
37 136 
37 158 
37 170 
38 1 
38 72 
39 2 
39 3 
39 4 
39 6 
39 7 
39 8 
39 9 
39 10 
39 11 
39 13 
39 14 
39 15 
39 17 
39 18 
39 21 
39 22 
39 23 
39 26 
39 27 
39 28 
39 29 
39 34 
39 36 
39 37 
39 39 
39 44 
39 45 
39 51 
39 54 
39 59 
39 62 
39 63 
39 70 
39 76 
39 80 
39 92 
39 96 
39 102 
39 104 
39 105 
39 109 
39 120 
39 125 
39 130 
39 134 
39 138 
39 139 
39 140 
39 148 
39 158 
39 190 
39 212 
40 1 
40 2 
40 3 
40 4 
40 6 
40 11 
40 13 
40 14 
40 15 
40 18 
40 19 
40 22 
40 23 
40 27 
40 31 
40 34 
40 37 
40 44 
40 45 
40 48 
40 51 
40 60 
40 68 
40 70 
40 72 
40 78 
40 80 
40 84 
40 90 
40 100 
40 102 
40 109 
40 133 
40 178 
40 187 
40 213 
41 1 
42 6 
42 44 
42 45 
42 59 
42 63 
42 73 
42 83 
42 100 
42 117 
42 121 
42 168 
43 1 
43 2 
43 6 
43 7 
43 8 
43 14 
43 15 
43 17 
43 19 
43 25 
43 27 
43 32 
43 33 
43 34 
43 37 
43 40 
43 42 
43 44 
43 54 
43 57 
43 59 
43 67 
43 71 
43 72 
43 78 
43 83 
43 92 
43 100 
43 105 
43 109 
43 110 
43 113 
43 115 
43 116 
43 117 
43 119 
43 121 
43 125 
43 133 
43 134 
43 146 
43 148 
43 156 
43 157 
43 158 
43 168 
43 170 
43 173 
43 180 
43 187 
43 193 
43 212 
44 2 
44 3 
44 4 
44 5 
44 6 
44 7 
44 8 
44 9 
44 10 
44 11 
44 13 
44 14 
44 15 
44 17 
44 18 
44 19 
44 21 
44 22 
44 23 
44 25 
44 26 
44 27 
44 28 
44 29 
44 30 
44 31 
44 32 
44 33 
44 34 
44 35 
44 36 
44 37 
44 39 
44 40 
44 42 
44 45 
44 48 
44 49 
44 51 
44 52 
44 55 
44 58 
44 59 
44 60 
44 62 
44 63 
44 66 
44 67 
44 68 
44 69 
44 70 
44 71 
44 72 
44 73 
44 74 
44 75 
44 76 
44 78 
44 80 
44 82 
44 83 
44 84 
44 86 
44 87 
44 88 
44 89 
44 92 
44 95 
44 96 
44 98 
44 100 
44 102 
44 103 
44 105 
44 109 
44 110 
44 112 
44 113 
44 115 
44 116 
44 117 
44 119 
44 120 
44 121 
44 125 
44 127 
44 128 
44 133 
44 134 
44 136 
44 138 
44 146 
44 148 
44 150 
44 156 
44 158 
44 168 
44 178 
44 180 
44 182 
44 187 
44 193 
45 2 
45 3 
45 4 
45 5 
45 6 
45 7 
45 8 
45 9 
45 10 
45 11 
45 14 
45 15 
45 16 
45 17 
45 18 
45 21 
45 22 
45 23 
45 25 
45 26 
45 27 
45 28 
45 29 
45 30 
45 31 
45 32 
45 33 
45 34 
45 35 
45 36 
45 37 
45 39 
45 40 
45 42 
45 44 
45 49 
45 52 
45 53 
45 55 
45 58 
45 59 
45 60 
45 62 
45 63 
45 66 
45 68 
45 69 
45 70 
45 74 
45 76 
45 79 
45 80 
45 82 
45 84 
45 87 
45 88 
45 90 
45 94 
45 95 
45 96 
45 97 
45 98 
45 99 
45 102 
45 103 
45 105 
45 108 
45 109 
45 110 
45 112 
45 117 
45 119 
45 120 
45 121 
45 125 
45 127 
45 128 
45 130 
45 134 
45 136 
45 146 
45 150 
45 156 
45 158 
45 159 
45 165 
45 168 
45 178 
45 182 
45 187 
45 190 
45 193 
45 212 
46 45 
47 1 
47 2 
47 3 
47 4 
47 6 
47 7 
47 8 
47 9 
47 10 
47 11 
47 13 
47 14 
47 15 
47 17 
47 18 
47 19 
47 22 
47 23 
47 25 
47 26 
47 27 
47 28 
47 29 
47 30 
47 31 
47 32 
47 33 
47 34 
47 35 
47 36 
47 37 
47 39 
47 40 
47 42 
47 44 
47 45 
47 49 
47 51 
47 55 
47 60 
47 63 
47 69 
47 70 
47 72 
47 76 
47 80 
47 83 
47 84 
47 86 
47 89 
47 94 
47 96 
47 98 
47 105 
47 109 
47 110 
47 117 
47 121 
47 139 
47 146 
47 156 
47 182 
48 37 
48 60 
48 68 
49 2 
49 5 
49 6 
49 7 
49 9 
49 10 
49 14 
49 15 
49 17 
49 18 
49 23 
49 26 
49 27 
49 28 
49 30 
49 32 
49 35 
49 36 
49 37 
49 40 
49 44 
49 45 
49 48 
49 51 
49 55 
49 58 
49 59 
49 66 
49 71 
49 76 
49 78 
49 80 
49 94 
49 95 
49 96 
49 108 
49 109 
49 120 
49 156 
49 182 
51 2 
51 6 
51 22 
51 27 
51 36 
51 45 
51 48 
51 60 
51 63 
51 77 
51 86 
52 3 
52 6 
52 30 
52 45 
52 48 
52 62 
52 68 
52 84 
54 14 
54 44 
55 4 
55 6 
55 7 
55 8 
55 15 
55 16 
55 28 
55 34 
55 44 
55 45 
55 66 
55 79 
55 80 
55 96 
55 97 
55 119 
55 193 
57 14 
57 28 
57 109 
57 193 
58 16 
58 45 
58 79 
58 97 
59 57 
59 157 
59 170 
59 173 
59 180 
60 2 
60 6 
60 7 
60 9 
60 27 
60 31 
60 36 
60 45 
60 48 
60 51 
60 69 
60 77 
60 88 
60 90 
62 14 
62 30 
62 68 
62 121 
63 3 
63 4 
63 6 
63 13 
63 14 
63 15 
63 27 
63 30 
63 32 
63 35 
63 36 
63 37 
63 42 
63 44 
63 48 
63 51 
63 52 
63 60 
63 68 
63 69 
63 73 
63 80 
63 83 
63 84 
63 86 
63 87 
63 88 
63 94 
63 98 
63 148 
64 44 
65 103 
65 127 
66 6 
66 14 
66 44 
66 45 
66 55 
66 58 
66 80 
67 7 
67 8 
67 9 
67 27 
67 28 
67 45 
67 68 
68 2 
68 3 
68 6 
68 7 
68 10 
68 14 
68 27 
68 32 
68 44 
68 45 
68 48 
68 52 
68 60 
68 62 
68 69 
68 84 
68 86 
68 88 
69 2 
69 3 
69 4 
69 6 
69 7 
69 9 
69 10 
69 11 
69 14 
69 27 
69 30 
69 32 
69 35 
69 44 
69 52 
69 63 
69 68 
69 84 
69 87 
69 88 
69 98 
69 102 
69 117 
70 3 
70 4 
70 6 
70 14 
70 15 
70 22 
70 27 
70 30 
70 31 
70 35 
70 37 
70 44 
70 45 
70 58 
70 69 
70 76 
70 80 
70 109 
70 168 
70 193 
71 1 
71 2 
71 6 
71 7 
71 9 
71 10 
71 13 
71 15 
71 17 
71 18 
71 19 
71 21 
71 22 
71 23 
71 26 
71 27 
71 28 
71 30 
71 31 
71 32 
71 33 
71 34 
71 37 
71 40 
71 42 
71 44 
71 45 
71 49 
71 63 
71 68 
71 72 
71 75 
71 78 
71 80 
71 83 
71 89 
71 92 
71 96 
71 100 
71 109 
71 110 
71 113 
71 115 
71 117 
71 119 
71 125 
71 138 
71 148 
71 150 
71 168 
73 11 
73 14 
73 21 
73 30 
73 32 
73 35 
73 44 
73 45 
73 84 
73 86 
73 98 
73 102 
73 116 
73 121 
74 4 
74 14 
74 133 
75 2 
75 6 
75 7 
75 9 
75 10 
75 15 
75 17 
75 18 
75 21 
75 23 
75 27 
75 28 
75 30 
75 32 
75 33 
75 42 
75 44 
75 45 
75 49 
75 71 
75 76 
75 92 
75 109 
75 110 
75 115 
75 117 
75 138 
75 168 
76 6 
76 45 
76 58 
76 97 
76 136 
76 156 
78 2 
78 4 
78 6 
78 14 
78 15 
78 21 
78 22 
78 25 
78 27 
78 34 
78 35 
78 37 
78 45 
78 59 
78 87 
78 91 
78 134 
78 146 
78 156 
78 158 
78 187 
78 193 
80 11 
80 35 
80 36 
81 16 
81 66 
81 94 
81 127 
82 4 
82 5 
82 6 
82 14 
82 15 
82 27 
82 35 
82 37 
82 44 
82 45 
82 53 
82 68 
82 74 
82 94 
82 109 
84 6 
84 7 
84 8 
84 22 
84 30 
84 44 
84 45 
84 52 
84 68 
84 86 
84 87 
84 110 
84 193 
86 6 
86 15 
86 45 
86 51 
86 52 
86 60 
86 77 
86 90 
87 3 
87 45 
87 52 
87 54 
87 63 
87 69 
87 84 
88 3 
88 15 
88 22 
88 34 
88 51 
88 60 
88 77 
88 84 
88 86 
88 87 
88 90 
88 136 
89 2 
89 6 
89 11 
89 35 
89 44 
89 45 
89 62 
89 84 
89 116 
89 117 
89 146 
89 158 
90 4 
90 6 
90 14 
90 36 
90 37 
90 44 
90 45 
90 48 
90 51 
90 60 
90 68 
90 77 
90 102 
91 6 
91 14 
91 21 
91 119 
91 156 
92 15 
92 18 
92 27 
92 28 
92 30 
92 44 
92 45 
92 71 
92 117 
92 138 
92 159 
93 7 
93 10 
93 14 
93 17 
93 19 
93 27 
93 28 
93 32 
93 33 
93 34 
93 36 
93 48 
93 49 
93 53 
93 59 
93 63 
93 77 
93 84 
93 96 
93 100 
95 15 
95 45 
95 55 
95 96 
95 108 
96 2 
96 6 
96 11 
96 15 
96 16 
96 26 
96 29 
96 31 
96 34 
96 36 
96 45 
96 49 
96 55 
96 58 
96 66 
96 71 
96 76 
96 79 
96 94 
96 97 
96 100 
96 103 
96 108 
96 112 
96 120 
96 127 
96 128 
96 136 
96 178 
97 16 
97 36 
97 79 
98 11 
98 13 
98 73 
98 121 
99 2 
99 6 
99 105 
99 165 
99 166 
100 2 
100 15 
100 18 
100 32 
100 42 
100 44 
100 45 
100 52 
100 60 
100 63 
100 77 
100 83 
100 116 
100 117 
102 11 
102 36 
102 105 
103 6 
103 44 
103 45 
103 112 
103 120 
103 128 
103 136 
103 178 
104 14 
104 28 
104 71 
105 2 
105 7 
105 9 
105 10 
105 17 
105 29 
105 31 
105 44 
105 45 
105 99 
105 110 
105 146 
105 156 
105 165 
105 166 
105 182 
106 2 
106 15 
106 17 
106 18 
106 26 
106 32 
106 34 
106 42 
106 44 
106 45 
106 96 
106 99 
107 5 
107 6 
107 15 
107 27 
107 45 
107 58 
107 95 
108 3 
108 6 
108 45 
108 80 
108 96 
108 127 
109 2 
109 4 
109 5 
109 6 
109 7 
109 8 
109 9 
109 10 
109 11 
109 14 
109 15 
109 17 
109 21 
109 22 
109 23 
109 25 
109 26 
109 27 
109 28 
109 30 
109 32 
109 34 
109 35 
109 36 
109 37 
109 42 
109 44 
109 45 
109 52 
109 54 
109 55 
109 60 
109 62 
109 67 
109 68 
109 70 
109 71 
109 75 
109 76 
109 78 
109 80 
109 92 
109 104 
109 105 
109 109 
109 113 
109 115 
109 116 
109 119 
109 138 
109 150 
109 156 
109 158 
109 168 
109 187 
110 1 
110 2 
110 3 
110 4 
110 5 
110 6 
110 7 
110 8 
110 9 
110 10 
110 11 
110 13 
110 14 
110 15 
110 17 
110 18 
110 19 
110 21 
110 22 
110 23 
110 25 
110 26 
110 27 
110 28 
110 29 
110 30 
110 31 
110 32 
110 33 
110 34 
110 35 
110 36 
110 37 
110 39 
110 40 
110 42 
110 44 
110 45 
110 49 
110 51 
110 52 
110 54 
110 58 
110 59 
110 60 
110 62 
110 63 
110 67 
110 68 
110 69 
110 70 
110 71 
110 72 
110 73 
110 76 
110 77 
110 78 
110 80 
110 82 
110 83 
110 86 
110 87 
110 89 
110 90 
110 91 
110 94 
110 95 
110 96 
110 98 
110 99 
110 100 
110 102 
110 103 
110 105 
110 109 
110 112 
110 115 
110 116 
110 117 
110 119 
110 120 
110 121 
110 125 
110 128 
110 130 
110 133 
110 134 
110 136 
110 138 
110 139 
110 146 
110 148 
110 150 
110 155 
110 156 
110 157 
110 158 
110 170 
110 173 
110 178 
110 182 
110 193 
110 212 
110 213 
111 7 
111 10 
111 45 
111 55 
111 134 
112 120 
112 127 
112 130 
112 178 
113 2 
113 6 
113 7 
113 9 
113 15 
113 17 
113 23 
113 27 
113 28 
113 30 
113 32 
113 44 
113 45 
113 68 
113 71 
113 109 
113 121 
113 125 
113 168 
114 6 
114 36 
114 45 
114 109 
115 75 
115 109 
115 168 
116 7 
116 9 
116 32 
116 45 
117 121 
118 45 
120 44 
120 103 
121 6 
121 11 
121 21 
121 30 
121 45 
121 62 
121 70 
121 73 
121 80 
121 98 
122 14 
122 59 
122 170 
122 193 
124 27 
124 44 
124 109 
124 130 
124 157 
125 6 
125 33 
125 72 
126 2 
126 14 
126 27 
126 36 
126 37 
126 44 
126 109 
128 178 
129 27 
129 127 
130 27 
130 62 
130 120 
132 6 
132 37 
133 15 
133 32 
133 42 
133 72 
134 158 
135 2 
135 6 
135 7 
135 9 
135 14 
135 15 
135 22 
135 23 
135 28 
135 31 
135 33 
135 36 
135 45 
135 68 
135 125 
135 158 
135 190 
138 168 
139 14 
140 6 
140 8 
140 34 
140 82 
142 6 
142 28 
142 71 
142 109 
142 113 
142 168 
145 193 
146 6 
146 25 
146 36 
146 45 
146 125 
147 7 
147 8 
147 9 
147 14 
147 15 
147 39 
150 2 
150 7 
150 9 
150 10 
150 14 
150 27 
150 37 
150 104 
151 31 
152 6 
152 15 
152 17 
152 27 
152 28 
152 30 
152 44 
152 45 
152 71 
152 75 
152 109 
152 168 
153 6 
153 7 
153 9 
153 10 
153 14 
153 26 
153 34 
153 39 
154 110 
154 168 
155 3 
155 4 
155 6 
155 7 
155 8 
155 10 
155 11 
155 14 
155 15 
155 17 
155 23 
155 26 
155 27 
155 30 
155 31 
155 32 
155 36 
155 37 
155 44 
155 45 
155 63 
155 80 
155 96 
155 110 
156 166 
158 17 
159 6 
159 7 
159 8 
159 28 
159 30 
159 44 
159 45 
159 71 
159 92 
160 14 
163 39 
166 117 
167 33 
167 45 
167 125 
167 158 
168 15 
168 18 
168 19 
168 27 
168 30 
168 44 
168 45 
168 63 
168 70 
168 109 
168 115 
168 138 
172 33 
172 158 
173 119 
173 180 
176 193 
177 36 
180 14 
181 23 
181 28 
181 30 
181 71 
181 125 
181 159 
182 14 
187 27 
187 53 
187 193 
187 213 
192 45 
194 193 
201 157 
203 37 
204 59 
204 213 
