2 3 
2 17 
2 18 
2 29 
2 34 
2 39 
2 45 
2 99 
2 105 
2 134 
2 166 
3 11 
3 14 
3 15 
3 22 
3 23 
3 27 
3 30 
3 35 
3 36 
3 37 
3 40 
3 44 
3 45 
3 60 
3 63 
3 68 
3 69 
3 88 
3 90 
3 156 
3 182 
4 3 
4 5 
4 6 
4 7 
4 9 
4 10 
4 11 
4 13 
4 14 
4 15 
4 16 
4 22 
4 25 
4 27 
4 28 
4 30 
4 31 
4 32 
4 33 
4 34 
4 35 
4 36 
4 37 
4 39 
4 40 
4 44 
4 45 
4 49 
4 51 
4 52 
4 59 
4 60 
4 63 
4 68 
4 69 
4 70 
4 74 
4 76 
4 78 
4 80 
4 82 
4 84 
4 87 
4 88 
4 89 
4 91 
4 96 
4 98 
4 109 
4 121 
4 125 
4 134 
4 146 
4 148 
4 156 
4 157 
4 182 
4 187 
5 96 
5 130 
6 7 
6 8 
6 15 
6 16 
6 18 
6 26 
6 29 
6 39 
6 45 
6 49 
6 58 
6 70 
6 76 
6 96 
6 112 
7 2 
7 5 
7 6 
7 14 
7 15 
7 17 
7 18 
7 23 
7 26 
7 27 
7 28 
7 29 
7 31 
7 32 
7 34 
7 39 
7 44 
7 45 
7 52 
7 63 
7 70 
7 71 
7 82 
7 96 
7 99 
7 104 
7 105 
7 109 
7 110 
7 113 
7 119 
7 134 
7 136 
7 146 
7 166 
7 180 
7 187 
8 2 
8 26 
8 27 
8 44 
8 45 
8 105 
8 119 
8 166 
9 2 
9 5 
9 6 
9 8 
9 10 
9 14 
9 17 
9 18 
9 23 
9 26 
9 28 
9 29 
9 31 
9 32 
9 34 
9 39 
9 44 
9 45 
9 52 
9 63 
9 70 
9 71 
9 82 
9 96 
9 99 
9 104 
9 109 
9 110 
9 113 
9 134 
9 146 
9 180 
9 187 
10 2 
10 6 
10 8 
10 15 
10 18 
10 26 
10 29 
10 34 
10 45 
10 105 
10 136 
11 5 
11 7 
11 9 
11 10 
11 13 
11 14 
11 15 
11 17 
11 18 
11 22 
11 25 
11 27 
11 28 
11 29 
11 30 
11 31 
11 32 
11 36 
11 39 
11 44 
11 45 
11 49 
11 62 
11 63 
11 68 
11 70 
11 76 
11 80 
11 89 
11 102 
11 108 
11 134 
11 146 
11 212 
12 4 
12 14 
12 30 
12 44 
12 51 
12 84 
12 89 
12 158 
13 26 
13 27 
13 32 
13 36 
13 44 
13 73 
13 98 
14 3 
14 4 
14 6 
14 11 
14 13 
14 15 
14 17 
14 18 
14 21 
14 22 
14 25 
14 27 
14 30 
14 35 
14 36 
14 39 
14 44 
14 45 
14 51 
14 54 
14 57 
14 59 
14 60 
14 63 
14 68 
14 70 
14 74 
14 78 
14 82 
14 84 
14 86 
14 90 
14 96 
14 104 
14 108 
14 125 
14 139 
14 150 
14 156 
14 157 
14 158 
14 166 
14 170 
14 173 
14 180 
14 182 
14 187 
15 2 
15 3 
15 4 
15 5 
15 6 
15 7 
15 8 
15 9 
15 10 
15 11 
15 13 
15 14 
15 18 
15 19 
15 21 
15 22 
15 23 
15 25 
15 26 
15 27 
15 28 
15 29 
15 30 
15 32 
15 34 
15 35 
15 36 
15 37 
15 39 
15 44 
15 45 
15 49 
15 58 
15 59 
15 60 
15 63 
15 68 
15 69 
15 70 
15 73 
15 74 
15 76 
15 82 
15 84 
15 86 
15 89 
15 90 
15 91 
15 96 
15 97 
15 98 
15 100 
15 102 
15 105 
15 109 
15 110 
15 117 
15 121 
15 146 
15 148 
15 156 
15 158 
15 182 
16 76 
16 79 
17 2 
17 6 
17 15 
17 18 
17 26 
17 34 
17 44 
17 45 
17 96 
17 105 
17 109 
17 112 
17 125 
17 134 
17 155 
17 158 
18 5 
18 26 
18 27 
18 39 
18 105 
19 158 
21 44 
22 3 
22 4 
22 6 
22 11 
22 13 
22 14 
22 15 
22 17 
22 19 
22 27 
22 30 
22 35 
22 37 
22 40 
22 44 
22 45 
22 48 
22 51 
22 52 
22 53 
22 59 
22 62 
22 68 
22 78 
22 86 
22 88 
22 90 
22 95 
22 100 
22 109 
22 148 
22 150 
22 182 
23 6 
23 7 
23 9 
23 10 
23 14 
23 15 
23 17 
23 18 
23 26 
23 29 
23 34 
23 39 
23 44 
23 99 
23 158 
25 17 
25 19 
25 94 
25 125 
25 134 
25 157 
25 158 
26 27 
26 29 
26 34 
26 39 
26 45 
26 92 
26 158 
26 212 
27 2 
27 3 
27 4 
27 5 
27 6 
27 7 
27 8 
27 9 
27 10 
27 11 
27 13 
27 14 
27 15 
27 16 
27 17 
27 19 
27 22 
27 23 
27 25 
27 26 
27 28 
27 30 
27 32 
27 33 
27 34 
27 35 
27 36 
27 37 
27 39 
27 40 
27 42 
27 44 
27 45 
27 48 
27 49 
27 51 
27 52 
27 58 
27 60 
27 62 
27 63 
27 68 
27 69 
27 70 
27 73 
27 76 
27 82 
27 83 
27 84 
27 86 
27 87 
27 88 
27 90 
27 96 
27 100 
27 102 
27 105 
27 110 
27 117 
27 119 
27 121 
27 127 
27 130 
27 134 
27 146 
27 148 
27 150 
27 158 
27 182 
28 44 
28 109 
29 18 
29 39 
29 134 
29 158 
30 3 
30 4 
30 6 
30 7 
30 9 
30 11 
30 14 
30 15 
30 17 
30 18 
30 19 
30 21 
30 22 
30 23 
30 26 
30 27 
30 32 
30 36 
30 40 
30 44 
30 45 
30 51 
30 52 
30 60 
30 63 
30 69 
30 70 
30 73 
30 82 
30 83 
30 84 
30 87 
30 88 
30 96 
30 98 
30 105 
30 117 
30 139 
31 6 
31 45 
31 105 
32 6 
32 117 
33 17 
34 18 
34 26 
34 29 
34 110 
34 125 
34 139 
34 212 
35 7 
35 9 
35 11 
35 13 
35 14 
35 16 
35 19 
35 22 
35 27 
35 44 
35 45 
35 53 
35 62 
35 76 
35 82 
35 87 
35 95 
35 104 
35 109 
35 125 
36 11 
36 13 
36 27 
36 80 
36 84 
37 29 
37 30 
39 2 
39 15 
39 17 
39 29 
39 36 
39 45 
39 102 
39 190 
39 212 
40 15 
40 18 
40 25 
40 48 
40 115 
40 148 
40 158 
40 187 
42 70 
43 19 
43 33 
43 44 
43 71 
43 92 
43 113 
43 125 
43 158 
43 193 
43 212 
44 4 
44 11 
44 14 
44 15 
44 21 
44 22 
44 25 
44 27 
44 35 
44 45 
44 62 
44 68 
44 70 
44 80 
44 84 
44 102 
44 109 
44 119 
44 125 
44 134 
44 148 
44 158 
44 193 
45 2 
45 5 
45 6 
45 7 
45 8 
45 9 
45 10 
45 11 
45 13 
45 14 
45 16 
45 18 
45 22 
45 23 
45 26 
45 28 
45 29 
45 31 
45 34 
45 36 
45 39 
45 44 
45 49 
45 58 
45 66 
45 70 
45 76 
45 79 
45 94 
45 96 
45 97 
45 102 
45 103 
45 105 
45 108 
45 109 
45 112 
45 113 
45 120 
45 127 
45 128 
45 130 
45 134 
45 136 
45 146 
45 155 
45 158 
45 168 
45 178 
45 182 
47 34 
47 39 
47 44 
49 5 
49 26 
49 55 
49 94 
49 95 
49 96 
51 36 
52 44 
52 68 
52 84 
52 98 
54 109 
55 59 
62 68 
63 6 
63 30 
63 32 
63 52 
63 60 
63 69 
63 84 
63 87 
63 88 
66 44 
68 52 
68 62 
68 84 
69 3 
69 22 
69 44 
69 84 
69 87 
70 6 
70 44 
70 45 
71 44 
71 159 
73 11 
73 98 
73 121 
74 4 
74 14 
76 5 
76 6 
76 16 
76 35 
76 44 
76 45 
76 79 
76 94 
76 95 
76 97 
76 108 
82 4 
82 14 
82 35 
82 44 
82 53 
84 22 
84 35 
84 44 
84 52 
86 51 
86 60 
86 77 
87 3 
87 30 
87 44 
87 63 
87 68 
87 69 
88 60 
88 86 
88 87 
88 90 
89 146 
89 187 
90 36 
91 134 
93 33 
96 5 
96 66 
96 95 
96 108 
98 13 
98 121 
99 165 
99 166 
103 45 
105 26 
105 99 
105 165 
105 166 
108 6 
108 35 
108 45 
108 96 
109 44 
109 75 
109 113 
109 115 
109 138 
109 168 
110 4 
119 6 
121 73 
121 98 
122 14 
124 6 
124 44 
124 109 
125 158 
129 28 
134 158 
138 168 
146 89 
150 113 
172 134 
172 158 
204 59 
