2 34 
2 212 
3 15 
3 22 
3 27 
3 74 
3 84 
3 87 
3 88 
4 6 
4 11 
4 13 
4 14 
4 15 
4 22 
4 27 
4 35 
4 36 
4 37 
4 44 
4 63 
4 73 
4 74 
4 121 
5 4 
5 6 
5 7 
5 8 
5 14 
5 15 
5 21 
5 22 
5 25 
5 27 
5 32 
5 35 
5 37 
5 40 
5 42 
5 44 
5 45 
5 49 
5 51 
5 60 
5 74 
5 77 
5 78 
5 80 
5 82 
5 83 
5 86 
5 90 
5 102 
5 117 
7 6 
7 23 
7 34 
7 39 
8 140 
9 6 
9 8 
9 39 
9 140 
10 8 
10 9 
10 23 
10 34 
11 3 
11 4 
11 13 
11 14 
11 15 
11 27 
11 36 
11 44 
12 15 
12 27 
12 44 
14 3 
14 4 
14 11 
14 15 
14 22 
14 25 
14 27 
14 35 
14 36 
14 37 
14 44 
14 74 
14 88 
15 3 
15 4 
15 11 
15 13 
15 14 
15 22 
15 27 
15 30 
15 35 
15 36 
15 37 
15 44 
15 63 
15 70 
15 74 
15 88 
16 6 
16 45 
16 58 
16 76 
16 79 
16 97 
17 7 
17 8 
17 14 
17 15 
17 33 
17 37 
17 44 
17 45 
17 80 
17 115 
17 125 
17 134 
17 155 
17 158 
17 190 
17 212 
18 34 
19 44 
21 44 
22 3 
22 15 
22 27 
22 30 
22 35 
22 37 
22 44 
22 52 
22 68 
22 84 
22 88 
23 34 
25 44 
26 7 
26 8 
26 9 
26 14 
26 18 
26 27 
26 33 
26 34 
26 37 
26 44 
26 158 
26 212 
27 3 
27 4 
27 11 
27 13 
27 14 
27 15 
27 21 
27 22 
27 30 
27 35 
27 36 
27 37 
27 44 
27 52 
27 62 
27 63 
27 68 
27 69 
27 73 
27 74 
27 82 
27 84 
27 87 
27 88 
27 98 
27 121 
27 148 
28 3 
28 15 
28 44 
29 7 
29 8 
29 9 
29 23 
29 26 
29 31 
29 34 
29 105 
30 27 
33 158 
34 26 
34 44 
34 99 
35 14 
35 15 
35 22 
35 27 
35 30 
35 32 
35 37 
35 44 
35 52 
35 53 
35 82 
35 84 
35 134 
36 11 
39 3 
39 4 
39 5 
39 6 
39 7 
39 8 
39 9 
39 11 
39 13 
39 14 
39 15 
39 19 
39 21 
39 25 
39 26 
39 27 
39 30 
39 32 
39 34 
39 35 
39 36 
39 37 
39 42 
39 44 
39 59 
39 62 
39 63 
39 80 
39 102 
39 109 
39 110 
39 116 
39 125 
39 134 
39 158 
39 212 
40 11 
43 19 
43 125 
43 212 
44 11 
44 14 
44 15 
44 21 
44 27 
44 87 
45 6 
45 7 
45 8 
45 14 
45 15 
45 23 
45 27 
45 80 
45 97 
45 127 
45 128 
45 136 
47 3 
47 11 
47 32 
47 36 
47 44 
47 63 
47 80 
49 6 
54 4 
54 14 
54 15 
54 37 
55 6 
55 15 
55 27 
55 35 
55 44 
55 66 
55 80 
55 127 
58 4 
58 6 
58 22 
58 27 
58 32 
58 35 
58 37 
58 44 
58 45 
58 60 
58 79 
62 44 
63 87 
64 44 
65 3 
65 6 
65 14 
65 15 
65 27 
65 35 
65 37 
65 44 
65 45 
66 6 
66 15 
66 27 
66 32 
66 35 
66 40 
66 42 
66 51 
66 55 
66 60 
66 80 
66 83 
66 86 
66 90 
66 102 
66 108 
66 117 
68 62 
68 82 
68 84 
69 87 
70 62 
71 14 
71 15 
71 44 
74 4 
74 14 
74 82 
76 6 
76 16 
76 45 
79 6 
81 6 
81 35 
81 45 
82 35 
82 53 
82 74 
87 63 
87 69 
89 44 
92 4 
92 11 
92 15 
92 44 
92 125 
93 14 
93 33 
94 127 
96 6 
96 22 
98 82 
99 2 
99 7 
99 8 
99 27 
99 105 
101 16 
101 45 
101 58 
103 6 
103 27 
103 44 
103 45 
108 44 
108 45 
109 14 
109 27 
109 44 
109 75 
109 115 
109 134 
109 138 
109 168 
110 14 
110 15 
110 33 
110 37 
110 44 
110 125 
110 134 
110 158 
110 212 
112 128 
119 4 
119 14 
119 15 
119 25 
119 27 
119 37 
119 44 
119 74 
120 128 
121 98 
122 14 
124 44 
128 44 
130 27 
135 158 
136 6 
136 45 
146 44 
147 39 
150 44 
160 44 
170 14 
191 105 
