1 6 
1 15 
1 17 
1 28 
2 6 
2 7 
2 8 
2 14 
2 18 
2 23 
2 26 
2 27 
2 32 
2 37 
2 39 
2 44 
2 105 
2 110 
2 134 
2 146 
2 156 
2 158 
2 166 
2 182 
2 212 
3 4 
3 6 
3 14 
3 15 
3 21 
3 22 
3 27 
3 32 
3 37 
3 52 
3 63 
3 69 
3 73 
3 87 
3 88 
4 3 
4 6 
4 11 
4 13 
4 14 
4 15 
4 21 
4 22 
4 25 
4 27 
4 30 
4 32 
4 35 
4 36 
4 37 
4 44 
4 63 
4 68 
4 73 
4 74 
4 80 
4 82 
4 87 
4 98 
4 121 
4 146 
4 168 
4 181 
4 212 
5 4 
5 6 
5 7 
5 8 
5 14 
5 15 
5 25 
5 27 
5 32 
5 35 
5 37 
5 42 
5 44 
5 60 
5 77 
5 80 
5 82 
5 83 
5 117 
5 146 
6 7 
6 8 
6 23 
6 25 
6 29 
6 45 
6 119 
7 2 
7 3 
7 6 
7 11 
7 14 
7 15 
7 17 
7 18 
7 22 
7 23 
7 25 
7 26 
7 27 
7 28 
7 29 
7 32 
7 35 
7 36 
7 37 
7 39 
7 42 
7 44 
7 45 
7 51 
7 58 
7 59 
7 67 
7 80 
7 99 
7 105 
7 134 
7 139 
7 156 
7 158 
8 26 
8 59 
8 99 
8 140 
9 2 
9 3 
9 6 
9 8 
9 11 
9 14 
9 15 
9 17 
9 18 
9 22 
9 23 
9 25 
9 26 
9 27 
9 28 
9 29 
9 32 
9 35 
9 36 
9 37 
9 39 
9 42 
9 44 
9 45 
9 51 
9 58 
9 59 
9 67 
9 80 
9 99 
9 105 
9 134 
9 139 
9 140 
9 156 
9 158 
10 6 
10 8 
10 9 
10 23 
10 26 
10 29 
10 45 
10 59 
11 3 
11 4 
11 13 
11 14 
11 15 
11 27 
11 35 
11 36 
11 44 
11 80 
11 168 
12 3 
12 4 
12 6 
12 14 
12 15 
12 25 
12 26 
12 27 
12 32 
12 33 
12 35 
12 36 
12 37 
12 40 
12 42 
12 44 
12 60 
12 62 
12 68 
12 73 
12 80 
12 83 
12 86 
12 89 
12 92 
12 98 
12 102 
12 117 
12 121 
12 134 
12 146 
12 150 
12 158 
12 212 
13 98 
14 3 
14 4 
14 11 
14 13 
14 15 
14 21 
14 22 
14 25 
14 26 
14 27 
14 30 
14 32 
14 35 
14 36 
14 37 
14 39 
14 42 
14 44 
14 51 
14 54 
14 57 
14 59 
14 63 
14 68 
14 73 
14 74 
14 78 
14 80 
14 82 
14 84 
14 88 
14 91 
14 117 
14 150 
14 157 
14 170 
14 180 
14 187 
14 212 
15 3 
15 4 
15 11 
15 13 
15 14 
15 17 
15 18 
15 21 
15 22 
15 27 
15 30 
15 35 
15 36 
15 37 
15 44 
15 63 
15 68 
15 69 
15 73 
15 74 
15 82 
15 84 
15 87 
15 88 
15 150 
15 212 
16 6 
16 22 
16 27 
16 35 
16 45 
16 55 
16 58 
16 79 
16 97 
17 3 
17 4 
17 6 
17 7 
17 8 
17 14 
17 15 
17 18 
17 21 
17 22 
17 25 
17 26 
17 27 
17 32 
17 33 
17 37 
17 39 
17 42 
17 44 
17 45 
17 60 
17 62 
17 63 
17 71 
17 80 
17 83 
17 86 
17 102 
17 105 
17 110 
17 113 
17 117 
17 125 
17 134 
17 139 
17 155 
17 158 
17 190 
17 212 
18 4 
18 7 
18 8 
18 9 
18 14 
18 15 
18 22 
18 25 
18 26 
18 27 
18 32 
18 33 
18 37 
18 39 
18 42 
18 80 
18 134 
18 140 
18 158 
19 3 
19 6 
19 15 
19 22 
19 27 
19 28 
19 32 
19 36 
19 37 
19 39 
19 44 
19 100 
19 102 
19 116 
19 117 
19 134 
19 158 
21 44 
22 3 
22 4 
22 6 
22 7 
22 8 
22 11 
22 13 
22 14 
22 15 
22 21 
22 25 
22 26 
22 27 
22 30 
22 32 
22 35 
22 36 
22 37 
22 42 
22 44 
22 48 
22 51 
22 52 
22 60 
22 62 
22 63 
22 68 
22 74 
22 80 
22 82 
22 83 
22 84 
22 86 
22 87 
22 88 
22 98 
22 117 
22 121 
22 134 
22 148 
22 168 
22 170 
22 187 
22 212 
23 7 
23 8 
23 10 
23 26 
23 27 
23 32 
23 39 
23 140 
25 2 
25 6 
25 14 
25 15 
25 25 
25 33 
25 36 
25 44 
25 67 
25 89 
25 125 
25 134 
25 146 
25 158 
25 187 
26 4 
26 6 
26 7 
26 8 
26 10 
26 14 
26 15 
26 18 
26 19 
26 22 
26 25 
26 27 
26 32 
26 35 
26 37 
26 40 
26 42 
26 44 
26 45 
26 51 
26 60 
26 80 
26 83 
26 86 
26 102 
26 117 
26 128 
26 212 
27 3 
27 4 
27 6 
27 7 
27 8 
27 11 
27 13 
27 14 
27 15 
27 21 
27 22 
27 25 
27 26 
27 30 
27 32 
27 35 
27 36 
27 37 
27 39 
27 40 
27 44 
27 52 
27 60 
27 62 
27 63 
27 68 
27 69 
27 71 
27 73 
27 74 
27 80 
27 82 
27 83 
27 84 
27 87 
27 88 
27 92 
27 98 
27 100 
27 102 
27 113 
27 115 
27 117 
27 119 
27 121 
27 127 
27 128 
27 146 
27 148 
27 150 
27 158 
27 168 
27 187 
27 193 
27 212 
28 6 
28 15 
28 33 
28 37 
28 44 
28 80 
28 92 
28 110 
28 134 
28 155 
28 158 
28 212 
29 6 
29 7 
29 8 
29 15 
29 23 
29 45 
29 134 
30 3 
30 11 
30 14 
30 15 
30 27 
30 32 
30 36 
30 37 
30 44 
30 52 
30 60 
30 63 
30 71 
30 73 
30 80 
30 84 
30 98 
30 117 
30 121 
31 6 
31 7 
31 8 
31 10 
31 15 
31 18 
31 23 
31 26 
31 29 
31 32 
31 39 
31 45 
31 139 
32 36 
32 40 
32 73 
32 117 
33 28 
33 36 
33 125 
33 134 
33 158 
34 7 
34 8 
34 14 
34 18 
34 26 
34 99 
34 110 
34 139 
34 212 
35 3 
35 4 
35 6 
35 7 
35 8 
35 11 
35 13 
35 14 
35 15 
35 18 
35 21 
35 22 
35 25 
35 26 
35 27 
35 30 
35 32 
35 33 
35 36 
35 37 
35 39 
35 40 
35 42 
35 44 
35 45 
35 48 
35 51 
35 52 
35 53 
35 59 
35 60 
35 62 
35 63 
35 68 
35 69 
35 71 
35 73 
35 74 
35 78 
35 80 
35 82 
35 83 
35 84 
35 86 
35 87 
35 88 
35 98 
35 102 
35 117 
35 121 
35 134 
35 146 
35 150 
35 180 
35 187 
35 213 
36 7 
36 9 
36 11 
36 13 
36 14 
36 27 
36 37 
36 80 
36 168 
37 14 
37 27 
37 80 
38 32 
39 2 
39 3 
39 4 
39 6 
39 7 
39 8 
39 9 
39 10 
39 11 
39 13 
39 14 
39 15 
39 17 
39 18 
39 19 
39 21 
39 22 
39 23 
39 25 
39 26 
39 27 
39 29 
39 30 
39 32 
39 33 
39 35 
39 36 
39 37 
39 39 
39 42 
39 44 
39 45 
39 51 
39 60 
39 62 
39 63 
39 68 
39 69 
39 74 
39 80 
39 86 
39 102 
39 105 
39 112 
39 117 
39 125 
39 134 
39 139 
39 140 
39 146 
39 158 
39 182 
39 212 
40 3 
40 4 
40 6 
40 11 
40 14 
40 15 
40 19 
40 22 
40 26 
40 27 
40 30 
40 32 
40 35 
40 36 
40 37 
40 42 
40 44 
40 45 
40 48 
40 51 
40 52 
40 60 
40 63 
40 68 
40 69 
40 72 
40 73 
40 77 
40 80 
40 83 
40 84 
40 86 
40 87 
40 88 
40 90 
40 100 
40 102 
40 117 
40 121 
40 125 
40 133 
40 134 
40 158 
42 117 
43 14 
43 67 
43 125 
43 212 
44 4 
44 6 
44 11 
44 14 
44 15 
44 21 
44 22 
44 27 
44 28 
44 30 
44 35 
44 36 
44 37 
44 39 
44 82 
44 109 
44 115 
44 128 
44 168 
45 2 
45 4 
45 6 
45 7 
45 8 
45 10 
45 14 
45 15 
45 16 
45 17 
45 18 
45 22 
45 23 
45 25 
45 26 
45 27 
45 29 
45 31 
45 32 
45 37 
45 39 
45 42 
45 44 
45 58 
45 60 
45 71 
45 76 
45 80 
45 96 
45 97 
45 102 
45 103 
45 105 
45 112 
45 117 
45 120 
45 127 
45 128 
45 134 
45 139 
45 158 
45 178 
45 182 
46 31 
46 32 
46 40 
46 117 
47 3 
47 4 
47 6 
47 7 
47 8 
47 9 
47 11 
47 14 
47 15 
47 17 
47 18 
47 22 
47 23 
47 25 
47 26 
47 27 
47 30 
47 32 
47 35 
47 36 
47 37 
47 39 
47 40 
47 42 
47 44 
47 45 
47 51 
47 60 
47 63 
47 80 
47 83 
47 86 
47 102 
47 117 
47 139 
48 6 
48 45 
48 68 
48 86 
49 6 
49 25 
49 32 
51 3 
52 15 
52 22 
52 25 
52 63 
52 73 
52 84 
52 117 
54 4 
54 14 
54 15 
54 27 
54 37 
54 44 
55 4 
55 6 
55 7 
55 8 
55 14 
55 15 
55 16 
55 21 
55 22 
55 23 
55 25 
55 27 
55 32 
55 35 
55 37 
55 40 
55 42 
55 44 
55 45 
55 51 
55 58 
55 60 
55 66 
55 78 
55 80 
55 82 
55 83 
55 86 
55 102 
55 117 
55 127 
55 128 
55 150 
57 14 
58 6 
58 16 
58 25 
58 27 
58 32 
58 37 
58 45 
58 77 
58 79 
58 80 
58 97 
59 42 
60 15 
60 27 
60 32 
60 51 
60 77 
60 86 
60 87 
60 88 
62 26 
62 27 
62 63 
63 15 
63 22 
63 30 
63 35 
63 87 
65 6 
65 14 
65 15 
65 27 
65 36 
65 37 
65 44 
65 45 
66 4 
66 6 
66 14 
66 15 
66 22 
66 25 
66 27 
66 32 
66 35 
66 36 
66 37 
66 42 
66 44 
66 45 
66 51 
66 55 
66 78 
66 80 
66 117 
68 6 
68 15 
68 22 
68 26 
68 27 
68 32 
68 36 
68 42 
68 44 
68 48 
68 52 
68 62 
68 84 
68 90 
68 116 
68 117 
68 146 
69 3 
69 15 
69 35 
69 73 
69 84 
69 87 
70 2 
70 3 
70 4 
70 6 
70 7 
70 8 
70 14 
70 15 
70 22 
70 23 
70 27 
70 32 
70 35 
70 36 
70 37 
70 39 
70 40 
70 42 
70 44 
70 45 
70 51 
70 60 
70 62 
70 63 
70 68 
70 71 
70 80 
70 82 
70 83 
70 86 
70 88 
70 102 
70 109 
70 110 
70 117 
70 146 
70 150 
71 4 
71 6 
71 14 
71 15 
71 21 
71 25 
71 27 
71 32 
71 37 
71 42 
71 44 
71 80 
71 86 
71 92 
71 102 
71 134 
72 32 
72 42 
73 15 
73 30 
73 98 
73 121 
74 4 
74 14 
74 15 
74 27 
76 6 
76 14 
76 16 
76 23 
76 27 
76 37 
76 45 
76 96 
76 146 
77 51 
77 60 
78 4 
78 6 
78 14 
78 15 
78 25 
78 27 
78 32 
78 35 
78 37 
78 59 
78 80 
78 102 
78 134 
78 213 
79 16 
79 58 
79 97 
81 6 
81 27 
81 32 
81 80 
82 4 
82 14 
82 15 
82 27 
82 32 
82 35 
82 37 
82 44 
82 53 
82 74 
82 80 
82 102 
83 25 
84 4 
84 15 
84 26 
84 52 
86 32 
87 14 
87 63 
87 69 
88 14 
88 15 
88 22 
88 27 
88 30 
88 84 
89 3 
89 25 
89 32 
89 33 
89 36 
89 44 
89 48 
89 80 
89 117 
89 125 
89 146 
89 158 
90 32 
90 36 
90 37 
90 51 
90 52 
90 60 
90 68 
90 73 
90 83 
90 86 
90 88 
90 117 
90 121 
91 6 
91 14 
91 15 
91 22 
91 27 
91 32 
91 37 
91 60 
91 134 
91 146 
91 158 
92 4 
92 6 
92 15 
92 37 
92 44 
92 125 
93 14 
93 21 
93 26 
93 27 
93 28 
93 32 
93 33 
93 77 
93 91 
93 96 
93 100 
94 127 
96 4 
96 6 
96 7 
96 8 
96 14 
96 15 
96 16 
96 18 
96 22 
96 23 
96 25 
96 27 
96 32 
96 35 
96 39 
96 40 
96 42 
96 44 
96 45 
96 49 
96 55 
96 58 
96 60 
96 73 
96 76 
96 79 
96 80 
96 83 
96 86 
96 94 
96 95 
96 97 
96 102 
96 116 
96 117 
97 16 
98 13 
98 73 
98 121 
99 2 
99 6 
99 105 
100 42 
100 83 
100 116 
100 117 
100 133 
101 6 
101 16 
101 45 
101 58 
101 77 
101 79 
101 97 
102 6 
102 59 
103 6 
103 44 
103 45 
104 4 
104 6 
104 14 
104 22 
104 25 
104 27 
104 32 
104 37 
104 44 
104 51 
104 60 
104 78 
104 80 
104 117 
104 158 
105 2 
105 6 
105 7 
105 8 
105 10 
105 14 
105 18 
105 23 
105 26 
105 27 
105 29 
105 32 
105 39 
105 44 
105 45 
105 80 
105 83 
105 99 
105 156 
105 165 
105 166 
105 168 
105 182 
107 80 
108 4 
108 6 
108 14 
108 15 
108 22 
108 27 
108 32 
108 35 
108 37 
108 42 
108 44 
108 45 
108 78 
108 80 
108 83 
108 86 
108 102 
108 117 
108 127 
108 158 
109 4 
109 6 
109 7 
109 8 
109 10 
109 14 
109 15 
109 18 
109 22 
109 25 
109 26 
109 27 
109 28 
109 32 
109 33 
109 35 
109 37 
109 40 
109 42 
109 44 
109 45 
109 51 
109 57 
109 59 
109 60 
109 67 
109 70 
109 71 
109 75 
109 80 
109 82 
109 83 
109 86 
109 92 
109 102 
109 115 
109 117 
109 119 
109 134 
109 138 
109 146 
109 150 
109 158 
109 168 
109 180 
109 187 
109 213 
110 6 
110 14 
110 15 
110 22 
110 27 
110 37 
110 44 
110 62 
110 80 
110 125 
110 134 
110 158 
110 212 
112 6 
113 71 
114 27 
114 32 
114 44 
114 80 
115 44 
115 181 
116 32 
119 4 
119 14 
119 15 
119 22 
119 25 
119 37 
119 44 
119 74 
120 6 
120 44 
120 128 
121 40 
121 73 
121 98 
122 14 
122 80 
122 102 
124 17 
126 6 
128 44 
130 27 
133 32 
133 42 
133 83 
133 98 
133 117 
135 22 
135 44 
141 7 
141 9 
142 4 
142 44 
145 82 
146 15 
146 44 
146 134 
146 158 
146 187 
147 39 
147 44 
148 27 
149 44 
150 4 
150 6 
150 14 
150 22 
150 25 
150 27 
150 32 
150 37 
150 44 
150 80 
150 117 
153 7 
153 9 
153 23 
153 26 
153 39 
155 17 
159 4 
160 6 
160 44 
167 33 
167 125 
168 4 
168 6 
168 15 
168 22 
168 25 
168 27 
168 32 
168 44 
168 80 
168 86 
168 102 
168 109 
171 6 
171 44 
171 112 
173 14 
178 112 
178 128 
181 4 
181 92 
181 159 
184 6 
187 53 
187 82 
191 105 
194 82 
204 14 
204 59 
