2 7 
2 9 
2 99 
2 105 
3 7 
3 9 
3 15 
3 22 
3 30 
3 37 
3 44 
3 60 
3 63 
3 69 
3 74 
3 87 
4 3 
4 7 
4 9 
4 14 
4 15 
4 21 
4 22 
4 27 
4 30 
4 37 
4 44 
4 70 
4 74 
4 78 
4 82 
4 87 
4 88 
4 90 
4 91 
4 105 
4 193 
5 6 
5 45 
6 7 
6 10 
6 45 
6 63 
6 76 
7 2 
7 6 
7 15 
7 17 
7 18 
7 19 
7 26 
7 27 
7 28 
7 29 
7 31 
7 32 
7 34 
7 35 
7 39 
7 40 
7 45 
7 60 
7 71 
7 78 
7 80 
7 100 
7 105 
7 108 
7 124 
7 134 
8 10 
8 140 
9 2 
9 6 
9 8 
9 10 
9 15 
9 17 
9 18 
9 19 
9 26 
9 27 
9 28 
9 29 
9 31 
9 32 
9 34 
9 35 
9 39 
9 40 
9 45 
9 60 
9 71 
9 78 
9 80 
9 100 
9 108 
9 124 
9 134 
9 140 
10 2 
10 6 
10 8 
10 9 
10 18 
10 31 
10 34 
10 45 
10 105 
10 140 
11 3 
11 36 
11 44 
11 80 
11 98 
12 118 
12 146 
13 7 
13 9 
13 31 
13 33 
14 2 
14 3 
14 4 
14 6 
14 7 
14 9 
14 15 
14 21 
14 22 
14 27 
14 30 
14 31 
14 36 
14 37 
14 39 
14 44 
14 45 
14 59 
14 63 
14 69 
14 73 
14 74 
14 78 
14 82 
14 84 
14 88 
14 90 
14 109 
14 125 
14 134 
14 148 
14 150 
14 156 
14 180 
14 182 
15 3 
15 4 
15 5 
15 6 
15 7 
15 8 
15 9 
15 10 
15 11 
15 13 
15 14 
15 21 
15 22 
15 27 
15 28 
15 30 
15 32 
15 35 
15 37 
15 40 
15 44 
15 45 
15 51 
15 60 
15 63 
15 66 
15 68 
15 69 
15 73 
15 74 
15 80 
15 87 
15 88 
15 98 
15 102 
15 109 
15 121 
15 156 
15 182 
17 45 
17 71 
17 138 
17 158 
18 2 
18 6 
18 7 
18 9 
18 26 
18 31 
21 14 
21 29 
21 44 
22 2 
22 3 
22 4 
22 7 
22 9 
22 10 
22 13 
22 14 
22 15 
22 17 
22 27 
22 31 
22 37 
22 45 
22 52 
22 60 
22 63 
22 68 
22 84 
22 88 
23 6 
23 7 
23 8 
23 9 
23 18 
23 31 
23 37 
23 39 
23 45 
25 5 
25 22 
25 37 
25 45 
26 7 
26 9 
26 18 
26 34 
27 3 
27 4 
27 6 
27 7 
27 9 
27 11 
27 14 
27 15 
27 21 
27 22 
27 35 
27 36 
27 37 
27 40 
27 44 
27 45 
27 63 
27 80 
27 88 
27 102 
28 7 
28 9 
28 45 
29 31 
29 34 
29 37 
30 15 
30 22 
30 31 
30 45 
30 121 
31 2 
31 6 
31 7 
31 9 
31 18 
31 26 
31 29 
31 34 
31 45 
31 116 
31 168 
32 22 
32 83 
32 100 
32 116 
32 117 
32 133 
33 40 
34 7 
34 9 
34 31 
34 39 
34 110 
34 134 
35 14 
35 22 
35 25 
35 37 
35 80 
35 82 
35 91 
35 96 
36 2 
36 11 
37 7 
37 8 
37 9 
37 15 
37 102 
39 2 
39 7 
39 9 
39 15 
39 17 
39 27 
39 31 
39 34 
39 37 
39 45 
39 158 
39 190 
40 7 
40 9 
40 15 
40 19 
40 31 
40 36 
40 37 
40 45 
40 60 
40 80 
40 90 
40 119 
43 11 
43 134 
43 158 
44 7 
44 9 
44 14 
44 15 
44 21 
44 22 
44 27 
44 37 
44 45 
44 62 
44 80 
44 109 
44 133 
44 148 
45 2 
45 3 
45 5 
45 6 
45 7 
45 8 
45 9 
45 10 
45 11 
45 13 
45 14 
45 17 
45 18 
45 21 
45 23 
45 27 
45 28 
45 29 
45 31 
45 32 
45 34 
45 36 
45 39 
45 44 
45 49 
45 70 
45 76 
45 80 
45 96 
45 97 
45 103 
45 105 
45 108 
45 109 
45 112 
45 124 
45 125 
45 127 
45 128 
45 134 
45 146 
49 5 
49 45 
49 96 
52 22 
52 84 
52 86 
52 90 
52 133 
58 6 
61 32 
62 44 
62 45 
63 87 
65 45 
66 45 
68 35 
68 36 
68 45 
68 52 
69 3 
69 4 
69 60 
69 84 
69 133 
70 7 
70 9 
70 10 
70 17 
70 18 
70 31 
70 45 
70 51 
70 105 
70 109 
71 92 
73 60 
73 98 
73 121 
76 2 
76 4 
76 5 
76 6 
76 11 
76 14 
76 15 
76 16 
76 22 
76 23 
76 27 
76 31 
76 35 
76 36 
76 37 
76 40 
76 44 
76 45 
76 55 
76 58 
76 59 
76 60 
76 66 
76 70 
76 80 
76 90 
76 94 
76 102 
76 105 
76 109 
76 156 
82 14 
82 35 
82 45 
86 77 
87 3 
87 13 
87 15 
87 27 
87 35 
87 36 
87 37 
87 44 
87 60 
87 69 
87 80 
87 84 
88 45 
89 45 
93 33 
96 6 
96 7 
96 9 
96 26 
96 108 
98 73 
98 121 
103 109 
105 7 
105 9 
107 6 
108 2 
108 6 
108 45 
109 7 
109 9 
109 75 
109 138 
109 168 
110 7 
110 9 
110 22 
114 45 
128 45 
133 134 
146 45 
150 104 
153 7 
153 9 
