1 19 
2 1 
2 2 
2 7 
2 8 
2 10 
2 25 
2 26 
2 31 
2 33 
2 34 
2 36 
2 39 
2 44 
2 45 
2 70 
2 99 
2 105 
2 109 
2 110 
2 119 
2 134 
2 146 
2 156 
2 165 
2 166 
2 170 
2 182 
2 212 
3 19 
3 22 
3 30 
3 37 
3 44 
3 52 
3 60 
3 63 
3 69 
3 84 
3 87 
3 88 
3 121 
4 2 
4 3 
4 6 
4 11 
4 13 
4 14 
4 21 
4 22 
4 25 
4 30 
4 35 
4 36 
4 37 
4 44 
4 52 
4 54 
4 55 
4 57 
4 59 
4 60 
4 62 
4 63 
4 68 
4 69 
4 73 
4 80 
4 82 
4 84 
4 88 
4 90 
4 98 
4 102 
4 105 
4 119 
4 121 
4 134 
4 148 
4 156 
4 180 
5 6 
5 14 
5 22 
5 25 
5 32 
5 33 
5 37 
5 40 
5 44 
5 45 
5 49 
5 53 
5 73 
5 79 
5 82 
5 94 
5 95 
5 96 
5 103 
5 109 
5 127 
5 128 
5 146 
5 157 
5 170 
5 180 
5 193 
6 2 
6 6 
6 7 
6 8 
6 22 
6 37 
6 45 
6 90 
6 109 
6 119 
6 128 
6 134 
6 157 
7 2 
7 6 
7 11 
7 14 
7 21 
7 22 
7 23 
7 25 
7 26 
7 29 
7 31 
7 32 
7 33 
7 34 
7 35 
7 36 
7 37 
7 42 
7 44 
7 45 
7 48 
7 52 
7 53 
7 54 
7 55 
7 59 
7 60 
7 62 
7 63 
7 67 
7 70 
7 71 
7 72 
7 73 
7 77 
7 80 
7 82 
7 83 
7 86 
7 89 
7 92 
7 94 
7 96 
7 99 
7 103 
7 104 
7 105 
7 109 
7 110 
7 112 
7 115 
7 117 
7 118 
7 119 
7 127 
7 130 
7 133 
7 134 
7 138 
7 146 
7 150 
7 155 
7 157 
7 158 
7 166 
7 168 
7 170 
7 173 
7 180 
7 181 
7 182 
7 187 
7 193 
7 212 
7 213 
8 2 
8 44 
8 45 
8 54 
8 92 
8 109 
8 119 
8 127 
8 140 
8 166 
8 180 
9 2 
9 6 
9 8 
9 10 
9 11 
9 14 
9 21 
9 22 
9 23 
9 25 
9 26 
9 29 
9 31 
9 32 
9 33 
9 34 
9 35 
9 36 
9 37 
9 42 
9 44 
9 45 
9 48 
9 52 
9 53 
9 54 
9 55 
9 59 
9 60 
9 62 
9 63 
9 67 
9 70 
9 71 
9 72 
9 73 
9 82 
9 83 
9 86 
9 89 
9 92 
9 94 
9 96 
9 99 
9 103 
9 104 
9 105 
9 109 
9 110 
9 112 
9 115 
9 117 
9 118 
9 119 
9 127 
9 130 
9 133 
9 134 
9 138 
9 140 
9 146 
9 150 
9 157 
9 158 
9 166 
9 168 
9 170 
9 173 
9 180 
9 181 
9 182 
9 187 
9 193 
9 212 
9 213 
10 2 
10 6 
10 8 
10 9 
10 14 
10 25 
10 26 
10 32 
10 33 
10 34 
10 42 
10 44 
10 45 
10 60 
10 70 
10 77 
10 80 
10 83 
10 94 
10 105 
10 109 
10 140 
10 150 
10 155 
11 3 
11 13 
11 22 
11 30 
11 35 
11 36 
11 39 
11 44 
11 45 
11 80 
11 102 
11 105 
11 193 
12 2 
12 3 
12 6 
12 7 
12 8 
12 10 
12 14 
12 25 
12 32 
12 33 
12 35 
12 36 
12 40 
12 42 
12 44 
12 45 
12 48 
12 51 
12 52 
12 59 
12 62 
12 67 
12 68 
12 71 
12 77 
12 78 
12 80 
12 83 
12 84 
12 86 
12 89 
12 100 
12 105 
12 116 
12 117 
12 125 
12 134 
12 146 
12 150 
12 158 
13 11 
13 21 
13 22 
13 35 
13 36 
13 73 
13 98 
13 121 
13 157 
14 3 
14 5 
14 6 
14 7 
14 8 
14 11 
14 13 
14 21 
14 22 
14 25 
14 30 
14 31 
14 35 
14 36 
14 37 
14 44 
14 51 
14 52 
14 53 
14 54 
14 55 
14 57 
14 59 
14 63 
14 68 
14 69 
14 73 
14 78 
14 82 
14 83 
14 84 
14 86 
14 88 
14 89 
14 102 
14 104 
14 118 
14 119 
14 134 
14 146 
14 148 
14 150 
14 156 
14 157 
14 158 
14 159 
14 166 
14 170 
14 173 
14 180 
14 182 
14 187 
14 193 
15 3 
15 6 
15 11 
15 13 
15 14 
15 21 
15 22 
15 25 
15 30 
15 35 
15 36 
15 37 
15 44 
15 48 
15 51 
15 52 
15 54 
15 57 
15 59 
15 60 
15 62 
15 63 
15 68 
15 69 
15 73 
15 80 
15 82 
15 83 
15 84 
15 86 
15 87 
15 88 
15 96 
15 98 
15 100 
15 102 
15 109 
15 115 
15 119 
15 121 
15 133 
15 148 
15 157 
15 158 
15 212 
16 45 
16 58 
16 79 
16 97 
16 134 
17 1 
17 2 
17 3 
17 5 
17 6 
17 7 
17 8 
17 10 
17 11 
17 14 
17 18 
17 19 
17 21 
17 22 
17 23 
17 25 
17 26 
17 29 
17 30 
17 31 
17 32 
17 33 
17 34 
17 35 
17 36 
17 37 
17 39 
17 40 
17 42 
17 44 
17 45 
17 49 
17 51 
17 54 
17 55 
17 59 
17 60 
17 62 
17 63 
17 67 
17 68 
17 70 
17 71 
17 75 
17 77 
17 78 
17 80 
17 83 
17 84 
17 86 
17 88 
17 89 
17 90 
17 91 
17 92 
17 96 
17 99 
17 100 
17 102 
17 103 
17 104 
17 105 
17 109 
17 110 
17 113 
17 115 
17 119 
17 125 
17 133 
17 134 
17 138 
17 146 
17 150 
17 155 
17 156 
17 157 
17 158 
17 180 
17 182 
17 212 
17 213 
18 2 
18 6 
18 7 
18 8 
18 26 
18 34 
18 39 
18 45 
18 86 
18 105 
18 157 
18 158 
19 1 
19 6 
19 36 
19 40 
19 45 
19 60 
19 109 
19 125 
19 133 
19 157 
19 158 
20 19 
21 14 
21 44 
21 48 
21 71 
21 87 
22 2 
22 3 
22 5 
22 6 
22 7 
22 8 
22 10 
22 11 
22 13 
22 14 
22 17 
22 18 
22 19 
22 21 
22 25 
22 30 
22 31 
22 32 
22 34 
22 35 
22 36 
22 37 
22 39 
22 40 
22 42 
22 44 
22 45 
22 48 
22 49 
22 51 
22 52 
22 53 
22 54 
22 55 
22 57 
22 59 
22 60 
22 62 
22 63 
22 66 
22 67 
22 68 
22 69 
22 70 
22 71 
22 73 
22 76 
22 77 
22 78 
22 79 
22 80 
22 82 
22 83 
22 84 
22 86 
22 87 
22 88 
22 89 
22 90 
22 91 
22 92 
22 95 
22 96 
22 97 
22 98 
22 100 
22 102 
22 104 
22 105 
22 108 
22 109 
22 116 
22 117 
22 119 
22 121 
22 127 
22 134 
22 146 
22 148 
22 150 
22 156 
22 157 
22 158 
22 170 
22 181 
22 182 
22 187 
22 193 
22 212 
23 2 
23 3 
23 5 
23 6 
23 7 
23 8 
23 9 
23 10 
23 13 
23 14 
23 18 
23 22 
23 26 
23 29 
23 32 
23 34 
23 36 
23 37 
23 39 
23 44 
23 45 
23 59 
23 60 
23 63 
23 67 
23 68 
23 80 
23 83 
23 84 
23 91 
23 96 
23 102 
23 104 
23 105 
23 109 
23 118 
23 119 
23 140 
23 157 
23 170 
23 181 
23 182 
24 1 
24 32 
24 72 
24 133 
25 5 
25 6 
25 36 
25 44 
25 45 
25 62 
25 75 
25 87 
25 109 
25 119 
25 157 
25 158 
25 170 
25 180 
25 187 
26 2 
26 18 
26 21 
26 59 
26 99 
26 105 
26 125 
26 212 
27 3 
27 11 
27 13 
27 14 
27 21 
27 22 
27 30 
27 35 
27 36 
27 37 
27 44 
27 45 
27 51 
27 52 
27 53 
27 57 
27 62 
27 63 
27 68 
27 69 
27 71 
27 73 
27 77 
27 80 
27 82 
27 83 
27 84 
27 87 
27 88 
27 98 
27 100 
27 102 
27 104 
27 119 
27 121 
27 127 
27 130 
27 148 
27 156 
27 180 
28 1 
28 2 
28 3 
28 5 
28 6 
28 7 
28 8 
28 9 
28 10 
28 11 
28 13 
28 14 
28 18 
28 19 
28 21 
28 22 
28 23 
28 25 
28 26 
28 29 
28 30 
28 31 
28 32 
28 33 
28 34 
28 35 
28 36 
28 37 
28 39 
28 40 
28 42 
28 44 
28 45 
28 48 
28 51 
28 52 
28 53 
28 54 
28 59 
28 60 
28 62 
28 63 
28 67 
28 68 
28 71 
28 73 
28 75 
28 76 
28 77 
28 78 
28 80 
28 82 
28 83 
28 84 
28 86 
28 88 
28 89 
28 90 
28 91 
28 92 
28 96 
28 98 
28 99 
28 100 
28 102 
28 104 
28 105 
28 109 
28 110 
28 113 
28 115 
28 116 
28 117 
28 118 
28 119 
28 121 
28 125 
28 130 
28 133 
28 134 
28 146 
28 148 
28 150 
28 157 
28 158 
28 170 
28 173 
28 180 
28 187 
28 193 
28 212 
28 213 
29 6 
29 25 
29 37 
29 39 
29 45 
29 127 
30 6 
30 11 
30 14 
30 21 
30 35 
30 44 
30 45 
30 52 
30 60 
30 62 
30 63 
30 69 
30 73 
30 80 
30 83 
30 84 
30 87 
30 98 
30 102 
30 121 
30 157 
31 2 
31 3 
31 5 
31 6 
31 7 
31 8 
31 9 
31 10 
31 14 
31 16 
31 18 
31 21 
31 26 
31 30 
31 32 
31 34 
31 35 
31 39 
31 44 
31 45 
31 49 
31 71 
31 105 
31 109 
31 110 
31 115 
31 119 
31 125 
31 139 
31 166 
31 168 
32 1 
32 6 
32 25 
32 40 
32 42 
32 45 
32 70 
32 72 
32 73 
32 83 
32 89 
32 100 
32 116 
32 117 
32 133 
32 146 
33 6 
33 14 
33 36 
33 45 
33 157 
33 213 
34 2 
34 6 
34 7 
34 8 
34 11 
34 18 
34 29 
34 37 
34 44 
34 45 
34 59 
34 63 
34 71 
34 99 
34 104 
34 109 
34 110 
34 115 
34 139 
34 155 
34 166 
34 173 
34 180 
34 212 
35 2 
35 3 
35 6 
35 7 
35 8 
35 11 
35 13 
35 14 
35 21 
35 22 
35 29 
35 30 
35 32 
35 34 
35 36 
35 37 
35 40 
35 42 
35 44 
35 45 
35 48 
35 51 
35 52 
35 53 
35 55 
35 60 
35 63 
35 69 
35 70 
35 77 
35 78 
35 80 
35 82 
35 84 
35 86 
35 87 
35 89 
35 90 
35 91 
35 96 
35 105 
35 109 
35 113 
35 119 
35 146 
35 148 
35 156 
35 157 
35 180 
35 182 
36 11 
36 13 
36 14 
36 68 
36 80 
36 83 
36 121 
37 14 
37 25 
37 36 
37 45 
37 53 
37 70 
37 80 
37 83 
37 96 
37 104 
37 117 
37 170 
37 180 
38 1 
38 32 
38 42 
39 2 
39 3 
39 5 
39 6 
39 7 
39 8 
39 9 
39 10 
39 11 
39 13 
39 14 
39 17 
39 18 
39 19 
39 21 
39 22 
39 23 
39 25 
39 26 
39 29 
39 30 
39 31 
39 32 
39 33 
39 34 
39 35 
39 36 
39 37 
39 39 
39 40 
39 42 
39 44 
39 45 
39 48 
39 49 
39 51 
39 52 
39 53 
39 54 
39 55 
39 57 
39 59 
39 60 
39 62 
39 63 
39 67 
39 68 
39 70 
39 71 
39 72 
39 73 
39 76 
39 77 
39 78 
39 80 
39 82 
39 83 
39 84 
39 86 
39 87 
39 89 
39 91 
39 92 
39 96 
39 98 
39 99 
39 100 
39 102 
39 103 
39 104 
39 105 
39 108 
39 109 
39 110 
39 112 
39 115 
39 116 
39 117 
39 119 
39 121 
39 125 
39 127 
39 133 
39 134 
39 138 
39 139 
39 140 
39 146 
39 148 
39 150 
39 155 
39 156 
39 157 
39 158 
39 166 
39 168 
39 170 
39 173 
39 180 
39 182 
39 187 
39 193 
39 212 
39 213 
40 1 
40 2 
40 3 
40 6 
40 11 
40 14 
40 19 
40 25 
40 33 
40 36 
40 37 
40 42 
40 44 
40 45 
40 48 
40 51 
40 68 
40 70 
40 72 
40 77 
40 80 
40 86 
40 89 
40 90 
40 100 
40 102 
40 109 
40 133 
40 146 
40 157 
41 35 
42 70 
42 83 
42 117 
43 1 
43 2 
43 6 
43 7 
43 8 
43 14 
43 19 
43 34 
43 37 
43 40 
43 44 
43 45 
43 54 
43 59 
43 67 
43 71 
43 75 
43 80 
43 92 
43 104 
43 105 
43 109 
43 110 
43 113 
43 115 
43 119 
43 125 
43 133 
43 134 
43 158 
43 168 
43 173 
43 180 
43 181 
43 193 
43 212 
43 213 
44 2 
44 3 
44 6 
44 7 
44 8 
44 11 
44 13 
44 14 
44 21 
44 22 
44 25 
44 30 
44 34 
44 35 
44 36 
44 37 
44 39 
44 40 
44 45 
44 54 
44 62 
44 63 
44 68 
44 69 
44 70 
44 73 
44 75 
44 80 
44 82 
44 87 
44 102 
44 109 
44 113 
44 115 
44 119 
44 121 
44 125 
44 134 
44 146 
44 148 
44 156 
44 180 
44 193 
45 2 
45 3 
45 5 
45 6 
45 7 
45 8 
45 10 
45 11 
45 13 
45 14 
45 16 
45 17 
45 18 
45 19 
45 22 
45 23 
45 25 
45 26 
45 29 
45 30 
45 31 
45 32 
45 33 
45 34 
45 35 
45 36 
45 37 
45 39 
45 40 
45 42 
45 44 
45 48 
45 49 
45 51 
45 53 
45 54 
45 55 
45 58 
45 59 
45 60 
45 62 
45 63 
45 66 
45 67 
45 68 
45 70 
45 71 
45 73 
45 75 
45 76 
45 77 
45 78 
45 79 
45 80 
45 82 
45 83 
45 86 
45 87 
45 89 
45 91 
45 92 
45 94 
45 95 
45 96 
45 97 
45 99 
45 102 
45 103 
45 104 
45 105 
45 108 
45 109 
45 110 
45 112 
45 113 
45 117 
45 119 
45 121 
45 125 
45 127 
45 128 
45 130 
45 133 
45 134 
45 136 
45 139 
45 140 
45 146 
45 148 
45 150 
45 155 
45 157 
45 158 
45 165 
45 166 
45 168 
45 170 
45 173 
45 178 
45 180 
45 182 
45 193 
46 1 
46 45 
47 2 
47 3 
47 5 
47 6 
47 7 
47 8 
47 9 
47 10 
47 14 
47 17 
47 18 
47 21 
47 22 
47 25 
47 26 
47 29 
47 30 
47 32 
47 33 
47 34 
47 35 
47 36 
47 37 
47 40 
47 42 
47 44 
47 45 
47 48 
47 51 
47 52 
47 53 
47 54 
47 57 
47 59 
47 60 
47 63 
47 69 
47 70 
47 71 
47 72 
47 73 
47 77 
47 80 
47 82 
47 83 
47 86 
47 87 
47 89 
47 92 
47 96 
47 99 
47 100 
47 102 
47 104 
47 105 
47 108 
47 109 
47 110 
47 115 
47 116 
47 117 
47 118 
47 119 
47 134 
47 139 
47 140 
47 146 
47 150 
47 155 
47 156 
47 157 
47 158 
47 166 
47 170 
47 173 
47 180 
47 182 
47 187 
47 193 
49 2 
49 5 
49 6 
49 13 
49 14 
49 19 
49 22 
49 25 
49 32 
49 33 
49 40 
49 44 
49 45 
49 48 
49 49 
49 70 
49 76 
49 90 
49 95 
49 96 
49 108 
49 109 
49 117 
49 125 
49 180 
51 45 
51 77 
51 90 
52 22 
52 37 
52 40 
52 62 
52 63 
52 68 
52 69 
52 73 
52 84 
52 86 
52 87 
52 90 
52 110 
54 57 
54 118 
55 22 
58 57 
58 79 
59 119 
59 157 
59 170 
59 180 
60 45 
60 51 
62 52 
62 68 
63 30 
63 62 
63 69 
63 73 
63 80 
63 84 
63 87 
63 88 
63 98 
63 102 
65 54 
66 14 
66 22 
66 45 
66 78 
68 6 
68 13 
68 14 
68 22 
68 25 
68 30 
68 35 
68 36 
68 44 
68 45 
68 48 
68 52 
68 62 
68 63 
68 69 
68 73 
68 84 
68 86 
68 89 
68 90 
68 98 
68 121 
68 134 
68 146 
69 3 
69 22 
69 30 
69 32 
69 35 
69 63 
69 68 
69 84 
69 87 
69 88 
69 100 
70 6 
70 31 
70 45 
70 80 
71 80 
71 92 
73 11 
73 14 
73 21 
73 30 
73 35 
73 44 
73 52 
73 98 
73 121 
74 14 
75 44 
75 71 
75 115 
75 168 
76 6 
76 16 
76 45 
76 90 
78 180 
79 19 
79 58 
79 97 
80 11 
80 39 
80 102 
81 16 
81 21 
82 6 
82 14 
82 22 
82 25 
82 30 
82 35 
82 37 
82 44 
82 45 
82 53 
82 68 
82 89 
84 22 
84 30 
84 44 
84 48 
84 52 
84 63 
84 68 
84 69 
84 73 
84 83 
84 86 
84 87 
84 116 
84 121 
85 71 
86 37 
86 45 
86 51 
86 53 
86 77 
86 90 
87 3 
87 14 
87 30 
87 35 
87 52 
87 63 
87 69 
87 105 
88 3 
88 48 
88 51 
88 60 
88 77 
88 148 
90 6 
90 51 
90 77 
90 86 
90 88 
92 71 
93 14 
93 19 
93 33 
93 34 
93 59 
93 77 
93 82 
93 90 
93 105 
93 213 
95 102 
95 108 
96 40 
96 157 
97 6 
97 16 
97 45 
97 58 
97 79 
98 73 
98 121 
99 105 
99 166 
101 16 
101 79 
101 97 
104 6 
104 14 
104 22 
104 45 
105 2 
105 99 
105 146 
105 156 
105 165 
105 166 
105 182 
107 5 
107 49 
107 95 
107 96 
107 109 
108 6 
108 22 
108 40 
108 70 
108 90 
108 96 
109 2 
109 6 
109 37 
109 44 
109 67 
109 71 
109 75 
109 92 
109 104 
109 105 
109 113 
109 115 
109 119 
109 138 
109 150 
109 168 
110 2 
110 6 
110 11 
110 14 
110 22 
110 25 
110 33 
110 34 
110 37 
110 44 
110 45 
110 62 
110 63 
110 80 
110 105 
110 125 
110 134 
110 138 
110 146 
110 158 
110 212 
112 127 
112 130 
112 157 
113 71 
113 75 
113 92 
113 115 
113 181 
114 2 
114 5 
114 6 
114 11 
114 22 
114 25 
114 32 
114 35 
114 36 
114 37 
114 40 
114 42 
114 44 
114 45 
114 49 
114 53 
114 54 
114 60 
114 62 
114 70 
114 76 
114 79 
114 80 
114 82 
114 83 
114 89 
114 96 
114 97 
114 108 
114 109 
114 116 
114 117 
114 128 
114 134 
114 146 
114 170 
119 157 
119 173 
119 180 
120 14 
120 30 
120 44 
120 45 
120 51 
120 82 
120 103 
120 112 
120 128 
120 130 
120 178 
121 44 
121 68 
121 73 
121 87 
121 98 
122 157 
122 170 
124 157 
124 180 
125 19 
125 134 
130 14 
130 82 
130 103 
130 109 
130 112 
134 19 
134 28 
135 2 
135 6 
135 11 
135 22 
135 25 
135 33 
135 34 
135 44 
135 45 
135 68 
135 125 
138 168 
139 2 
139 6 
139 7 
139 8 
139 10 
139 14 
139 22 
139 26 
139 30 
139 32 
139 34 
139 35 
139 36 
139 44 
139 45 
139 63 
139 73 
139 82 
139 88 
139 98 
139 117 
139 121 
140 8 
141 7 
141 9 
142 57 
146 110 
147 14 
147 35 
150 104 
150 109 
150 180 
152 115 
152 168 
153 7 
153 8 
153 10 
153 14 
153 32 
153 34 
153 39 
153 42 
153 44 
153 54 
153 59 
153 104 
153 110 
153 157 
153 158 
153 170 
155 2 
159 92 
167 113 
169 157 
172 25 
172 146 
172 158 
173 119 
173 180 
178 103 
180 157 
190 2 
190 6 
190 45 
202 170 
204 59 
204 89 
204 157 
