2 6 
2 7 
2 8 
2 9 
2 10 
2 18 
2 22 
2 26 
2 27 
2 29 
2 31 
2 39 
2 40 
2 44 
2 45 
2 99 
2 109 
2 110 
2 156 
2 158 
3 11 
3 15 
3 22 
3 27 
3 60 
3 63 
3 69 
3 87 
4 14 
4 15 
4 22 
4 27 
4 30 
4 35 
4 39 
4 44 
4 68 
4 69 
4 74 
4 109 
5 39 
5 49 
5 94 
5 96 
5 109 
6 4 
6 18 
6 29 
6 40 
6 45 
7 6 
7 21 
7 26 
7 29 
7 44 
7 75 
7 110 
7 158 
8 6 
8 9 
8 10 
8 110 
9 8 
9 21 
9 26 
9 29 
9 44 
9 75 
9 158 
10 8 
11 4 
11 13 
11 14 
11 15 
11 22 
11 27 
11 29 
11 30 
11 32 
11 36 
11 39 
11 44 
11 63 
11 68 
11 69 
11 73 
11 84 
11 109 
11 121 
13 73 
13 121 
14 2 
14 4 
14 11 
14 15 
14 22 
14 27 
14 30 
14 32 
14 35 
14 36 
14 37 
14 39 
14 44 
14 45 
14 68 
14 69 
14 96 
14 109 
14 121 
15 3 
15 4 
15 11 
15 13 
15 14 
15 22 
15 27 
15 29 
15 30 
15 32 
15 35 
15 36 
15 37 
15 39 
15 44 
15 63 
15 68 
15 69 
15 70 
15 80 
15 83 
15 109 
15 116 
15 121 
15 148 
16 97 
17 21 
17 29 
17 155 
17 190 
19 116 
21 4 
21 14 
21 15 
21 22 
21 27 
21 44 
22 3 
22 4 
22 14 
22 15 
22 26 
22 27 
22 28 
22 29 
22 30 
22 32 
22 35 
22 37 
22 39 
22 52 
22 63 
22 68 
22 69 
22 70 
22 82 
22 86 
22 88 
22 96 
22 109 
23 26 
26 110 
26 139 
27 3 
27 4 
27 11 
27 13 
27 14 
27 15 
27 22 
27 29 
27 30 
27 35 
27 36 
27 37 
27 39 
27 44 
27 45 
27 63 
27 69 
27 73 
27 80 
27 82 
27 96 
27 109 
27 158 
30 4 
30 14 
30 15 
30 22 
30 27 
30 32 
30 42 
30 63 
30 69 
30 73 
30 87 
30 100 
30 121 
31 18 
33 134 
34 18 
34 29 
34 110 
35 3 
35 4 
35 14 
35 15 
35 22 
35 27 
35 29 
35 30 
35 32 
35 37 
35 40 
35 44 
35 55 
35 63 
35 68 
35 69 
35 70 
35 82 
35 84 
35 87 
35 109 
35 148 
35 158 
35 213 
36 11 
36 22 
36 26 
36 30 
36 32 
36 69 
36 87 
37 14 
37 15 
37 70 
39 29 
39 158 
40 100 
42 116 
43 7 
43 8 
43 26 
43 75 
43 113 
43 146 
44 11 
44 13 
44 14 
44 15 
44 21 
44 22 
44 27 
44 28 
44 30 
44 35 
44 39 
44 40 
44 68 
44 69 
44 70 
44 109 
44 158 
45 4 
45 6 
45 7 
45 9 
45 14 
45 15 
45 16 
45 18 
45 26 
45 27 
45 28 
45 29 
45 31 
45 39 
45 40 
45 42 
45 44 
45 49 
45 55 
45 66 
45 69 
45 76 
45 79 
45 94 
45 97 
45 100 
45 108 
45 119 
47 7 
47 10 
47 26 
47 139 
49 2 
49 29 
49 39 
49 55 
49 95 
49 96 
49 108 
49 109 
52 27 
52 35 
52 68 
52 69 
58 16 
58 79 
60 32 
60 87 
62 22 
62 68 
63 3 
63 11 
63 15 
63 22 
63 30 
63 37 
63 73 
63 84 
63 87 
63 121 
63 158 
66 45 
68 22 
68 40 
69 14 
69 15 
69 29 
69 32 
69 35 
69 39 
69 52 
69 63 
69 84 
69 86 
69 87 
69 88 
71 113 
73 32 
73 121 
74 4 
76 15 
76 55 
76 66 
76 94 
78 119 
79 7 
79 10 
79 16 
79 97 
80 11 
80 27 
80 36 
80 44 
80 45 
80 63 
82 4 
82 14 
82 15 
82 22 
82 35 
82 53 
84 22 
84 30 
84 40 
84 63 
86 51 
86 77 
86 87 
87 3 
87 15 
87 27 
87 30 
87 63 
87 69 
88 22 
88 69 
89 146 
90 86 
93 55 
96 2 
96 5 
96 15 
96 66 
96 108 
97 16 
97 79 
98 121 
101 16 
101 97 
105 2 
105 6 
105 7 
105 9 
105 10 
105 15 
105 18 
105 26 
105 27 
105 29 
105 39 
105 44 
105 45 
105 99 
105 105 
105 121 
105 156 
105 166 
105 182 
106 110 
107 29 
107 39 
107 109 
108 45 
109 14 
109 15 
109 35 
109 54 
109 75 
109 92 
109 115 
109 138 
109 168 
114 5 
114 7 
114 9 
114 55 
114 108 
115 75 
117 42 
121 30 
121 73 
121 98 
134 39 
138 75 
138 168 
154 115 
154 168 
180 157 
213 119 
