2 99 
2 105 
2 110 
2 156 
2 166 
2 212 
3 14 
3 22 
3 37 
3 60 
3 63 
3 68 
3 69 
3 87 
3 88 
4 5 
4 7 
4 8 
4 11 
4 14 
4 15 
4 22 
4 25 
4 27 
4 35 
4 36 
4 44 
4 52 
4 53 
4 57 
4 63 
4 68 
4 74 
4 80 
4 82 
4 84 
4 98 
4 102 
4 104 
4 119 
4 150 
4 156 
4 158 
5 6 
5 49 
5 53 
5 54 
5 55 
5 79 
5 82 
5 94 
5 95 
5 130 
5 213 
6 7 
6 8 
6 9 
6 11 
6 13 
6 14 
6 15 
6 23 
6 27 
6 33 
6 36 
6 37 
6 44 
6 45 
6 55 
6 62 
6 80 
6 102 
6 103 
6 104 
6 112 
6 120 
6 128 
6 158 
6 178 
7 2 
7 3 
7 4 
7 5 
7 6 
7 11 
7 14 
7 15 
7 18 
7 19 
7 21 
7 22 
7 23 
7 25 
7 26 
7 27 
7 28 
7 29 
7 30 
7 31 
7 32 
7 33 
7 34 
7 35 
7 36 
7 37 
7 39 
7 40 
7 42 
7 44 
7 45 
7 49 
7 51 
7 52 
7 54 
7 55 
7 57 
7 58 
7 59 
7 60 
7 62 
7 63 
7 66 
7 67 
7 68 
7 69 
7 70 
7 71 
7 72 
7 76 
7 77 
7 78 
7 79 
7 80 
7 82 
7 83 
7 84 
7 86 
7 87 
7 90 
7 91 
7 92 
7 96 
7 100 
7 102 
7 103 
7 104 
7 105 
7 109 
7 110 
7 112 
7 116 
7 117 
7 119 
7 120 
7 125 
7 128 
7 130 
7 133 
7 146 
7 150 
7 158 
7 170 
7 180 
7 182 
7 187 
8 27 
8 34 
8 66 
8 92 
8 112 
8 119 
8 120 
8 130 
8 140 
8 150 
9 2 
9 3 
9 4 
9 5 
9 6 
9 8 
9 9 
9 11 
9 14 
9 15 
9 18 
9 19 
9 21 
9 22 
9 23 
9 25 
9 26 
9 27 
9 28 
9 29 
9 30 
9 31 
9 32 
9 33 
9 34 
9 35 
9 36 
9 37 
9 40 
9 42 
9 44 
9 45 
9 49 
9 51 
9 52 
9 54 
9 55 
9 57 
9 58 
9 59 
9 60 
9 62 
9 63 
9 66 
9 67 
9 68 
9 69 
9 70 
9 71 
9 72 
9 76 
9 77 
9 78 
9 79 
9 80 
9 82 
9 83 
9 84 
9 86 
9 87 
9 90 
9 91 
9 92 
9 96 
9 100 
9 102 
9 103 
9 104 
9 105 
9 109 
9 110 
9 112 
9 116 
9 117 
9 120 
9 125 
9 128 
9 133 
9 146 
9 150 
9 158 
9 170 
9 180 
9 182 
9 187 
10 8 
10 14 
10 26 
10 31 
10 34 
10 39 
10 40 
10 140 
11 36 
11 44 
11 80 
11 102 
11 212 
13 4 
13 36 
13 80 
13 98 
13 121 
14 3 
14 4 
14 5 
14 7 
14 8 
14 9 
14 10 
14 11 
14 13 
14 15 
14 18 
14 21 
14 22 
14 23 
14 25 
14 27 
14 30 
14 31 
14 32 
14 33 
14 34 
14 35 
14 36 
14 37 
14 40 
14 42 
14 44 
14 49 
14 51 
14 53 
14 54 
14 55 
14 57 
14 59 
14 62 
14 63 
14 68 
14 69 
14 70 
14 73 
14 74 
14 78 
14 80 
14 82 
14 84 
14 87 
14 88 
14 91 
14 94 
14 102 
14 104 
14 117 
14 119 
14 134 
14 148 
14 150 
14 156 
14 157 
14 158 
14 166 
14 170 
14 173 
14 180 
14 182 
14 187 
14 212 
14 213 
15 2 
15 3 
15 4 
15 7 
15 8 
15 11 
15 13 
15 14 
15 17 
15 21 
15 22 
15 27 
15 30 
15 31 
15 32 
15 35 
15 36 
15 37 
15 44 
15 51 
15 52 
15 60 
15 62 
15 63 
15 68 
15 69 
15 70 
15 73 
15 74 
15 80 
15 82 
15 83 
15 84 
15 87 
15 88 
15 91 
15 98 
15 100 
15 102 
15 119 
15 121 
15 130 
15 148 
15 158 
15 212 
16 58 
16 136 
17 78 
17 110 
17 187 
18 4 
18 7 
18 8 
18 10 
18 36 
18 80 
21 4 
21 44 
22 2 
22 3 
22 4 
22 5 
22 11 
22 13 
22 14 
22 15 
22 21 
22 30 
22 31 
22 32 
22 35 
22 37 
22 44 
22 45 
22 48 
22 51 
22 53 
22 59 
22 60 
22 62 
22 63 
22 68 
22 77 
22 82 
22 83 
22 84 
22 87 
22 88 
22 94 
22 104 
22 148 
22 150 
22 212 
23 5 
23 6 
23 7 
23 8 
23 9 
23 10 
23 17 
23 31 
23 34 
23 36 
23 134 
25 57 
25 89 
25 119 
25 170 
26 7 
26 8 
26 18 
26 28 
26 33 
26 34 
26 78 
26 110 
26 158 
26 182 
27 3 
27 4 
27 11 
27 13 
27 14 
27 15 
27 22 
27 25 
27 30 
27 31 
27 35 
27 36 
27 37 
27 44 
27 53 
27 57 
27 60 
27 62 
27 68 
27 73 
27 74 
27 80 
27 88 
27 100 
27 119 
27 127 
27 130 
27 133 
27 148 
28 44 
29 4 
29 6 
29 7 
29 8 
29 9 
29 10 
29 22 
29 23 
29 26 
29 28 
29 37 
29 105 
29 134 
29 158 
30 14 
30 15 
30 21 
30 32 
30 44 
30 45 
30 52 
30 60 
30 63 
30 69 
30 70 
30 73 
30 84 
30 87 
30 98 
30 102 
30 116 
30 117 
30 121 
30 133 
30 146 
31 2 
31 6 
31 32 
31 34 
31 39 
31 45 
31 105 
31 108 
32 42 
32 72 
32 100 
32 117 
33 25 
33 28 
33 125 
33 134 
33 146 
34 7 
34 8 
34 18 
34 26 
34 29 
34 71 
34 80 
34 99 
34 110 
34 139 
34 156 
34 212 
35 4 
35 11 
35 14 
35 15 
35 22 
35 32 
35 36 
35 37 
35 44 
35 48 
35 54 
35 55 
35 59 
35 62 
35 63 
35 70 
35 78 
35 80 
35 82 
35 84 
35 86 
35 91 
35 102 
35 116 
35 148 
35 187 
35 213 
36 4 
36 11 
36 13 
36 14 
36 80 
37 14 
37 15 
37 83 
39 2 
39 3 
39 4 
39 5 
39 6 
39 7 
39 8 
39 9 
39 10 
39 11 
39 13 
39 14 
39 15 
39 16 
39 17 
39 18 
39 19 
39 21 
39 22 
39 23 
39 25 
39 26 
39 27 
39 28 
39 29 
39 30 
39 31 
39 32 
39 33 
39 34 
39 35 
39 36 
39 37 
39 39 
39 40 
39 42 
39 44 
39 45 
39 49 
39 51 
39 52 
39 55 
39 58 
39 59 
39 60 
39 62 
39 63 
39 66 
39 67 
39 68 
39 69 
39 70 
39 73 
39 76 
39 78 
39 79 
39 80 
39 82 
39 83 
39 84 
39 86 
39 88 
39 89 
39 90 
39 91 
39 94 
39 95 
39 96 
39 97 
39 98 
39 99 
39 102 
39 103 
39 104 
39 105 
39 108 
39 109 
39 110 
39 112 
39 113 
39 116 
39 117 
39 120 
39 125 
39 128 
39 130 
39 134 
39 139 
39 146 
39 148 
39 150 
39 155 
39 156 
39 158 
39 178 
39 182 
39 187 
39 212 
40 4 
40 14 
40 15 
40 36 
40 37 
40 44 
40 48 
40 68 
40 72 
40 80 
40 100 
40 117 
40 133 
40 187 
42 32 
42 70 
42 72 
42 83 
42 100 
42 117 
42 133 
43 19 
43 91 
43 92 
43 104 
43 113 
43 119 
43 125 
43 187 
43 212 
44 4 
44 13 
44 14 
44 21 
44 22 
44 27 
44 28 
44 31 
44 35 
44 59 
44 62 
44 63 
44 68 
44 71 
44 80 
44 113 
44 119 
44 128 
44 134 
44 148 
44 150 
44 156 
44 182 
45 2 
45 5 
45 6 
45 7 
45 8 
45 9 
45 10 
45 11 
45 13 
45 14 
45 15 
45 16 
45 17 
45 18 
45 21 
45 23 
45 25 
45 26 
45 27 
45 28 
45 29 
45 31 
45 32 
45 33 
45 34 
45 35 
45 36 
45 37 
45 44 
45 49 
45 51 
45 55 
45 58 
45 60 
45 66 
45 67 
45 68 
45 70 
45 71 
45 76 
45 77 
45 79 
45 80 
45 82 
45 92 
45 94 
45 95 
45 96 
45 97 
45 99 
45 102 
45 103 
45 105 
45 108 
45 109 
45 112 
45 113 
45 119 
45 120 
45 125 
45 127 
45 128 
45 130 
45 134 
45 136 
45 139 
45 146 
45 150 
45 156 
45 158 
45 166 
45 178 
45 180 
45 182 
45 212 
47 2 
47 3 
47 4 
47 6 
47 7 
47 10 
47 14 
47 15 
47 23 
47 31 
47 32 
47 34 
47 36 
47 45 
47 51 
47 60 
47 76 
47 77 
47 80 
47 87 
47 98 
47 117 
49 95 
49 96 
49 158 
49 178 
49 180 
52 32 
52 62 
52 68 
52 73 
52 88 
55 35 
55 45 
55 82 
55 94 
60 51 
60 77 
62 69 
63 30 
63 52 
63 69 
63 84 
63 87 
66 35 
66 45 
66 94 
68 26 
68 30 
68 62 
68 74 
68 80 
68 84 
69 3 
69 4 
69 5 
69 11 
69 13 
69 14 
69 15 
69 22 
69 25 
69 30 
69 32 
69 35 
69 36 
69 37 
69 40 
69 42 
69 44 
69 48 
69 51 
69 52 
69 54 
69 60 
69 63 
69 68 
69 72 
69 73 
69 77 
69 78 
69 83 
69 84 
69 86 
69 87 
69 88 
69 90 
69 98 
69 100 
69 102 
69 116 
69 117 
69 121 
69 133 
69 156 
69 182 
70 32 
70 45 
71 92 
71 113 
71 159 
73 98 
73 121 
74 4 
76 6 
76 15 
76 35 
76 58 
76 79 
76 97 
76 136 
78 80 
78 213 
80 36 
81 103 
82 14 
82 35 
82 53 
82 74 
83 32 
83 44 
83 72 
83 100 
83 116 
83 117 
86 22 
86 32 
86 42 
86 51 
86 52 
86 60 
86 68 
86 77 
86 90 
86 117 
87 15 
87 52 
87 63 
87 88 
88 48 
88 51 
88 52 
88 60 
91 119 
93 14 
93 19 
93 33 
93 36 
93 77 
93 97 
96 26 
96 45 
97 45 
98 13 
104 14 
105 2 
105 5 
105 23 
105 31 
105 44 
105 80 
105 99 
105 156 
107 134 
108 6 
108 45 
108 58 
109 21 
109 44 
109 75 
109 92 
109 105 
109 113 
109 115 
109 119 
109 138 
109 150 
109 168 
110 212 
112 178 
117 116 
119 173 
120 130 
121 73 
121 98 
125 158 
140 8 
147 11 
147 35 
147 44 
153 7 
153 10 
153 39 
156 166 
169 39 
173 180 
204 35 
204 59 
