3 15 
3 37 
4 13 
4 14 
4 15 
4 22 
4 27 
4 35 
4 68 
4 74 
5 5 
5 6 
5 14 
5 15 
5 27 
5 45 
5 80 
7 2 
7 6 
7 14 
7 15 
7 18 
7 26 
7 27 
7 34 
7 39 
7 44 
7 80 
7 82 
8 140 
9 2 
9 14 
9 15 
9 18 
9 26 
9 27 
9 39 
9 44 
9 80 
9 82 
9 140 
10 6 
10 34 
11 22 
12 45 
12 102 
12 146 
13 2 
14 4 
14 13 
14 15 
14 22 
14 27 
14 35 
14 37 
14 44 
14 80 
14 102 
15 22 
15 27 
15 29 
15 30 
15 34 
15 44 
16 45 
16 97 
17 2 
17 3 
17 4 
17 6 
17 21 
17 26 
17 27 
17 34 
17 37 
17 44 
17 45 
17 125 
17 134 
17 158 
17 212 
18 2 
18 6 
18 7 
18 9 
18 26 
18 31 
18 34 
18 105 
21 35 
21 44 
22 14 
22 15 
22 27 
22 35 
22 37 
22 82 
22 88 
23 39 
26 18 
26 34 
27 3 
27 4 
27 11 
27 13 
27 14 
27 15 
27 21 
27 22 
27 30 
27 35 
27 36 
27 37 
27 44 
27 52 
27 62 
27 63 
27 68 
27 74 
27 82 
27 127 
29 2 
29 6 
29 27 
29 44 
29 45 
30 52 
31 26 
31 158 
34 2 
35 14 
35 22 
35 27 
35 36 
35 44 
35 82 
39 2 
39 4 
39 6 
39 7 
39 8 
39 9 
39 14 
39 15 
39 23 
39 27 
39 29 
39 31 
39 34 
39 36 
39 37 
39 39 
39 44 
39 45 
39 105 
43 125 
44 14 
44 21 
44 22 
44 27 
44 35 
44 80 
45 6 
45 16 
45 27 
45 102 
45 112 
45 127 
45 178 
47 2 
47 4 
47 6 
47 7 
47 9 
47 10 
47 14 
47 15 
47 23 
47 29 
47 31 
47 32 
47 37 
47 45 
47 105 
54 4 
54 6 
54 14 
54 15 
54 35 
54 37 
54 44 
54 45 
54 57 
54 80 
55 6 
55 35 
55 45 
57 6 
57 80 
58 4 
58 6 
58 11 
58 14 
58 16 
58 22 
58 27 
58 35 
58 37 
58 44 
58 45 
58 53 
58 79 
58 80 
58 82 
58 97 
58 102 
59 4 
59 14 
59 27 
59 45 
59 170 
62 27 
62 44 
65 6 
65 45 
66 4 
66 27 
66 35 
66 37 
66 44 
66 45 
66 55 
66 96 
66 108 
68 52 
70 102 
74 14 
76 6 
76 45 
79 16 
79 45 
79 58 
79 97 
81 35 
81 45 
82 35 
82 53 
82 109 
92 6 
92 159 
92 181 
93 27 
94 27 
97 45 
99 2 
99 6 
99 27 
99 45 
99 105 
101 6 
101 27 
101 45 
103 6 
107 5 
107 6 
108 6 
108 96 
109 102 
109 138 
110 2 
110 25 
110 37 
110 44 
110 212 
113 92 
113 181 
119 2 
119 4 
119 27 
119 37 
119 44 
119 45 
119 80 
119 105 
119 112 
119 157 
124 3 
124 27 
124 44 
124 45 
124 80 
124 109 
124 138 
126 45 
130 27 
139 39 
142 6 
142 14 
142 37 
145 45 
147 7 
147 9 
147 39 
153 7 
153 9 
159 6 
159 181 
165 2 
165 45 
165 105 
173 4 
173 14 
173 27 
173 37 
173 45 
187 6 
191 105 
