3 21 
4 14 
4 21 
4 22 
4 27 
4 35 
4 36 
4 44 
4 45 
4 52 
4 74 
7 14 
9 14 
11 15 
11 22 
11 36 
12 14 
12 33 
12 134 
12 146 
13 36 
14 3 
14 4 
14 11 
14 15 
14 21 
14 22 
14 35 
14 44 
14 74 
14 78 
14 80 
15 3 
15 4 
15 11 
15 14 
15 21 
15 22 
15 30 
15 35 
15 36 
15 44 
15 52 
15 63 
15 68 
15 74 
15 82 
15 84 
15 87 
17 125 
17 190 
19 125 
21 44 
22 3 
22 4 
22 11 
22 14 
22 15 
22 21 
22 27 
22 30 
22 35 
22 36 
22 44 
22 48 
22 63 
22 68 
22 74 
22 80 
22 84 
22 148 
25 94 
25 134 
27 4 
27 11 
27 14 
27 15 
27 21 
27 22 
27 35 
27 44 
30 44 
30 52 
33 125 
35 4 
35 14 
35 15 
35 21 
35 22 
35 27 
35 30 
35 36 
35 44 
35 82 
35 84 
35 87 
35 94 
36 30 
37 3 
39 15 
40 15 
40 60 
43 125 
44 3 
44 4 
44 14 
44 15 
44 21 
44 22 
44 27 
44 35 
44 63 
44 68 
45 68 
45 94 
52 68 
62 22 
62 44 
63 30 
63 73 
63 87 
68 4 
68 11 
68 14 
68 15 
68 21 
68 22 
68 30 
68 35 
68 36 
68 44 
68 45 
68 48 
68 52 
68 62 
68 80 
68 84 
68 87 
69 84 
69 87 
76 45 
78 14 
78 15 
82 4 
82 14 
82 15 
82 35 
82 74 
84 22 
84 52 
89 4 
89 134 
93 21 
93 33 
109 44 
110 125 
146 134 
167 146 
