2 99 
2 105 
2 109 
2 119 
2 150 
2 165 
2 166 
3 15 
3 22 
3 27 
3 88 
4 11 
4 14 
4 15 
4 22 
4 27 
4 36 
4 37 
4 44 
4 69 
4 74 
4 80 
4 88 
4 119 
5 4 
5 37 
5 45 
5 86 
5 96 
5 103 
5 109 
5 112 
5 119 
5 136 
5 157 
5 173 
5 180 
5 187 
5 193 
6 45 
6 103 
6 119 
6 127 
6 157 
7 2 
7 3 
7 6 
7 14 
7 21 
7 23 
7 37 
7 48 
7 58 
7 59 
7 67 
7 70 
7 72 
7 92 
7 103 
7 105 
7 109 
7 110 
7 115 
7 119 
7 127 
7 133 
7 138 
7 150 
7 157 
7 165 
7 166 
7 168 
7 170 
7 173 
7 178 
7 181 
7 187 
7 193 
7 213 
8 92 
8 103 
8 115 
8 119 
8 138 
8 140 
8 166 
9 2 
9 3 
9 6 
9 14 
9 21 
9 23 
9 37 
9 48 
9 58 
9 59 
9 67 
9 70 
9 72 
9 92 
9 103 
9 105 
9 109 
9 110 
9 115 
9 119 
9 127 
9 133 
9 138 
9 140 
9 150 
9 157 
9 165 
9 166 
9 168 
9 170 
9 173 
9 178 
9 181 
9 187 
9 193 
9 213 
10 150 
11 4 
11 102 
12 4 
12 7 
12 10 
12 14 
12 15 
12 25 
12 27 
12 33 
12 35 
12 36 
12 37 
12 42 
12 44 
12 48 
12 52 
12 71 
12 77 
12 84 
12 119 
12 158 
12 187 
12 193 
12 213 
13 36 
14 4 
14 15 
14 21 
14 22 
14 27 
14 35 
14 37 
14 44 
14 70 
14 74 
14 78 
14 82 
14 104 
14 119 
14 148 
14 156 
14 173 
14 182 
14 187 
14 213 
15 3 
15 4 
15 11 
15 14 
15 22 
15 27 
15 30 
15 36 
15 37 
15 44 
15 63 
15 68 
15 74 
15 84 
15 88 
15 98 
15 115 
15 119 
15 168 
16 97 
17 2 
17 6 
17 21 
17 33 
17 45 
17 67 
17 70 
17 71 
17 75 
17 80 
17 92 
17 99 
17 103 
17 104 
17 105 
17 109 
17 110 
17 113 
17 115 
17 119 
17 133 
17 138 
17 150 
17 155 
17 158 
17 168 
17 190 
17 193 
17 213 
18 115 
19 116 
21 27 
21 44 
22 2 
22 3 
22 4 
22 7 
22 8 
22 11 
22 13 
22 14 
22 15 
22 25 
22 27 
22 30 
22 35 
22 36 
22 37 
22 44 
22 59 
22 62 
22 63 
22 67 
22 68 
22 69 
22 70 
22 71 
22 73 
22 80 
22 83 
22 86 
22 87 
22 88 
22 92 
22 98 
22 105 
22 109 
22 113 
22 119 
22 148 
22 156 
22 178 
23 4 
23 27 
23 45 
23 105 
23 109 
23 170 
23 187 
24 22 
24 32 
24 72 
24 117 
25 15 
25 44 
25 78 
25 115 
25 193 
26 6 
26 105 
26 213 
27 3 
27 4 
27 11 
27 13 
27 14 
27 15 
27 21 
27 22 
27 30 
27 35 
27 36 
27 37 
27 44 
27 60 
27 63 
27 69 
27 74 
27 80 
27 88 
27 119 
27 127 
27 148 
27 168 
27 193 
27 213 
28 2 
28 4 
28 6 
28 7 
28 8 
28 14 
28 15 
28 18 
28 21 
28 22 
28 26 
28 27 
28 29 
28 30 
28 34 
28 35 
28 37 
28 42 
28 44 
28 45 
28 48 
28 52 
28 57 
28 59 
28 60 
28 62 
28 67 
28 71 
28 84 
28 92 
28 98 
28 104 
28 105 
28 109 
28 110 
28 112 
28 115 
28 116 
28 119 
28 134 
28 138 
28 148 
28 150 
28 157 
28 158 
28 168 
28 170 
28 173 
28 187 
28 193 
28 213 
29 6 
30 27 
30 68 
30 73 
30 148 
31 6 
31 45 
31 96 
31 99 
31 105 
31 109 
31 110 
31 119 
31 150 
31 168 
32 42 
32 83 
32 117 
32 133 
33 89 
33 187 
33 213 
34 2 
34 99 
34 115 
34 168 
34 173 
34 180 
34 193 
34 213 
35 4 
35 14 
35 15 
35 22 
35 27 
35 37 
35 44 
35 48 
35 80 
35 82 
35 84 
35 87 
35 119 
35 148 
35 150 
35 193 
36 13 
36 14 
36 80 
37 119 
37 127 
39 2 
39 3 
39 4 
39 6 
39 7 
39 8 
39 9 
39 10 
39 13 
39 14 
39 15 
39 18 
39 21 
39 22 
39 23 
39 26 
39 27 
39 29 
39 31 
39 34 
39 35 
39 36 
39 37 
39 39 
39 42 
39 44 
39 45 
39 54 
39 57 
39 59 
39 67 
39 70 
39 71 
39 74 
39 80 
39 82 
39 87 
39 92 
39 104 
39 105 
39 109 
39 113 
39 115 
39 116 
39 119 
39 128 
39 138 
39 156 
39 157 
39 158 
39 166 
39 168 
39 170 
39 173 
39 180 
39 187 
39 193 
39 213 
40 4 
40 15 
40 25 
40 37 
40 44 
40 90 
40 133 
40 187 
42 83 
42 117 
43 19 
43 71 
43 92 
43 104 
43 113 
43 115 
43 138 
43 157 
43 168 
43 173 
43 180 
43 181 
43 187 
43 193 
43 212 
43 213 
44 3 
44 4 
44 14 
44 15 
44 21 
44 22 
44 27 
44 35 
44 62 
44 92 
44 102 
44 112 
44 119 
44 148 
44 150 
44 168 
44 193 
45 2 
45 4 
45 6 
45 7 
45 9 
45 10 
45 14 
45 15 
45 16 
45 23 
45 29 
45 39 
45 44 
45 48 
45 58 
45 67 
45 68 
45 70 
45 71 
45 76 
45 92 
45 96 
45 97 
45 102 
45 103 
45 105 
45 112 
45 113 
45 115 
45 119 
45 127 
45 128 
45 134 
45 136 
45 157 
45 165 
45 166 
45 168 
45 178 
45 187 
45 193 
47 2 
47 4 
47 6 
47 7 
47 8 
47 10 
47 15 
47 18 
47 22 
47 26 
47 29 
47 34 
47 42 
47 45 
47 48 
47 59 
47 60 
47 67 
47 71 
47 80 
47 84 
47 92 
47 99 
47 102 
47 103 
47 105 
47 109 
47 115 
47 119 
47 134 
47 166 
47 168 
47 170 
47 173 
47 187 
49 4 
49 5 
49 6 
49 44 
49 45 
49 96 
49 187 
52 30 
52 37 
52 44 
52 69 
52 83 
52 84 
58 16 
58 79 
58 97 
59 119 
59 157 
59 170 
59 187 
63 87 
66 96 
68 4 
68 22 
68 27 
68 30 
68 35 
68 44 
68 52 
68 62 
68 69 
68 73 
68 84 
68 92 
69 3 
69 4 
69 84 
71 92 
71 168 
73 30 
73 98 
75 168 
76 45 
78 4 
78 44 
78 213 
79 58 
79 97 
80 193 
82 4 
82 14 
82 30 
82 35 
82 37 
82 44 
82 73 
84 22 
84 52 
84 83 
88 14 
90 52 
90 77 
90 86 
93 33 
93 180 
97 16 
98 73 
99 105 
99 166 
101 16 
101 97 
105 99 
105 165 
105 166 
106 166 
107 5 
107 95 
107 96 
107 187 
108 95 
109 2 
109 75 
109 92 
109 105 
109 115 
109 119 
109 138 
109 168 
110 6 
110 45 
110 105 
110 158 
111 92 
113 71 
113 92 
113 115 
113 181 
114 4 
114 5 
114 14 
114 15 
114 22 
114 27 
114 35 
114 37 
114 44 
114 49 
114 59 
114 73 
114 96 
114 109 
114 170 
114 187 
115 168 
120 4 
120 14 
120 15 
120 16 
120 27 
120 36 
120 44 
120 103 
120 112 
120 127 
120 128 
120 178 
121 98 
124 157 
125 113 
127 4 
127 27 
130 4 
130 14 
130 27 
130 44 
130 109 
136 112 
136 157 
138 168 
139 2 
139 14 
139 27 
139 45 
141 115 
142 159 
143 187 
146 44 
146 187 
147 14 
150 104 
152 109 
152 115 
152 168 
153 26 
153 34 
153 42 
153 92 
153 170 
153 173 
168 115 
169 157 
173 119 
173 157 
173 170 
180 173 
187 213 
188 92 
188 115 
201 115 
204 59 
204 157 
