1 17 
1 27 
1 28 
1 36 
1 80 
2 2 
2 3 
2 4 
2 6 
2 7 
2 8 
2 9 
2 11 
2 14 
2 15 
2 17 
2 18 
2 22 
2 23 
2 25 
2 26 
2 27 
2 28 
2 30 
2 32 
2 33 
2 34 
2 35 
2 36 
2 37 
2 39 
2 40 
2 42 
2 44 
2 60 
2 80 
2 86 
2 91 
2 99 
2 105 
2 109 
2 112 
2 133 
2 134 
2 150 
2 155 
2 156 
2 158 
2 166 
2 182 
2 212 
3 4 
3 13 
3 15 
3 22 
3 32 
3 35 
3 37 
3 51 
3 52 
3 60 
3 63 
3 69 
3 74 
3 84 
3 87 
3 88 
4 3 
4 5 
4 7 
4 8 
4 11 
4 14 
4 15 
4 22 
4 27 
4 35 
4 39 
4 44 
4 62 
4 63 
4 69 
4 74 
4 82 
4 84 
4 86 
4 104 
4 119 
4 121 
4 156 
4 182 
4 187 
6 6 
6 22 
6 26 
6 35 
6 37 
6 44 
6 45 
6 60 
6 103 
6 109 
6 112 
6 128 
6 212 
7 2 
7 6 
7 11 
7 17 
7 18 
7 25 
7 26 
7 27 
7 29 
7 32 
7 34 
7 35 
7 37 
7 39 
7 40 
7 44 
7 45 
7 71 
7 80 
7 90 
7 104 
7 105 
7 133 
7 134 
7 158 
8 2 
8 6 
8 26 
8 29 
8 45 
8 140 
9 2 
9 6 
9 8 
9 10 
9 11 
9 17 
9 18 
9 25 
9 26 
9 27 
9 32 
9 34 
9 35 
9 37 
9 39 
9 40 
9 44 
9 45 
9 71 
9 80 
9 90 
9 104 
9 105 
9 133 
9 134 
9 140 
9 158 
10 6 
10 8 
10 26 
10 105 
11 3 
11 4 
11 13 
11 15 
11 22 
11 27 
11 30 
11 35 
11 36 
11 37 
11 44 
11 80 
11 102 
12 89 
13 27 
13 32 
13 36 
13 98 
13 121 
14 2 
14 3 
14 4 
14 5 
14 6 
14 7 
14 8 
14 11 
14 15 
14 21 
14 22 
14 23 
14 25 
14 27 
14 30 
14 31 
14 32 
14 34 
14 35 
14 37 
14 44 
14 45 
14 54 
14 57 
14 59 
14 60 
14 62 
14 63 
14 67 
14 68 
14 69 
14 74 
14 78 
14 80 
14 82 
14 83 
14 84 
14 87 
14 88 
14 91 
14 100 
14 102 
14 104 
14 109 
14 125 
14 146 
14 150 
14 156 
14 158 
14 166 
14 170 
14 180 
14 182 
14 187 
15 2 
15 3 
15 4 
15 6 
15 7 
15 8 
15 11 
15 13 
15 14 
15 21 
15 22 
15 27 
15 30 
15 32 
15 34 
15 35 
15 36 
15 37 
15 42 
15 44 
15 45 
15 48 
15 49 
15 51 
15 52 
15 60 
15 62 
15 63 
15 68 
15 69 
15 73 
15 74 
15 78 
15 80 
15 82 
15 83 
15 84 
15 87 
15 88 
15 90 
15 98 
15 100 
15 102 
15 108 
15 109 
15 116 
15 117 
15 121 
15 157 
15 212 
16 34 
16 97 
17 14 
17 25 
17 26 
17 33 
17 34 
17 35 
17 39 
17 51 
17 71 
17 90 
17 96 
17 99 
17 102 
17 105 
17 120 
17 125 
17 155 
17 158 
19 2 
19 6 
19 7 
19 8 
19 11 
19 15 
19 17 
19 27 
19 28 
19 36 
19 37 
19 40 
19 44 
19 102 
19 116 
19 134 
19 158 
21 14 
21 44 
22 3 
22 4 
22 6 
22 11 
22 13 
22 14 
22 15 
22 21 
22 23 
22 27 
22 30 
22 32 
22 35 
22 36 
22 37 
22 42 
22 44 
22 45 
22 48 
22 51 
22 58 
22 60 
22 63 
22 68 
22 70 
22 71 
22 73 
22 77 
22 78 
22 80 
22 82 
22 83 
22 84 
22 86 
22 88 
22 91 
22 94 
22 100 
22 104 
22 109 
22 116 
22 134 
22 148 
22 156 
22 182 
23 7 
23 8 
23 9 
23 34 
23 77 
25 36 
25 84 
25 89 
25 146 
25 158 
26 18 
26 34 
26 39 
26 86 
26 113 
26 212 
27 3 
27 4 
27 11 
27 13 
27 14 
27 15 
27 21 
27 22 
27 30 
27 35 
27 36 
27 37 
27 44 
27 45 
27 51 
27 52 
27 53 
27 60 
27 62 
27 63 
27 68 
27 69 
27 73 
27 74 
27 80 
27 82 
27 83 
27 84 
27 87 
27 88 
27 98 
27 102 
27 104 
27 109 
27 121 
27 127 
27 148 
28 2 
28 6 
28 15 
28 17 
28 27 
28 37 
28 44 
28 45 
30 35 
30 44 
30 63 
30 73 
30 84 
30 87 
30 121 
33 134 
34 14 
34 26 
34 29 
34 99 
34 109 
34 110 
34 139 
34 155 
34 212 
35 3 
35 4 
35 5 
35 6 
35 7 
35 8 
35 10 
35 11 
35 13 
35 14 
35 15 
35 17 
35 19 
35 21 
35 22 
35 23 
35 25 
35 27 
35 30 
35 31 
35 32 
35 33 
35 34 
35 36 
35 37 
35 39 
35 40 
35 42 
35 44 
35 45 
35 48 
35 49 
35 51 
35 53 
35 59 
35 60 
35 62 
35 63 
35 68 
35 69 
35 70 
35 73 
35 74 
35 76 
35 78 
35 80 
35 82 
35 83 
35 84 
35 86 
35 87 
35 90 
35 91 
35 96 
35 102 
35 105 
35 109 
35 117 
35 121 
35 146 
35 148 
35 150 
35 156 
35 182 
35 187 
36 11 
36 13 
36 27 
36 30 
36 80 
37 3 
37 14 
37 22 
37 32 
37 35 
37 134 
38 32 
39 7 
39 8 
39 9 
39 15 
39 26 
39 34 
39 80 
39 139 
39 158 
39 190 
39 212 
40 3 
40 4 
40 6 
40 14 
40 15 
40 18 
40 22 
40 25 
40 27 
40 35 
40 37 
40 45 
40 51 
40 80 
40 84 
40 91 
40 109 
40 133 
40 158 
42 6 
42 80 
43 14 
43 17 
43 19 
43 26 
43 34 
43 40 
43 67 
43 71 
43 92 
43 104 
43 113 
43 119 
43 125 
43 146 
43 158 
43 212 
44 3 
44 4 
44 6 
44 7 
44 8 
44 11 
44 13 
44 14 
44 15 
44 21 
44 22 
44 25 
44 26 
44 27 
44 30 
44 31 
44 34 
44 35 
44 36 
44 37 
44 39 
44 62 
44 63 
44 68 
44 70 
44 71 
44 73 
44 80 
44 84 
44 102 
44 109 
44 113 
44 115 
44 119 
44 128 
44 134 
44 148 
44 178 
45 2 
45 3 
45 4 
45 5 
45 6 
45 7 
45 8 
45 9 
45 10 
45 11 
45 13 
45 14 
45 15 
45 16 
45 17 
45 18 
45 21 
45 22 
45 23 
45 25 
45 26 
45 27 
45 28 
45 29 
45 30 
45 31 
45 32 
45 33 
45 34 
45 35 
45 36 
45 37 
45 39 
45 40 
45 42 
45 44 
45 48 
45 49 
45 51 
45 52 
45 54 
45 55 
45 58 
45 59 
45 60 
45 62 
45 63 
45 66 
45 67 
45 68 
45 69 
45 70 
45 71 
45 73 
45 76 
45 77 
45 78 
45 79 
45 80 
45 82 
45 83 
45 84 
45 86 
45 88 
45 90 
45 91 
45 94 
45 96 
45 97 
45 98 
45 99 
45 102 
45 103 
45 105 
45 108 
45 109 
45 112 
45 116 
45 117 
45 120 
45 121 
45 125 
45 127 
45 128 
45 133 
45 134 
45 146 
45 148 
45 150 
45 155 
45 156 
45 157 
45 158 
45 178 
45 182 
46 3 
46 6 
46 15 
46 32 
46 40 
46 98 
46 133 
47 6 
47 158 
48 68 
49 27 
51 86 
52 6 
52 14 
52 68 
52 84 
58 76 
60 51 
61 7 
61 8 
62 30 
62 52 
62 68 
63 14 
63 15 
63 30 
63 35 
63 83 
63 84 
63 87 
63 88 
63 98 
63 121 
68 4 
68 7 
68 8 
68 14 
68 15 
68 22 
68 30 
68 35 
68 48 
68 52 
68 60 
68 62 
68 84 
68 90 
68 148 
68 182 
69 27 
69 35 
69 60 
69 84 
70 14 
70 22 
70 36 
70 37 
70 45 
70 80 
70 105 
73 13 
73 30 
73 32 
73 98 
73 100 
73 121 
74 4 
74 14 
74 35 
76 7 
76 8 
76 16 
76 45 
78 11 
78 14 
78 15 
78 21 
78 22 
78 27 
78 35 
78 44 
78 91 
80 11 
80 36 
82 4 
82 5 
82 6 
82 14 
82 15 
82 22 
82 35 
82 37 
82 53 
82 94 
84 22 
84 68 
86 51 
86 77 
86 90 
87 3 
87 15 
87 30 
87 52 
87 63 
87 69 
88 3 
88 48 
88 51 
88 52 
89 4 
89 15 
89 17 
89 22 
89 27 
90 68 
91 14 
91 22 
93 14 
93 28 
93 33 
93 48 
93 59 
93 77 
95 6 
96 2 
96 3 
96 4 
96 5 
96 6 
96 14 
96 15 
96 16 
96 22 
96 27 
96 31 
96 32 
96 35 
96 44 
96 45 
96 49 
96 55 
96 58 
96 60 
96 66 
96 69 
96 76 
96 94 
96 95 
96 108 
97 16 
97 79 
98 13 
98 27 
98 30 
98 35 
98 36 
98 63 
98 68 
98 73 
98 82 
98 121 
100 116 
105 22 
105 99 
105 156 
105 165 
108 96 
109 6 
109 7 
109 8 
109 15 
109 26 
109 51 
109 75 
109 92 
109 113 
109 115 
109 119 
109 138 
109 150 
109 168 
110 134 
110 158 
110 212 
112 103 
121 13 
121 30 
121 32 
121 73 
121 98 
122 170 
126 28 
140 8 
146 6 
146 80 
146 89 
150 14 
150 104 
156 166 
169 14 
169 44 
169 156 
172 158 
185 37 
186 15 
186 27 
186 44 
