1 7 
1 8 
1 9 
1 28 
1 40 
1 150 
2 105 
2 109 
3 14 
3 15 
3 22 
3 37 
3 109 
4 7 
4 9 
4 22 
4 23 
4 31 
4 40 
4 44 
4 45 
4 49 
4 55 
4 74 
4 82 
4 88 
6 45 
7 2 
7 4 
7 11 
7 14 
7 15 
7 17 
7 18 
7 22 
7 23 
7 26 
7 29 
7 31 
7 40 
7 44 
7 45 
7 69 
7 95 
7 105 
7 110 
7 134 
7 150 
7 155 
7 165 
8 17 
8 18 
8 155 
9 2 
9 4 
9 10 
9 11 
9 14 
9 15 
9 17 
9 18 
9 22 
9 23 
9 26 
9 29 
9 31 
9 40 
9 44 
9 45 
9 69 
9 95 
9 105 
9 110 
9 134 
9 150 
9 165 
10 155 
11 14 
11 109 
14 15 
14 22 
14 44 
14 82 
15 3 
15 4 
15 7 
15 9 
15 14 
15 22 
15 30 
15 35 
15 37 
15 44 
15 52 
15 63 
15 69 
15 73 
15 82 
15 88 
15 109 
17 45 
17 155 
19 7 
19 9 
19 22 
19 40 
19 158 
22 3 
22 4 
22 6 
22 14 
22 15 
22 17 
22 23 
22 30 
22 35 
22 37 
22 40 
22 44 
22 45 
22 52 
22 69 
22 80 
22 82 
22 84 
22 88 
22 155 
24 7 
24 9 
24 44 
27 14 
28 7 
28 9 
28 15 
28 23 
30 73 
32 7 
32 9 
32 72 
32 117 
34 17 
35 22 
35 45 
35 49 
35 95 
36 45 
37 3 
37 15 
40 7 
40 9 
40 15 
40 44 
40 82 
41 7 
41 9 
41 117 
43 158 
44 3 
44 4 
44 6 
44 14 
44 15 
44 17 
44 22 
44 23 
44 31 
44 37 
44 45 
44 52 
44 68 
44 82 
44 109 
44 150 
45 6 
45 7 
45 9 
45 15 
45 37 
45 82 
45 109 
49 7 
49 9 
49 15 
49 17 
49 22 
49 44 
49 45 
49 95 
49 109 
63 5 
63 44 
69 4 
69 22 
72 7 
72 9 
76 22 
76 45 
80 11 
82 14 
82 22 
82 35 
82 45 
82 49 
82 55 
82 88 
82 95 
84 22 
84 37 
87 35 
95 44 
96 49 
105 6 
105 7 
105 9 
105 22 
105 109 
108 2 
108 4 
108 7 
108 9 
108 11 
108 15 
108 21 
108 22 
108 23 
108 27 
108 37 
108 44 
108 45 
108 49 
108 95 
108 105 
109 6 
109 7 
109 9 
109 15 
109 17 
109 22 
109 23 
109 44 
109 150 
114 4 
114 7 
114 9 
114 31 
114 45 
151 7 
151 9 
151 15 
151 17 
151 22 
151 23 
151 31 
151 32 
151 40 
151 45 
