3 15 
3 22 
3 37 
3 87 
4 3 
4 13 
4 14 
4 15 
4 27 
4 32 
4 35 
4 36 
4 37 
4 44 
4 68 
4 73 
4 74 
4 82 
4 121 
6 14 
7 29 
7 39 
9 29 
10 39 
11 29 
11 36 
11 39 
11 62 
12 14 
13 98 
14 3 
14 4 
14 6 
14 11 
14 13 
14 15 
14 21 
14 22 
14 27 
14 29 
14 30 
14 32 
14 35 
14 36 
14 37 
14 39 
14 44 
14 45 
14 52 
14 54 
14 62 
14 63 
14 68 
14 69 
14 73 
14 74 
14 78 
14 80 
14 82 
14 84 
14 87 
14 88 
14 105 
14 109 
14 121 
14 157 
15 3 
15 4 
15 11 
15 13 
15 14 
15 21 
15 27 
15 30 
15 35 
15 36 
15 37 
15 44 
15 52 
15 62 
15 63 
15 68 
15 74 
15 80 
15 82 
15 84 
15 88 
15 121 
21 44 
22 14 
22 15 
22 27 
22 37 
22 39 
22 44 
22 73 
22 84 
22 88 
23 39 
27 4 
27 14 
27 15 
27 35 
27 37 
27 80 
29 134 
30 11 
30 15 
30 21 
30 44 
30 63 
30 87 
30 102 
32 72 
32 83 
35 11 
35 14 
35 15 
35 22 
35 32 
35 36 
35 82 
35 87 
36 35 
36 80 
37 14 
37 15 
42 32 
44 14 
44 21 
44 27 
44 105 
44 109 
44 134 
45 134 
52 14 
52 62 
52 84 
60 6 
63 11 
63 22 
63 30 
63 32 
63 35 
63 73 
63 82 
63 87 
69 3 
69 4 
69 14 
69 22 
69 30 
69 63 
69 68 
69 80 
69 84 
69 87 
69 88 
69 98 
69 121 
73 121 
74 4 
74 14 
82 35 
83 32 
84 22 
84 52 
84 83 
87 69 
93 14 
93 83 
121 73 
121 98 
158 14 
