1 17 
2 7 
2 8 
2 34 
2 39 
2 99 
2 105 
2 156 
2 166 
2 212 
3 14 
3 15 
3 22 
3 23 
3 27 
3 32 
3 37 
3 42 
3 63 
3 68 
3 69 
3 76 
3 77 
3 82 
3 84 
3 88 
3 148 
4 11 
4 14 
4 15 
4 21 
4 22 
4 27 
4 30 
4 36 
4 37 
4 53 
4 57 
4 59 
4 68 
4 70 
4 74 
4 82 
4 84 
4 119 
4 158 
4 180 
4 181 
4 182 
4 193 
5 49 
6 2 
6 6 
6 23 
6 45 
6 128 
6 178 
7 2 
7 3 
7 4 
7 5 
7 6 
7 11 
7 13 
7 14 
7 15 
7 16 
7 17 
7 18 
7 19 
7 21 
7 22 
7 23 
7 25 
7 26 
7 27 
7 28 
7 29 
7 31 
7 32 
7 33 
7 34 
7 35 
7 36 
7 37 
7 39 
7 40 
7 42 
7 44 
7 45 
7 48 
7 49 
7 51 
7 52 
7 54 
7 55 
7 58 
7 59 
7 60 
7 63 
7 66 
7 67 
7 68 
7 69 
7 70 
7 71 
7 72 
7 73 
7 75 
7 76 
7 77 
7 78 
7 79 
7 80 
7 82 
7 83 
7 84 
7 86 
7 87 
7 89 
7 90 
7 91 
7 92 
7 94 
7 95 
7 96 
7 97 
7 98 
7 99 
7 100 
7 102 
7 103 
7 104 
7 105 
7 108 
7 109 
7 110 
7 112 
7 113 
7 115 
7 116 
7 117 
7 119 
7 120 
7 125 
7 130 
7 133 
7 134 
7 139 
7 146 
7 148 
7 150 
7 155 
7 156 
7 158 
7 165 
7 166 
7 170 
7 180 
7 182 
7 187 
7 193 
8 2 
8 5 
8 6 
8 16 
8 26 
8 29 
8 31 
8 34 
8 58 
8 80 
8 92 
8 99 
8 103 
8 105 
8 109 
8 119 
8 130 
8 140 
8 166 
8 182 
8 193 
9 2 
9 3 
9 4 
9 5 
9 6 
9 8 
9 9 
9 10 
9 11 
9 13 
9 14 
9 15 
9 16 
9 17 
9 18 
9 19 
9 21 
9 22 
9 23 
9 25 
9 26 
9 27 
9 28 
9 29 
9 31 
9 32 
9 33 
9 34 
9 35 
9 36 
9 37 
9 39 
9 40 
9 42 
9 44 
9 45 
9 48 
9 49 
9 51 
9 52 
9 54 
9 55 
9 58 
9 59 
9 60 
9 63 
9 66 
9 67 
9 68 
9 69 
9 70 
9 71 
9 72 
9 73 
9 75 
9 76 
9 77 
9 78 
9 79 
9 80 
9 82 
9 83 
9 84 
9 86 
9 87 
9 89 
9 90 
9 91 
9 92 
9 94 
9 95 
9 96 
9 97 
9 98 
9 99 
9 100 
9 102 
9 103 
9 104 
9 105 
9 108 
9 109 
9 110 
9 112 
9 113 
9 115 
9 116 
9 117 
9 119 
9 120 
9 125 
9 133 
9 134 
9 139 
9 146 
9 148 
9 150 
9 156 
9 158 
9 165 
9 166 
9 170 
9 180 
9 182 
9 187 
10 2 
10 3 
10 5 
10 6 
10 8 
10 9 
10 14 
10 15 
10 22 
10 23 
10 26 
10 27 
10 29 
10 31 
10 34 
10 37 
10 39 
10 44 
10 45 
10 49 
10 58 
10 66 
10 76 
10 80 
10 95 
10 105 
10 140 
10 150 
10 155 
11 13 
11 27 
11 30 
11 36 
11 60 
11 80 
13 14 
13 36 
13 98 
13 121 
14 2 
14 3 
14 4 
14 5 
14 6 
14 7 
14 8 
14 9 
14 10 
14 11 
14 13 
14 15 
14 17 
14 21 
14 22 
14 23 
14 25 
14 26 
14 27 
14 30 
14 31 
14 32 
14 33 
14 34 
14 35 
14 36 
14 37 
14 39 
14 44 
14 45 
14 51 
14 52 
14 54 
14 55 
14 57 
14 59 
14 62 
14 63 
14 68 
14 69 
14 70 
14 71 
14 73 
14 74 
14 76 
14 78 
14 80 
14 82 
14 84 
14 87 
14 88 
14 91 
14 104 
14 105 
14 109 
14 119 
14 134 
14 146 
14 148 
14 150 
14 156 
14 157 
14 158 
14 166 
14 170 
14 173 
14 178 
14 180 
14 182 
14 187 
15 3 
15 4 
15 7 
15 8 
15 9 
15 11 
15 13 
15 14 
15 21 
15 22 
15 27 
15 30 
15 32 
15 34 
15 35 
15 36 
15 37 
15 44 
15 45 
15 48 
15 51 
15 57 
15 60 
15 62 
15 63 
15 68 
15 69 
15 70 
15 73 
15 74 
15 80 
15 82 
15 84 
15 87 
15 88 
15 95 
15 98 
15 100 
15 102 
15 109 
15 121 
15 133 
15 134 
15 193 
15 212 
16 58 
16 97 
16 136 
17 6 
17 7 
17 9 
17 32 
17 45 
17 70 
17 76 
17 96 
17 155 
17 178 
17 190 
18 6 
18 7 
18 9 
18 10 
18 18 
18 23 
18 26 
18 31 
18 45 
18 58 
18 70 
18 76 
18 134 
18 146 
18 158 
21 14 
21 15 
21 26 
21 44 
22 2 
22 3 
22 4 
22 5 
22 6 
22 7 
22 8 
22 9 
22 10 
22 11 
22 13 
22 14 
22 15 
22 16 
22 17 
22 21 
22 23 
22 25 
22 27 
22 29 
22 30 
22 31 
22 32 
22 34 
22 35 
22 36 
22 37 
22 39 
22 40 
22 44 
22 45 
22 48 
22 51 
22 52 
22 53 
22 54 
22 57 
22 58 
22 60 
22 62 
22 63 
22 67 
22 68 
22 69 
22 70 
22 71 
22 74 
22 76 
22 77 
22 80 
22 82 
22 84 
22 86 
22 87 
22 88 
22 94 
22 95 
22 96 
22 97 
22 98 
22 100 
22 102 
22 104 
22 105 
22 108 
22 109 
22 113 
22 117 
22 121 
22 134 
22 148 
22 150 
22 156 
22 178 
22 180 
22 182 
23 2 
23 5 
23 6 
23 7 
23 8 
23 9 
23 10 
23 13 
23 14 
23 15 
23 18 
23 22 
23 27 
23 29 
23 31 
23 32 
23 34 
23 37 
23 39 
23 44 
23 45 
23 49 
23 63 
23 76 
23 80 
23 82 
23 105 
23 134 
23 155 
23 158 
24 32 
25 5 
25 57 
25 119 
25 130 
25 157 
25 168 
25 180 
26 2 
26 7 
26 8 
26 18 
26 29 
26 34 
26 44 
26 45 
26 67 
26 76 
26 156 
27 2 
27 3 
27 4 
27 6 
27 7 
27 9 
27 11 
27 13 
27 14 
27 15 
27 17 
27 18 
27 21 
27 22 
27 23 
27 25 
27 26 
27 30 
27 32 
27 33 
27 35 
27 36 
27 37 
27 44 
27 45 
27 48 
27 51 
27 52 
27 53 
27 54 
27 57 
27 59 
27 60 
27 62 
27 63 
27 67 
27 68 
27 69 
27 70 
27 74 
27 78 
27 80 
27 82 
27 84 
27 86 
27 87 
27 88 
27 91 
27 98 
27 100 
27 102 
27 127 
27 130 
27 146 
27 148 
27 150 
27 156 
27 158 
27 170 
27 182 
27 187 
27 193 
29 37 
29 125 
29 158 
30 2 
30 3 
30 5 
30 6 
30 11 
30 13 
30 14 
30 15 
30 21 
30 22 
30 27 
30 32 
30 36 
30 37 
30 42 
30 44 
30 45 
30 52 
30 60 
30 63 
30 68 
30 69 
30 73 
30 83 
30 84 
30 87 
30 88 
30 90 
30 98 
30 102 
30 117 
30 121 
30 133 
31 2 
31 3 
31 7 
31 10 
31 17 
31 27 
31 29 
31 34 
31 158 
32 31 
32 105 
32 117 
32 133 
32 146 
33 29 
33 158 
34 2 
34 7 
34 8 
34 17 
34 18 
34 26 
34 29 
34 31 
34 44 
34 99 
34 104 
34 110 
34 139 
34 166 
34 212 
35 3 
35 4 
35 6 
35 7 
35 9 
35 11 
35 13 
35 14 
35 15 
35 16 
35 22 
35 23 
35 25 
35 27 
35 30 
35 33 
35 34 
35 37 
35 39 
35 44 
35 45 
35 48 
35 53 
35 59 
35 60 
35 62 
35 63 
35 68 
35 70 
35 76 
35 78 
35 80 
35 82 
35 84 
35 87 
35 88 
35 91 
35 94 
35 96 
35 97 
35 98 
35 102 
35 103 
35 113 
35 148 
35 150 
35 156 
35 158 
35 182 
35 187 
36 4 
36 13 
36 27 
36 80 
36 102 
37 15 
37 30 
37 35 
37 44 
37 59 
37 102 
39 2 
39 6 
39 11 
39 13 
39 14 
39 15 
39 17 
39 21 
39 23 
39 26 
39 29 
39 34 
39 36 
39 37 
39 45 
39 60 
39 70 
39 80 
39 94 
39 99 
39 102 
39 105 
39 130 
39 134 
39 139 
39 146 
39 150 
39 155 
39 158 
39 182 
40 3 
40 4 
40 68 
40 133 
40 158 
40 187 
42 6 
42 32 
42 45 
42 70 
42 72 
42 83 
42 117 
43 22 
43 26 
43 57 
43 71 
43 75 
43 92 
43 104 
43 110 
43 113 
43 119 
43 125 
43 159 
43 181 
43 212 
44 4 
44 11 
44 14 
44 21 
44 22 
44 27 
44 34 
44 35 
44 36 
44 62 
44 68 
44 71 
44 80 
44 82 
44 109 
44 113 
44 119 
44 128 
44 134 
44 158 
45 4 
45 6 
45 7 
45 8 
45 9 
45 14 
45 15 
45 16 
45 17 
45 18 
45 25 
45 26 
45 29 
45 31 
45 32 
45 33 
45 34 
45 35 
45 37 
45 44 
45 58 
45 76 
45 79 
45 82 
45 94 
45 95 
45 96 
45 97 
45 99 
45 102 
45 103 
45 108 
45 109 
45 112 
45 116 
45 120 
45 127 
45 128 
45 130 
45 136 
45 146 
45 158 
45 165 
45 168 
45 178 
45 182 
45 193 
47 2 
47 3 
47 6 
47 7 
47 8 
47 9 
47 14 
47 21 
47 23 
47 26 
47 27 
47 31 
47 34 
47 36 
47 37 
47 39 
47 44 
47 45 
47 76 
47 80 
47 87 
47 139 
51 11 
52 14 
52 22 
52 37 
52 44 
52 48 
52 68 
52 84 
52 88 
52 100 
55 45 
55 76 
55 94 
55 127 
58 16 
58 97 
60 3 
60 30 
60 51 
60 77 
60 88 
60 90 
62 68 
63 30 
63 52 
63 69 
63 73 
63 84 
63 87 
63 88 
63 98 
68 2 
68 6 
68 14 
68 15 
68 22 
68 27 
68 32 
68 45 
68 48 
68 62 
68 63 
68 80 
68 84 
68 90 
69 3 
69 32 
69 63 
69 84 
69 87 
69 88 
69 98 
69 117 
70 44 
70 100 
71 113 
73 15 
73 21 
73 44 
73 121 
74 4 
74 14 
74 182 
75 168 
76 6 
76 15 
76 16 
76 27 
76 35 
76 45 
76 49 
76 55 
76 58 
76 63 
76 70 
76 79 
76 97 
76 102 
76 136 
78 6 
78 14 
78 35 
78 45 
78 70 
78 150 
82 3 
82 4 
82 6 
82 7 
82 14 
82 30 
82 35 
82 37 
82 44 
82 53 
82 60 
82 74 
82 109 
82 140 
83 15 
83 146 
84 14 
84 22 
84 35 
84 52 
84 68 
84 69 
86 3 
86 22 
86 51 
86 77 
86 87 
86 88 
86 90 
86 117 
87 63 
87 69 
87 84 
88 14 
88 22 
88 37 
88 52 
88 63 
89 5 
89 6 
89 25 
89 45 
90 2 
90 3 
90 14 
90 51 
90 77 
90 86 
92 159 
93 14 
93 33 
93 48 
93 59 
93 77 
93 96 
93 100 
93 157 
96 15 
96 26 
96 55 
96 94 
97 16 
98 13 
98 73 
102 45 
105 2 
105 7 
105 8 
105 99 
105 165 
108 55 
108 102 
109 2 
109 75 
109 92 
109 109 
109 113 
109 115 
109 119 
109 138 
109 168 
109 187 
112 127 
116 32 
117 116 
121 73 
121 98 
121 117 
122 193 
140 8 
141 17 
150 104 
156 166 
194 193 
203 37 
204 59 
