2 7 
2 10 
2 45 
3 45 
4 11 
4 14 
4 27 
4 35 
4 45 
4 82 
4 84 
4 187 
5 45 
6 45 
7 45 
9 45 
10 45 
11 45 
13 45 
14 35 
14 45 
15 27 
15 45 
18 45 
21 45 
22 45 
23 45 
26 134 
27 45 
27 134 
27 187 
29 7 
29 10 
29 134 
30 45 
31 45 
32 45 
34 7 
34 10 
35 45 
35 82 
36 45 
39 45 
42 45 
43 45 
44 2 
44 35 
44 45 
45 2 
45 7 
45 10 
45 44 
45 134 
46 45 
49 45 
51 45 
52 45 
52 187 
55 45 
57 134 
58 45 
62 45 
63 45 
63 134 
66 45 
69 45 
71 134 
73 45 
76 45 
80 45 
84 45 
86 45 
87 45 
89 134 
93 2 
96 45 
105 2 
105 45 
107 45 
108 45 
109 45 
109 134 
111 158 
113 45 
120 45 
145 45 
152 45 
187 45 
