2 39 
2 105 
2 212 
3 15 
3 22 
3 63 
3 87 
3 88 
4 3 
4 11 
4 13 
4 14 
4 15 
4 22 
4 27 
4 30 
4 32 
4 35 
4 36 
4 44 
4 63 
4 73 
4 74 
4 98 
4 121 
4 212 
5 14 
5 45 
6 6 
6 7 
6 10 
6 45 
7 39 
9 39 
11 36 
13 36 
14 3 
14 4 
14 11 
14 15 
14 22 
14 27 
14 30 
14 32 
14 35 
14 44 
14 73 
14 74 
14 88 
15 3 
15 4 
15 11 
15 13 
15 14 
15 22 
15 27 
15 30 
15 35 
15 36 
15 44 
15 63 
15 74 
15 82 
15 88 
15 212 
17 6 
18 39 
21 44 
22 3 
22 4 
22 11 
22 14 
22 15 
22 27 
22 30 
22 32 
22 35 
22 36 
22 52 
22 84 
22 88 
26 212 
27 3 
27 4 
27 11 
27 13 
27 14 
27 15 
27 21 
27 22 
27 30 
27 32 
27 35 
27 36 
27 44 
27 45 
27 52 
27 62 
27 63 
27 73 
27 74 
27 82 
27 84 
27 88 
27 98 
27 121 
27 127 
27 212 
30 3 
30 4 
30 11 
30 13 
30 14 
30 15 
30 22 
30 27 
30 32 
30 36 
30 44 
30 63 
34 212 
35 3 
35 4 
35 11 
35 13 
35 14 
35 15 
35 22 
35 27 
35 30 
35 32 
35 44 
35 63 
35 73 
35 82 
35 98 
36 4 
36 11 
36 13 
36 22 
36 27 
36 30 
36 98 
36 121 
37 30 
39 6 
42 30 
42 52 
43 212 
44 4 
44 21 
44 22 
44 27 
44 30 
44 35 
44 36 
44 87 
45 6 
45 7 
45 10 
45 27 
45 29 
45 39 
45 103 
45 127 
49 6 
49 14 
49 15 
49 27 
49 30 
49 32 
49 35 
49 44 
49 45 
51 3 
51 15 
51 22 
51 88 
52 68 
55 45 
63 4 
63 35 
63 87 
65 6 
66 45 
68 6 
69 3 
69 15 
69 84 
73 4 
73 22 
73 98 
73 121 
74 14 
74 15 
76 6 
76 32 
76 45 
77 3 
78 14 
78 32 
78 35 
78 44 
79 6 
80 36 
82 14 
82 27 
84 15 
84 22 
84 88 
86 3 
86 14 
86 15 
86 22 
87 32 
87 63 
88 3 
88 22 
90 3 
90 15 
96 6 
96 7 
96 10 
96 14 
96 15 
96 27 
96 32 
96 35 
96 39 
96 44 
96 45 
98 13 
98 121 
99 105 
103 6 
105 6 
105 7 
105 10 
105 32 
105 39 
105 45 
105 105 
108 6 
108 32 
108 45 
109 27 
114 6 
114 15 
114 27 
114 32 
114 44 
114 45 
117 15 
117 30 
117 73 
120 6 
121 13 
121 22 
121 73 
121 98 
160 6 
171 6 
178 6 
