1 28 
2 7 
2 8 
2 9 
2 10 
2 14 
2 23 
2 26 
2 28 
2 29 
2 31 
2 33 
2 34 
2 37 
2 39 
2 105 
2 109 
2 125 
2 134 
2 156 
2 158 
2 182 
3 4 
3 14 
3 15 
3 19 
3 22 
3 27 
3 30 
3 32 
3 37 
3 40 
3 42 
3 52 
3 60 
3 63 
3 68 
3 69 
3 74 
3 84 
3 87 
3 88 
4 7 
4 10 
4 11 
4 14 
4 15 
4 22 
4 27 
4 35 
4 37 
4 44 
4 68 
4 74 
4 82 
4 104 
6 6 
6 7 
6 9 
6 10 
6 14 
6 15 
6 23 
6 26 
6 32 
6 33 
6 42 
6 45 
6 55 
6 58 
6 66 
6 96 
6 108 
6 109 
6 120 
6 128 
6 134 
7 2 
7 3 
7 6 
7 18 
7 21 
7 22 
7 26 
7 27 
7 31 
7 34 
7 44 
7 45 
7 82 
7 105 
7 146 
8 26 
8 45 
8 105 
8 140 
9 2 
9 6 
9 18 
9 21 
9 22 
9 26 
9 27 
9 31 
9 34 
9 44 
9 45 
9 82 
9 105 
9 146 
10 2 
10 3 
10 26 
10 27 
10 105 
11 3 
11 4 
11 7 
11 9 
11 13 
11 14 
11 15 
11 17 
11 21 
11 26 
11 27 
11 30 
11 32 
11 33 
11 35 
11 36 
11 44 
11 45 
11 68 
11 70 
11 73 
11 80 
11 82 
11 84 
11 98 
11 102 
11 121 
12 33 
13 4 
13 7 
13 10 
13 11 
13 15 
13 21 
13 35 
13 36 
13 102 
14 3 
14 4 
14 5 
14 6 
14 7 
14 9 
14 11 
14 15 
14 17 
14 21 
14 22 
14 23 
14 27 
14 30 
14 32 
14 33 
14 35 
14 36 
14 37 
14 39 
14 40 
14 42 
14 44 
14 49 
14 55 
14 60 
14 62 
14 63 
14 68 
14 70 
14 74 
14 78 
14 80 
14 82 
14 84 
14 87 
14 91 
14 96 
14 116 
14 117 
14 148 
15 3 
15 4 
15 7 
15 9 
15 10 
15 11 
15 13 
15 14 
15 21 
15 22 
15 23 
15 26 
15 27 
15 30 
15 32 
15 33 
15 35 
15 36 
15 37 
15 40 
15 42 
15 44 
15 45 
15 60 
15 63 
15 68 
15 69 
15 70 
15 73 
15 74 
15 78 
15 80 
15 82 
15 84 
15 86 
15 87 
15 88 
15 96 
15 98 
15 102 
15 116 
15 117 
15 121 
15 133 
15 148 
16 97 
17 26 
17 33 
17 39 
17 45 
17 134 
17 155 
17 190 
18 26 
19 27 
21 36 
21 44 
21 87 
22 3 
22 4 
22 11 
22 14 
22 15 
22 25 
22 27 
22 35 
22 37 
22 44 
22 45 
22 48 
22 52 
22 59 
22 62 
22 68 
22 69 
22 70 
22 82 
22 84 
22 87 
22 88 
22 148 
22 158 
22 212 
23 11 
23 14 
23 22 
23 27 
23 34 
23 44 
23 45 
24 19 
24 32 
24 72 
24 100 
24 133 
25 44 
25 146 
26 2 
26 18 
26 34 
26 105 
27 4 
27 7 
27 10 
27 11 
27 13 
27 14 
27 15 
27 18 
27 19 
27 21 
27 22 
27 26 
27 30 
27 33 
27 34 
27 35 
27 36 
27 37 
27 39 
27 44 
27 60 
27 70 
27 82 
27 84 
27 88 
27 102 
27 112 
27 150 
30 3 
30 4 
30 15 
30 21 
30 22 
30 27 
30 33 
30 35 
30 42 
30 44 
30 45 
30 63 
30 84 
30 87 
30 117 
31 15 
31 26 
31 45 
31 105 
32 15 
32 19 
32 22 
32 23 
32 25 
32 31 
32 33 
32 37 
32 42 
32 45 
32 62 
32 68 
32 72 
32 80 
32 89 
32 116 
32 117 
32 133 
32 146 
33 134 
34 212 
35 4 
35 14 
35 22 
35 33 
35 44 
35 62 
35 78 
35 82 
35 84 
35 91 
35 148 
36 4 
36 11 
36 14 
36 15 
36 17 
36 21 
36 27 
36 30 
36 32 
36 33 
36 35 
36 80 
36 82 
36 96 
36 102 
36 108 
36 109 
37 15 
37 19 
37 33 
37 69 
37 70 
39 2 
39 26 
39 34 
39 45 
40 2 
40 25 
40 33 
40 89 
40 100 
40 146 
42 23 
42 25 
42 26 
42 28 
42 31 
42 32 
42 33 
42 40 
42 78 
42 83 
42 89 
42 91 
42 100 
42 116 
42 117 
42 125 
42 133 
42 134 
42 146 
42 158 
43 19 
43 125 
43 134 
43 158 
43 212 
44 4 
44 7 
44 9 
44 11 
44 14 
44 15 
44 19 
44 21 
44 22 
44 27 
44 30 
44 32 
44 33 
44 35 
44 36 
44 39 
44 40 
44 42 
44 45 
44 54 
44 68 
44 70 
44 80 
44 82 
44 96 
44 102 
44 119 
44 134 
45 3 
45 6 
45 7 
45 10 
45 11 
45 15 
45 23 
45 29 
45 34 
45 44 
45 67 
45 70 
45 76 
45 89 
45 91 
45 96 
45 120 
45 128 
45 134 
45 136 
45 146 
49 5 
49 23 
49 33 
49 55 
49 66 
49 95 
49 96 
49 108 
49 109 
52 22 
52 25 
52 33 
52 35 
52 40 
52 62 
52 68 
52 70 
52 78 
52 82 
52 84 
52 91 
52 116 
52 146 
52 148 
60 37 
60 40 
60 51 
60 69 
60 86 
60 88 
60 90 
62 70 
63 3 
63 15 
63 22 
63 27 
63 30 
63 33 
63 35 
63 37 
63 42 
63 60 
63 73 
63 84 
63 87 
63 88 
63 105 
63 117 
66 22 
67 70 
68 48 
68 52 
68 62 
68 84 
69 3 
69 4 
69 14 
69 15 
69 22 
69 27 
69 30 
69 33 
69 37 
69 51 
69 60 
69 63 
69 68 
69 70 
69 83 
69 84 
69 87 
69 88 
70 45 
70 146 
71 92 
73 11 
73 15 
73 27 
73 30 
73 32 
73 33 
73 44 
73 80 
73 98 
73 121 
74 3 
74 4 
74 14 
74 15 
74 27 
78 213 
80 13 
80 102 
81 70 
82 35 
82 44 
82 53 
83 22 
83 33 
83 68 
83 84 
83 89 
84 3 
84 15 
84 22 
84 25 
84 33 
84 35 
84 37 
84 52 
84 62 
84 68 
84 69 
84 70 
84 82 
84 89 
84 91 
84 148 
86 42 
86 51 
86 60 
86 69 
86 77 
86 88 
86 90 
87 3 
87 15 
87 22 
87 27 
87 30 
87 35 
87 48 
87 51 
87 60 
87 63 
87 69 
87 83 
87 88 
88 3 
88 22 
88 27 
88 51 
89 25 
90 68 
91 14 
93 33 
93 48 
93 63 
93 70 
96 2 
96 3 
96 14 
96 16 
96 27 
96 36 
96 49 
96 55 
97 45 
98 11 
98 15 
98 33 
98 35 
98 62 
98 73 
98 80 
98 82 
98 121 
102 36 
105 11 
105 14 
105 15 
105 23 
105 30 
105 44 
105 45 
105 109 
105 166 
108 15 
108 22 
108 35 
108 45 
108 55 
108 66 
108 94 
109 92 
109 113 
110 4 
111 158 
113 71 
113 92 
115 168 
121 11 
121 15 
121 33 
121 44 
121 73 
121 82 
121 98 
167 33 
169 91 
