1 17 
2 3 
2 4 
2 7 
2 8 
2 10 
2 14 
2 15 
2 17 
2 18 
2 21 
2 22 
2 23 
2 25 
2 26 
2 27 
2 32 
2 34 
2 35 
2 36 
2 37 
2 39 
2 42 
2 44 
2 60 
2 80 
2 83 
2 99 
2 102 
2 125 
2 134 
2 146 
2 158 
2 212 
3 14 
3 15 
3 21 
3 22 
3 27 
3 30 
3 37 
3 51 
3 52 
3 60 
3 63 
3 68 
3 69 
3 77 
3 84 
3 86 
3 87 
3 88 
4 3 
4 13 
4 14 
4 15 
4 21 
4 22 
4 27 
4 30 
4 32 
4 35 
4 36 
4 37 
4 44 
4 45 
4 54 
4 57 
4 60 
4 62 
4 63 
4 68 
4 69 
4 70 
4 73 
4 74 
4 82 
4 84 
4 86 
4 87 
4 98 
4 117 
4 119 
4 121 
4 158 
4 187 
4 213 
5 14 
5 27 
5 49 
6 6 
6 29 
6 45 
6 58 
6 79 
6 103 
6 120 
6 128 
6 178 
7 2 
7 6 
7 15 
7 16 
7 18 
7 21 
7 23 
7 25 
7 26 
7 27 
7 29 
7 30 
7 31 
7 32 
7 33 
7 34 
7 35 
7 36 
7 39 
7 44 
7 45 
7 48 
7 55 
7 57 
7 72 
7 96 
7 99 
7 103 
7 110 
7 120 
7 125 
7 134 
7 158 
7 159 
7 173 
7 187 
7 213 
8 26 
8 57 
8 120 
8 140 
9 2 
9 6 
9 8 
9 9 
9 15 
9 16 
9 18 
9 21 
9 23 
9 25 
9 26 
9 27 
9 29 
9 30 
9 31 
9 32 
9 33 
9 34 
9 35 
9 36 
9 39 
9 44 
9 45 
9 48 
9 55 
9 57 
9 72 
9 96 
9 99 
9 103 
9 110 
9 120 
9 125 
9 134 
9 140 
9 158 
9 159 
9 173 
9 187 
9 213 
10 23 
11 3 
11 13 
11 15 
11 22 
11 27 
11 30 
11 32 
11 35 
11 36 
11 44 
11 48 
11 63 
11 73 
11 80 
11 98 
11 121 
11 213 
12 3 
12 4 
12 6 
12 11 
12 14 
12 15 
12 22 
12 25 
12 26 
12 27 
12 32 
12 33 
12 35 
12 36 
12 42 
12 44 
12 48 
12 51 
12 52 
12 60 
12 62 
12 63 
12 68 
12 71 
12 73 
12 77 
12 80 
12 83 
12 84 
12 86 
12 88 
12 89 
12 90 
12 98 
12 100 
12 102 
12 109 
12 110 
12 116 
12 117 
12 121 
12 125 
12 134 
12 146 
12 148 
12 158 
13 32 
13 36 
13 60 
13 80 
13 98 
14 3 
14 4 
14 6 
14 11 
14 13 
14 15 
14 18 
14 21 
14 22 
14 25 
14 26 
14 27 
14 30 
14 31 
14 32 
14 34 
14 35 
14 36 
14 37 
14 42 
14 44 
14 45 
14 48 
14 54 
14 57 
14 62 
14 63 
14 68 
14 73 
14 74 
14 80 
14 82 
14 83 
14 84 
14 86 
14 87 
14 88 
14 102 
14 117 
14 134 
14 150 
14 187 
14 213 
15 3 
15 4 
15 11 
15 13 
15 14 
15 21 
15 22 
15 27 
15 30 
15 32 
15 35 
15 36 
15 37 
15 44 
15 48 
15 51 
15 52 
15 57 
15 60 
15 63 
15 68 
15 69 
15 70 
15 73 
15 74 
15 80 
15 82 
15 84 
15 86 
15 87 
15 88 
15 117 
15 187 
15 212 
16 6 
16 27 
16 45 
16 76 
16 79 
16 97 
17 6 
17 7 
17 8 
17 9 
17 10 
17 11 
17 14 
17 15 
17 18 
17 19 
17 21 
17 22 
17 23 
17 25 
17 26 
17 27 
17 29 
17 32 
17 33 
17 34 
17 35 
17 37 
17 39 
17 42 
17 44 
17 48 
17 51 
17 57 
17 60 
17 68 
17 80 
17 102 
17 109 
17 110 
17 125 
17 134 
17 146 
17 150 
17 155 
17 158 
17 190 
17 212 
18 6 
18 7 
18 10 
18 18 
18 26 
18 29 
18 34 
18 39 
18 57 
18 110 
18 134 
18 212 
19 6 
19 32 
19 40 
19 48 
19 83 
19 100 
19 116 
19 125 
19 133 
19 134 
19 158 
21 27 
21 44 
22 3 
22 4 
22 6 
22 11 
22 13 
22 14 
22 15 
22 21 
22 27 
22 30 
22 32 
22 35 
22 36 
22 37 
22 42 
22 44 
22 48 
22 51 
22 52 
22 60 
22 62 
22 63 
22 68 
22 69 
22 73 
22 74 
22 77 
22 80 
22 82 
22 83 
22 84 
22 86 
22 87 
22 88 
22 90 
22 98 
22 102 
22 117 
22 121 
22 148 
22 187 
23 7 
23 8 
23 10 
23 26 
23 32 
23 34 
24 32 
24 42 
24 100 
24 117 
24 133 
25 14 
25 25 
25 33 
25 89 
25 125 
25 134 
25 146 
25 158 
26 2 
26 18 
26 34 
26 110 
26 212 
27 2 
27 3 
27 4 
27 6 
27 7 
27 8 
27 11 
27 13 
27 14 
27 15 
27 16 
27 18 
27 21 
27 22 
27 26 
27 29 
27 30 
27 31 
27 32 
27 34 
27 35 
27 36 
27 37 
27 39 
27 42 
27 44 
27 45 
27 48 
27 51 
27 52 
27 53 
27 54 
27 55 
27 57 
27 60 
27 62 
27 63 
27 68 
27 69 
27 70 
27 73 
27 74 
27 77 
27 79 
27 80 
27 82 
27 83 
27 84 
27 86 
27 87 
27 88 
27 90 
27 97 
27 98 
27 100 
27 102 
27 103 
27 109 
27 117 
27 119 
27 120 
27 121 
27 127 
27 128 
27 130 
27 136 
27 146 
27 148 
27 158 
27 178 
27 187 
27 213 
28 2 
28 7 
28 8 
28 17 
28 19 
28 26 
28 32 
28 33 
28 34 
28 44 
28 110 
28 125 
28 134 
28 158 
28 212 
29 7 
29 8 
29 9 
29 10 
29 18 
29 26 
29 27 
29 34 
30 4 
30 11 
30 14 
30 15 
30 21 
30 22 
30 27 
30 32 
30 36 
30 42 
30 44 
30 48 
30 52 
30 63 
30 69 
30 73 
30 80 
30 83 
30 84 
30 86 
30 87 
30 88 
30 90 
30 98 
30 117 
30 121 
30 133 
31 7 
31 10 
31 23 
31 39 
32 42 
32 83 
32 117 
32 133 
33 25 
33 89 
33 125 
33 134 
33 146 
33 158 
34 7 
34 8 
34 18 
34 26 
34 212 
35 3 
35 4 
35 6 
35 11 
35 13 
35 14 
35 15 
35 17 
35 21 
35 22 
35 27 
35 30 
35 32 
35 36 
35 37 
35 42 
35 44 
35 45 
35 48 
35 51 
35 52 
35 53 
35 55 
35 58 
35 60 
35 62 
35 63 
35 73 
35 77 
35 80 
35 82 
35 83 
35 84 
35 87 
35 88 
35 90 
35 102 
35 109 
35 117 
35 121 
35 146 
35 158 
35 187 
35 213 
36 11 
36 13 
36 14 
36 22 
36 27 
36 35 
36 44 
36 63 
36 80 
36 121 
37 3 
37 14 
37 69 
38 32 
38 42 
38 72 
38 100 
38 133 
39 4 
39 6 
39 7 
39 10 
39 11 
39 15 
39 18 
39 23 
39 26 
39 27 
39 30 
39 31 
39 34 
39 36 
39 37 
39 44 
39 57 
39 63 
39 80 
39 110 
39 158 
39 212 
40 3 
40 4 
40 15 
40 22 
40 25 
40 27 
40 30 
40 32 
40 33 
40 36 
40 42 
40 44 
40 48 
40 51 
40 52 
40 60 
40 63 
40 68 
40 73 
40 83 
40 84 
40 86 
40 87 
40 100 
40 117 
40 125 
40 133 
40 146 
40 187 
42 32 
42 40 
42 98 
42 100 
42 117 
43 25 
43 57 
43 110 
43 125 
43 134 
43 158 
43 187 
43 212 
44 4 
44 11 
44 13 
44 14 
44 15 
44 21 
44 22 
44 27 
44 29 
44 30 
44 32 
44 35 
44 36 
44 63 
44 68 
44 80 
44 82 
44 87 
44 102 
44 115 
44 120 
44 187 
45 2 
45 4 
45 6 
45 7 
45 8 
45 10 
45 16 
45 18 
45 21 
45 22 
45 23 
45 26 
45 27 
45 29 
45 32 
45 33 
45 34 
45 40 
45 44 
45 55 
45 57 
45 58 
45 76 
45 79 
45 82 
45 95 
45 97 
45 102 
45 103 
45 110 
45 117 
45 119 
45 120 
45 125 
45 127 
45 128 
45 130 
45 134 
45 136 
45 146 
45 158 
45 178 
45 182 
46 32 
47 7 
47 10 
47 15 
47 18 
47 26 
47 34 
47 39 
47 63 
48 22 
48 77 
49 4 
49 14 
49 15 
49 22 
49 27 
49 35 
49 44 
49 45 
49 49 
49 80 
49 82 
49 96 
49 103 
51 57 
51 60 
51 77 
52 3 
52 22 
52 30 
52 44 
52 68 
52 84 
54 44 
54 57 
55 45 
55 94 
55 127 
58 6 
58 16 
58 27 
58 45 
58 79 
59 119 
60 51 
60 86 
60 87 
60 90 
62 4 
62 27 
63 3 
63 15 
63 30 
63 52 
63 69 
63 84 
63 87 
66 6 
66 45 
66 55 
68 15 
68 30 
68 42 
68 48 
68 52 
68 62 
68 63 
68 69 
68 77 
68 84 
68 116 
69 3 
69 15 
69 22 
69 27 
69 42 
69 48 
69 51 
69 52 
69 63 
69 84 
69 87 
69 88 
69 90 
70 22 
70 69 
70 83 
70 86 
71 4 
71 27 
71 44 
71 92 
71 109 
71 113 
72 32 
72 83 
72 100 
72 117 
72 133 
73 3 
73 22 
73 27 
73 30 
73 32 
73 98 
73 117 
73 121 
74 4 
74 14 
76 4 
76 6 
76 14 
76 15 
76 16 
76 21 
76 22 
76 27 
76 32 
76 35 
76 44 
76 45 
76 83 
76 97 
76 136 
78 6 
78 14 
78 15 
78 27 
78 32 
78 35 
78 44 
78 57 
78 213 
79 16 
79 58 
79 97 
80 27 
80 30 
80 213 
81 127 
82 14 
82 27 
82 35 
82 37 
82 44 
82 53 
82 74 
82 84 
83 32 
83 98 
83 117 
84 3 
84 27 
84 30 
84 52 
84 63 
84 69 
84 83 
86 3 
86 27 
86 36 
86 51 
86 52 
86 60 
86 69 
86 77 
86 87 
86 88 
86 90 
87 27 
87 30 
87 52 
87 60 
87 63 
87 69 
87 84 
87 88 
88 3 
88 15 
88 22 
88 35 
88 51 
88 52 
88 60 
88 84 
88 86 
88 87 
88 90 
89 25 
89 40 
89 42 
89 83 
89 84 
89 116 
89 125 
89 146 
90 3 
90 15 
90 30 
90 36 
90 40 
90 48 
90 51 
90 52 
90 60 
90 68 
90 69 
90 73 
90 77 
90 83 
90 84 
90 86 
90 87 
90 88 
90 117 
91 14 
91 22 
91 32 
91 33 
92 159 
93 14 
93 27 
93 33 
93 36 
93 48 
93 77 
93 89 
93 100 
93 127 
94 127 
96 4 
96 6 
96 14 
96 15 
96 21 
96 22 
96 27 
96 32 
96 35 
96 44 
96 45 
96 49 
96 55 
96 58 
96 76 
96 80 
96 102 
98 13 
98 21 
98 73 
98 82 
98 121 
100 116 
101 16 
101 58 
101 79 
101 97 
101 136 
103 6 
104 14 
105 2 
105 3 
105 4 
105 6 
105 7 
105 8 
105 10 
105 14 
105 15 
105 18 
105 21 
105 22 
105 23 
105 26 
105 27 
105 34 
105 36 
105 37 
105 44 
105 45 
105 80 
105 99 
105 102 
105 158 
105 182 
108 6 
108 7 
108 8 
108 15 
108 16 
108 32 
108 35 
108 45 
108 55 
108 58 
108 66 
108 95 
108 96 
109 14 
109 15 
109 21 
109 27 
109 44 
109 54 
109 57 
109 75 
109 80 
109 115 
109 138 
109 150 
109 168 
110 6 
110 26 
110 34 
110 37 
110 80 
110 212 
111 67 
111 146 
111 158 
112 178 
113 71 
113 92 
114 27 
114 35 
116 213 
117 42 
117 83 
119 4 
119 44 
119 173 
120 127 
120 130 
121 27 
121 30 
121 32 
121 73 
121 98 
123 110 
124 57 
124 157 
124 173 
125 26 
125 158 
129 103 
129 120 
130 14 
133 32 
133 42 
134 125 
136 6 
146 40 
146 110 
146 158 
148 4 
148 15 
148 27 
150 14 
151 178 
152 16 
153 7 
153 9 
153 39 
157 119 
157 173 
167 25 
167 33 
167 125 
167 146 
167 158 
169 157 
170 119 
170 173 
180 173 
183 6 
183 178 
185 60 
186 146 
187 4 
187 27 
187 35 
187 44 
204 22 
204 60 
