1 40 
2 17 
2 22 
2 40 
2 45 
3 37 
4 3 
4 22 
5 4 
5 14 
5 27 
5 187 
6 7 
6 8 
6 9 
6 17 
6 45 
7 4 
7 17 
7 22 
7 31 
7 35 
7 134 
7 158 
8 17 
9 4 
9 17 
9 22 
9 31 
9 35 
9 134 
9 158 
10 17 
12 17 
12 31 
14 4 
14 17 
14 22 
14 35 
14 37 
14 45 
14 84 
14 91 
14 187 
15 3 
15 14 
15 17 
15 22 
15 25 
15 26 
15 30 
15 37 
15 158 
17 14 
17 44 
17 110 
17 190 
18 7 
18 8 
18 17 
19 14 
19 17 
19 22 
19 31 
19 35 
19 40 
19 76 
20 17 
20 22 
20 31 
20 40 
20 89 
22 7 
22 9 
22 14 
22 17 
22 21 
22 30 
22 31 
22 35 
22 37 
22 44 
22 45 
22 52 
22 84 
22 158 
23 17 
23 26 
23 29 
24 72 
25 17 
25 40 
26 21 
27 3 
27 14 
27 17 
28 13 
28 17 
28 31 
31 17 
33 17 
33 22 
33 26 
33 31 
35 3 
35 14 
35 17 
35 22 
35 30 
35 44 
35 76 
35 82 
35 91 
37 44 
38 40 
39 17 
39 139 
40 14 
40 17 
40 22 
40 35 
40 44 
40 76 
40 134 
40 158 
40 187 
41 40 
43 17 
43 125 
44 3 
44 14 
44 17 
44 21 
44 22 
44 26 
44 35 
44 40 
44 45 
44 68 
45 7 
45 9 
45 17 
45 22 
45 76 
48 22 
48 40 
49 45 
51 22 
54 22 
54 40 
60 88 
62 7 
62 8 
63 17 
63 30 
66 22 
67 17 
68 7 
68 8 
68 17 
68 22 
68 62 
68 84 
70 17 
70 22 
70 40 
71 17 
71 26 
72 17 
78 22 
80 11 
84 22 
89 17 
89 22 
89 30 
89 40 
91 14 
91 22 
91 40 
93 40 
95 17 
96 17 
100 22 
100 40 
105 4 
105 7 
105 8 
105 9 
105 14 
105 15 
105 17 
105 22 
105 31 
105 35 
105 40 
105 44 
105 76 
105 109 
108 17 
108 76 
109 7 
109 8 
109 9 
109 10 
109 15 
109 17 
109 22 
109 23 
109 35 
109 40 
109 82 
109 138 
111 17 
111 22 
111 23 
113 17 
114 15 
114 17 
114 76 
133 22 
133 40 
143 17 
144 22 
151 22 
153 17 
154 22 
167 17 
167 22 
167 26 
169 22 
169 40 
169 82 
170 40 
173 187 
176 17 
181 17 
186 40 
204 17 
204 22 
204 31 
204 40 
204 89 
213 17 
213 35 
213 40 
