2 17 
2 99 
2 105 
3 4 
3 15 
3 22 
3 27 
3 30 
3 35 
3 37 
3 40 
3 51 
3 60 
3 63 
3 68 
3 69 
3 73 
3 84 
3 86 
3 87 
3 88 
4 3 
4 7 
4 9 
4 11 
4 14 
4 15 
4 21 
4 22 
4 27 
4 30 
4 32 
4 35 
4 37 
4 42 
4 44 
4 48 
4 51 
4 52 
4 54 
4 59 
4 60 
4 62 
4 63 
4 67 
4 68 
4 69 
4 73 
4 74 
4 78 
4 80 
4 82 
4 84 
4 88 
4 89 
4 98 
4 117 
4 119 
5 2 
5 6 
5 15 
5 22 
5 27 
5 44 
5 45 
5 49 
5 55 
5 70 
5 82 
5 180 
6 45 
6 54 
6 157 
7 2 
7 6 
7 17 
7 18 
7 28 
7 44 
7 45 
7 51 
7 54 
7 57 
7 67 
7 70 
7 72 
7 75 
7 90 
7 92 
7 97 
7 99 
7 118 
7 119 
7 155 
7 156 
7 157 
7 166 
7 170 
7 173 
7 180 
7 182 
7 193 
7 213 
8 10 
8 70 
8 97 
8 99 
8 119 
8 140 
8 180 
8 193 
9 2 
9 6 
9 17 
9 18 
9 28 
9 44 
9 45 
9 51 
9 54 
9 67 
9 72 
9 75 
9 90 
9 92 
9 118 
9 156 
9 157 
9 166 
9 170 
9 173 
9 180 
9 182 
9 213 
10 2 
10 8 
10 9 
10 45 
10 57 
10 140 
10 155 
11 2 
11 3 
11 4 
11 5 
11 6 
11 7 
11 10 
11 13 
11 14 
11 15 
11 21 
11 27 
11 30 
11 32 
11 35 
11 36 
11 40 
11 42 
11 44 
11 45 
11 49 
11 55 
11 60 
11 68 
11 70 
11 73 
11 80 
11 83 
11 91 
11 98 
11 102 
11 133 
11 187 
12 25 
12 33 
12 67 
12 70 
12 71 
12 78 
12 104 
12 125 
12 134 
12 148 
12 180 
13 36 
13 98 
14 3 
14 4 
14 5 
14 11 
14 15 
14 18 
14 21 
14 22 
14 27 
14 30 
14 35 
14 37 
14 44 
14 51 
14 54 
14 57 
14 68 
14 69 
14 70 
14 74 
14 82 
14 91 
14 98 
14 157 
14 180 
14 213 
15 3 
15 4 
15 7 
15 9 
15 11 
15 13 
15 14 
15 21 
15 22 
15 27 
15 30 
15 31 
15 32 
15 35 
15 36 
15 37 
15 42 
15 44 
15 51 
15 52 
15 55 
15 60 
15 62 
15 63 
15 68 
15 69 
15 70 
15 71 
15 73 
15 74 
15 80 
15 82 
15 84 
15 86 
15 87 
15 88 
15 110 
15 117 
15 121 
15 180 
15 213 
16 44 
16 55 
16 58 
16 76 
16 79 
16 94 
16 97 
17 3 
17 7 
17 9 
17 18 
17 23 
17 34 
17 35 
17 45 
17 57 
17 67 
17 71 
17 75 
17 92 
17 110 
17 115 
17 118 
17 125 
17 155 
17 158 
17 180 
17 190 
18 2 
18 4 
18 5 
18 6 
18 7 
18 8 
18 9 
18 10 
18 11 
18 13 
18 14 
18 15 
18 17 
18 19 
18 21 
18 22 
18 23 
18 25 
18 26 
18 27 
18 28 
18 29 
18 30 
18 31 
18 32 
18 33 
18 34 
18 35 
18 36 
18 37 
18 39 
18 40 
18 42 
18 44 
18 45 
18 48 
18 49 
18 51 
18 52 
18 54 
18 55 
18 57 
18 59 
18 66 
18 67 
18 68 
18 69 
18 70 
18 71 
18 72 
18 73 
18 75 
18 76 
18 78 
18 82 
18 83 
18 84 
18 86 
18 88 
18 89 
18 90 
18 91 
18 92 
18 99 
18 100 
18 103 
18 104 
18 105 
18 108 
18 109 
18 110 
18 112 
18 113 
18 115 
18 116 
18 117 
18 118 
18 119 
18 125 
18 133 
18 139 
18 146 
18 150 
18 155 
18 157 
18 165 
18 166 
18 168 
18 173 
18 180 
18 187 
19 110 
19 157 
21 44 
21 69 
22 2 
22 3 
22 4 
22 6 
22 13 
22 14 
22 15 
22 27 
22 30 
22 32 
22 35 
22 37 
22 42 
22 44 
22 48 
22 51 
22 52 
22 60 
22 62 
22 63 
22 67 
22 68 
22 69 
22 71 
22 73 
22 77 
22 78 
22 82 
22 84 
22 86 
22 88 
22 90 
22 91 
22 96 
22 98 
22 104 
22 110 
22 113 
22 116 
22 117 
22 121 
22 148 
22 158 
22 190 
22 193 
23 2 
23 4 
23 7 
23 8 
23 9 
23 10 
23 11 
23 14 
23 31 
23 34 
23 37 
23 45 
23 71 
25 119 
26 2 
26 3 
26 4 
26 5 
26 6 
26 7 
26 8 
26 9 
26 10 
26 11 
26 13 
26 14 
26 15 
26 17 
26 18 
26 19 
26 21 
26 22 
26 23 
26 25 
26 27 
26 28 
26 29 
26 30 
26 31 
26 32 
26 33 
26 34 
26 35 
26 36 
26 37 
26 39 
26 40 
26 42 
26 44 
26 45 
26 48 
26 49 
26 51 
26 52 
26 53 
26 54 
26 55 
26 57 
26 59 
26 60 
26 62 
26 63 
26 66 
26 67 
26 68 
26 69 
26 70 
26 71 
26 72 
26 73 
26 75 
26 76 
26 78 
26 80 
26 82 
26 83 
26 84 
26 86 
26 87 
26 88 
26 89 
26 90 
26 91 
26 92 
26 96 
26 98 
26 99 
26 100 
26 103 
26 104 
26 105 
26 108 
26 109 
26 110 
26 112 
26 113 
26 115 
26 116 
26 117 
26 118 
26 119 
26 120 
26 121 
26 125 
26 128 
26 130 
26 133 
26 134 
26 139 
26 146 
26 148 
26 150 
26 155 
26 156 
26 157 
26 158 
26 166 
26 168 
26 170 
26 173 
26 180 
26 181 
26 182 
26 187 
26 190 
26 212 
26 213 
27 3 
27 4 
27 7 
27 9 
27 11 
27 13 
27 14 
27 15 
27 19 
27 21 
27 22 
27 30 
27 31 
27 32 
27 34 
27 35 
27 36 
27 37 
27 40 
27 42 
27 44 
27 45 
27 51 
27 52 
27 60 
27 62 
27 63 
27 68 
27 69 
27 70 
27 71 
27 73 
27 78 
27 80 
27 82 
27 84 
27 86 
27 87 
27 88 
27 91 
27 116 
27 117 
27 119 
27 130 
27 158 
28 11 
28 67 
28 75 
29 6 
29 7 
29 9 
29 15 
29 21 
29 27 
29 45 
29 125 
30 6 
30 14 
30 22 
30 32 
30 44 
30 52 
30 63 
30 68 
30 69 
30 73 
30 84 
30 87 
30 88 
30 117 
31 2 
31 45 
31 105 
32 117 
33 17 
33 28 
33 67 
33 110 
33 125 
33 134 
33 146 
34 2 
34 4 
34 5 
34 7 
34 8 
34 10 
34 17 
34 18 
34 19 
34 23 
34 25 
34 26 
34 27 
34 28 
34 29 
34 30 
34 31 
34 33 
34 35 
34 44 
34 45 
34 53 
34 57 
34 60 
34 62 
34 67 
34 70 
34 71 
34 72 
34 90 
34 92 
34 99 
34 104 
34 109 
34 110 
34 112 
34 113 
34 115 
34 118 
34 119 
34 125 
34 134 
34 139 
34 150 
34 155 
34 157 
34 158 
34 170 
34 173 
34 180 
34 193 
34 213 
35 4 
35 14 
35 22 
35 30 
35 37 
35 44 
35 45 
35 57 
35 63 
35 68 
35 76 
35 78 
35 82 
35 102 
35 116 
35 119 
35 125 
35 180 
35 187 
35 213 
36 4 
36 5 
36 7 
36 10 
36 11 
36 13 
36 15 
36 22 
36 27 
36 30 
36 32 
36 35 
36 42 
36 44 
36 45 
36 52 
36 60 
36 62 
36 63 
36 68 
36 69 
36 71 
36 73 
36 80 
36 84 
36 86 
36 88 
36 90 
36 91 
36 96 
36 102 
37 15 
37 19 
37 27 
37 34 
37 40 
37 42 
39 7 
39 10 
39 14 
39 17 
39 18 
39 22 
39 23 
39 25 
39 26 
39 27 
39 30 
39 31 
39 34 
39 44 
39 60 
39 69 
39 72 
39 105 
39 139 
39 156 
39 180 
39 187 
40 15 
40 17 
40 25 
40 33 
40 37 
40 42 
40 48 
40 51 
40 52 
40 84 
40 90 
40 125 
40 133 
40 146 
42 32 
42 51 
42 73 
42 83 
42 84 
42 86 
42 90 
42 92 
42 100 
42 116 
42 117 
42 158 
43 17 
43 19 
43 33 
43 54 
43 67 
43 71 
43 110 
43 113 
43 125 
43 134 
43 146 
43 158 
43 159 
43 180 
44 2 
44 4 
44 5 
44 6 
44 7 
44 10 
44 11 
44 13 
44 14 
44 15 
44 21 
44 22 
44 27 
44 28 
44 30 
44 32 
44 35 
44 36 
44 37 
44 39 
44 45 
44 62 
44 63 
44 69 
44 71 
44 76 
44 80 
44 82 
44 119 
44 121 
44 128 
44 134 
45 2 
45 5 
45 6 
45 14 
45 15 
45 21 
45 29 
45 31 
45 33 
45 34 
45 36 
45 44 
45 49 
45 52 
45 54 
45 55 
45 58 
45 60 
45 66 
45 67 
45 76 
45 97 
45 103 
45 119 
45 120 
45 125 
45 148 
45 157 
45 178 
47 14 
47 26 
47 42 
49 17 
49 75 
49 109 
49 113 
49 115 
49 125 
49 155 
52 30 
52 36 
52 48 
52 51 
52 68 
52 84 
52 86 
52 90 
54 4 
54 6 
54 14 
54 37 
54 44 
54 45 
54 57 
54 109 
54 118 
55 2 
55 4 
55 5 
55 6 
55 15 
55 23 
55 31 
55 37 
55 44 
55 45 
55 49 
55 55 
55 76 
55 95 
55 96 
55 103 
55 105 
55 108 
55 112 
55 120 
55 128 
55 130 
57 14 
58 6 
58 16 
58 44 
58 55 
58 57 
58 76 
58 79 
58 97 
59 4 
59 14 
59 15 
59 27 
59 37 
59 44 
59 45 
59 157 
59 170 
59 173 
59 180 
59 187 
59 193 
60 36 
60 51 
63 4 
63 14 
63 69 
63 87 
63 88 
65 58 
66 5 
66 14 
66 15 
66 17 
66 35 
66 44 
66 45 
66 55 
66 68 
66 76 
66 94 
66 96 
66 108 
68 2 
68 30 
68 32 
68 48 
68 51 
68 52 
68 62 
68 84 
68 86 
68 90 
69 6 
69 14 
69 60 
69 63 
69 84 
69 87 
70 14 
70 48 
70 105 
71 75 
71 92 
71 104 
71 113 
71 115 
71 118 
71 125 
71 159 
71 181 
73 63 
73 121 
74 22 
74 44 
76 16 
76 45 
78 44 
78 67 
78 119 
78 158 
78 180 
79 16 
79 58 
79 76 
80 157 
81 44 
81 55 
81 58 
81 79 
81 97 
82 4 
82 7 
82 35 
82 37 
82 44 
82 109 
82 140 
84 14 
84 52 
84 68 
84 69 
84 87 
84 88 
86 51 
86 60 
86 69 
86 77 
87 21 
87 52 
87 63 
87 69 
88 3 
88 77 
89 25 
89 45 
89 146 
90 48 
91 119 
91 134 
92 71 
92 113 
92 159 
92 181 
93 17 
93 27 
93 33 
93 55 
93 58 
93 157 
94 55 
97 16 
97 79 
97 136 
98 73 
98 121 
99 165 
101 15 
101 16 
101 44 
101 45 
101 55 
101 58 
101 76 
101 79 
101 97 
102 109 
104 37 
105 2 
105 17 
105 99 
106 4 
106 14 
106 15 
106 22 
106 26 
106 27 
106 35 
106 44 
106 68 
108 95 
109 11 
109 17 
109 67 
109 71 
109 75 
109 104 
109 113 
109 115 
109 138 
109 168 
110 7 
110 9 
110 19 
110 22 
110 84 
110 86 
110 88 
110 90 
110 98 
110 116 
110 119 
110 146 
110 212 
113 17 
113 71 
113 92 
113 115 
113 159 
113 181 
115 71 
119 2 
119 4 
119 6 
119 14 
119 15 
119 22 
119 23 
119 27 
119 35 
119 37 
119 44 
119 45 
119 59 
119 80 
119 105 
119 109 
119 112 
119 157 
119 173 
119 180 
119 187 
119 193 
121 28 
121 73 
122 71 
122 157 
122 170 
124 2 
124 4 
124 6 
124 21 
124 22 
124 27 
124 44 
124 45 
124 80 
124 109 
125 33 
125 67 
125 134 
125 146 
126 2 
126 44 
126 45 
126 92 
126 193 
139 17 
139 26 
139 37 
142 57 
142 92 
142 159 
142 181 
145 2 
145 4 
145 14 
145 27 
145 36 
145 37 
145 45 
146 6 
146 25 
146 45 
146 125 
148 173 
150 104 
150 115 
150 168 
152 75 
152 104 
152 115 
162 15 
162 22 
162 27 
162 35 
162 44 
167 67 
168 75 
169 157 
170 157 
172 17 
172 148 
173 4 
173 6 
173 15 
173 35 
173 37 
173 170 
173 180 
175 4 
176 125 
180 157 
180 170 
183 54 
185 27 
185 45 
185 80 
186 146 
187 4 
187 27 
187 37 
187 45 
187 53 
189 75 
189 115 
189 168 
194 53 
194 82 
194 193 
