1 28 
2 6 
2 7 
2 8 
2 17 
2 18 
2 22 
2 23 
2 26 
2 32 
2 34 
2 39 
2 60 
2 77 
2 99 
2 105 
2 156 
2 212 
3 15 
3 22 
3 27 
3 30 
3 37 
3 52 
3 63 
3 69 
3 73 
3 84 
3 87 
3 88 
4 3 
4 11 
4 13 
4 14 
4 15 
4 22 
4 27 
4 30 
4 35 
4 36 
4 37 
4 44 
4 52 
4 63 
4 73 
4 74 
4 82 
4 84 
4 88 
4 121 
4 168 
5 6 
5 27 
5 37 
5 44 
5 80 
5 158 
6 6 
6 45 
7 3 
7 4 
7 6 
7 11 
7 14 
7 15 
7 18 
7 19 
7 21 
7 22 
7 23 
7 26 
7 27 
7 30 
7 32 
7 33 
7 34 
7 35 
7 36 
7 37 
7 40 
7 42 
7 44 
7 51 
7 52 
7 59 
7 60 
7 63 
7 68 
7 73 
7 80 
7 83 
7 84 
7 86 
7 90 
7 116 
7 117 
7 121 
7 133 
7 134 
7 158 
8 34 
8 140 
9 3 
9 4 
9 6 
9 8 
9 11 
9 14 
9 15 
9 18 
9 19 
9 21 
9 22 
9 26 
9 27 
9 30 
9 32 
9 33 
9 34 
9 35 
9 36 
9 37 
9 40 
9 42 
9 44 
9 51 
9 52 
9 59 
9 60 
9 63 
9 68 
9 73 
9 80 
9 83 
9 84 
9 86 
9 90 
9 116 
9 117 
9 121 
9 133 
9 134 
9 140 
9 158 
10 6 
10 8 
10 9 
10 23 
10 26 
10 34 
11 27 
11 36 
12 14 
12 26 
12 27 
12 32 
12 33 
12 34 
12 42 
12 44 
12 51 
12 80 
12 83 
12 88 
12 102 
12 109 
12 116 
12 117 
12 125 
12 146 
12 148 
12 150 
12 158 
14 4 
14 11 
14 13 
14 15 
14 21 
14 22 
14 27 
14 30 
14 35 
14 36 
14 37 
14 44 
14 54 
14 57 
14 59 
14 63 
14 68 
14 74 
14 82 
14 84 
14 87 
14 88 
14 104 
14 180 
15 3 
15 4 
15 11 
15 13 
15 14 
15 21 
15 22 
15 27 
15 30 
15 35 
15 36 
15 37 
15 44 
15 63 
15 69 
15 73 
15 74 
15 84 
15 87 
15 88 
15 212 
17 34 
17 134 
17 155 
17 158 
19 116 
19 133 
20 40 
21 7 
21 8 
21 44 
21 60 
21 87 
22 3 
22 4 
22 11 
22 13 
22 14 
22 15 
22 21 
22 27 
22 30 
22 32 
22 35 
22 36 
22 37 
22 44 
22 51 
22 52 
22 59 
22 60 
22 62 
22 63 
22 68 
22 69 
22 73 
22 74 
22 80 
22 83 
22 84 
22 86 
22 87 
22 88 
22 117 
22 148 
22 168 
23 32 
23 34 
25 25 
25 33 
25 125 
25 134 
25 146 
25 158 
26 7 
26 8 
26 18 
26 34 
26 212 
27 3 
27 4 
27 11 
27 13 
27 14 
27 15 
27 21 
27 22 
27 30 
27 32 
27 35 
27 36 
27 37 
27 44 
27 52 
27 60 
27 62 
27 63 
27 68 
27 69 
27 73 
27 74 
27 82 
27 84 
27 87 
27 88 
27 98 
27 100 
27 104 
27 121 
27 133 
27 148 
28 116 
30 14 
30 15 
30 27 
30 63 
30 73 
30 87 
30 98 
31 7 
31 8 
31 26 
32 73 
33 60 
33 125 
33 134 
33 158 
34 18 
34 26 
34 27 
35 3 
35 4 
35 5 
35 11 
35 13 
35 14 
35 15 
35 22 
35 27 
35 30 
35 32 
35 36 
35 37 
35 42 
35 44 
35 51 
35 52 
35 53 
35 58 
35 59 
35 60 
35 63 
35 68 
35 69 
35 73 
35 77 
35 80 
35 82 
35 83 
35 84 
35 86 
35 87 
35 88 
35 97 
35 98 
35 102 
35 109 
35 117 
35 121 
35 134 
35 148 
36 11 
36 15 
37 60 
37 83 
37 146 
39 6 
39 7 
39 8 
39 9 
39 15 
39 19 
39 22 
39 26 
39 27 
39 32 
39 34 
39 36 
39 37 
39 42 
39 44 
39 49 
39 78 
39 80 
39 83 
39 116 
39 117 
39 125 
39 158 
39 212 
40 3 
40 4 
40 7 
40 8 
40 11 
40 14 
40 15 
40 18 
40 19 
40 22 
40 25 
40 26 
40 27 
40 30 
40 32 
40 33 
40 34 
40 36 
40 37 
40 42 
40 44 
40 45 
40 48 
40 51 
40 52 
40 60 
40 63 
40 68 
40 69 
40 72 
40 73 
40 77 
40 80 
40 83 
40 84 
40 86 
40 87 
40 88 
40 90 
40 91 
40 98 
40 100 
40 102 
40 109 
40 117 
40 121 
40 125 
40 133 
40 134 
40 146 
40 150 
40 158 
43 7 
43 8 
43 110 
43 125 
43 134 
43 168 
43 212 
44 7 
44 8 
44 14 
44 15 
44 21 
44 27 
44 30 
44 35 
44 37 
44 63 
44 73 
44 87 
45 2 
45 3 
45 4 
45 6 
45 7 
45 8 
45 9 
45 10 
45 11 
45 13 
45 14 
45 15 
45 16 
45 17 
45 18 
45 21 
45 23 
45 26 
45 27 
45 29 
45 31 
45 32 
45 34 
45 36 
45 37 
45 42 
45 44 
45 55 
45 59 
45 76 
45 77 
45 80 
45 83 
45 96 
45 97 
45 102 
45 105 
45 117 
45 127 
45 128 
45 139 
45 156 
45 182 
47 6 
47 7 
47 8 
47 11 
47 15 
47 22 
47 27 
47 32 
47 34 
47 42 
47 44 
47 60 
47 63 
47 80 
47 83 
47 86 
47 90 
47 117 
47 158 
49 4 
49 6 
49 7 
49 8 
49 11 
49 14 
49 15 
49 22 
49 26 
49 27 
49 32 
49 33 
49 35 
49 36 
49 42 
49 44 
49 51 
49 59 
49 60 
49 73 
49 80 
49 83 
49 84 
49 86 
49 90 
49 117 
49 158 
50 6 
50 45 
52 15 
52 63 
52 68 
52 73 
52 84 
52 87 
58 6 
61 59 
61 80 
61 102 
61 117 
62 3 
62 4 
62 14 
62 15 
62 21 
62 22 
62 27 
62 30 
62 32 
62 34 
62 36 
62 40 
62 42 
62 44 
62 51 
62 60 
62 63 
62 68 
62 69 
62 77 
62 83 
62 86 
62 87 
62 88 
62 90 
62 117 
63 15 
63 27 
63 30 
63 68 
63 69 
63 73 
63 84 
63 87 
63 121 
64 14 
68 4 
68 14 
68 15 
68 44 
68 48 
68 52 
68 62 
68 63 
68 69 
68 77 
68 80 
68 84 
68 86 
68 87 
68 90 
68 100 
68 102 
68 116 
69 15 
69 27 
69 30 
69 35 
69 63 
69 84 
69 87 
70 2 
70 4 
70 6 
70 7 
70 8 
70 9 
70 13 
70 14 
70 15 
70 18 
70 21 
70 22 
70 23 
70 27 
70 31 
70 32 
70 34 
70 36 
70 37 
70 42 
70 44 
70 45 
70 49 
70 51 
70 60 
70 62 
70 68 
70 72 
70 73 
70 77 
70 80 
70 83 
70 84 
70 86 
70 88 
70 100 
70 102 
70 109 
70 110 
70 116 
70 117 
70 121 
70 150 
73 30 
73 98 
73 121 
74 14 
74 15 
74 27 
76 4 
76 6 
76 14 
76 15 
76 22 
76 27 
76 32 
76 36 
76 37 
76 40 
76 42 
76 44 
76 45 
76 51 
76 59 
76 60 
76 77 
76 80 
76 83 
76 86 
76 102 
76 117 
78 14 
78 27 
78 32 
78 44 
78 59 
82 22 
82 35 
82 53 
84 30 
84 40 
84 52 
84 63 
86 88 
87 30 
87 32 
87 63 
87 69 
87 84 
88 3 
88 14 
88 15 
88 22 
88 27 
88 30 
88 63 
88 73 
88 84 
88 87 
89 25 
89 32 
89 83 
89 90 
89 117 
89 125 
89 146 
89 158 
90 68 
93 14 
93 27 
93 33 
93 34 
93 63 
93 77 
93 96 
96 6 
96 7 
96 8 
96 22 
96 23 
96 27 
96 35 
96 42 
96 49 
96 60 
96 80 
96 105 
96 117 
98 73 
98 121 
100 116 
101 14 
101 16 
101 27 
101 32 
101 42 
101 44 
101 80 
101 97 
101 102 
101 117 
102 51 
102 59 
102 77 
103 6 
103 44 
105 51 
105 99 
105 156 
105 165 
108 6 
108 44 
108 58 
108 80 
109 4 
109 6 
109 7 
109 8 
109 9 
109 10 
109 11 
109 13 
109 14 
109 15 
109 17 
109 18 
109 19 
109 21 
109 22 
109 23 
109 26 
109 27 
109 28 
109 32 
109 33 
109 34 
109 35 
109 36 
109 37 
109 40 
109 42 
109 44 
109 45 
109 48 
109 51 
109 52 
109 57 
109 59 
109 60 
109 62 
109 68 
109 72 
109 73 
109 75 
109 77 
109 80 
109 82 
109 83 
109 84 
109 86 
109 90 
109 98 
109 102 
109 104 
109 115 
109 116 
109 117 
109 119 
109 121 
109 125 
109 133 
109 134 
109 138 
109 146 
109 148 
109 150 
109 158 
109 168 
110 212 
111 51 
111 60 
113 102 
114 4 
114 5 
114 27 
114 32 
114 33 
114 44 
114 102 
121 73 
121 98 
134 6 
135 33 
136 44 
146 125 
146 134 
146 158 
148 27 
148 30 
148 84 
152 4 
152 22 
152 27 
152 32 
152 44 
152 51 
152 60 
152 117 
160 128 
163 7 
163 10 
163 14 
163 22 
163 23 
163 27 
163 32 
163 36 
163 42 
163 44 
163 51 
163 60 
163 68 
163 77 
163 80 
163 82 
163 83 
163 84 
163 86 
163 90 
163 117 
163 158 
168 4 
168 6 
168 22 
168 27 
168 32 
168 35 
168 37 
168 42 
168 44 
168 60 
168 83 
168 90 
168 109 
168 117 
178 128 
