2 7 
2 8 
2 10 
2 23 
2 99 
2 125 
2 134 
2 212 
3 22 
3 63 
3 84 
3 87 
4 14 
4 15 
4 22 
4 27 
4 35 
4 37 
4 53 
4 63 
4 74 
5 37 
5 94 
5 96 
5 130 
5 134 
6 6 
6 7 
6 8 
6 10 
6 14 
6 15 
6 23 
6 30 
6 33 
6 44 
6 45 
6 99 
6 120 
6 128 
6 158 
7 4 
7 6 
7 14 
7 15 
7 18 
7 23 
7 27 
7 29 
7 33 
7 40 
7 44 
7 45 
7 58 
7 60 
7 63 
7 94 
7 96 
7 99 
7 108 
7 120 
7 125 
7 128 
7 130 
7 134 
7 158 
7 212 
8 27 
8 99 
8 140 
9 4 
9 6 
9 8 
9 10 
9 14 
9 15 
9 18 
9 23 
9 27 
9 29 
9 33 
9 40 
9 44 
9 45 
9 58 
9 60 
9 63 
9 94 
9 96 
9 99 
9 108 
9 120 
9 125 
9 128 
9 130 
9 134 
9 140 
9 158 
9 212 
10 8 
10 99 
11 13 
11 14 
11 30 
11 36 
11 63 
11 73 
12 134 
13 98 
13 121 
14 4 
14 6 
14 7 
14 10 
14 15 
14 21 
14 22 
14 27 
14 35 
14 37 
14 40 
14 44 
14 54 
14 74 
14 82 
14 83 
14 127 
15 3 
15 4 
15 7 
15 10 
15 11 
15 13 
15 14 
15 21 
15 22 
15 27 
15 30 
15 32 
15 35 
15 37 
15 44 
15 52 
15 60 
15 63 
15 68 
15 69 
15 74 
15 80 
15 82 
15 83 
15 84 
15 87 
15 88 
15 90 
15 98 
15 121 
15 134 
15 212 
16 136 
17 6 
17 7 
17 10 
17 22 
17 29 
17 33 
17 44 
17 45 
17 84 
17 125 
17 134 
17 158 
18 7 
18 10 
18 15 
18 29 
18 45 
19 37 
19 62 
19 158 
20 40 
21 14 
21 44 
22 32 
22 35 
22 40 
22 80 
22 148 
23 7 
23 8 
23 10 
23 29 
23 158 
25 94 
25 125 
25 158 
25 173 
26 7 
26 8 
26 10 
26 14 
26 125 
26 134 
26 158 
26 212 
27 3 
27 4 
27 6 
27 7 
27 8 
27 11 
27 13 
27 14 
27 15 
27 21 
27 22 
27 30 
27 35 
27 36 
27 37 
27 40 
27 44 
27 52 
27 53 
27 60 
27 62 
27 63 
27 68 
27 73 
27 80 
27 82 
27 83 
27 84 
27 87 
27 88 
27 98 
27 127 
27 130 
27 134 
27 148 
29 4 
29 6 
29 7 
29 10 
29 22 
29 36 
29 37 
29 44 
29 45 
29 62 
29 80 
29 125 
29 134 
29 158 
30 22 
30 27 
30 35 
30 69 
30 73 
30 117 
31 7 
31 8 
33 134 
33 158 
34 7 
34 8 
34 29 
34 32 
34 125 
34 134 
34 158 
34 212 
35 14 
35 21 
35 22 
35 30 
35 44 
35 82 
39 7 
39 10 
39 29 
39 36 
39 44 
39 96 
39 99 
39 125 
39 134 
40 29 
40 90 
40 212 
43 125 
43 134 
43 158 
43 212 
44 4 
44 6 
44 11 
44 14 
44 15 
44 21 
44 22 
44 27 
44 30 
44 35 
44 36 
44 37 
44 60 
44 62 
44 63 
44 68 
44 74 
44 80 
44 82 
44 119 
44 125 
44 128 
44 134 
44 148 
45 3 
45 4 
45 6 
45 7 
45 8 
45 10 
45 11 
45 13 
45 14 
45 15 
45 18 
45 21 
45 22 
45 23 
45 27 
45 29 
45 32 
45 33 
45 35 
45 36 
45 37 
45 44 
45 58 
45 62 
45 63 
45 68 
45 69 
45 80 
45 82 
45 83 
45 84 
45 88 
45 90 
45 94 
45 96 
45 99 
45 108 
45 119 
45 120 
45 125 
45 127 
45 128 
45 130 
45 134 
45 136 
45 158 
47 7 
47 10 
47 125 
49 6 
49 14 
49 21 
49 27 
49 45 
49 96 
49 125 
52 32 
52 44 
58 96 
59 14 
63 87 
68 4 
68 27 
68 62 
68 63 
68 84 
68 90 
69 84 
70 4 
70 14 
70 22 
70 44 
75 44 
75 115 
76 6 
76 45 
76 96 
86 90 
87 63 
90 36 
90 60 
93 14 
93 33 
95 96 
105 99 
108 35 
109 6 
109 11 
109 21 
109 44 
109 62 
109 115 
109 119 
109 212 
110 158 
110 212 
112 120 
112 128 
112 130 
119 4 
119 6 
119 27 
119 37 
119 158 
121 98 
126 44 
135 134 
135 158 
145 14 
145 27 
168 115 
172 125 
187 6 
187 22 
193 45 
