2 7 
2 9 
2 17 
2 26 
2 34 
2 35 
2 44 
2 99 
2 105 
2 156 
2 166 
2 212 
3 14 
3 15 
3 22 
3 27 
3 30 
3 35 
3 36 
3 37 
3 45 
3 51 
3 60 
3 63 
3 68 
3 69 
3 73 
3 74 
3 80 
3 88 
4 2 
4 3 
4 5 
4 6 
4 7 
4 9 
4 10 
4 11 
4 13 
4 14 
4 15 
4 16 
4 17 
4 21 
4 22 
4 23 
4 25 
4 26 
4 27 
4 30 
4 31 
4 32 
4 34 
4 35 
4 36 
4 37 
4 39 
4 40 
4 44 
4 45 
4 49 
4 51 
4 52 
4 60 
4 62 
4 63 
4 67 
4 68 
4 69 
4 70 
4 71 
4 73 
4 74 
4 76 
4 78 
4 80 
4 82 
4 84 
4 86 
4 88 
4 91 
4 98 
4 102 
4 109 
4 117 
4 134 
4 148 
4 150 
4 158 
4 159 
4 168 
4 181 
4 182 
4 212 
5 2 
5 4 
5 5 
5 6 
5 7 
5 8 
5 9 
5 10 
5 14 
5 15 
5 17 
5 19 
5 25 
5 26 
5 27 
5 31 
5 32 
5 33 
5 34 
5 36 
5 37 
5 40 
5 45 
5 49 
5 51 
5 53 
5 55 
5 60 
5 66 
5 76 
5 90 
5 94 
5 95 
5 96 
5 103 
5 108 
5 109 
5 112 
5 117 
5 130 
5 146 
6 14 
6 45 
6 76 
6 80 
6 97 
6 103 
6 119 
6 178 
7 2 
7 5 
7 6 
7 15 
7 16 
7 17 
7 18 
7 19 
7 26 
7 28 
7 29 
7 30 
7 32 
7 34 
7 35 
7 39 
7 40 
7 42 
7 45 
7 48 
7 49 
7 51 
7 52 
7 54 
7 55 
7 58 
7 60 
7 62 
7 66 
7 67 
7 70 
7 72 
7 73 
7 76 
7 77 
7 83 
7 86 
7 87 
7 89 
7 90 
7 91 
7 95 
7 96 
7 97 
7 99 
7 100 
7 103 
7 105 
7 108 
7 109 
7 110 
7 113 
7 116 
7 117 
7 130 
7 146 
7 150 
7 155 
7 168 
7 173 
7 187 
7 193 
8 2 
8 66 
8 130 
8 140 
9 2 
9 5 
9 6 
9 8 
9 15 
9 16 
9 17 
9 18 
9 19 
9 28 
9 29 
9 30 
9 32 
9 34 
9 35 
9 39 
9 40 
9 42 
9 45 
9 48 
9 49 
9 51 
9 52 
9 54 
9 55 
9 58 
9 60 
9 62 
9 67 
9 70 
9 72 
9 73 
9 76 
9 77 
9 83 
9 86 
9 87 
9 89 
9 90 
9 91 
9 95 
9 96 
9 97 
9 99 
9 100 
9 103 
9 105 
9 108 
9 109 
9 113 
9 116 
9 117 
9 146 
9 150 
9 168 
9 173 
9 187 
9 193 
10 2 
10 8 
10 9 
10 26 
10 34 
10 110 
10 140 
10 155 
11 4 
11 14 
11 15 
11 27 
11 30 
11 35 
11 36 
11 37 
11 40 
11 44 
11 45 
11 51 
11 71 
11 73 
11 80 
11 98 
11 102 
11 113 
11 119 
11 121 
11 168 
11 173 
13 30 
13 36 
13 73 
13 76 
13 98 
13 121 
14 2 
14 3 
14 4 
14 5 
14 6 
14 7 
14 8 
14 9 
14 10 
14 11 
14 13 
14 15 
14 16 
14 17 
14 18 
14 19 
14 21 
14 22 
14 23 
14 25 
14 26 
14 27 
14 28 
14 29 
14 30 
14 31 
14 32 
14 33 
14 34 
14 35 
14 36 
14 37 
14 39 
14 40 
14 42 
14 44 
14 45 
14 48 
14 52 
14 54 
14 59 
14 60 
14 62 
14 63 
14 67 
14 68 
14 69 
14 70 
14 73 
14 74 
14 76 
14 78 
14 80 
14 82 
14 83 
14 84 
14 86 
14 87 
14 88 
14 89 
14 90 
14 91 
14 96 
14 100 
14 102 
14 104 
14 105 
14 109 
14 112 
14 116 
14 117 
14 128 
14 134 
14 146 
14 150 
14 156 
14 157 
14 166 
14 170 
14 173 
14 182 
14 187 
15 2 
15 3 
15 4 
15 5 
15 6 
15 7 
15 8 
15 9 
15 11 
15 13 
15 14 
15 18 
15 19 
15 21 
15 22 
15 23 
15 25 
15 26 
15 27 
15 29 
15 30 
15 31 
15 32 
15 33 
15 34 
15 35 
15 36 
15 37 
15 39 
15 40 
15 42 
15 44 
15 45 
15 48 
15 52 
15 60 
15 63 
15 68 
15 69 
15 70 
15 73 
15 74 
15 76 
15 78 
15 80 
15 82 
15 83 
15 84 
15 86 
15 87 
15 88 
15 89 
15 90 
15 91 
15 94 
15 96 
15 98 
15 100 
15 102 
15 105 
15 109 
15 113 
15 116 
15 117 
15 121 
15 125 
15 134 
15 146 
15 158 
16 79 
16 97 
16 136 
17 6 
17 26 
17 29 
17 37 
17 45 
17 67 
17 76 
17 77 
17 92 
17 110 
17 125 
17 155 
17 165 
18 2 
18 4 
18 5 
18 6 
18 7 
18 8 
18 9 
18 10 
18 13 
18 15 
18 17 
18 19 
18 22 
18 23 
18 26 
18 27 
18 28 
18 29 
18 30 
18 31 
18 32 
18 33 
18 34 
18 35 
18 37 
18 39 
18 40 
18 42 
18 44 
18 45 
18 49 
18 51 
18 52 
18 54 
18 55 
18 63 
18 67 
18 68 
18 69 
18 70 
18 71 
18 73 
18 76 
18 77 
18 82 
18 83 
18 84 
18 86 
18 87 
18 89 
18 90 
18 91 
18 94 
18 96 
18 98 
18 105 
18 109 
18 110 
18 117 
18 121 
18 133 
18 150 
18 155 
18 165 
18 166 
18 212 
19 14 
19 67 
21 4 
21 11 
21 35 
21 44 
21 102 
22 2 
22 3 
22 4 
22 5 
22 6 
22 7 
22 8 
22 9 
22 10 
22 14 
22 15 
22 23 
22 25 
22 26 
22 30 
22 31 
22 32 
22 34 
22 35 
22 36 
22 37 
22 42 
22 44 
22 45 
22 48 
22 49 
22 51 
22 52 
22 53 
22 54 
22 55 
22 60 
22 67 
22 68 
22 69 
22 74 
22 76 
22 77 
22 78 
22 80 
22 82 
22 84 
22 86 
22 88 
22 90 
22 91 
22 94 
22 95 
22 96 
22 98 
22 100 
22 102 
22 104 
22 105 
22 109 
22 110 
22 134 
22 146 
22 148 
22 150 
22 158 
22 212 
23 7 
23 8 
23 9 
23 15 
23 18 
23 26 
23 27 
23 31 
23 32 
23 34 
23 158 
24 32 
24 72 
25 6 
25 19 
25 45 
25 92 
25 134 
25 146 
25 158 
25 170 
26 2 
26 3 
26 4 
26 5 
26 6 
26 7 
26 8 
26 9 
26 10 
26 11 
26 14 
26 15 
26 16 
26 17 
26 18 
26 19 
26 22 
26 23 
26 25 
26 27 
26 28 
26 29 
26 30 
26 31 
26 32 
26 33 
26 34 
26 35 
26 37 
26 39 
26 40 
26 42 
26 44 
26 45 
26 49 
26 51 
26 52 
26 54 
26 55 
26 58 
26 67 
26 68 
26 69 
26 70 
26 71 
26 72 
26 73 
26 76 
26 78 
26 82 
26 83 
26 84 
26 88 
26 89 
26 91 
26 95 
26 96 
26 97 
26 98 
26 99 
26 105 
26 108 
26 109 
26 110 
26 116 
26 117 
26 125 
26 133 
26 139 
26 146 
26 150 
26 155 
26 158 
26 166 
26 212 
27 2 
27 3 
27 4 
27 5 
27 6 
27 7 
27 8 
27 9 
27 10 
27 11 
27 13 
27 14 
27 15 
27 17 
27 18 
27 19 
27 21 
27 22 
27 23 
27 25 
27 26 
27 29 
27 30 
27 31 
27 32 
27 33 
27 34 
27 35 
27 36 
27 37 
27 39 
27 40 
27 42 
27 44 
27 45 
27 48 
27 49 
27 51 
27 52 
27 60 
27 62 
27 63 
27 67 
27 68 
27 69 
27 70 
27 73 
27 74 
27 76 
27 77 
27 78 
27 80 
27 82 
27 83 
27 84 
27 86 
27 87 
27 88 
27 89 
27 90 
27 91 
27 94 
27 96 
27 98 
27 100 
27 102 
27 103 
27 105 
27 108 
27 109 
27 112 
27 116 
27 117 
27 121 
27 125 
27 127 
27 128 
27 130 
27 134 
27 146 
27 150 
27 156 
27 158 
27 168 
27 182 
27 187 
29 7 
29 8 
29 9 
29 26 
29 28 
29 34 
29 35 
29 39 
29 140 
30 3 
30 4 
30 6 
30 11 
30 14 
30 15 
30 21 
30 22 
30 32 
30 42 
30 44 
30 45 
30 48 
30 52 
30 60 
30 63 
30 69 
30 72 
30 73 
30 80 
30 84 
30 87 
30 90 
30 100 
30 102 
30 116 
30 117 
30 121 
30 133 
30 146 
31 7 
31 9 
31 34 
31 66 
32 6 
32 27 
32 45 
32 72 
32 73 
32 83 
32 100 
32 116 
32 117 
32 133 
33 25 
33 134 
33 158 
34 2 
34 6 
34 7 
34 8 
34 9 
34 10 
34 16 
34 17 
34 18 
34 19 
34 23 
34 25 
34 26 
34 28 
34 29 
34 30 
34 31 
34 32 
34 33 
34 39 
34 45 
34 70 
34 71 
34 76 
34 89 
34 97 
34 99 
34 105 
34 109 
34 110 
34 115 
34 139 
34 182 
34 212 
35 2 
35 3 
35 4 
35 5 
35 6 
35 7 
35 9 
35 10 
35 11 
35 14 
35 15 
35 16 
35 22 
35 23 
35 25 
35 27 
35 30 
35 31 
35 32 
35 33 
35 35 
35 36 
35 37 
35 40 
35 42 
35 44 
35 45 
35 48 
35 49 
35 51 
35 52 
35 53 
35 55 
35 58 
35 60 
35 62 
35 63 
35 68 
35 69 
35 70 
35 73 
35 76 
35 78 
35 79 
35 80 
35 82 
35 83 
35 84 
35 86 
35 87 
35 88 
35 89 
35 90 
35 91 
35 94 
35 95 
35 96 
35 97 
35 98 
35 104 
35 108 
35 109 
35 116 
35 117 
35 121 
35 146 
35 148 
35 150 
35 156 
35 168 
35 187 
36 4 
36 7 
36 9 
36 11 
36 13 
36 14 
36 17 
36 25 
36 30 
36 32 
36 52 
36 63 
36 73 
36 80 
36 94 
36 98 
36 102 
36 121 
37 3 
37 4 
37 6 
37 7 
37 9 
37 10 
37 11 
37 14 
37 15 
37 22 
37 23 
37 26 
37 27 
37 28 
37 29 
37 32 
37 34 
37 40 
37 44 
37 45 
37 60 
37 70 
37 80 
37 82 
37 103 
37 109 
37 116 
37 158 
39 2 
39 7 
39 8 
39 9 
39 10 
39 14 
39 15 
39 17 
39 22 
39 23 
39 26 
39 27 
39 28 
39 29 
39 32 
39 34 
39 45 
39 69 
39 73 
39 76 
39 80 
39 99 
39 109 
39 110 
39 125 
39 155 
39 212 
40 2 
40 3 
40 4 
40 11 
40 14 
40 15 
40 18 
40 19 
40 22 
40 25 
40 27 
40 28 
40 32 
40 33 
40 34 
40 37 
40 42 
40 44 
40 45 
40 48 
40 51 
40 52 
40 60 
40 68 
40 70 
40 71 
40 72 
40 78 
40 83 
40 84 
40 86 
40 87 
40 89 
40 90 
40 91 
40 92 
40 98 
40 100 
40 109 
40 133 
40 146 
42 32 
42 70 
42 83 
42 100 
42 116 
42 133 
43 19 
43 22 
43 67 
43 92 
43 110 
43 113 
43 125 
43 181 
43 212 
44 2 
44 4 
44 6 
44 7 
44 8 
44 9 
44 13 
44 14 
44 15 
44 21 
44 22 
44 25 
44 26 
44 27 
44 28 
44 30 
44 31 
44 32 
44 33 
44 34 
44 35 
44 36 
44 37 
44 40 
44 42 
44 45 
44 62 
44 63 
44 67 
44 69 
44 70 
44 71 
44 73 
44 80 
44 82 
44 83 
44 84 
44 88 
44 90 
44 91 
44 102 
44 105 
44 109 
44 128 
44 134 
44 146 
44 148 
44 158 
45 2 
45 4 
45 5 
45 6 
45 7 
45 8 
45 9 
45 10 
45 11 
45 13 
45 14 
45 15 
45 16 
45 17 
45 23 
45 25 
45 26 
45 27 
45 28 
45 29 
45 31 
45 32 
45 33 
45 34 
45 35 
45 36 
45 37 
45 39 
45 44 
45 49 
45 55 
45 58 
45 62 
45 67 
45 76 
45 79 
45 80 
45 82 
45 96 
45 97 
45 99 
45 102 
45 103 
45 105 
45 108 
45 109 
45 110 
45 112 
45 117 
45 120 
45 127 
45 128 
45 130 
45 134 
45 136 
45 146 
45 158 
45 165 
45 178 
45 182 
47 6 
47 14 
47 26 
47 45 
47 67 
49 5 
49 34 
49 95 
49 96 
51 45 
51 60 
51 77 
52 4 
52 27 
52 30 
52 32 
52 40 
52 42 
52 48 
52 51 
52 68 
52 69 
52 73 
52 84 
52 86 
52 87 
52 90 
52 100 
52 121 
52 125 
54 4 
54 7 
54 9 
54 14 
54 27 
54 45 
54 57 
54 118 
55 4 
55 15 
55 31 
55 35 
55 45 
55 49 
55 58 
55 66 
55 76 
55 94 
55 96 
55 112 
55 120 
55 127 
55 136 
58 4 
58 7 
58 10 
58 14 
58 16 
58 76 
58 79 
58 96 
58 97 
58 109 
59 5 
59 6 
59 7 
59 9 
59 10 
59 14 
59 15 
59 17 
59 23 
59 25 
59 26 
59 27 
59 30 
59 31 
59 32 
59 35 
59 36 
59 40 
59 42 
59 44 
59 45 
59 48 
59 51 
59 52 
59 76 
59 78 
59 80 
59 86 
59 91 
59 119 
59 146 
59 187 
60 6 
60 45 
60 51 
60 69 
60 77 
60 86 
60 88 
60 90 
61 35 
61 127 
63 30 
63 44 
63 69 
63 87 
63 88 
64 112 
65 3 
65 6 
65 27 
65 35 
65 45 
65 60 
65 76 
65 94 
65 105 
65 128 
66 2 
66 4 
66 5 
66 6 
66 11 
66 14 
66 15 
66 16 
66 22 
66 27 
66 31 
66 35 
66 36 
66 44 
66 45 
66 49 
66 55 
66 63 
66 76 
66 80 
66 82 
66 94 
66 95 
66 96 
66 108 
66 109 
68 6 
68 27 
68 48 
68 52 
68 54 
68 62 
68 67 
68 84 
68 90 
69 3 
69 14 
69 36 
69 37 
69 51 
69 52 
69 60 
69 63 
69 84 
69 87 
69 88 
70 2 
70 7 
70 9 
70 14 
70 22 
70 37 
70 44 
70 45 
70 109 
71 67 
71 75 
71 92 
71 115 
73 4 
73 30 
73 32 
73 44 
73 98 
73 121 
74 4 
74 14 
76 2 
76 6 
76 16 
76 45 
76 58 
76 79 
76 136 
80 35 
80 36 
81 58 
82 14 
82 15 
82 30 
82 35 
82 44 
82 53 
84 42 
84 44 
84 52 
84 68 
84 69 
84 83 
84 87 
84 88 
85 82 
86 27 
86 45 
86 51 
86 69 
86 77 
86 88 
87 3 
87 30 
87 52 
87 63 
87 69 
88 22 
88 51 
88 60 
89 146 
90 6 
90 49 
90 51 
90 60 
90 86 
92 60 
93 14 
93 28 
93 30 
93 33 
93 48 
93 54 
93 63 
94 7 
94 9 
94 14 
94 35 
95 6 
95 14 
95 15 
95 22 
95 23 
95 37 
95 105 
96 35 
96 76 
96 108 
97 16 
97 58 
97 79 
98 4 
98 13 
98 32 
98 73 
98 121 
99 165 
99 166 
100 42 
101 58 
103 112 
103 120 
103 128 
103 136 
103 178 
104 14 
105 2 
105 99 
105 156 
105 165 
105 182 
106 6 
108 2 
108 3 
108 5 
108 6 
108 7 
108 10 
108 11 
108 13 
108 14 
108 15 
108 16 
108 23 
108 27 
108 30 
108 31 
108 35 
108 36 
108 44 
108 45 
108 49 
108 55 
108 58 
108 80 
108 94 
108 95 
108 96 
108 103 
108 105 
109 4 
109 5 
109 6 
109 14 
109 25 
109 27 
109 29 
109 32 
109 37 
109 71 
109 75 
109 92 
109 96 
109 104 
109 113 
109 115 
109 119 
109 138 
109 150 
109 168 
109 212 
110 17 
110 37 
110 212 
114 5 
114 35 
114 49 
114 193 
115 109 
116 2 
117 100 
117 116 
118 103 
119 4 
119 5 
119 6 
119 7 
119 9 
119 10 
119 15 
119 23 
119 25 
119 27 
119 31 
119 32 
119 34 
119 35 
119 40 
119 45 
119 51 
119 52 
119 60 
119 67 
119 77 
119 78 
119 86 
119 90 
119 103 
119 146 
121 30 
121 73 
121 98 
124 3 
124 5 
124 15 
124 21 
124 27 
124 32 
124 35 
124 45 
124 51 
124 54 
124 117 
124 187 
129 55 
129 127 
145 6 
146 45 
146 70 
146 125 
151 2 
161 2 
161 105 
187 40 
201 76 
201 103 
