2 23 
2 105 
2 212 
3 14 
3 15 
3 22 
3 30 
3 37 
3 63 
3 69 
3 84 
3 87 
3 88 
4 3 
4 13 
4 14 
4 15 
4 21 
4 22 
4 27 
4 30 
4 31 
4 32 
4 35 
4 36 
4 44 
4 60 
4 63 
4 68 
4 74 
4 87 
4 150 
6 6 
6 23 
6 45 
7 31 
7 32 
7 45 
8 140 
9 31 
9 32 
9 45 
9 140 
11 4 
11 15 
11 30 
11 36 
12 4 
12 14 
12 15 
12 22 
12 40 
12 44 
12 150 
13 27 
13 73 
14 3 
14 4 
14 11 
14 15 
14 21 
14 22 
14 27 
14 30 
14 32 
14 35 
14 36 
14 37 
14 40 
14 44 
14 60 
14 63 
14 73 
14 74 
14 78 
14 87 
14 88 
14 150 
15 3 
15 4 
15 11 
15 13 
15 14 
15 21 
15 22 
15 27 
15 30 
15 35 
15 36 
15 37 
15 44 
15 52 
15 60 
15 63 
15 68 
15 73 
15 74 
15 82 
15 87 
15 88 
15 121 
15 150 
15 212 
16 4 
16 27 
16 44 
16 45 
17 37 
17 44 
17 105 
17 212 
19 32 
19 116 
21 15 
21 27 
21 44 
22 3 
22 4 
22 11 
22 13 
22 14 
22 15 
22 27 
22 30 
22 32 
22 35 
22 36 
22 37 
22 44 
22 48 
22 52 
22 60 
22 63 
22 68 
22 69 
22 73 
22 74 
22 83 
22 84 
22 87 
22 88 
22 105 
22 121 
22 148 
22 150 
23 7 
23 31 
23 140 
25 14 
25 15 
25 36 
26 212 
27 3 
27 4 
27 6 
27 11 
27 13 
27 14 
27 15 
27 21 
27 22 
27 30 
27 31 
27 32 
27 35 
27 36 
27 37 
27 44 
27 45 
27 52 
27 60 
27 62 
27 63 
27 68 
27 69 
27 73 
27 74 
27 82 
27 83 
27 84 
27 87 
27 88 
27 98 
27 121 
27 148 
27 150 
28 15 
30 4 
30 11 
30 14 
30 15 
30 22 
30 27 
30 32 
30 63 
30 69 
30 73 
30 87 
30 121 
31 23 
32 23 
32 73 
34 212 
35 3 
35 4 
35 11 
35 13 
35 14 
35 15 
35 21 
35 22 
35 27 
35 30 
35 32 
35 36 
35 37 
35 40 
35 44 
35 52 
35 60 
35 63 
35 68 
35 69 
35 73 
35 74 
35 82 
35 83 
35 84 
35 87 
35 88 
35 98 
35 121 
35 150 
36 11 
36 13 
36 27 
36 30 
37 3 
37 14 
39 11 
39 212 
40 3 
40 4 
40 11 
40 14 
40 15 
40 27 
40 30 
40 32 
40 36 
40 37 
40 44 
40 48 
40 52 
40 60 
40 68 
40 83 
40 84 
40 88 
40 98 
40 121 
40 133 
42 32 
43 212 
44 4 
44 14 
44 21 
44 27 
44 30 
44 35 
44 36 
44 74 
45 6 
45 23 
45 37 
45 76 
45 103 
45 112 
45 178 
47 31 
47 105 
48 22 
48 52 
49 6 
49 60 
51 60 
52 68 
52 84 
58 45 
60 44 
60 88 
62 40 
62 44 
63 35 
63 87 
65 14 
65 27 
65 45 
66 45 
68 22 
68 30 
68 48 
68 52 
68 62 
68 84 
68 116 
69 3 
69 4 
69 13 
69 15 
69 27 
69 63 
69 84 
69 87 
69 88 
70 4 
70 27 
70 32 
70 37 
70 40 
70 45 
70 62 
70 88 
71 4 
71 14 
71 15 
71 27 
71 37 
71 44 
73 11 
73 35 
73 121 
74 4 
74 14 
76 23 
76 45 
78 4 
78 14 
78 15 
78 22 
78 27 
78 32 
78 35 
78 37 
78 44 
78 60 
78 83 
78 84 
79 45 
81 45 
82 4 
82 14 
82 27 
82 35 
82 44 
82 45 
83 32 
84 22 
86 3 
86 14 
87 15 
87 63 
87 88 
88 22 
88 35 
88 69 
88 84 
89 36 
89 48 
89 84 
90 3 
90 22 
90 48 
90 52 
90 60 
90 68 
91 14 
91 22 
91 44 
93 14 
93 48 
96 45 
98 14 
98 73 
98 121 
99 45 
99 105 
100 116 
101 45 
103 45 
105 23 
105 31 
105 45 
108 45 
108 150 
109 4 
109 15 
109 27 
109 32 
109 35 
109 37 
109 44 
109 150 
110 212 
112 45 
115 27 
115 44 
121 35 
121 73 
121 98 
133 32 
142 4 
146 11 
146 14 
146 15 
146 27 
146 32 
146 36 
146 44 
146 52 
146 68 
146 84 
156 23 
156 105 
160 45 
163 4 
163 15 
163 27 
163 37 
165 23 
165 31 
165 105 
168 37 
171 45 
184 45 
186 4 
