2 23 
3 4 
3 15 
3 22 
3 27 
3 37 
3 60 
3 69 
3 87 
3 88 
4 2 
4 14 
4 22 
4 27 
4 44 
4 69 
4 74 
4 80 
4 146 
5 37 
5 80 
6 31 
6 45 
7 23 
7 31 
7 39 
7 105 
9 10 
9 23 
9 31 
9 39 
9 105 
10 23 
10 105 
11 4 
11 13 
11 15 
11 21 
11 31 
11 35 
11 36 
11 80 
12 22 
12 31 
12 33 
12 35 
12 40 
12 62 
12 78 
12 125 
12 146 
12 148 
13 4 
14 4 
14 13 
14 21 
14 22 
14 23 
14 27 
14 30 
14 31 
14 33 
14 35 
14 36 
14 37 
14 39 
14 40 
14 44 
14 74 
14 78 
14 80 
14 82 
15 3 
15 4 
15 11 
15 13 
15 14 
15 21 
15 22 
15 23 
15 27 
15 31 
15 35 
15 36 
15 37 
15 40 
15 44 
15 74 
15 78 
15 80 
18 23 
18 31 
21 44 
22 3 
22 5 
22 37 
22 69 
24 19 
27 4 
27 11 
27 13 
27 14 
27 15 
27 31 
27 36 
27 44 
27 63 
27 74 
27 80 
28 31 
29 23 
29 31 
30 44 
30 63 
30 69 
30 73 
31 66 
32 11 
32 13 
32 15 
32 22 
32 35 
32 36 
32 40 
32 62 
32 73 
32 78 
32 98 
32 117 
32 121 
35 14 
35 82 
36 5 
36 7 
36 10 
36 11 
36 13 
36 14 
36 15 
36 19 
36 22 
36 32 
36 35 
36 37 
36 40 
36 45 
36 62 
36 70 
36 80 
36 82 
36 86 
36 105 
36 121 
39 7 
39 9 
39 23 
42 11 
42 22 
42 35 
42 36 
42 40 
42 62 
42 78 
43 22 
43 125 
43 159 
44 4 
44 7 
44 10 
44 11 
44 21 
44 23 
44 31 
44 45 
45 2 
45 5 
45 6 
45 7 
45 10 
45 11 
45 21 
45 23 
45 27 
45 31 
45 35 
45 44 
45 76 
45 78 
45 94 
45 96 
47 23 
47 31 
47 134 
47 139 
49 96 
52 68 
60 22 
60 31 
60 33 
60 35 
60 51 
60 78 
60 84 
60 87 
60 88 
63 3 
63 15 
63 22 
63 30 
63 37 
63 87 
68 40 
68 52 
69 87 
73 11 
73 13 
73 30 
73 80 
73 121 
74 4 
74 14 
80 36 
82 53 
86 22 
86 51 
86 52 
86 60 
86 68 
86 69 
86 77 
86 88 
86 90 
87 22 
87 30 
87 88 
88 22 
93 48 
96 5 
96 7 
96 10 
96 23 
96 39 
96 49 
96 66 
96 108 
98 121 
109 92 
113 125 
117 11 
117 13 
117 30 
117 35 
117 36 
117 44 
117 80 
117 121 
121 15 
133 19 
210 37 
