2 3 
2 6 
2 7 
2 8 
2 9 
2 10 
2 14 
2 18 
2 22 
2 23 
2 26 
2 27 
2 29 
2 30 
2 31 
2 33 
2 34 
2 39 
2 40 
2 44 
2 45 
2 70 
2 82 
2 99 
2 105 
2 109 
2 115 
2 134 
2 150 
2 156 
2 158 
2 166 
3 15 
3 22 
3 31 
3 37 
3 63 
3 69 
3 74 
4 7 
4 10 
4 11 
4 14 
4 15 
4 22 
4 25 
4 27 
4 30 
4 32 
4 33 
4 35 
4 37 
4 39 
4 51 
4 60 
4 63 
4 68 
4 69 
4 73 
4 74 
4 80 
4 82 
4 86 
4 88 
4 109 
4 121 
6 6 
6 7 
6 10 
6 14 
6 15 
6 21 
6 23 
6 27 
6 31 
6 34 
6 39 
6 44 
6 45 
6 127 
6 158 
7 4 
7 6 
7 23 
7 26 
7 27 
7 31 
7 34 
7 39 
7 44 
7 45 
7 60 
7 68 
7 71 
7 105 
7 115 
7 134 
9 4 
9 6 
9 23 
9 27 
9 31 
9 34 
9 39 
9 44 
9 45 
9 60 
9 68 
9 71 
9 105 
9 115 
9 134 
10 26 
11 3 
11 15 
11 27 
11 80 
11 84 
11 102 
11 121 
12 4 
12 82 
12 158 
13 98 
14 3 
14 4 
14 11 
14 15 
14 21 
14 22 
14 23 
14 27 
14 29 
14 30 
14 35 
14 37 
14 68 
14 69 
14 74 
14 78 
14 82 
14 84 
14 91 
14 98 
14 148 
14 156 
14 180 
14 213 
15 3 
15 4 
15 7 
15 10 
15 11 
15 14 
15 21 
15 22 
15 26 
15 27 
15 30 
15 32 
15 34 
15 35 
15 37 
15 44 
15 45 
15 51 
15 52 
15 60 
15 63 
15 69 
15 73 
15 74 
15 82 
15 84 
15 88 
15 98 
15 121 
17 15 
17 33 
17 71 
17 82 
17 155 
17 158 
18 26 
19 72 
21 3 
21 44 
22 3 
22 4 
22 14 
22 15 
22 25 
22 32 
22 35 
22 37 
22 60 
22 62 
22 63 
22 68 
22 82 
22 84 
22 86 
22 87 
22 88 
22 90 
22 148 
23 7 
23 10 
24 1 
25 158 
26 18 
26 34 
27 3 
27 4 
27 11 
27 14 
27 15 
27 22 
27 23 
27 30 
27 32 
27 35 
27 37 
27 39 
27 44 
27 52 
27 60 
27 63 
27 68 
27 69 
27 73 
27 74 
27 80 
27 82 
27 84 
27 87 
27 127 
27 134 
27 148 
28 134 
28 158 
30 11 
30 15 
30 27 
30 32 
30 37 
30 42 
30 63 
30 73 
30 83 
30 84 
30 87 
30 117 
32 15 
32 30 
32 42 
32 117 
32 133 
33 134 
33 158 
34 7 
34 8 
35 4 
35 5 
35 14 
35 15 
35 17 
35 22 
35 23 
35 25 
35 37 
35 39 
35 68 
35 78 
35 82 
35 88 
35 91 
35 148 
36 4 
36 11 
36 37 
36 80 
36 82 
37 3 
37 14 
37 15 
37 22 
37 27 
37 86 
39 7 
39 10 
39 23 
39 26 
39 134 
39 155 
40 22 
40 35 
40 37 
40 52 
40 82 
42 14 
42 15 
42 22 
42 25 
42 30 
42 32 
42 52 
42 69 
42 133 
42 148 
43 33 
43 134 
43 158 
44 3 
44 11 
44 14 
44 15 
44 21 
44 22 
44 27 
44 34 
44 35 
44 37 
44 39 
44 62 
44 63 
44 105 
44 134 
44 148 
44 158 
45 3 
45 6 
45 7 
45 8 
45 9 
45 10 
45 14 
45 15 
45 16 
45 17 
45 21 
45 23 
45 26 
45 29 
45 31 
45 34 
45 37 
45 39 
45 44 
45 58 
45 66 
45 76 
45 79 
45 82 
45 87 
45 94 
45 108 
45 112 
45 127 
45 134 
45 148 
45 158 
46 1 
47 23 
48 15 
49 5 
52 6 
52 7 
52 10 
52 68 
52 90 
62 40 
63 3 
63 15 
63 37 
63 60 
63 73 
63 84 
63 86 
63 87 
63 88 
66 45 
67 22 
68 27 
68 148 
69 3 
69 15 
69 22 
69 37 
69 60 
69 80 
69 84 
69 87 
69 88 
71 44 
71 113 
73 3 
73 15 
73 18 
73 22 
73 27 
73 30 
73 34 
73 35 
73 37 
73 39 
73 44 
73 74 
73 98 
73 121 
74 4 
74 14 
74 15 
74 27 
76 23 
76 45 
76 58 
78 213 
79 16 
79 58 
80 11 
82 5 
82 14 
82 15 
82 45 
82 53 
82 74 
84 22 
84 37 
84 52 
86 37 
86 51 
86 60 
86 77 
87 3 
87 22 
87 37 
87 63 
87 88 
88 3 
88 22 
88 60 
88 69 
89 44 
89 158 
90 68 
93 33 
94 127 
96 6 
96 14 
96 22 
96 25 
96 35 
96 45 
96 66 
96 82 
96 94 
96 109 
98 121 
99 105 
102 4 
102 11 
105 23 
105 44 
105 99 
105 156 
107 22 
108 35 
108 45 
109 15 
109 33 
109 115 
109 138 
109 168 
111 158 
114 21 
121 73 
121 98 
128 112 
141 7 
141 9 
144 37 
172 134 
172 158 
