1 11 
1 28 
1 40 
2 4 
2 5 
2 7 
2 8 
2 9 
2 15 
2 17 
2 18 
2 23 
2 28 
2 30 
2 31 
2 32 
2 35 
2 40 
2 45 
2 90 
2 105 
3 15 
3 22 
3 37 
3 40 
3 68 
3 74 
4 7 
4 9 
4 14 
4 17 
4 22 
4 27 
4 37 
4 40 
4 82 
5 45 
6 7 
6 9 
6 10 
6 25 
6 28 
6 32 
6 45 
7 14 
7 15 
7 17 
7 18 
7 22 
7 28 
7 40 
7 45 
7 80 
8 17 
8 18 
8 28 
9 8 
9 9 
9 14 
9 15 
9 17 
9 18 
9 22 
9 40 
9 45 
9 80 
10 18 
11 15 
11 30 
12 17 
13 4 
13 7 
13 9 
13 17 
13 22 
13 36 
13 40 
14 4 
14 7 
14 9 
14 11 
14 15 
14 22 
14 27 
14 28 
14 35 
14 37 
14 40 
14 78 
14 80 
14 82 
14 86 
14 87 
14 91 
15 3 
15 4 
15 7 
15 9 
15 14 
15 17 
15 22 
15 27 
15 28 
15 30 
15 35 
15 37 
15 40 
15 74 
17 4 
17 18 
18 17 
19 28 
20 28 
20 40 
21 7 
21 9 
21 30 
21 32 
21 40 
21 44 
21 45 
22 7 
22 8 
22 9 
22 11 
22 14 
22 17 
22 28 
22 30 
22 35 
22 36 
22 40 
22 45 
22 48 
22 52 
22 68 
22 82 
22 84 
24 7 
24 9 
24 30 
24 40 
24 72 
24 117 
25 40 
25 89 
27 4 
27 7 
27 9 
27 14 
27 28 
27 30 
27 35 
27 40 
27 82 
28 18 
30 27 
30 45 
30 80 
31 7 
31 9 
31 18 
32 6 
32 117 
33 7 
33 8 
33 9 
33 17 
33 28 
35 7 
35 8 
35 9 
35 14 
35 17 
35 22 
35 27 
35 28 
35 30 
35 40 
35 45 
35 48 
35 68 
35 82 
35 84 
35 91 
35 213 
36 7 
36 9 
36 11 
36 14 
36 30 
36 40 
36 51 
36 80 
36 90 
37 13 
37 15 
37 27 
37 28 
37 30 
37 40 
38 7 
38 9 
38 40 
38 72 
40 14 
40 15 
40 17 
40 18 
40 22 
40 28 
40 35 
40 45 
40 77 
41 28 
41 40 
42 40 
43 7 
43 8 
43 9 
43 17 
43 22 
43 40 
43 89 
43 91 
44 7 
44 9 
44 14 
44 17 
44 21 
44 22 
44 27 
44 28 
44 30 
44 35 
44 40 
44 78 
44 80 
45 4 
45 6 
45 7 
45 9 
45 15 
45 25 
45 30 
45 32 
45 40 
45 44 
45 76 
46 17 
48 22 
48 40 
48 84 
48 90 
49 4 
49 5 
49 7 
49 9 
49 14 
49 15 
49 17 
49 27 
49 40 
49 90 
51 22 
51 40 
51 84 
51 86 
52 40 
59 28 
60 22 
60 35 
60 40 
60 51 
60 84 
60 86 
60 88 
60 90 
62 7 
62 8 
62 35 
62 40 
62 68 
62 82 
63 30 
68 7 
68 9 
68 17 
68 22 
68 35 
68 40 
68 62 
68 84 
69 22 
69 40 
69 84 
69 87 
70 22 
71 28 
71 40 
72 7 
72 9 
72 40 
73 30 
74 15 
74 87 
76 7 
76 8 
77 51 
78 22 
78 35 
78 91 
80 7 
80 9 
80 11 
80 36 
80 40 
82 3 
82 5 
82 35 
82 40 
83 22 
83 40 
83 68 
83 84 
84 4 
84 22 
84 40 
84 42 
84 68 
86 51 
86 52 
86 68 
87 22 
87 30 
87 84 
88 35 
88 51 
88 60 
89 17 
89 28 
89 40 
90 40 
90 52 
91 17 
92 28 
93 28 
93 33 
93 90 
95 45 
96 5 
96 7 
96 9 
96 15 
96 40 
96 49 
100 40 
101 40 
102 11 
102 15 
102 27 
102 28 
102 30 
102 35 
102 40 
102 82 
105 7 
105 8 
105 9 
105 28 
105 35 
105 40 
105 49 
105 52 
105 90 
108 15 
108 40 
108 66 
109 7 
109 8 
109 9 
109 14 
109 15 
109 28 
109 35 
109 40 
109 52 
109 82 
109 168 
111 28 
113 28 
114 5 
114 7 
114 9 
114 17 
114 28 
114 30 
114 32 
114 40 
114 45 
114 48 
114 76 
114 90 
116 19 
124 28 
126 40 
133 40 
134 7 
134 9 
143 17 
146 25 
146 89 
153 17 
154 7 
154 8 
158 40 
158 89 
167 33 
167 125 
169 17 
169 28 
169 40 
170 40 
172 7 
172 9 
172 28 
172 89 
176 17 
176 28 
176 40 
186 40 
187 5 
187 7 
187 8 
187 28 
187 82 
203 11 
204 40 
204 89 
204 91 
213 7 
213 8 
213 28 
