2 3 
2 15 
3 87 
4 14 
4 68 
5 14 
6 13 
6 14 
6 15 
6 27 
6 52 
7 14 
7 15 
7 27 
7 44 
7 87 
8 14 
9 14 
9 15 
9 44 
9 87 
10 27 
13 30 
14 82 
15 3 
15 14 
15 27 
15 30 
15 44 
15 68 
15 82 
15 87 
18 14 
18 87 
21 14 
21 82 
22 14 
22 27 
22 44 
22 52 
22 68 
22 82 
22 84 
23 14 
25 82 
27 14 
27 30 
28 15 
28 27 
29 44 
32 52 
34 87 
35 14 
35 82 
36 13 
37 3 
37 14 
37 15 
39 44 
44 27 
44 68 
44 82 
45 13 
45 14 
45 15 
45 27 
45 30 
45 44 
45 87 
47 14 
47 87 
49 27 
58 14 
58 87 
62 82 
63 3 
63 87 
66 14 
66 87 
78 14 
80 13 
80 30 
80 36 
82 14 
90 52 
98 13 
102 87 
105 3 
105 15 
109 13 
109 15 
109 82 
109 148 
113 15 
115 15 
115 98 
119 14 
119 44 
122 14 
122 15 
138 15 
145 15 
145 27 
152 15 
154 13 
154 15 
168 15 
187 82 
189 14 
