2 2 
2 4 
2 7 
2 8 
2 9 
2 10 
2 14 
2 21 
2 29 
2 31 
2 32 
2 34 
2 39 
2 44 
2 45 
2 75 
2 99 
2 105 
2 109 
2 110 
2 113 
2 139 
2 146 
2 156 
2 165 
2 166 
2 212 
3 6 
3 7 
3 8 
3 9 
3 10 
3 14 
3 15 
3 22 
3 23 
3 27 
3 31 
3 32 
3 35 
3 36 
3 37 
3 42 
3 44 
3 45 
3 48 
3 62 
3 63 
3 67 
3 69 
3 73 
3 74 
3 76 
3 77 
3 84 
3 87 
3 88 
3 90 
3 98 
3 117 
3 121 
3 133 
3 158 
4 2 
4 3 
4 6 
4 7 
4 8 
4 9 
4 10 
4 11 
4 13 
4 14 
4 15 
4 22 
4 27 
4 30 
4 31 
4 32 
4 34 
4 35 
4 37 
4 39 
4 40 
4 44 
4 45 
4 51 
4 52 
4 54 
4 57 
4 62 
4 67 
4 68 
4 70 
4 73 
4 74 
4 82 
4 84 
4 105 
4 117 
4 119 
4 133 
4 134 
4 148 
4 156 
4 158 
4 173 
4 180 
4 181 
4 187 
4 193 
5 6 
5 7 
5 8 
5 9 
5 10 
5 14 
5 15 
5 21 
5 26 
5 44 
5 53 
5 105 
5 125 
5 130 
5 134 
6 2 
6 5 
6 6 
6 7 
6 8 
6 9 
6 10 
6 14 
6 15 
6 21 
6 23 
6 27 
6 31 
6 34 
6 36 
6 37 
6 44 
6 45 
6 59 
6 68 
6 72 
6 76 
6 87 
6 103 
6 119 
6 128 
6 134 
6 139 
6 158 
7 2 
7 4 
7 6 
7 14 
7 15 
7 17 
7 18 
7 21 
7 23 
7 26 
7 27 
7 29 
7 31 
7 34 
7 36 
7 39 
7 40 
7 44 
7 45 
7 48 
7 67 
7 75 
7 76 
7 79 
7 99 
7 103 
7 105 
7 109 
7 113 
7 119 
7 133 
7 134 
7 138 
7 150 
7 155 
7 156 
7 157 
7 158 
7 165 
7 166 
7 173 
7 180 
7 181 
7 187 
7 212 
8 2 
8 4 
8 6 
8 9 
8 10 
8 18 
8 27 
8 29 
8 34 
8 39 
8 45 
8 105 
8 109 
8 119 
8 140 
8 173 
8 212 
9 2 
9 4 
9 6 
9 8 
9 10 
9 14 
9 15 
9 17 
9 18 
9 21 
9 23 
9 26 
9 27 
9 31 
9 34 
9 36 
9 40 
9 44 
9 45 
9 48 
9 67 
9 75 
9 76 
9 99 
9 103 
9 105 
9 109 
9 113 
9 133 
9 134 
9 138 
9 140 
9 150 
9 156 
9 157 
9 158 
9 165 
9 166 
9 173 
9 180 
9 181 
9 187 
10 2 
10 6 
10 8 
10 9 
10 15 
10 23 
10 26 
10 34 
10 39 
10 40 
10 44 
10 79 
10 105 
10 109 
10 150 
10 155 
11 4 
11 6 
11 7 
11 10 
11 13 
11 14 
11 15 
11 22 
11 23 
11 27 
11 30 
11 31 
11 34 
11 35 
11 36 
11 37 
11 39 
11 44 
11 45 
11 54 
11 60 
11 68 
11 76 
11 80 
11 82 
11 84 
11 102 
11 105 
11 121 
11 133 
11 193 
12 21 
12 59 
12 119 
12 146 
12 148 
12 158 
13 5 
13 6 
13 7 
13 9 
13 18 
13 23 
13 30 
13 31 
13 32 
13 33 
13 34 
13 35 
13 36 
13 37 
13 44 
13 68 
13 80 
13 98 
13 121 
13 158 
14 2 
14 3 
14 4 
14 5 
14 6 
14 7 
14 8 
14 9 
14 10 
14 11 
14 13 
14 15 
14 16 
14 17 
14 18 
14 21 
14 22 
14 23 
14 25 
14 26 
14 27 
14 28 
14 29 
14 30 
14 31 
14 32 
14 33 
14 34 
14 35 
14 36 
14 37 
14 39 
14 40 
14 42 
14 44 
14 45 
14 48 
14 49 
14 51 
14 52 
14 53 
14 54 
14 55 
14 57 
14 58 
14 59 
14 60 
14 62 
14 63 
14 66 
14 67 
14 68 
14 69 
14 70 
14 73 
14 74 
14 76 
14 77 
14 78 
14 79 
14 80 
14 82 
14 83 
14 84 
14 86 
14 87 
14 88 
14 90 
14 91 
14 94 
14 96 
14 97 
14 98 
14 100 
14 103 
14 104 
14 105 
14 108 
14 109 
14 110 
14 112 
14 116 
14 117 
14 118 
14 119 
14 121 
14 125 
14 127 
14 128 
14 133 
14 134 
14 139 
14 146 
14 148 
14 150 
14 156 
14 157 
14 158 
14 166 
14 170 
14 173 
14 178 
14 180 
14 182 
14 187 
14 212 
14 213 
15 2 
15 3 
15 4 
15 6 
15 7 
15 8 
15 9 
15 10 
15 11 
15 13 
15 14 
15 17 
15 21 
15 22 
15 23 
15 25 
15 26 
15 27 
15 30 
15 31 
15 32 
15 34 
15 35 
15 36 
15 37 
15 39 
15 40 
15 42 
15 44 
15 45 
15 48 
15 51 
15 52 
15 54 
15 55 
15 59 
15 60 
15 62 
15 63 
15 68 
15 69 
15 70 
15 73 
15 74 
15 76 
15 77 
15 80 
15 82 
15 83 
15 84 
15 86 
15 87 
15 88 
15 90 
15 94 
15 95 
15 96 
15 97 
15 98 
15 100 
15 103 
15 105 
15 109 
15 112 
15 113 
15 115 
15 117 
15 119 
15 121 
15 127 
15 133 
15 134 
15 146 
15 148 
15 150 
15 155 
15 156 
15 158 
15 170 
15 173 
15 182 
15 193 
15 212 
16 6 
16 27 
16 55 
16 79 
16 97 
17 2 
17 6 
17 7 
17 10 
17 21 
17 22 
17 30 
17 34 
17 44 
17 45 
17 67 
17 99 
17 105 
17 109 
17 112 
17 119 
17 155 
17 158 
17 187 
17 190 
17 212 
18 2 
18 3 
18 7 
18 8 
18 9 
18 18 
18 23 
18 26 
18 31 
18 34 
18 45 
18 139 
18 156 
18 158 
18 165 
18 166 
18 173 
18 212 
19 6 
19 21 
19 26 
19 36 
19 37 
19 44 
19 105 
19 125 
20 4 
20 21 
20 40 
21 4 
21 11 
21 14 
21 35 
21 36 
21 44 
21 45 
21 52 
21 73 
21 109 
21 146 
22 2 
22 3 
22 4 
22 5 
22 6 
22 7 
22 8 
22 9 
22 10 
22 11 
22 13 
22 14 
22 15 
22 16 
22 18 
22 21 
22 23 
22 25 
22 26 
22 27 
22 29 
22 30 
22 31 
22 32 
22 33 
22 34 
22 35 
22 36 
22 37 
22 39 
22 40 
22 42 
22 44 
22 45 
22 48 
22 49 
22 51 
22 52 
22 53 
22 54 
22 55 
22 58 
22 59 
22 60 
22 62 
22 63 
22 66 
22 67 
22 68 
22 69 
22 70 
22 71 
22 73 
22 74 
22 76 
22 77 
22 78 
22 79 
22 80 
22 82 
22 83 
22 84 
22 87 
22 88 
22 90 
22 91 
22 94 
22 95 
22 96 
22 98 
22 99 
22 100 
22 105 
22 108 
22 109 
22 112 
22 113 
22 116 
22 117 
22 119 
22 121 
22 125 
22 127 
22 128 
22 133 
22 134 
22 139 
22 146 
22 148 
22 150 
22 156 
22 158 
22 173 
22 178 
22 182 
22 187 
22 212 
22 213 
23 2 
23 3 
23 4 
23 6 
23 7 
23 8 
23 9 
23 10 
23 14 
23 15 
23 18 
23 21 
23 26 
23 27 
23 29 
23 31 
23 32 
23 34 
23 35 
23 37 
23 39 
23 44 
23 45 
23 69 
23 76 
23 79 
23 80 
23 82 
23 86 
23 96 
23 105 
24 7 
24 9 
24 15 
24 21 
24 32 
24 72 
25 2 
25 4 
25 15 
25 21 
25 25 
25 33 
25 36 
25 44 
25 45 
25 54 
25 62 
25 89 
25 105 
25 109 
25 118 
25 119 
25 125 
25 134 
25 146 
25 158 
25 173 
25 180 
25 187 
25 193 
26 2 
26 7 
26 8 
26 9 
26 10 
26 18 
26 23 
26 27 
26 34 
26 37 
26 39 
26 99 
26 105 
26 109 
26 110 
26 139 
26 150 
26 156 
26 166 
26 212 
27 2 
27 3 
27 4 
27 6 
27 7 
27 8 
27 9 
27 11 
27 13 
27 14 
27 15 
27 21 
27 22 
27 23 
27 29 
27 30 
27 31 
27 34 
27 35 
27 36 
27 37 
27 39 
27 42 
27 44 
27 45 
27 48 
27 52 
27 57 
27 58 
27 59 
27 62 
27 63 
27 68 
27 69 
27 70 
27 71 
27 74 
27 80 
27 82 
27 83 
27 84 
27 88 
27 94 
27 98 
27 108 
27 113 
27 116 
27 119 
27 125 
27 127 
27 130 
27 133 
27 134 
27 146 
27 148 
27 173 
27 187 
27 193 
27 212 
28 2 
28 6 
28 21 
28 31 
28 34 
28 44 
28 109 
29 7 
29 8 
29 10 
29 23 
29 37 
29 127 
30 2 
30 3 
30 6 
30 14 
30 15 
30 21 
30 22 
30 35 
30 37 
30 42 
30 44 
30 45 
30 52 
30 54 
30 63 
30 69 
30 70 
30 73 
30 80 
30 87 
30 98 
30 102 
30 121 
30 148 
31 2 
31 3 
31 6 
31 7 
31 8 
31 9 
31 10 
31 15 
31 16 
31 18 
31 23 
31 26 
31 29 
31 32 
31 34 
31 39 
31 42 
31 44 
31 45 
31 87 
31 96 
31 99 
31 104 
31 105 
31 109 
31 125 
31 158 
31 166 
31 212 
32 2 
32 4 
32 6 
32 7 
32 8 
32 9 
32 14 
32 15 
32 21 
32 27 
32 31 
32 37 
32 42 
32 45 
32 52 
32 62 
32 69 
32 70 
32 72 
32 73 
32 83 
32 98 
32 100 
32 117 
32 121 
32 133 
33 2 
33 3 
33 4 
33 6 
33 7 
33 9 
33 11 
33 15 
33 21 
33 22 
33 26 
33 27 
33 28 
33 40 
33 44 
33 45 
33 48 
33 71 
33 75 
33 89 
33 109 
33 119 
33 125 
33 134 
33 146 
33 157 
33 158 
33 187 
33 213 
34 2 
34 7 
34 8 
34 17 
34 18 
34 26 
34 28 
34 29 
34 31 
34 36 
34 39 
34 45 
34 71 
34 110 
34 139 
34 156 
34 165 
34 166 
34 212 
35 2 
35 4 
35 7 
35 8 
35 9 
35 10 
35 13 
35 14 
35 15 
35 16 
35 21 
35 22 
35 23 
35 27 
35 30 
35 31 
35 32 
35 37 
35 44 
35 45 
35 48 
35 58 
35 62 
35 63 
35 76 
35 78 
35 80 
35 82 
35 98 
35 99 
35 105 
35 109 
35 121 
35 125 
35 134 
35 138 
35 148 
35 150 
35 158 
35 180 
35 187 
35 193 
35 213 
36 7 
36 8 
36 9 
36 11 
36 13 
36 14 
36 15 
36 22 
36 23 
36 27 
36 30 
36 31 
36 32 
36 34 
36 35 
36 37 
36 40 
36 49 
36 58 
36 60 
36 63 
36 68 
36 80 
36 82 
36 98 
36 105 
36 121 
36 133 
37 2 
37 3 
37 4 
37 7 
37 8 
37 9 
37 14 
37 15 
37 21 
37 22 
37 27 
37 32 
37 42 
37 44 
37 45 
37 52 
37 59 
37 69 
37 74 
37 76 
37 96 
37 109 
37 117 
37 165 
37 212 
39 2 
39 6 
39 7 
39 8 
39 9 
39 10 
39 14 
39 17 
39 23 
39 26 
39 31 
39 34 
39 39 
39 44 
39 45 
39 63 
39 80 
39 96 
39 105 
39 119 
39 125 
39 139 
39 165 
39 166 
39 190 
39 193 
39 212 
40 2 
40 3 
40 4 
40 6 
40 7 
40 8 
40 9 
40 11 
40 15 
40 21 
40 23 
40 25 
40 26 
40 27 
40 31 
40 32 
40 34 
40 35 
40 36 
40 37 
40 39 
40 42 
40 44 
40 45 
40 48 
40 52 
40 54 
40 68 
40 70 
40 72 
40 73 
40 84 
40 87 
40 89 
40 90 
40 100 
40 109 
40 112 
40 119 
40 133 
40 134 
40 148 
40 158 
40 170 
40 187 
42 2 
42 4 
42 6 
42 15 
42 21 
42 27 
42 30 
42 32 
42 45 
42 69 
42 70 
42 83 
42 84 
42 117 
42 133 
43 2 
43 4 
43 6 
43 7 
43 8 
43 9 
43 15 
43 17 
43 18 
43 21 
43 23 
43 26 
43 33 
43 34 
43 39 
43 44 
43 54 
43 68 
43 71 
43 87 
43 92 
43 105 
43 109 
43 110 
43 113 
43 115 
43 125 
43 134 
43 146 
43 148 
43 150 
43 158 
43 170 
43 180 
43 181 
43 187 
43 193 
43 212 
44 2 
44 4 
44 6 
44 7 
44 8 
44 9 
44 10 
44 11 
44 14 
44 15 
44 17 
44 21 
44 22 
44 23 
44 25 
44 26 
44 27 
44 28 
44 30 
44 31 
44 32 
44 33 
44 34 
44 35 
44 36 
44 37 
44 39 
44 42 
44 45 
44 54 
44 59 
44 60 
44 62 
44 63 
44 68 
44 70 
44 71 
44 74 
44 76 
44 80 
44 82 
44 84 
44 88 
44 92 
44 98 
44 99 
44 102 
44 103 
44 105 
44 109 
44 112 
44 113 
44 115 
44 117 
44 119 
44 125 
44 128 
44 133 
44 134 
44 146 
44 148 
44 150 
44 155 
44 158 
44 182 
44 187 
44 193 
44 212 
45 2 
45 3 
45 4 
45 5 
45 6 
45 7 
45 8 
45 9 
45 10 
45 11 
45 13 
45 14 
45 15 
45 16 
45 17 
45 18 
45 21 
45 22 
45 23 
45 27 
45 28 
45 29 
45 31 
45 32 
45 34 
45 36 
45 37 
45 39 
45 40 
45 44 
45 48 
45 49 
45 51 
45 54 
45 55 
45 58 
45 60 
45 63 
45 66 
45 68 
45 69 
45 71 
45 76 
45 77 
45 78 
45 79 
45 80 
45 82 
45 84 
45 86 
45 87 
45 88 
45 91 
45 92 
45 94 
45 95 
45 96 
45 97 
45 99 
45 103 
45 105 
45 108 
45 109 
45 112 
45 113 
45 116 
45 117 
45 119 
45 120 
45 125 
45 127 
45 128 
45 130 
45 134 
45 136 
45 139 
45 146 
45 158 
45 165 
45 168 
45 178 
45 182 
45 193 
46 32 
47 7 
47 9 
47 34 
47 44 
47 45 
47 139 
47 156 
48 6 
48 21 
48 22 
48 44 
48 68 
48 90 
49 2 
49 3 
49 4 
49 6 
49 21 
49 22 
49 34 
49 35 
49 45 
49 62 
49 96 
51 2 
51 6 
51 15 
51 21 
51 36 
51 45 
51 60 
51 77 
51 86 
51 88 
52 6 
52 17 
52 31 
52 32 
52 42 
52 45 
52 62 
52 68 
52 84 
52 86 
52 90 
52 139 
52 148 
54 44 
54 57 
54 118 
55 22 
55 58 
55 127 
55 136 
57 14 
57 118 
58 27 
58 45 
58 79 
59 21 
59 109 
59 119 
59 180 
60 2 
60 3 
60 6 
60 21 
60 31 
60 32 
60 34 
60 36 
60 37 
60 45 
60 51 
60 63 
60 69 
60 73 
60 76 
60 77 
60 82 
60 84 
60 86 
60 88 
60 90 
62 27 
62 30 
62 36 
62 40 
62 68 
63 3 
63 4 
63 6 
63 7 
63 9 
63 15 
63 17 
63 30 
63 32 
63 37 
63 42 
63 44 
63 45 
63 68 
63 69 
63 73 
63 74 
63 83 
63 86 
63 87 
63 88 
63 98 
63 100 
63 116 
63 117 
63 121 
63 133 
63 134 
63 146 
64 7 
64 9 
64 178 
65 6 
66 6 
66 27 
66 45 
66 55 
66 96 
66 108 
67 2 
67 21 
67 45 
67 109 
68 2 
68 4 
68 6 
68 7 
68 9 
68 14 
68 15 
68 27 
68 34 
68 36 
68 44 
68 45 
68 48 
68 52 
68 62 
68 69 
68 70 
68 80 
68 84 
68 86 
68 90 
68 109 
69 2 
69 3 
69 6 
69 7 
69 9 
69 15 
69 23 
69 32 
69 37 
69 40 
69 45 
69 48 
69 51 
69 52 
69 60 
69 62 
69 63 
69 73 
69 84 
69 87 
69 88 
69 90 
69 98 
70 4 
70 6 
70 15 
70 21 
70 31 
70 32 
70 39 
70 44 
70 45 
70 58 
71 3 
71 92 
71 109 
71 113 
72 32 
73 21 
73 32 
73 35 
73 44 
73 45 
73 98 
73 121 
74 4 
74 14 
74 15 
74 21 
74 37 
74 44 
75 109 
76 6 
76 14 
76 15 
76 16 
76 21 
76 37 
76 45 
76 49 
76 55 
76 58 
76 66 
76 79 
76 95 
76 96 
76 97 
76 108 
76 136 
77 7 
77 9 
77 51 
78 4 
78 6 
78 14 
78 27 
78 119 
78 125 
78 134 
78 213 
80 2 
80 3 
80 4 
80 5 
80 6 
80 7 
80 8 
80 9 
80 10 
80 11 
80 15 
80 21 
80 23 
80 25 
80 26 
80 27 
80 29 
80 31 
80 32 
80 33 
80 34 
80 35 
80 36 
80 37 
80 39 
80 40 
80 42 
80 44 
80 45 
80 49 
80 52 
80 54 
80 55 
80 58 
80 60 
80 62 
80 66 
80 70 
80 71 
80 76 
80 98 
80 102 
80 105 
80 109 
80 110 
80 112 
80 128 
80 133 
80 134 
80 146 
80 148 
80 158 
80 182 
81 45 
81 55 
81 58 
81 120 
82 2 
82 4 
82 6 
82 7 
82 8 
82 9 
82 14 
82 15 
82 17 
82 22 
82 23 
82 27 
82 30 
82 35 
82 37 
82 44 
82 45 
82 53 
82 62 
82 74 
82 78 
82 94 
82 109 
82 127 
82 133 
82 140 
82 146 
83 42 
83 84 
83 98 
84 2 
84 6 
84 7 
84 9 
84 10 
84 22 
84 23 
84 35 
84 44 
84 45 
84 52 
84 55 
84 62 
84 63 
84 68 
84 69 
84 70 
84 83 
84 87 
84 134 
86 2 
86 4 
86 6 
86 7 
86 10 
86 14 
86 15 
86 21 
86 23 
86 32 
86 37 
86 42 
86 44 
86 45 
86 51 
86 52 
86 60 
86 63 
86 69 
86 77 
86 84 
86 87 
86 88 
86 90 
87 6 
87 7 
87 9 
87 30 
87 31 
87 32 
87 42 
87 44 
87 45 
87 63 
87 69 
87 121 
87 134 
88 2 
88 3 
88 6 
88 14 
88 15 
88 22 
88 32 
88 36 
88 37 
88 42 
88 45 
88 48 
88 51 
88 52 
88 60 
88 68 
88 73 
88 74 
88 77 
88 86 
88 87 
88 90 
88 96 
88 117 
88 148 
89 17 
89 21 
89 25 
89 33 
89 40 
89 44 
89 84 
89 134 
89 158 
90 2 
90 6 
90 37 
90 45 
90 48 
90 86 
91 180 
91 187 
92 21 
92 113 
92 181 
93 7 
93 10 
93 14 
93 21 
93 27 
93 28 
93 33 
93 36 
93 48 
93 58 
93 59 
93 90 
93 116 
93 127 
94 22 
94 76 
94 127 
95 31 
96 7 
96 9 
96 15 
96 31 
96 45 
96 55 
96 58 
96 127 
97 3 
97 45 
98 13 
98 32 
98 73 
98 121 
99 2 
99 6 
99 7 
99 8 
99 9 
99 10 
99 18 
99 23 
99 31 
99 34 
99 37 
99 39 
99 42 
99 44 
99 45 
99 76 
99 105 
99 112 
99 146 
99 158 
99 165 
99 166 
100 2 
100 3 
100 4 
100 6 
100 14 
100 15 
100 23 
100 27 
100 30 
100 35 
100 40 
100 42 
100 44 
100 45 
100 52 
100 62 
100 63 
100 68 
100 70 
100 72 
100 73 
100 82 
100 83 
100 84 
100 116 
100 117 
100 121 
100 133 
102 6 
102 11 
102 14 
102 21 
102 22 
102 32 
102 36 
102 39 
102 44 
102 45 
102 68 
102 73 
102 76 
102 158 
103 44 
103 45 
103 120 
103 128 
104 109 
105 2 
105 3 
105 6 
105 7 
105 8 
105 9 
105 10 
105 23 
105 31 
105 32 
105 34 
105 39 
105 44 
105 45 
105 76 
105 99 
105 109 
105 133 
105 134 
105 140 
105 156 
105 165 
105 166 
105 182 
105 212 
106 2 
106 27 
107 96 
108 6 
108 14 
108 21 
108 36 
108 45 
108 96 
108 108 
109 2 
109 4 
109 7 
109 8 
109 11 
109 15 
109 21 
109 23 
109 27 
109 32 
109 44 
109 54 
109 57 
109 71 
109 75 
109 92 
109 113 
109 115 
109 119 
109 138 
109 150 
109 168 
110 37 
110 212 
111 21 
112 45 
112 103 
112 120 
112 127 
112 128 
112 178 
113 21 
113 71 
113 109 
113 159 
113 181 
114 27 
114 96 
115 92 
115 109 
115 168 
116 6 
116 7 
116 9 
116 25 
116 30 
116 32 
116 42 
116 45 
116 117 
116 121 
117 4 
117 6 
117 15 
117 27 
117 42 
117 73 
117 98 
117 116 
117 121 
117 133 
118 14 
118 109 
119 21 
119 109 
119 173 
119 193 
120 112 
121 15 
121 21 
121 23 
121 35 
121 44 
121 62 
121 68 
121 73 
121 98 
122 109 
122 119 
124 15 
124 109 
124 157 
124 173 
125 27 
125 113 
125 134 
125 158 
128 22 
128 45 
129 127 
130 6 
130 27 
130 120 
133 15 
133 19 
133 21 
133 32 
133 40 
133 42 
133 45 
133 73 
134 158 
138 27 
138 168 
140 8 
141 7 
141 9 
142 4 
142 109 
143 2 
146 21 
146 25 
146 30 
146 35 
146 109 
146 158 
150 75 
150 104 
150 180 
151 31 
152 21 
152 109 
153 27 
154 31 
154 115 
154 118 
154 138 
154 168 
157 14 
158 134 
159 92 
159 181 
160 128 
161 6 
161 7 
161 9 
161 45 
161 105 
167 26 
168 109 
169 6 
169 21 
169 22 
169 157 
170 21 
170 109 
170 157 
170 173 
171 159 
172 21 
172 33 
172 134 
172 146 
172 158 
173 37 
173 180 
177 7 
177 9 
178 45 
178 128 
179 82 
180 3 
180 173 
183 6 
183 109 
187 27 
187 109 
187 119 
188 45 
196 109 
196 134 
203 11 
203 15 
203 27 
204 3 
204 59 
205 45 
211 109 
212 17 
