2 7 
2 9 
2 45 
2 99 
2 105 
2 150 
2 166 
2 212 
3 6 
3 11 
3 15 
3 22 
3 37 
3 69 
3 74 
4 3 
4 13 
4 14 
4 15 
4 22 
4 27 
4 35 
4 37 
4 40 
4 44 
4 54 
4 59 
4 60 
4 62 
4 74 
4 80 
4 87 
4 98 
4 105 
4 146 
4 156 
4 182 
4 187 
4 213 
5 7 
5 8 
5 9 
5 14 
5 22 
5 34 
5 35 
5 59 
6 45 
6 187 
7 2 
7 6 
7 23 
7 26 
7 27 
7 29 
7 31 
7 32 
7 34 
7 36 
7 44 
7 45 
7 67 
7 76 
7 99 
7 105 
7 108 
7 109 
7 112 
7 127 
7 166 
7 170 
7 180 
7 213 
8 2 
8 6 
8 23 
8 26 
8 27 
8 31 
8 44 
8 45 
8 76 
8 99 
8 105 
8 109 
8 140 
8 166 
8 180 
9 2 
9 6 
9 8 
9 23 
9 26 
9 29 
9 31 
9 32 
9 34 
9 36 
9 44 
9 45 
9 67 
9 105 
9 108 
9 109 
9 112 
9 127 
9 140 
9 170 
9 213 
10 2 
10 6 
10 8 
10 34 
10 45 
10 105 
11 30 
11 36 
11 102 
12 158 
12 213 
14 3 
14 4 
14 5 
14 6 
14 11 
14 15 
14 21 
14 22 
14 23 
14 25 
14 27 
14 28 
14 30 
14 31 
14 32 
14 34 
14 35 
14 36 
14 37 
14 40 
14 44 
14 45 
14 52 
14 54 
14 57 
14 59 
14 62 
14 63 
14 68 
14 69 
14 70 
14 74 
14 78 
14 82 
14 84 
14 88 
14 100 
14 104 
14 105 
14 108 
14 109 
14 134 
14 150 
14 156 
14 157 
14 166 
14 170 
14 173 
14 182 
14 213 
15 2 
15 3 
15 4 
15 5 
15 7 
15 9 
15 11 
15 13 
15 14 
15 19 
15 21 
15 22 
15 23 
15 27 
15 28 
15 30 
15 31 
15 34 
15 35 
15 36 
15 37 
15 40 
15 44 
15 48 
15 49 
15 60 
15 63 
15 68 
15 69 
15 70 
15 74 
15 79 
15 82 
15 88 
15 102 
15 105 
15 108 
15 121 
15 213 
16 97 
17 2 
17 6 
17 7 
17 9 
17 21 
17 31 
17 34 
17 44 
17 155 
17 190 
18 180 
21 14 
21 44 
22 2 
22 3 
22 4 
22 6 
22 7 
22 8 
22 13 
22 14 
22 15 
22 21 
22 23 
22 27 
22 29 
22 30 
22 32 
22 34 
22 35 
22 36 
22 37 
22 44 
22 48 
22 51 
22 52 
22 54 
22 58 
22 60 
22 63 
22 68 
22 69 
22 70 
22 74 
22 77 
22 80 
22 83 
22 86 
22 88 
22 92 
22 98 
22 102 
22 110 
22 116 
22 117 
22 121 
22 148 
22 150 
22 212 
23 6 
23 7 
23 10 
23 34 
23 54 
26 2 
26 29 
26 105 
26 109 
26 157 
26 158 
26 173 
26 180 
26 187 
26 213 
27 3 
27 4 
27 7 
27 9 
27 11 
27 13 
27 14 
27 15 
27 22 
27 28 
27 30 
27 31 
27 35 
27 37 
27 44 
27 59 
27 62 
27 63 
27 74 
27 76 
27 83 
27 88 
27 102 
27 156 
27 182 
29 6 
31 6 
31 7 
31 9 
32 117 
33 134 
34 2 
34 7 
34 8 
34 23 
34 26 
34 31 
34 99 
34 105 
34 180 
35 7 
35 9 
35 14 
35 22 
35 28 
35 37 
35 54 
35 69 
35 78 
35 82 
35 97 
35 170 
35 213 
36 13 
36 80 
37 7 
37 9 
37 15 
37 36 
37 45 
37 76 
39 55 
39 67 
39 105 
39 139 
40 4 
40 15 
40 44 
40 70 
40 158 
40 187 
42 15 
42 32 
42 70 
42 117 
43 54 
43 59 
43 113 
43 125 
43 158 
44 2 
44 3 
44 4 
44 5 
44 6 
44 13 
44 14 
44 15 
44 17 
44 21 
44 22 
44 23 
44 27 
44 28 
44 35 
44 36 
44 45 
44 49 
44 54 
44 63 
44 80 
44 82 
44 100 
44 109 
44 110 
44 128 
45 2 
45 4 
45 5 
45 6 
45 7 
45 8 
45 9 
45 14 
45 15 
45 21 
45 22 
45 23 
45 25 
45 26 
45 27 
45 31 
45 34 
45 37 
45 39 
45 44 
45 49 
45 54 
45 55 
45 58 
45 66 
45 70 
45 76 
45 82 
45 95 
45 102 
45 105 
45 108 
45 112 
45 119 
45 128 
45 130 
45 146 
45 156 
45 158 
45 168 
45 182 
47 2 
47 23 
49 4 
49 6 
49 7 
49 8 
49 9 
49 14 
49 22 
49 27 
49 45 
49 80 
49 156 
49 182 
51 3 
52 22 
59 157 
63 30 
68 7 
68 8 
68 15 
68 52 
69 100 
70 48 
74 4 
74 14 
76 15 
76 45 
78 59 
78 213 
79 7 
79 9 
79 14 
79 45 
79 59 
79 156 
79 182 
80 102 
82 4 
82 74 
84 22 
86 51 
87 63 
88 32 
92 159 
93 49 
93 180 
97 6 
98 73 
99 105 
105 44 
105 165 
107 49 
108 2 
108 6 
108 15 
109 6 
109 7 
109 9 
109 75 
109 115 
109 168 
119 157 
121 73 
122 157 
124 157 
140 8 
152 37 
153 34 
166 6 
170 173 
173 4 
173 15 
173 180 
180 157 
180 173 
187 4 
187 7 
187 9 
187 14 
187 22 
187 37 
187 59 
187 156 
187 182 
193 14 
193 156 
