2 6 
2 15 
2 26 
2 34 
2 44 
2 45 
2 76 
2 99 
2 105 
2 110 
2 156 
2 158 
2 166 
2 212 
3 11 
3 15 
3 22 
3 30 
3 36 
3 37 
3 51 
3 52 
3 63 
3 69 
3 73 
3 84 
3 87 
3 88 
3 116 
4 3 
4 13 
4 14 
4 15 
4 17 
4 21 
4 22 
4 25 
4 27 
4 30 
4 35 
4 37 
4 44 
4 63 
4 73 
4 74 
4 78 
4 119 
4 121 
5 4 
5 6 
5 14 
5 15 
5 22 
5 25 
5 27 
5 32 
5 35 
5 37 
5 40 
5 42 
5 44 
5 45 
5 49 
5 51 
5 60 
5 70 
5 78 
5 80 
5 82 
5 83 
5 86 
5 90 
5 102 
5 117 
6 6 
6 103 
7 2 
7 3 
7 4 
7 5 
7 6 
7 11 
7 13 
7 14 
7 15 
7 17 
7 18 
7 19 
7 21 
7 22 
7 23 
7 25 
7 26 
7 27 
7 28 
7 29 
7 30 
7 31 
7 32 
7 33 
7 34 
7 35 
7 36 
7 37 
7 39 
7 40 
7 42 
7 44 
7 45 
7 49 
7 51 
7 53 
7 55 
7 58 
7 59 
7 60 
7 62 
7 68 
7 70 
7 71 
7 73 
7 76 
7 77 
7 78 
7 79 
7 80 
7 82 
7 83 
7 84 
7 86 
7 89 
7 90 
7 91 
7 94 
7 96 
7 99 
7 102 
7 103 
7 105 
7 108 
7 109 
7 110 
7 112 
7 117 
7 120 
7 121 
7 125 
7 128 
7 134 
7 146 
7 150 
7 155 
7 156 
7 157 
7 158 
7 170 
7 182 
7 212 
8 2 
8 6 
8 9 
8 26 
8 34 
8 36 
8 44 
8 45 
8 99 
8 103 
8 105 
8 110 
8 140 
9 2 
9 3 
9 4 
9 5 
9 6 
9 8 
9 9 
9 10 
9 11 
9 13 
9 14 
9 15 
9 17 
9 18 
9 19 
9 21 
9 22 
9 23 
9 25 
9 26 
9 27 
9 28 
9 29 
9 30 
9 31 
9 32 
9 33 
9 34 
9 35 
9 36 
9 37 
9 39 
9 40 
9 42 
9 44 
9 45 
9 49 
9 51 
9 53 
9 55 
9 58 
9 59 
9 60 
9 62 
9 68 
9 70 
9 71 
9 73 
9 76 
9 77 
9 78 
9 79 
9 80 
9 82 
9 83 
9 84 
9 86 
9 89 
9 90 
9 91 
9 94 
9 96 
9 99 
9 102 
9 103 
9 105 
9 108 
9 109 
9 110 
9 112 
9 117 
9 120 
9 121 
9 125 
9 128 
9 134 
9 140 
9 146 
9 150 
9 156 
9 157 
9 158 
9 170 
9 182 
9 212 
10 6 
10 8 
10 23 
10 26 
10 34 
10 45 
10 94 
10 110 
10 125 
10 155 
11 3 
11 4 
11 13 
11 14 
11 15 
11 27 
11 35 
11 36 
11 44 
11 80 
11 102 
12 6 
12 25 
12 32 
13 2 
13 98 
14 3 
14 4 
14 6 
14 11 
14 15 
14 22 
14 25 
14 27 
14 32 
14 35 
14 36 
14 37 
14 44 
14 45 
14 57 
14 59 
14 62 
14 63 
14 74 
14 78 
14 82 
14 88 
14 148 
14 156 
14 158 
15 3 
15 4 
15 7 
15 9 
15 11 
15 13 
15 14 
15 16 
15 22 
15 27 
15 30 
15 34 
15 35 
15 36 
15 37 
15 39 
15 44 
15 45 
15 49 
15 52 
15 60 
15 62 
15 63 
15 66 
15 68 
15 69 
15 70 
15 73 
15 74 
15 80 
15 82 
15 83 
15 84 
15 87 
15 88 
15 94 
15 96 
15 98 
15 102 
15 105 
15 109 
15 121 
15 146 
15 150 
15 212 
16 6 
16 45 
16 58 
16 79 
16 97 
17 2 
17 3 
17 4 
17 6 
17 7 
17 9 
17 10 
17 11 
17 13 
17 14 
17 15 
17 16 
17 18 
17 19 
17 21 
17 22 
17 23 
17 26 
17 27 
17 29 
17 30 
17 32 
17 33 
17 34 
17 35 
17 36 
17 37 
17 39 
17 40 
17 42 
17 44 
17 45 
17 49 
17 51 
17 52 
17 55 
17 59 
17 62 
17 68 
17 70 
17 71 
17 75 
17 76 
17 78 
17 80 
17 82 
17 83 
17 91 
17 96 
17 98 
17 99 
17 105 
17 109 
17 110 
17 112 
17 116 
17 117 
17 125 
17 134 
17 146 
17 150 
17 155 
17 158 
17 190 
17 212 
18 2 
18 4 
18 6 
18 7 
18 8 
18 9 
18 10 
18 14 
18 22 
18 23 
18 26 
18 27 
18 28 
18 29 
18 34 
18 39 
18 42 
18 45 
18 80 
18 105 
19 60 
19 77 
19 125 
21 14 
21 44 
22 3 
22 4 
22 11 
22 13 
22 14 
22 15 
22 27 
22 30 
22 32 
22 35 
22 36 
22 37 
22 44 
22 52 
22 60 
22 70 
22 82 
22 84 
22 88 
22 148 
23 2 
23 4 
23 6 
23 7 
23 8 
23 9 
23 14 
23 15 
23 25 
23 27 
23 29 
23 34 
23 37 
23 39 
23 45 
23 49 
23 60 
23 67 
23 78 
23 80 
23 83 
23 91 
23 102 
23 105 
23 134 
23 158 
23 182 
25 6 
25 36 
25 91 
25 146 
25 158 
26 2 
26 7 
26 8 
26 9 
26 10 
26 18 
26 27 
26 34 
26 39 
26 105 
26 212 
27 2 
27 3 
27 4 
27 5 
27 6 
27 11 
27 13 
27 14 
27 15 
27 18 
27 21 
27 22 
27 30 
27 34 
27 35 
27 36 
27 37 
27 44 
27 45 
27 51 
27 52 
27 58 
27 60 
27 62 
27 63 
27 68 
27 69 
27 73 
27 74 
27 80 
27 82 
27 84 
27 86 
27 87 
27 88 
27 98 
27 100 
27 102 
27 109 
27 121 
27 148 
28 3 
28 6 
28 15 
28 17 
28 27 
28 44 
28 45 
28 110 
28 150 
28 212 
29 6 
29 15 
29 25 
29 39 
30 17 
30 32 
30 44 
30 63 
30 69 
30 70 
30 73 
30 83 
30 84 
30 87 
30 98 
30 117 
31 3 
31 45 
32 83 
32 117 
33 110 
33 134 
34 2 
34 6 
34 17 
34 18 
34 26 
34 29 
34 35 
34 40 
34 44 
34 45 
34 99 
34 109 
34 110 
34 139 
34 158 
34 180 
34 212 
35 4 
35 6 
35 13 
35 14 
35 15 
35 22 
35 27 
35 30 
35 39 
35 44 
35 45 
35 52 
35 58 
35 63 
35 78 
35 80 
35 82 
35 96 
35 102 
35 121 
36 4 
36 11 
36 13 
36 27 
36 44 
36 80 
36 98 
37 15 
37 80 
37 84 
37 158 
39 2 
39 3 
39 4 
39 5 
39 6 
39 7 
39 9 
39 10 
39 11 
39 13 
39 14 
39 15 
39 17 
39 18 
39 19 
39 22 
39 23 
39 25 
39 26 
39 27 
39 28 
39 29 
39 30 
39 32 
39 34 
39 35 
39 36 
39 37 
39 39 
39 40 
39 42 
39 44 
39 45 
39 51 
39 60 
39 63 
39 70 
39 77 
39 78 
39 80 
39 83 
39 86 
39 90 
39 96 
39 102 
39 105 
39 109 
39 112 
39 117 
39 134 
39 155 
39 156 
39 158 
39 178 
39 212 
40 3 
40 15 
40 27 
40 44 
40 60 
42 117 
43 19 
43 40 
43 109 
43 110 
43 125 
43 134 
43 212 
44 4 
44 6 
44 14 
44 15 
44 21 
44 22 
44 23 
44 27 
44 30 
44 32 
44 35 
44 37 
44 62 
44 63 
44 71 
44 80 
44 82 
44 87 
44 88 
44 92 
44 102 
44 103 
44 109 
44 148 
44 158 
45 6 
45 7 
45 8 
45 15 
45 16 
45 18 
45 25 
45 26 
45 34 
45 39 
45 44 
45 55 
45 58 
45 62 
45 68 
45 70 
45 76 
45 79 
45 80 
45 96 
45 97 
45 102 
45 103 
45 105 
45 108 
45 109 
45 112 
45 120 
45 125 
45 127 
45 128 
45 130 
45 134 
45 136 
45 146 
45 158 
45 165 
45 178 
45 182 
47 2 
47 3 
47 4 
47 6 
47 7 
47 10 
47 11 
47 14 
47 15 
47 17 
47 21 
47 23 
47 26 
47 27 
47 29 
47 30 
47 31 
47 34 
47 36 
47 37 
47 42 
47 44 
47 45 
47 63 
47 80 
47 105 
47 109 
47 158 
49 6 
49 95 
52 100 
54 4 
54 14 
54 27 
54 34 
55 32 
58 4 
58 6 
58 14 
58 16 
58 27 
58 32 
58 45 
58 82 
58 97 
58 128 
59 14 
59 22 
59 45 
59 170 
59 187 
62 11 
62 27 
62 63 
63 3 
63 27 
63 30 
63 73 
63 87 
64 14 
65 14 
65 27 
65 44 
66 6 
66 45 
66 55 
67 17 
67 22 
67 27 
67 28 
67 33 
67 34 
67 40 
67 71 
67 78 
67 109 
68 62 
69 15 
69 84 
70 6 
70 21 
70 45 
70 80 
70 109 
71 28 
71 44 
71 92 
71 109 
71 159 
73 15 
73 98 
73 121 
74 14 
76 6 
76 15 
78 44 
78 59 
79 45 
80 11 
80 63 
81 45 
82 35 
82 44 
82 53 
87 63 
88 22 
88 51 
88 77 
88 90 
92 4 
92 11 
92 15 
92 113 
93 14 
93 17 
93 21 
93 28 
93 33 
96 6 
96 15 
96 17 
96 32 
97 16 
97 58 
98 4 
98 13 
98 36 
98 73 
98 121 
99 2 
99 45 
99 105 
101 6 
101 45 
101 97 
103 6 
103 23 
103 44 
103 178 
104 6 
104 14 
105 2 
105 99 
105 156 
105 165 
105 166 
108 6 
108 14 
108 22 
108 27 
108 32 
108 45 
108 55 
108 60 
108 80 
108 83 
108 96 
108 102 
109 6 
109 32 
109 34 
109 37 
109 45 
109 59 
109 75 
109 82 
109 113 
109 115 
109 119 
109 138 
109 158 
109 168 
110 2 
110 3 
110 6 
110 11 
110 14 
110 15 
110 22 
110 23 
110 44 
110 45 
110 80 
110 105 
110 109 
110 178 
110 212 
112 120 
112 178 
113 15 
113 45 
113 109 
119 4 
119 15 
119 27 
120 128 
120 130 
121 30 
121 73 
121 98 
122 78 
124 2 
124 4 
124 6 
124 14 
124 15 
124 17 
124 22 
124 26 
124 27 
124 32 
124 33 
124 35 
124 37 
124 40 
124 42 
124 44 
124 45 
124 60 
124 76 
124 78 
124 83 
124 86 
124 105 
124 109 
124 117 
124 128 
124 157 
124 158 
124 180 
124 182 
125 158 
126 44 
135 17 
135 28 
135 36 
143 17 
146 80 
146 134 
147 39 
153 7 
153 9 
153 17 
153 18 
153 23 
153 26 
153 28 
153 31 
153 102 
153 110 
154 80 
155 17 
157 170 
173 36 
178 112 
178 128 
180 14 
180 15 
180 17 
180 78 
187 27 
187 44 
204 59 
