2 6 
2 7 
2 8 
2 11 
2 15 
2 23 
2 31 
2 105 
2 109 
3 22 
3 37 
3 63 
3 87 
4 14 
4 15 
4 22 
4 27 
4 35 
4 36 
4 37 
4 70 
4 74 
4 80 
4 84 
5 4 
5 23 
6 2 
6 4 
6 6 
6 7 
6 9 
6 10 
6 14 
6 23 
6 27 
6 37 
6 45 
6 80 
6 84 
6 103 
7 6 
7 22 
7 23 
7 31 
7 39 
7 45 
9 22 
9 23 
9 31 
9 39 
9 45 
10 6 
10 23 
10 31 
10 39 
11 15 
11 80 
13 14 
13 23 
13 32 
13 98 
14 4 
14 6 
14 11 
14 15 
14 18 
14 21 
14 22 
14 23 
14 27 
14 35 
14 37 
14 44 
14 74 
14 80 
14 91 
14 156 
15 3 
15 4 
15 6 
15 11 
15 14 
15 22 
15 27 
15 30 
15 35 
15 37 
15 40 
15 63 
15 68 
15 74 
15 79 
15 80 
15 87 
15 88 
15 98 
15 109 
17 70 
18 7 
18 9 
18 23 
18 31 
21 44 
22 4 
22 14 
22 15 
22 23 
22 27 
22 28 
22 35 
22 36 
22 66 
22 181 
23 6 
23 31 
23 45 
23 78 
24 42 
26 23 
26 158 
27 4 
27 11 
27 13 
27 14 
27 15 
27 22 
27 30 
27 35 
27 36 
27 44 
27 87 
27 127 
28 31 
28 146 
30 4 
30 15 
30 22 
30 63 
30 69 
30 80 
31 7 
31 10 
31 23 
31 26 
31 39 
31 80 
32 14 
32 15 
32 42 
33 28 
34 18 
34 187 
35 7 
35 10 
35 14 
35 15 
35 22 
35 23 
35 27 
35 36 
35 37 
35 44 
35 66 
35 80 
35 96 
36 15 
36 27 
36 80 
36 87 
37 3 
37 15 
37 80 
44 4 
44 15 
44 21 
44 22 
44 37 
44 45 
44 80 
44 88 
44 105 
45 2 
45 3 
45 6 
45 11 
45 15 
45 22 
45 23 
45 31 
45 34 
45 35 
45 36 
45 39 
45 58 
45 66 
45 68 
45 79 
45 96 
45 109 
45 127 
45 159 
47 23 
47 31 
49 23 
63 30 
63 87 
68 22 
68 48 
69 3 
69 15 
69 87 
70 15 
71 92 
72 15 
72 42 
74 14 
76 4 
78 213 
80 7 
80 9 
80 10 
80 11 
80 15 
80 23 
80 35 
80 39 
80 76 
81 58 
82 14 
82 35 
82 74 
84 69 
87 22 
87 30 
87 63 
88 22 
88 60 
88 69 
92 113 
93 28 
93 109 
96 5 
105 2 
105 23 
105 31 
105 45 
105 182 
109 45 
109 115 
109 138 
109 168 
122 213 
125 158 
187 213 
