1 19 
2 4 
2 7 
2 10 
2 34 
2 39 
2 105 
2 156 
3 4 
3 11 
3 14 
3 15 
3 22 
3 27 
3 30 
3 32 
3 37 
3 45 
3 52 
3 60 
3 63 
3 68 
3 69 
3 73 
3 74 
3 84 
3 87 
3 88 
3 146 
4 3 
4 5 
4 11 
4 13 
4 14 
4 15 
4 19 
4 22 
4 27 
4 30 
4 32 
4 35 
4 37 
4 39 
4 44 
4 62 
4 63 
4 68 
4 69 
4 70 
4 73 
4 74 
4 80 
4 82 
4 84 
4 88 
4 117 
4 125 
5 6 
5 45 
6 2 
6 4 
6 5 
6 6 
6 7 
6 8 
6 9 
6 10 
6 11 
6 13 
6 14 
6 15 
6 16 
6 18 
6 19 
6 22 
6 23 
6 25 
6 27 
6 29 
6 30 
6 31 
6 34 
6 35 
6 36 
6 37 
6 40 
6 44 
6 45 
6 51 
6 55 
6 58 
6 60 
6 63 
6 66 
6 68 
6 69 
6 70 
6 73 
6 76 
6 77 
6 78 
6 79 
6 80 
6 82 
6 86 
6 90 
6 94 
6 95 
6 96 
6 97 
6 98 
6 108 
6 109 
6 112 
6 128 
6 134 
6 146 
6 150 
6 178 
7 2 
7 3 
7 4 
7 6 
7 11 
7 15 
7 18 
7 25 
7 26 
7 27 
7 30 
7 31 
7 32 
7 34 
7 37 
7 39 
7 40 
7 44 
7 45 
7 48 
7 60 
7 63 
7 68 
7 70 
7 80 
7 86 
7 102 
7 105 
7 109 
7 158 
8 140 
9 2 
9 3 
9 4 
9 6 
9 10 
9 11 
9 15 
9 18 
9 25 
9 26 
9 27 
9 30 
9 31 
9 32 
9 34 
9 37 
9 39 
9 40 
9 44 
9 45 
9 48 
9 60 
9 63 
9 68 
9 70 
9 80 
9 86 
9 102 
9 105 
9 109 
9 158 
10 8 
10 11 
10 45 
11 4 
11 7 
11 10 
11 13 
11 14 
11 15 
11 27 
11 36 
11 68 
11 80 
11 82 
11 102 
12 15 
12 25 
12 27 
12 37 
12 78 
12 84 
12 91 
13 4 
13 36 
13 73 
13 98 
13 121 
14 3 
14 4 
14 15 
14 21 
14 22 
14 25 
14 27 
14 30 
14 32 
14 35 
14 37 
14 44 
14 63 
14 68 
14 73 
14 74 
14 78 
14 80 
14 82 
14 90 
14 91 
14 96 
14 117 
14 121 
14 125 
14 156 
15 3 
15 4 
15 6 
15 7 
15 10 
15 11 
15 13 
15 14 
15 21 
15 22 
15 30 
15 32 
15 35 
15 36 
15 37 
15 39 
15 42 
15 44 
15 52 
15 60 
15 62 
15 63 
15 68 
15 69 
15 70 
15 73 
15 74 
15 80 
15 82 
15 83 
15 84 
15 87 
15 88 
15 98 
15 102 
15 121 
15 134 
15 146 
15 182 
16 79 
16 97 
17 6 
17 15 
17 19 
17 23 
17 27 
17 31 
17 37 
17 44 
17 52 
17 70 
17 82 
17 91 
17 105 
17 109 
17 150 
17 158 
21 27 
21 35 
21 44 
21 45 
21 63 
22 3 
22 4 
22 11 
22 14 
22 15 
22 32 
22 35 
22 36 
22 37 
22 44 
22 60 
22 80 
22 82 
22 84 
22 87 
22 88 
22 102 
24 3 
24 4 
24 15 
24 27 
24 37 
24 45 
24 60 
24 73 
24 121 
27 3 
27 4 
27 6 
27 11 
27 13 
27 14 
27 15 
27 19 
27 21 
27 22 
27 30 
27 32 
27 34 
27 35 
27 36 
27 37 
27 44 
27 45 
27 51 
27 60 
27 63 
27 68 
27 69 
27 70 
27 74 
27 80 
27 82 
27 84 
27 87 
27 88 
27 90 
27 96 
27 102 
27 109 
27 117 
27 125 
27 127 
27 148 
28 6 
30 3 
30 4 
30 15 
30 44 
30 63 
30 69 
30 73 
30 83 
30 84 
30 121 
32 3 
32 4 
32 5 
32 7 
32 9 
32 15 
32 22 
32 27 
32 30 
32 37 
32 48 
32 60 
32 63 
32 73 
32 80 
32 83 
32 86 
32 117 
32 121 
35 4 
35 11 
35 14 
35 15 
35 22 
35 27 
35 82 
36 4 
36 11 
36 13 
36 15 
36 30 
36 73 
36 80 
36 121 
37 3 
37 4 
37 15 
37 84 
39 158 
40 4 
40 27 
42 3 
42 4 
42 7 
42 9 
42 14 
42 15 
42 22 
42 25 
42 27 
42 30 
42 32 
42 37 
42 40 
42 51 
42 52 
42 60 
42 63 
42 69 
42 70 
42 73 
42 78 
42 80 
42 83 
42 84 
42 86 
42 87 
42 88 
42 91 
42 109 
42 117 
42 121 
43 6 
43 19 
43 125 
43 212 
44 3 
44 4 
44 11 
44 13 
44 14 
44 15 
44 21 
44 22 
44 27 
44 30 
44 34 
44 36 
44 39 
44 60 
44 62 
44 68 
44 71 
44 109 
44 119 
44 148 
45 4 
45 5 
45 6 
45 7 
45 8 
45 9 
45 10 
45 13 
45 15 
45 18 
45 21 
45 23 
45 25 
45 26 
45 29 
45 31 
45 34 
45 35 
45 37 
45 39 
45 40 
45 44 
45 49 
45 52 
45 70 
45 76 
45 78 
45 90 
45 97 
45 100 
45 103 
45 109 
45 112 
45 127 
45 146 
45 178 
49 4 
49 5 
49 6 
49 15 
49 22 
49 25 
49 27 
49 37 
49 45 
49 55 
49 60 
49 70 
49 80 
49 86 
49 95 
49 96 
49 109 
52 11 
52 30 
52 68 
52 80 
52 84 
52 98 
54 14 
60 51 
60 88 
62 15 
63 3 
63 14 
63 15 
63 22 
63 27 
63 30 
63 35 
63 37 
63 42 
63 60 
63 69 
63 78 
63 83 
63 84 
63 87 
63 88 
63 117 
63 121 
65 127 
66 35 
67 4 
67 7 
67 9 
67 27 
67 70 
68 13 
68 15 
68 52 
68 62 
68 84 
69 3 
69 4 
69 15 
69 22 
69 30 
69 35 
69 52 
69 60 
69 84 
69 87 
71 44 
73 3 
73 13 
73 27 
73 30 
73 32 
73 98 
73 117 
73 121 
74 3 
76 26 
76 45 
78 14 
79 16 
80 4 
80 36 
82 14 
82 27 
82 53 
82 121 
83 15 
83 22 
83 27 
83 30 
83 37 
83 52 
83 63 
84 14 
84 15 
84 22 
84 37 
84 60 
86 77 
86 90 
87 3 
87 14 
87 15 
87 22 
87 27 
87 30 
87 63 
87 69 
88 22 
88 27 
90 77 
91 14 
92 14 
93 27 
95 108 
96 6 
98 4 
98 13 
98 30 
98 73 
98 121 
105 2 
105 14 
105 23 
105 26 
105 45 
108 35 
108 45 
108 127 
109 71 
109 75 
109 113 
109 115 
109 138 
109 168 
114 6 
114 15 
114 49 
117 3 
117 15 
117 30 
117 35 
117 37 
117 60 
117 83 
121 73 
121 98 
155 17 
