2 1 
2 2 
2 7 
2 8 
2 10 
2 18 
2 26 
2 29 
2 31 
2 32 
2 33 
2 34 
2 35 
2 39 
2 45 
2 76 
2 78 
2 105 
2 109 
2 139 
2 150 
2 156 
2 166 
3 7 
3 9 
3 10 
3 13 
3 14 
3 15 
3 22 
3 30 
3 31 
3 37 
3 44 
3 52 
3 60 
3 63 
3 68 
3 69 
3 74 
3 82 
3 84 
3 87 
3 88 
3 109 
4 3 
4 7 
4 9 
4 10 
4 11 
4 14 
4 15 
4 21 
4 22 
4 26 
4 27 
4 30 
4 34 
4 35 
4 36 
4 37 
4 44 
4 48 
4 51 
4 52 
4 57 
4 60 
4 62 
4 63 
4 68 
4 69 
4 74 
4 82 
4 84 
4 86 
4 87 
4 88 
4 98 
4 119 
4 120 
4 125 
4 156 
4 182 
4 187 
4 193 
5 29 
5 45 
5 94 
5 95 
5 108 
5 146 
5 158 
5 178 
5 193 
5 213 
6 5 
6 26 
6 82 
6 127 
7 27 
7 31 
7 34 
7 48 
7 67 
7 127 
8 34 
8 140 
9 8 
9 27 
9 31 
9 48 
9 67 
9 127 
10 8 
11 4 
11 6 
11 7 
11 8 
11 9 
11 13 
11 14 
11 15 
11 17 
11 25 
11 26 
11 27 
11 28 
11 29 
11 32 
11 34 
11 35 
11 36 
11 42 
11 44 
11 45 
11 59 
11 62 
11 63 
11 68 
11 69 
11 80 
11 87 
11 100 
11 117 
11 119 
11 125 
11 134 
11 146 
11 148 
11 158 
12 25 
12 92 
12 104 
12 146 
12 187 
12 213 
13 4 
13 14 
13 22 
13 32 
13 36 
13 98 
13 100 
13 116 
14 3 
14 4 
14 5 
14 7 
14 8 
14 9 
14 10 
14 11 
14 13 
14 15 
14 16 
14 17 
14 18 
14 21 
14 22 
14 25 
14 26 
14 27 
14 28 
14 29 
14 30 
14 31 
14 32 
14 33 
14 34 
14 35 
14 37 
14 39 
14 42 
14 44 
14 45 
14 49 
14 52 
14 54 
14 57 
14 59 
14 62 
14 63 
14 68 
14 69 
14 73 
14 74 
14 75 
14 76 
14 78 
14 82 
14 83 
14 84 
14 87 
14 88 
14 90 
14 91 
14 96 
14 98 
14 103 
14 104 
14 108 
14 109 
14 115 
14 116 
14 117 
14 119 
14 125 
14 127 
14 133 
14 134 
14 139 
14 146 
14 148 
14 150 
14 156 
14 157 
14 158 
14 170 
14 173 
14 178 
14 180 
14 182 
14 187 
14 213 
15 3 
15 4 
15 7 
15 8 
15 9 
15 10 
15 11 
15 13 
15 14 
15 19 
15 21 
15 22 
15 25 
15 26 
15 27 
15 30 
15 31 
15 32 
15 34 
15 35 
15 36 
15 37 
15 39 
15 42 
15 44 
15 48 
15 51 
15 52 
15 53 
15 57 
15 59 
15 60 
15 62 
15 63 
15 68 
15 69 
15 72 
15 73 
15 74 
15 77 
15 78 
15 80 
15 82 
15 83 
15 84 
15 86 
15 87 
15 88 
15 90 
15 98 
15 100 
15 104 
15 109 
15 116 
15 117 
15 121 
15 125 
15 130 
15 133 
15 134 
15 146 
15 148 
15 150 
15 156 
15 213 
17 34 
17 109 
17 110 
17 134 
17 190 
18 2 
18 26 
18 34 
18 39 
18 57 
18 165 
19 1 
19 28 
21 13 
21 14 
21 15 
21 26 
21 29 
21 36 
21 44 
21 62 
21 120 
22 3 
22 4 
22 6 
22 7 
22 9 
22 10 
22 13 
22 14 
22 15 
22 25 
22 26 
22 27 
22 29 
22 30 
22 33 
22 34 
22 35 
22 37 
22 44 
22 45 
22 48 
22 52 
22 60 
22 63 
22 68 
22 69 
22 74 
22 78 
22 80 
22 82 
22 84 
22 87 
22 88 
22 100 
22 116 
22 146 
22 148 
22 187 
23 7 
23 8 
23 9 
23 10 
23 31 
23 34 
24 72 
25 193 
25 213 
26 7 
26 8 
26 28 
26 29 
26 34 
26 150 
26 158 
26 180 
27 2 
27 3 
27 4 
27 6 
27 7 
27 8 
27 11 
27 13 
27 14 
27 15 
27 21 
27 22 
27 25 
27 26 
27 28 
27 29 
27 30 
27 33 
27 34 
27 35 
27 36 
27 39 
27 44 
27 52 
27 53 
27 62 
27 63 
27 67 
27 68 
27 69 
27 74 
27 84 
27 88 
27 98 
27 100 
27 105 
27 125 
27 127 
27 130 
27 134 
27 146 
27 148 
27 158 
27 170 
27 187 
27 193 
28 1 
29 31 
30 4 
30 11 
30 14 
30 15 
30 21 
30 22 
30 27 
30 32 
30 44 
30 52 
30 63 
30 69 
30 73 
30 83 
30 84 
30 87 
30 88 
30 98 
30 117 
30 121 
30 213 
31 7 
31 9 
32 42 
32 72 
32 83 
32 100 
32 116 
32 117 
32 133 
33 1 
33 25 
33 28 
33 89 
33 125 
33 134 
33 146 
33 158 
33 213 
34 7 
34 8 
34 14 
34 26 
34 28 
34 29 
34 57 
34 110 
34 139 
34 158 
34 213 
35 4 
35 7 
35 9 
35 10 
35 14 
35 15 
35 16 
35 22 
35 27 
35 30 
35 31 
35 37 
35 51 
35 52 
35 53 
35 60 
35 63 
35 68 
35 69 
35 82 
35 84 
35 87 
35 146 
35 158 
36 4 
36 11 
36 13 
36 15 
36 35 
37 3 
37 4 
37 7 
37 8 
37 14 
37 15 
37 22 
37 27 
37 29 
37 34 
37 44 
37 68 
37 102 
37 213 
39 1 
39 7 
39 10 
39 26 
39 29 
39 67 
39 139 
39 190 
40 72 
40 89 
40 100 
40 133 
40 134 
40 146 
42 83 
43 1 
43 6 
43 19 
43 33 
43 57 
43 104 
43 105 
43 113 
43 125 
43 146 
43 158 
43 187 
43 213 
44 2 
44 4 
44 6 
44 7 
44 8 
44 9 
44 11 
44 13 
44 14 
44 15 
44 17 
44 21 
44 22 
44 23 
44 25 
44 26 
44 27 
44 29 
44 31 
44 32 
44 34 
44 35 
44 37 
44 45 
44 62 
44 68 
44 73 
44 82 
44 109 
44 112 
44 113 
44 125 
44 128 
44 134 
44 148 
44 158 
45 6 
45 7 
45 8 
45 9 
45 18 
45 26 
45 27 
45 29 
45 33 
45 34 
45 76 
45 103 
45 105 
45 112 
45 125 
45 127 
45 128 
45 130 
45 146 
45 158 
45 178 
45 182 
47 26 
47 34 
47 139 
49 7 
49 10 
49 76 
49 95 
49 109 
49 150 
51 48 
51 60 
51 77 
51 86 
51 90 
52 14 
52 22 
52 35 
52 48 
52 68 
52 69 
52 84 
54 57 
55 108 
55 127 
58 16 
58 79 
60 51 
60 77 
60 86 
60 88 
60 90 
62 4 
62 25 
62 34 
62 40 
62 68 
62 146 
63 11 
63 14 
63 15 
63 22 
63 30 
63 35 
63 36 
63 60 
63 69 
63 74 
63 84 
63 87 
64 130 
65 127 
66 55 
68 4 
68 14 
68 22 
68 27 
68 48 
68 52 
68 62 
68 84 
68 90 
69 22 
69 30 
69 52 
69 63 
69 84 
69 87 
69 88 
69 90 
71 92 
71 113 
71 159 
73 14 
73 15 
73 30 
73 32 
73 35 
73 42 
73 44 
73 63 
73 87 
73 98 
73 121 
74 4 
74 14 
74 15 
74 22 
74 27 
76 16 
76 45 
76 136 
78 54 
78 173 
80 4 
80 15 
82 14 
82 35 
82 37 
82 44 
82 53 
82 74 
82 187 
84 14 
84 15 
84 22 
84 35 
84 44 
84 52 
84 68 
84 69 
86 51 
86 77 
86 90 
87 3 
87 15 
87 22 
87 30 
87 32 
87 51 
87 52 
87 60 
87 63 
87 68 
87 69 
87 83 
87 84 
87 86 
87 88 
87 90 
87 116 
87 117 
87 121 
88 3 
88 15 
88 22 
88 48 
88 51 
88 52 
88 60 
88 77 
92 113 
93 14 
93 33 
93 77 
96 95 
98 32 
98 73 
98 121 
99 166 
105 2 
105 7 
105 8 
105 9 
105 10 
105 16 
105 18 
105 26 
105 28 
105 29 
105 31 
105 34 
105 39 
105 45 
105 76 
105 96 
105 99 
105 103 
105 108 
105 110 
105 125 
105 127 
105 134 
105 156 
105 165 
105 166 
105 182 
107 5 
107 95 
108 127 
108 178 
108 187 
108 193 
109 75 
109 92 
109 113 
109 115 
109 119 
109 138 
109 150 
109 168 
114 29 
114 31 
114 76 
114 94 
114 109 
115 168 
117 116 
121 30 
121 32 
121 35 
121 62 
121 73 
121 98 
125 158 
128 112 
129 127 
129 193 
134 146 
138 168 
145 193 
167 33 
167 125 
167 213 
172 28 
172 33 
172 134 
172 146 
172 158 
183 119 
204 59 
