2 165 
2 166 
3 22 
3 60 
3 69 
3 84 
3 87 
3 88 
4 3 
4 6 
4 14 
4 15 
4 21 
4 22 
4 27 
4 30 
4 44 
4 63 
4 68 
4 74 
4 82 
4 88 
4 119 
5 49 
5 77 
5 94 
5 95 
5 96 
5 108 
6 7 
6 8 
6 90 
6 97 
6 119 
6 168 
7 18 
7 21 
7 28 
7 29 
7 32 
7 39 
7 45 
7 48 
7 60 
7 67 
7 72 
7 75 
7 80 
7 94 
7 104 
7 105 
7 109 
7 113 
7 115 
7 118 
7 127 
7 138 
7 150 
7 155 
7 165 
7 166 
7 213 
8 80 
8 138 
8 166 
9 18 
9 21 
9 28 
9 29 
9 32 
9 39 
9 45 
9 48 
9 60 
9 67 
9 72 
9 75 
9 94 
9 104 
9 105 
9 109 
9 113 
9 115 
9 118 
9 127 
9 138 
9 150 
9 165 
9 166 
9 213 
10 113 
10 155 
10 165 
11 14 
11 15 
11 21 
11 22 
11 35 
12 33 
12 48 
12 51 
12 77 
12 86 
12 133 
12 158 
13 36 
13 121 
14 4 
14 11 
14 13 
14 15 
14 21 
14 22 
14 27 
14 35 
14 37 
14 44 
14 52 
14 59 
14 68 
14 74 
14 78 
14 82 
14 84 
14 86 
14 88 
14 91 
14 170 
15 3 
15 4 
15 11 
15 13 
15 14 
15 22 
15 27 
15 30 
15 35 
15 36 
15 37 
15 44 
15 48 
15 52 
15 62 
15 63 
15 68 
15 69 
15 74 
15 77 
15 80 
15 84 
15 87 
15 88 
15 102 
15 116 
15 119 
15 168 
16 94 
16 136 
17 6 
17 15 
17 18 
17 29 
17 33 
17 44 
17 49 
17 67 
17 68 
17 71 
17 80 
17 102 
17 104 
17 105 
17 109 
17 113 
17 133 
17 134 
17 138 
17 150 
17 155 
17 158 
17 190 
18 15 
18 158 
18 166 
19 100 
21 44 
21 87 
22 3 
22 4 
22 11 
22 13 
22 14 
22 15 
22 16 
22 21 
22 25 
22 27 
22 30 
22 35 
22 36 
22 37 
22 40 
22 44 
22 48 
22 51 
22 52 
22 60 
22 62 
22 63 
22 68 
22 69 
22 77 
22 78 
22 80 
22 82 
22 84 
22 87 
22 88 
22 90 
22 91 
22 94 
22 95 
22 102 
22 109 
22 127 
22 148 
23 7 
23 9 
23 14 
23 15 
23 109 
27 3 
27 4 
27 11 
27 13 
27 14 
27 15 
27 21 
27 22 
27 30 
27 35 
27 44 
27 63 
27 68 
27 69 
27 80 
27 88 
27 102 
27 109 
27 130 
28 27 
28 33 
28 48 
28 51 
28 59 
28 67 
28 72 
28 80 
28 86 
28 90 
28 109 
28 115 
28 116 
28 138 
28 155 
28 158 
28 170 
28 180 
28 193 
28 213 
29 18 
29 28 
30 15 
30 21 
30 44 
30 68 
30 98 
31 15 
31 45 
31 109 
31 146 
32 6 
32 40 
32 42 
32 70 
32 117 
33 213 
34 109 
34 166 
35 4 
35 13 
35 14 
35 15 
35 21 
35 22 
35 25 
35 27 
35 37 
35 40 
35 44 
35 70 
35 78 
35 82 
35 87 
35 89 
35 102 
36 13 
36 80 
36 102 
37 14 
37 15 
37 165 
38 42 
38 72 
39 3 
39 4 
39 6 
39 7 
39 8 
39 9 
39 19 
39 27 
39 33 
39 44 
39 51 
39 60 
39 67 
39 86 
39 88 
39 102 
39 105 
39 109 
39 115 
39 128 
39 138 
39 150 
39 158 
39 170 
39 180 
39 213 
40 4 
40 15 
40 27 
40 52 
40 77 
40 133 
43 71 
43 72 
43 113 
43 115 
43 125 
43 133 
43 158 
43 159 
44 3 
44 4 
44 13 
44 15 
44 21 
44 22 
44 27 
44 30 
44 35 
44 36 
44 62 
44 63 
44 68 
44 102 
44 119 
44 146 
44 148 
44 168 
45 6 
45 16 
45 25 
45 33 
45 40 
45 49 
45 58 
45 67 
45 70 
45 75 
45 76 
45 79 
45 80 
45 94 
45 97 
45 100 
45 102 
45 103 
45 109 
45 116 
45 119 
45 125 
45 127 
45 136 
45 155 
45 158 
45 165 
45 178 
46 72 
47 14 
47 15 
47 26 
47 51 
47 57 
47 77 
47 165 
47 166 
47 170 
49 5 
49 94 
52 36 
52 40 
52 68 
52 84 
55 58 
55 79 
58 79 
59 170 
60 51 
63 30 
63 73 
63 87 
63 100 
65 58 
66 22 
66 94 
68 15 
68 30 
68 36 
68 40 
68 44 
68 48 
68 52 
68 62 
68 84 
69 30 
69 84 
69 86 
71 92 
73 11 
73 15 
73 30 
73 36 
73 98 
74 133 
75 115 
76 94 
82 4 
82 14 
82 15 
82 35 
82 37 
82 44 
82 74 
84 22 
84 30 
84 40 
84 52 
84 68 
88 22 
93 27 
93 33 
93 77 
93 180 
99 165 
105 165 
107 5 
107 94 
108 66 
109 115 
109 138 
109 168 
110 2 
110 6 
110 25 
110 27 
110 44 
110 146 
113 71 
113 181 
114 5 
114 35 
114 49 
115 168 
119 170 
120 94 
120 103 
120 112 
120 178 
121 87 
122 170 
130 14 
130 127 
135 6 
135 22 
135 44 
138 168 
147 7 
147 9 
147 39 
152 109 
153 7 
153 9 
153 170 
173 180 
204 59 
