1 34 
1 180 
2 2 
2 3 
2 4 
2 5 
2 6 
2 7 
2 8 
2 9 
2 10 
2 11 
2 13 
2 14 
2 15 
2 17 
2 18 
2 21 
2 22 
2 23 
2 25 
2 26 
2 27 
2 29 
2 30 
2 31 
2 32 
2 34 
2 35 
2 36 
2 37 
2 39 
2 40 
2 42 
2 44 
2 45 
2 48 
2 49 
2 51 
2 52 
2 55 
2 58 
2 59 
2 60 
2 62 
2 63 
2 68 
2 70 
2 71 
2 72 
2 73 
2 76 
2 77 
2 79 
2 80 
2 82 
2 83 
2 84 
2 86 
2 87 
2 88 
2 90 
2 92 
2 96 
2 98 
2 99 
2 102 
2 103 
2 105 
2 108 
2 109 
2 110 
2 112 
2 115 
2 116 
2 117 
2 119 
2 121 
2 125 
2 128 
2 134 
2 139 
2 140 
2 146 
2 148 
2 150 
2 155 
2 156 
2 158 
2 165 
2 166 
2 178 
2 182 
2 187 
2 212 
3 2 
3 4 
3 5 
3 6 
3 7 
3 8 
3 9 
3 10 
3 11 
3 13 
3 14 
3 15 
3 17 
3 21 
3 22 
3 23 
3 25 
3 26 
3 27 
3 30 
3 31 
3 32 
3 34 
3 35 
3 36 
3 37 
3 40 
3 42 
3 44 
3 45 
3 48 
3 51 
3 52 
3 60 
3 62 
3 63 
3 68 
3 69 
3 70 
3 73 
3 74 
3 76 
3 80 
3 82 
3 84 
3 86 
3 87 
3 88 
3 96 
3 98 
3 99 
3 102 
3 105 
3 109 
3 117 
3 121 
3 128 
3 134 
3 139 
3 148 
3 150 
3 212 
4 2 
4 3 
4 6 
4 7 
4 8 
4 10 
4 11 
4 13 
4 14 
4 15 
4 16 
4 17 
4 21 
4 22 
4 23 
4 25 
4 26 
4 27 
4 30 
4 31 
4 34 
4 35 
4 36 
4 37 
4 39 
4 44 
4 45 
4 51 
4 52 
4 53 
4 54 
4 57 
4 59 
4 62 
4 63 
4 66 
4 68 
4 69 
4 70 
4 71 
4 73 
4 74 
4 80 
4 82 
4 84 
4 87 
4 92 
4 94 
4 96 
4 98 
4 102 
4 104 
4 109 
4 118 
4 119 
4 121 
4 134 
4 140 
4 148 
4 150 
4 156 
4 158 
4 170 
4 173 
4 180 
4 181 
4 182 
4 187 
4 193 
4 213 
5 2 
5 3 
5 4 
5 5 
5 6 
5 7 
5 8 
5 9 
5 10 
5 11 
5 14 
5 15 
5 22 
5 23 
5 25 
5 27 
5 30 
5 32 
5 34 
5 36 
5 37 
5 44 
5 45 
5 49 
5 53 
5 55 
5 63 
5 69 
5 74 
5 76 
5 82 
5 87 
5 96 
5 97 
5 98 
5 102 
5 109 
5 120 
5 130 
5 158 
5 165 
5 212 
6 2 
6 3 
6 4 
6 6 
6 7 
6 8 
6 9 
6 10 
6 11 
6 14 
6 15 
6 17 
6 18 
6 22 
6 23 
6 26 
6 27 
6 28 
6 31 
6 32 
6 34 
6 35 
6 36 
6 37 
6 39 
6 44 
6 45 
6 60 
6 68 
6 76 
6 80 
6 82 
6 87 
6 96 
6 97 
6 99 
6 105 
6 109 
6 112 
6 128 
6 140 
6 150 
6 158 
6 212 
7 2 
7 3 
7 4 
7 6 
7 11 
7 14 
7 15 
7 17 
7 18 
7 21 
7 22 
7 23 
7 26 
7 27 
7 29 
7 31 
7 32 
7 34 
7 35 
7 37 
7 39 
7 44 
7 45 
7 54 
7 57 
7 63 
7 67 
7 68 
7 70 
7 71 
7 74 
7 80 
7 88 
7 91 
7 96 
7 99 
7 103 
7 104 
7 105 
7 109 
7 110 
7 112 
7 113 
7 115 
7 119 
7 127 
7 130 
7 134 
7 136 
7 138 
7 150 
7 156 
7 157 
7 165 
7 166 
7 168 
7 170 
7 173 
7 180 
7 181 
8 2 
8 3 
8 4 
8 9 
8 14 
8 15 
8 17 
8 18 
8 23 
8 26 
8 27 
8 29 
8 31 
8 34 
8 37 
8 44 
8 45 
8 88 
8 109 
8 140 
8 180 
9 2 
9 3 
9 4 
9 6 
9 8 
9 9 
9 14 
9 15 
9 17 
9 21 
9 22 
9 23 
9 26 
9 27 
9 29 
9 31 
9 32 
9 34 
9 35 
9 37 
9 39 
9 44 
9 45 
9 54 
9 57 
9 63 
9 67 
9 68 
9 71 
9 74 
9 80 
9 91 
9 96 
9 99 
9 103 
9 104 
9 105 
9 110 
9 112 
9 113 
9 115 
9 119 
9 127 
9 130 
9 134 
9 136 
9 138 
9 140 
9 150 
9 156 
9 157 
9 165 
9 166 
9 168 
9 170 
9 173 
9 180 
9 181 
10 4 
10 8 
10 9 
10 11 
10 14 
10 15 
10 22 
10 34 
10 35 
10 44 
10 70 
10 140 
11 2 
11 3 
11 4 
11 6 
11 7 
11 8 
11 13 
11 14 
11 15 
11 22 
11 27 
11 30 
11 34 
11 35 
11 36 
11 37 
11 44 
11 45 
11 51 
11 52 
11 54 
11 60 
11 62 
11 63 
11 67 
11 68 
11 71 
11 73 
11 80 
11 82 
11 87 
11 98 
11 102 
11 119 
11 121 
11 134 
11 148 
11 158 
12 7 
12 14 
12 15 
12 26 
12 44 
12 140 
13 3 
13 4 
13 7 
13 9 
13 11 
13 14 
13 15 
13 22 
13 27 
13 29 
13 30 
13 32 
13 35 
13 36 
13 37 
13 44 
13 74 
13 80 
13 98 
13 121 
13 134 
13 148 
14 2 
14 3 
14 4 
14 5 
14 6 
14 7 
14 8 
14 9 
14 10 
14 11 
14 13 
14 15 
14 16 
14 17 
14 18 
14 21 
14 22 
14 23 
14 25 
14 26 
14 27 
14 28 
14 29 
14 30 
14 31 
14 32 
14 34 
14 35 
14 36 
14 37 
14 39 
14 40 
14 42 
14 44 
14 45 
14 48 
14 49 
14 51 
14 52 
14 53 
14 54 
14 55 
14 57 
14 58 
14 59 
14 60 
14 62 
14 63 
14 66 
14 67 
14 68 
14 69 
14 70 
14 71 
14 72 
14 73 
14 74 
14 76 
14 77 
14 78 
14 79 
14 80 
14 82 
14 83 
14 84 
14 86 
14 87 
14 88 
14 90 
14 91 
14 92 
14 94 
14 95 
14 96 
14 97 
14 98 
14 99 
14 100 
14 102 
14 103 
14 104 
14 105 
14 108 
14 109 
14 110 
14 112 
14 113 
14 116 
14 117 
14 118 
14 119 
14 121 
14 125 
14 127 
14 128 
14 130 
14 133 
14 134 
14 139 
14 140 
14 146 
14 148 
14 150 
14 155 
14 156 
14 157 
14 158 
14 166 
14 168 
14 170 
14 173 
14 178 
14 180 
14 181 
14 182 
14 187 
14 212 
14 213 
15 2 
15 3 
15 4 
15 5 
15 6 
15 7 
15 8 
15 9 
15 10 
15 11 
15 13 
15 14 
15 16 
15 17 
15 18 
15 21 
15 22 
15 23 
15 25 
15 26 
15 27 
15 29 
15 30 
15 31 
15 32 
15 34 
15 35 
15 36 
15 37 
15 39 
15 40 
15 42 
15 44 
15 45 
15 48 
15 49 
15 51 
15 52 
15 54 
15 55 
15 57 
15 58 
15 59 
15 60 
15 62 
15 63 
15 66 
15 68 
15 69 
15 70 
15 71 
15 72 
15 73 
15 74 
15 76 
15 77 
15 79 
15 80 
15 82 
15 83 
15 84 
15 86 
15 87 
15 88 
15 90 
15 91 
15 92 
15 94 
15 95 
15 96 
15 97 
15 98 
15 99 
15 100 
15 102 
15 103 
15 104 
15 105 
15 108 
15 109 
15 110 
15 112 
15 113 
15 115 
15 116 
15 117 
15 119 
15 121 
15 128 
15 133 
15 134 
15 140 
15 146 
15 148 
15 150 
15 155 
15 158 
15 173 
15 182 
15 187 
15 193 
15 212 
16 58 
16 79 
16 97 
16 134 
16 136 
17 3 
17 4 
17 6 
17 7 
17 8 
17 13 
17 14 
17 15 
17 21 
17 22 
17 23 
17 27 
17 30 
17 34 
17 35 
17 36 
17 37 
17 39 
17 44 
17 45 
17 57 
17 59 
17 80 
17 92 
17 105 
17 110 
17 119 
17 158 
17 180 
17 190 
17 212 
18 7 
18 8 
18 10 
18 15 
18 80 
19 155 
21 3 
21 4 
21 11 
21 14 
21 15 
21 17 
21 18 
21 22 
21 27 
21 31 
21 32 
21 34 
21 35 
21 36 
21 37 
21 39 
21 44 
21 45 
21 58 
21 62 
21 63 
21 68 
21 76 
21 80 
21 87 
21 88 
21 96 
21 109 
21 128 
21 134 
21 158 
21 212 
22 2 
22 3 
22 4 
22 5 
22 6 
22 7 
22 8 
22 9 
22 10 
22 11 
22 13 
22 14 
22 15 
22 16 
22 17 
22 18 
22 21 
22 23 
22 25 
22 26 
22 27 
22 29 
22 30 
22 31 
22 32 
22 34 
22 35 
22 36 
22 37 
22 39 
22 40 
22 42 
22 44 
22 45 
22 48 
22 49 
22 51 
22 52 
22 53 
22 54 
22 55 
22 57 
22 58 
22 59 
22 60 
22 62 
22 63 
22 66 
22 67 
22 68 
22 69 
22 70 
22 71 
22 72 
22 73 
22 74 
22 75 
22 76 
22 77 
22 78 
22 79 
22 80 
22 82 
22 83 
22 84 
22 86 
22 87 
22 88 
22 90 
22 91 
22 92 
22 94 
22 95 
22 96 
22 97 
22 98 
22 99 
22 100 
22 102 
22 103 
22 104 
22 105 
22 108 
22 109 
22 110 
22 112 
22 113 
22 115 
22 116 
22 117 
22 118 
22 119 
22 120 
22 121 
22 125 
22 127 
22 128 
22 130 
22 133 
22 134 
22 136 
22 138 
22 140 
22 146 
22 148 
22 150 
22 155 
22 156 
22 157 
22 158 
22 173 
22 178 
22 180 
22 181 
22 182 
22 187 
22 212 
23 2 
23 3 
23 6 
23 7 
23 8 
23 9 
23 10 
23 14 
23 15 
23 17 
23 18 
23 21 
23 22 
23 26 
23 27 
23 29 
23 31 
23 34 
23 35 
23 36 
23 37 
23 39 
23 44 
23 45 
23 49 
23 58 
23 63 
23 67 
23 70 
23 80 
23 96 
23 99 
23 102 
23 103 
23 125 
23 128 
23 134 
23 138 
23 140 
23 146 
23 155 
23 158 
23 178 
23 212 
24 14 
25 2 
25 3 
25 4 
25 5 
25 6 
25 7 
25 8 
25 9 
25 10 
25 11 
25 13 
25 14 
25 15 
25 22 
25 23 
25 25 
25 27 
25 31 
25 32 
25 34 
25 36 
25 37 
25 40 
25 44 
25 45 
25 58 
25 62 
25 63 
25 76 
25 78 
25 80 
25 82 
25 86 
25 89 
25 102 
25 109 
25 117 
25 119 
25 125 
25 130 
25 134 
25 146 
25 148 
25 158 
25 170 
25 187 
25 193 
25 212 
26 2 
26 3 
26 7 
26 8 
26 14 
26 17 
26 34 
26 36 
26 105 
26 140 
27 2 
27 3 
27 4 
27 6 
27 7 
27 8 
27 11 
27 13 
27 14 
27 15 
27 16 
27 17 
27 18 
27 21 
27 22 
27 23 
27 26 
27 29 
27 30 
27 31 
27 34 
27 35 
27 36 
27 37 
27 39 
27 42 
27 44 
27 45 
27 48 
27 52 
27 53 
27 54 
27 57 
27 58 
27 62 
27 63 
27 66 
27 67 
27 68 
27 69 
27 70 
27 71 
27 73 
27 74 
27 80 
27 82 
27 84 
27 87 
27 92 
27 94 
27 96 
27 98 
27 100 
27 102 
27 103 
27 104 
27 105 
27 113 
27 119 
27 121 
27 127 
27 128 
27 130 
27 134 
27 136 
27 140 
27 146 
27 148 
27 150 
27 158 
27 178 
27 187 
27 193 
27 212 
28 59 
29 7 
29 8 
29 34 
29 45 
29 158 
29 212 
30 4 
30 7 
30 8 
30 9 
30 11 
30 14 
30 15 
30 17 
30 21 
30 22 
30 25 
30 31 
30 32 
30 35 
30 37 
30 44 
30 45 
30 52 
30 62 
30 63 
30 73 
30 80 
30 84 
30 87 
30 90 
30 96 
30 98 
30 102 
30 121 
30 158 
31 2 
31 3 
31 6 
31 7 
31 8 
31 9 
31 10 
31 14 
31 15 
31 16 
31 17 
31 22 
31 29 
31 34 
31 35 
31 39 
31 54 
31 76 
31 96 
31 105 
31 109 
31 119 
31 125 
31 134 
31 139 
31 155 
31 158 
32 3 
32 6 
32 7 
32 8 
32 9 
32 13 
32 14 
32 15 
32 17 
32 26 
32 34 
32 37 
32 42 
32 44 
32 68 
32 70 
32 72 
32 96 
32 97 
32 105 
32 117 
32 121 
32 158 
32 212 
33 6 
33 21 
33 34 
33 36 
33 44 
33 45 
33 155 
34 2 
34 4 
34 7 
34 8 
34 10 
34 13 
34 14 
34 15 
34 17 
34 18 
34 22 
34 26 
34 27 
34 29 
34 31 
34 37 
34 39 
34 44 
34 45 
34 71 
34 99 
34 105 
34 134 
34 139 
34 140 
34 155 
34 158 
34 190 
34 212 
35 2 
35 3 
35 4 
35 5 
35 6 
35 7 
35 8 
35 9 
35 10 
35 11 
35 13 
35 14 
35 15 
35 16 
35 17 
35 18 
35 21 
35 22 
35 23 
35 25 
35 26 
35 27 
35 29 
35 30 
35 31 
35 32 
35 34 
35 36 
35 37 
35 39 
35 40 
35 42 
35 44 
35 45 
35 48 
35 49 
35 51 
35 52 
35 53 
35 54 
35 55 
35 57 
35 58 
35 59 
35 60 
35 62 
35 63 
35 66 
35 67 
35 68 
35 69 
35 70 
35 71 
35 73 
35 74 
35 76 
35 77 
35 78 
35 79 
35 80 
35 82 
35 83 
35 84 
35 86 
35 87 
35 88 
35 90 
35 91 
35 92 
35 94 
35 95 
35 96 
35 97 
35 98 
35 102 
35 103 
35 105 
35 108 
35 109 
35 110 
35 112 
35 113 
35 116 
35 117 
35 118 
35 119 
35 121 
35 125 
35 127 
35 128 
35 133 
35 134 
35 139 
35 140 
35 146 
35 148 
35 150 
35 155 
35 156 
35 157 
35 158 
35 170 
35 173 
35 178 
35 180 
35 181 
35 182 
35 187 
35 193 
35 212 
36 2 
36 4 
36 6 
36 7 
36 8 
36 9 
36 11 
36 13 
36 14 
36 15 
36 17 
36 21 
36 22 
36 23 
36 27 
36 30 
36 34 
36 35 
36 37 
36 44 
36 45 
36 62 
36 68 
36 69 
36 80 
36 82 
36 96 
36 98 
36 109 
36 113 
36 121 
36 146 
36 158 
36 170 
36 212 
37 2 
37 3 
37 4 
37 5 
37 6 
37 7 
37 8 
37 9 
37 10 
37 11 
37 13 
37 14 
37 15 
37 21 
37 22 
37 23 
37 25 
37 26 
37 27 
37 29 
37 30 
37 31 
37 32 
37 34 
37 35 
37 36 
37 39 
37 42 
37 44 
37 45 
37 48 
37 51 
37 53 
37 54 
37 60 
37 62 
37 63 
37 67 
37 68 
37 69 
37 70 
37 71 
37 72 
37 74 
37 76 
37 80 
37 82 
37 84 
37 86 
37 87 
37 92 
37 94 
37 96 
37 98 
37 102 
37 103 
37 105 
37 109 
37 110 
37 119 
37 121 
37 125 
37 127 
37 140 
37 146 
37 148 
37 150 
37 158 
37 180 
37 212 
39 3 
39 4 
39 6 
39 7 
39 8 
39 10 
39 14 
39 17 
39 21 
39 23 
39 26 
39 27 
39 29 
39 31 
39 34 
39 36 
39 37 
39 44 
39 45 
39 119 
39 130 
39 139 
39 140 
39 190 
39 212 
40 3 
40 4 
40 6 
40 7 
40 8 
40 9 
40 11 
40 13 
40 14 
40 15 
40 23 
40 27 
40 34 
40 37 
40 39 
40 44 
40 45 
40 51 
40 71 
40 80 
40 84 
40 98 
40 133 
40 134 
40 158 
42 3 
42 4 
42 6 
42 7 
42 9 
42 10 
42 14 
42 15 
42 23 
42 27 
42 30 
42 32 
42 34 
42 35 
42 37 
42 39 
42 44 
42 45 
42 63 
42 68 
42 70 
42 73 
42 83 
42 98 
42 116 
42 117 
42 121 
42 133 
42 155 
43 2 
43 6 
43 7 
43 8 
43 14 
43 15 
43 17 
43 21 
43 22 
43 26 
43 27 
43 29 
43 39 
43 44 
43 45 
43 54 
43 59 
43 62 
43 71 
43 72 
43 92 
43 104 
43 105 
43 110 
43 113 
43 115 
43 125 
43 150 
43 155 
43 158 
43 193 
43 212 
44 2 
44 3 
44 4 
44 5 
44 6 
44 7 
44 8 
44 9 
44 10 
44 11 
44 13 
44 14 
44 15 
44 17 
44 18 
44 21 
44 22 
44 23 
44 26 
44 27 
44 28 
44 29 
44 30 
44 31 
44 34 
44 35 
44 36 
44 37 
44 39 
44 42 
44 45 
44 48 
44 52 
44 53 
44 57 
44 58 
44 59 
44 62 
44 63 
44 66 
44 67 
44 68 
44 69 
44 70 
44 71 
44 73 
44 74 
44 77 
44 80 
44 82 
44 84 
44 87 
44 88 
44 90 
44 92 
44 94 
44 96 
44 97 
44 98 
44 102 
44 103 
44 105 
44 109 
44 110 
44 112 
44 113 
44 115 
44 118 
44 119 
44 121 
44 125 
44 127 
44 128 
44 130 
44 134 
44 139 
44 140 
44 146 
44 148 
44 150 
44 155 
44 156 
44 158 
44 165 
44 178 
44 180 
44 193 
44 212 
45 2 
45 3 
45 4 
45 5 
45 6 
45 7 
45 8 
45 9 
45 10 
45 11 
45 13 
45 14 
45 15 
45 16 
45 17 
45 18 
45 21 
45 22 
45 23 
45 25 
45 26 
45 27 
45 28 
45 29 
45 30 
45 31 
45 32 
45 34 
45 35 
45 36 
45 37 
45 39 
45 40 
45 42 
45 44 
45 48 
45 49 
45 51 
45 52 
45 54 
45 55 
45 58 
45 59 
45 60 
45 62 
45 63 
45 66 
45 68 
45 69 
45 70 
45 71 
45 73 
45 74 
45 76 
45 77 
45 78 
45 79 
45 80 
45 82 
45 83 
45 86 
45 88 
45 90 
45 92 
45 94 
45 95 
45 96 
45 97 
45 98 
45 99 
45 100 
45 102 
45 103 
45 105 
45 108 
45 109 
45 112 
45 113 
45 115 
45 116 
45 117 
45 119 
45 120 
45 121 
45 125 
45 127 
45 128 
45 130 
45 133 
45 134 
45 136 
45 140 
45 146 
45 148 
45 150 
45 155 
45 156 
45 158 
45 165 
45 166 
45 173 
45 178 
45 180 
45 182 
45 187 
45 193 
45 212 
46 32 
46 72 
47 3 
47 7 
47 8 
47 14 
47 23 
47 32 
47 34 
47 39 
47 44 
47 139 
47 140 
48 45 
48 173 
49 2 
49 3 
49 4 
49 5 
49 6 
49 7 
49 8 
49 9 
49 10 
49 11 
49 13 
49 14 
49 15 
49 16 
49 17 
49 18 
49 21 
49 22 
49 23 
49 25 
49 26 
49 27 
49 29 
49 30 
49 31 
49 32 
49 34 
49 35 
49 36 
49 37 
49 39 
49 40 
49 42 
49 44 
49 45 
49 49 
49 51 
49 52 
49 54 
49 55 
49 57 
49 58 
49 59 
49 60 
49 62 
49 63 
49 66 
49 68 
49 69 
49 70 
49 71 
49 73 
49 74 
49 76 
49 77 
49 79 
49 80 
49 82 
49 83 
49 84 
49 86 
49 87 
49 88 
49 94 
49 95 
49 96 
49 97 
49 98 
49 102 
49 103 
49 104 
49 105 
49 108 
49 109 
49 110 
49 112 
49 116 
49 117 
49 119 
49 120 
49 121 
49 127 
49 128 
49 130 
49 134 
49 136 
49 139 
49 140 
49 146 
49 148 
49 150 
49 156 
49 158 
49 170 
49 178 
49 180 
49 182 
49 187 
49 212 
50 14 
50 125 
50 212 
51 3 
51 4 
51 6 
51 7 
51 9 
51 15 
51 27 
51 30 
51 36 
51 37 
51 45 
51 60 
51 63 
51 77 
51 80 
51 86 
51 88 
52 4 
52 5 
52 6 
52 7 
52 8 
52 9 
52 10 
52 11 
52 13 
52 14 
52 15 
52 22 
52 23 
52 25 
52 26 
52 27 
52 30 
52 31 
52 32 
52 34 
52 35 
52 36 
52 37 
52 40 
52 44 
52 45 
52 59 
52 60 
52 62 
52 63 
52 68 
52 69 
52 70 
52 71 
52 73 
52 76 
52 80 
52 84 
52 86 
52 87 
52 90 
52 92 
52 98 
52 112 
52 117 
52 118 
52 119 
52 121 
52 136 
52 139 
52 146 
52 148 
52 156 
52 180 
53 193 
54 4 
54 57 
54 118 
55 7 
55 8 
55 35 
55 45 
55 94 
57 109 
58 16 
58 128 
59 2 
59 44 
59 170 
60 2 
60 3 
60 4 
60 6 
60 7 
60 9 
60 11 
60 14 
60 15 
60 22 
60 27 
60 30 
60 31 
60 32 
60 34 
60 36 
60 37 
60 39 
60 44 
60 45 
60 51 
60 52 
60 63 
60 69 
60 77 
60 86 
60 88 
60 90 
61 76 
61 134 
61 158 
62 2 
62 6 
62 7 
62 8 
62 11 
62 13 
62 14 
62 15 
62 21 
62 23 
62 26 
62 27 
62 31 
62 32 
62 34 
62 36 
62 37 
62 44 
62 45 
62 68 
62 71 
62 86 
62 87 
62 98 
62 117 
62 121 
62 158 
63 3 
63 4 
63 7 
63 8 
63 9 
63 11 
63 13 
63 14 
63 15 
63 17 
63 21 
63 22 
63 23 
63 26 
63 27 
63 28 
63 30 
63 32 
63 35 
63 37 
63 39 
63 44 
63 52 
63 68 
63 69 
63 73 
63 82 
63 84 
63 87 
63 88 
63 98 
63 100 
63 121 
63 158 
65 11 
65 37 
65 45 
65 127 
66 7 
66 8 
66 16 
66 31 
66 37 
66 45 
66 58 
66 108 
67 6 
67 7 
67 9 
67 37 
67 45 
68 2 
68 3 
68 4 
68 5 
68 6 
68 7 
68 8 
68 9 
68 10 
68 11 
68 13 
68 14 
68 15 
68 22 
68 23 
68 27 
68 30 
68 31 
68 32 
68 34 
68 35 
68 36 
68 40 
68 42 
68 44 
68 45 
68 48 
68 51 
68 52 
68 58 
68 60 
68 62 
68 63 
68 69 
68 70 
68 73 
68 74 
68 76 
68 80 
68 84 
68 86 
68 87 
68 88 
68 90 
68 98 
68 102 
68 105 
68 109 
68 117 
68 121 
68 146 
68 158 
69 2 
69 3 
69 4 
69 5 
69 6 
69 7 
69 8 
69 9 
69 10 
69 11 
69 13 
69 14 
69 15 
69 21 
69 22 
69 23 
69 26 
69 27 
69 30 
69 31 
69 32 
69 34 
69 35 
69 36 
69 37 
69 39 
69 42 
69 44 
69 45 
69 49 
69 52 
69 57 
69 60 
69 62 
69 63 
69 73 
69 74 
69 76 
69 77 
69 80 
69 84 
69 86 
69 87 
69 88 
69 96 
69 98 
69 102 
69 105 
69 117 
69 121 
69 125 
69 134 
69 150 
69 156 
70 2 
70 3 
70 4 
70 5 
70 6 
70 7 
70 8 
70 9 
70 10 
70 11 
70 13 
70 14 
70 15 
70 22 
70 23 
70 27 
70 29 
70 30 
70 31 
70 32 
70 34 
70 35 
70 36 
70 37 
70 39 
70 42 
70 44 
70 45 
70 55 
70 58 
70 63 
70 68 
70 71 
70 74 
70 76 
70 80 
70 84 
70 87 
70 92 
70 96 
70 103 
70 105 
70 108 
70 109 
70 119 
70 121 
71 17 
71 63 
71 92 
71 109 
71 113 
71 181 
73 4 
73 11 
73 14 
73 15 
73 21 
73 30 
73 35 
73 36 
73 37 
73 42 
73 44 
73 45 
73 80 
73 90 
73 98 
73 121 
74 2 
74 3 
74 4 
74 6 
74 7 
74 9 
74 11 
74 13 
74 14 
74 15 
74 23 
74 27 
74 31 
74 34 
74 35 
74 36 
74 37 
74 39 
74 42 
74 44 
74 45 
74 53 
74 62 
74 69 
74 80 
74 98 
74 102 
74 121 
75 113 
76 2 
76 3 
76 4 
76 5 
76 6 
76 7 
76 8 
76 11 
76 14 
76 15 
76 16 
76 17 
76 18 
76 22 
76 23 
76 27 
76 29 
76 30 
76 35 
76 37 
76 44 
76 45 
76 58 
76 79 
76 82 
76 96 
76 97 
76 102 
76 134 
76 136 
76 146 
76 150 
76 156 
76 158 
76 212 
77 3 
77 4 
77 6 
77 7 
77 9 
77 11 
77 14 
77 15 
77 27 
77 30 
77 32 
77 36 
77 37 
77 44 
77 45 
77 48 
77 51 
77 52 
77 60 
77 62 
77 63 
77 88 
78 4 
78 6 
78 7 
78 9 
78 11 
78 14 
78 15 
78 23 
78 27 
78 32 
78 36 
78 37 
78 44 
78 45 
78 59 
78 105 
78 156 
78 157 
78 170 
78 182 
78 187 
79 14 
80 3 
80 11 
80 13 
80 14 
80 15 
80 22 
80 35 
80 36 
80 44 
80 82 
81 16 
81 27 
81 35 
81 53 
81 55 
81 58 
81 66 
81 94 
81 97 
81 103 
81 127 
81 130 
81 136 
82 2 
82 3 
82 4 
82 5 
82 6 
82 7 
82 8 
82 9 
82 10 
82 11 
82 13 
82 14 
82 15 
82 16 
82 17 
82 18 
82 21 
82 22 
82 23 
82 25 
82 26 
82 27 
82 29 
82 30 
82 31 
82 32 
82 34 
82 35 
82 36 
82 37 
82 39 
82 40 
82 42 
82 44 
82 45 
82 49 
82 51 
82 52 
82 53 
82 54 
82 55 
82 57 
82 58 
82 59 
82 60 
82 62 
82 63 
82 68 
82 69 
82 70 
82 71 
82 73 
82 74 
82 75 
82 76 
82 78 
82 79 
82 80 
82 83 
82 84 
82 86 
82 87 
82 88 
82 90 
82 92 
82 94 
82 95 
82 96 
82 98 
82 102 
82 103 
82 105 
82 108 
82 109 
82 112 
82 113 
82 115 
82 116 
82 117 
82 119 
82 121 
82 125 
82 127 
82 128 
82 134 
82 140 
82 146 
82 148 
82 150 
82 156 
82 158 
82 166 
82 173 
82 178 
82 180 
82 182 
82 187 
82 212 
83 2 
83 4 
83 6 
83 7 
83 8 
83 9 
83 10 
83 11 
83 13 
83 14 
83 15 
83 21 
83 22 
83 23 
83 26 
83 27 
83 30 
83 32 
83 36 
83 37 
83 39 
83 42 
83 44 
83 45 
83 51 
83 52 
83 60 
83 62 
83 63 
83 68 
83 70 
83 72 
83 73 
83 84 
83 86 
83 87 
83 96 
83 98 
83 116 
83 117 
83 121 
84 2 
84 3 
84 4 
84 6 
84 7 
84 8 
84 9 
84 10 
84 13 
84 14 
84 15 
84 22 
84 23 
84 26 
84 27 
84 30 
84 31 
84 32 
84 35 
84 37 
84 39 
84 44 
84 45 
84 48 
84 52 
84 55 
84 62 
84 63 
84 68 
84 69 
84 70 
84 80 
84 87 
84 88 
84 98 
84 102 
84 117 
84 121 
84 140 
86 2 
86 3 
86 4 
86 6 
86 7 
86 9 
86 11 
86 14 
86 15 
86 23 
86 27 
86 30 
86 32 
86 35 
86 37 
86 44 
86 45 
86 51 
86 52 
86 60 
86 63 
86 69 
86 77 
86 88 
86 90 
87 3 
87 6 
87 11 
87 14 
87 15 
87 23 
87 30 
87 31 
87 32 
87 34 
87 35 
87 37 
87 45 
87 63 
87 68 
87 69 
87 73 
87 80 
87 82 
87 84 
87 121 
88 2 
88 3 
88 4 
88 6 
88 7 
88 8 
88 9 
88 10 
88 11 
88 13 
88 14 
88 15 
88 22 
88 23 
88 26 
88 27 
88 30 
88 31 
88 32 
88 37 
88 44 
88 45 
88 48 
88 51 
88 52 
88 60 
88 63 
88 68 
88 69 
88 74 
88 76 
88 77 
88 80 
88 84 
88 86 
88 87 
88 98 
88 148 
89 14 
89 25 
90 2 
90 3 
90 4 
90 6 
90 7 
90 8 
90 9 
90 11 
90 14 
90 15 
90 22 
90 23 
90 27 
90 30 
90 32 
90 36 
90 37 
90 42 
90 44 
90 45 
90 48 
90 51 
90 52 
90 60 
90 63 
90 73 
90 77 
90 80 
90 83 
90 86 
90 87 
90 88 
91 3 
91 4 
91 6 
91 7 
91 9 
91 14 
91 15 
91 23 
91 36 
91 37 
91 44 
91 45 
91 59 
91 78 
91 119 
91 156 
91 170 
92 71 
92 75 
92 113 
92 150 
92 159 
92 181 
93 4 
93 7 
93 8 
93 14 
93 16 
93 17 
93 21 
93 23 
93 27 
93 28 
93 30 
93 32 
93 34 
93 36 
93 37 
93 48 
93 53 
93 55 
93 58 
93 59 
93 63 
93 68 
93 74 
93 76 
93 77 
93 83 
93 84 
93 87 
93 91 
93 96 
93 97 
93 104 
93 148 
93 156 
93 178 
94 34 
94 58 
95 7 
95 9 
95 15 
95 31 
95 37 
96 2 
96 3 
96 4 
96 5 
96 6 
96 7 
96 8 
96 9 
96 10 
96 11 
96 13 
96 14 
96 15 
96 16 
96 17 
96 18 
96 21 
96 22 
96 23 
96 25 
96 26 
96 27 
96 29 
96 30 
96 31 
96 32 
96 34 
96 35 
96 36 
96 37 
96 39 
96 40 
96 42 
96 44 
96 45 
96 48 
96 49 
96 51 
96 52 
96 54 
96 55 
96 58 
96 59 
96 60 
96 62 
96 63 
96 66 
96 67 
96 68 
96 69 
96 70 
96 71 
96 72 
96 73 
96 74 
96 76 
96 77 
96 78 
96 79 
96 80 
96 82 
96 83 
96 84 
96 86 
96 87 
96 88 
96 90 
96 92 
96 94 
96 95 
96 97 
96 98 
96 99 
96 102 
96 103 
96 105 
96 108 
96 109 
96 110 
96 112 
96 113 
96 116 
96 117 
96 119 
96 120 
96 121 
96 127 
96 128 
96 130 
96 133 
96 134 
96 136 
96 139 
96 140 
96 146 
96 148 
96 150 
96 155 
96 156 
96 158 
96 159 
96 166 
96 170 
96 178 
96 182 
96 187 
96 212 
98 11 
98 13 
98 14 
98 21 
98 22 
98 30 
98 35 
98 36 
98 45 
98 63 
98 72 
98 73 
98 80 
98 84 
98 100 
98 121 
99 165 
100 2 
100 3 
100 4 
100 6 
100 7 
100 8 
100 9 
100 13 
100 14 
100 15 
100 21 
100 22 
100 23 
100 27 
100 30 
100 31 
100 36 
100 37 
100 39 
100 40 
100 42 
100 44 
100 45 
100 52 
100 63 
100 68 
100 70 
100 72 
100 73 
100 84 
100 87 
100 98 
100 116 
100 117 
100 121 
100 133 
101 45 
101 60 
101 97 
101 136 
102 96 
103 6 
103 45 
103 128 
103 130 
103 136 
105 2 
105 3 
105 4 
105 5 
105 6 
105 7 
105 8 
105 9 
105 10 
105 11 
105 13 
105 14 
105 15 
105 17 
105 18 
105 21 
105 22 
105 23 
105 25 
105 26 
105 27 
105 29 
105 30 
105 31 
105 32 
105 34 
105 35 
105 36 
105 37 
105 39 
105 40 
105 42 
105 44 
105 45 
105 49 
105 51 
105 52 
105 55 
105 58 
105 60 
105 63 
105 68 
105 70 
105 73 
105 76 
105 77 
105 80 
105 82 
105 86 
105 87 
105 88 
105 90 
105 99 
105 102 
105 103 
105 105 
105 109 
105 110 
105 112 
105 121 
105 128 
105 134 
105 140 
105 148 
105 150 
105 155 
105 156 
105 158 
105 165 
105 166 
105 178 
105 182 
105 212 
108 4 
108 6 
108 7 
108 8 
108 11 
108 14 
108 15 
108 16 
108 23 
108 36 
108 37 
108 45 
108 63 
108 66 
108 76 
108 127 
109 2 
109 3 
109 4 
109 5 
109 6 
109 7 
109 8 
109 9 
109 10 
109 11 
109 13 
109 14 
109 15 
109 16 
109 17 
109 18 
109 21 
109 22 
109 23 
109 25 
109 26 
109 27 
109 28 
109 29 
109 30 
109 31 
109 32 
109 34 
109 35 
109 36 
109 37 
109 39 
109 40 
109 42 
109 44 
109 45 
109 49 
109 51 
109 52 
109 54 
109 55 
109 57 
109 58 
109 59 
109 60 
109 62 
109 63 
109 67 
109 68 
109 69 
109 70 
109 71 
109 72 
109 73 
109 74 
109 75 
109 76 
109 80 
109 82 
109 83 
109 84 
109 86 
109 87 
109 88 
109 90 
109 92 
109 95 
109 96 
109 98 
109 99 
109 102 
109 103 
109 104 
109 105 
109 109 
109 110 
109 112 
109 113 
109 115 
109 117 
109 119 
109 121 
109 125 
109 127 
109 128 
109 130 
109 134 
109 138 
109 139 
109 146 
109 148 
109 150 
109 155 
109 156 
109 158 
109 168 
109 170 
109 173 
109 178 
109 180 
109 181 
109 182 
109 187 
109 193 
109 212 
110 7 
110 9 
110 17 
110 155 
110 212 
112 44 
112 130 
113 181 
114 2 
114 4 
114 5 
114 6 
114 7 
114 8 
114 9 
114 11 
114 13 
114 14 
114 15 
114 23 
114 26 
114 27 
114 30 
114 31 
114 32 
114 35 
114 36 
114 37 
114 44 
114 45 
114 49 
114 55 
114 58 
114 63 
114 66 
114 70 
114 73 
114 74 
114 76 
114 80 
114 82 
114 84 
114 87 
114 94 
114 95 
114 108 
114 117 
114 121 
114 148 
114 156 
115 4 
115 138 
115 168 
116 4 
116 6 
116 7 
116 9 
116 14 
116 15 
116 25 
116 30 
116 31 
116 32 
116 37 
116 42 
116 45 
116 59 
116 62 
116 68 
116 72 
116 73 
116 98 
116 117 
116 121 
116 146 
117 6 
117 45 
117 68 
117 70 
117 121 
119 59 
119 173 
121 7 
121 8 
121 11 
121 14 
121 15 
121 21 
121 27 
121 29 
121 30 
121 32 
121 35 
121 44 
121 45 
121 62 
121 68 
121 70 
121 72 
121 73 
121 80 
121 87 
121 96 
121 98 
121 148 
122 112 
124 14 
124 180 
128 37 
128 94 
128 127 
128 178 
129 14 
129 27 
129 120 
129 127 
130 27 
132 11 
132 13 
132 31 
132 37 
132 44 
132 57 
132 68 
132 148 
132 178 
133 7 
133 9 
133 15 
133 31 
133 32 
133 45 
133 178 
134 7 
134 8 
134 17 
134 212 
136 16 
137 44 
138 58 
138 115 
138 168 
139 34 
140 8 
140 14 
140 37 
140 44 
141 39 
142 14 
142 57 
142 168 
146 158 
148 7 
148 8 
148 9 
148 22 
148 27 
148 35 
148 37 
148 44 
148 73 
148 121 
148 134 
150 7 
150 8 
150 17 
150 71 
150 104 
150 181 
151 31 
152 168 
154 7 
154 9 
154 15 
154 115 
154 138 
156 14 
156 166 
157 2 
157 158 
158 17 
159 92 
162 44 
163 7 
163 8 
163 54 
163 178 
165 165 
167 14 
168 75 
168 115 
169 4 
169 6 
169 7 
169 9 
169 14 
169 35 
169 37 
169 45 
169 76 
169 92 
169 156 
169 158 
172 17 
173 14 
173 119 
173 180 
177 4 
177 97 
179 14 
182 6 
182 14 
182 156 
183 14 
183 37 
183 57 
184 14 
184 159 
189 133 
189 158 
193 11 
195 139 
197 54 
201 37 
203 37 
204 59 
205 37 
207 7 
207 10 
212 17 
