2 4 
2 6 
2 7 
2 8 
2 9 
2 10 
2 17 
2 18 
2 23 
2 25 
2 26 
2 29 
2 31 
2 34 
2 35 
2 39 
2 44 
2 45 
2 62 
2 70 
2 80 
2 82 
2 99 
2 105 
2 109 
2 134 
2 150 
2 156 
2 158 
2 165 
2 166 
2 212 
3 4 
3 6 
3 7 
3 10 
3 11 
3 13 
3 14 
3 15 
3 22 
3 25 
3 27 
3 30 
3 32 
3 35 
3 36 
3 37 
3 44 
3 45 
3 52 
3 60 
3 62 
3 63 
3 68 
3 69 
3 70 
3 73 
3 74 
3 80 
3 84 
3 86 
3 87 
3 88 
3 98 
3 121 
3 134 
3 150 
3 158 
4 3 
4 6 
4 7 
4 8 
4 10 
4 11 
4 13 
4 14 
4 15 
4 21 
4 22 
4 25 
4 27 
4 30 
4 32 
4 33 
4 35 
4 36 
4 37 
4 39 
4 44 
4 45 
4 48 
4 52 
4 58 
4 59 
4 60 
4 62 
4 63 
4 67 
4 68 
4 69 
4 70 
4 73 
4 74 
4 80 
4 82 
4 84 
4 87 
4 88 
4 98 
4 102 
4 109 
4 121 
4 125 
4 127 
4 134 
4 146 
4 148 
4 150 
4 158 
4 180 
4 181 
4 182 
5 6 
5 7 
5 9 
5 23 
5 33 
5 35 
5 45 
5 49 
5 53 
5 55 
5 58 
5 66 
5 70 
5 71 
5 78 
5 82 
5 94 
5 95 
5 96 
5 97 
5 103 
5 108 
5 109 
5 120 
5 125 
5 130 
5 134 
5 158 
5 166 
6 2 
6 5 
6 6 
6 7 
6 9 
6 10 
6 11 
6 14 
6 16 
6 23 
6 25 
6 26 
6 27 
6 29 
6 31 
6 32 
6 33 
6 34 
6 39 
6 44 
6 45 
6 58 
6 59 
6 76 
6 97 
6 103 
6 105 
6 108 
6 112 
6 113 
6 134 
6 146 
6 158 
7 2 
7 3 
7 4 
7 5 
7 6 
7 14 
7 15 
7 17 
7 21 
7 22 
7 23 
7 26 
7 27 
7 29 
7 32 
7 34 
7 35 
7 36 
7 37 
7 39 
7 40 
7 42 
7 44 
7 45 
7 48 
7 49 
7 54 
7 58 
7 59 
7 62 
7 75 
7 76 
7 80 
7 82 
7 96 
7 99 
7 102 
7 103 
7 105 
7 109 
7 115 
7 117 
7 125 
7 130 
7 134 
7 138 
7 139 
7 150 
7 156 
7 158 
7 159 
7 187 
8 2 
8 6 
8 9 
8 10 
8 21 
8 26 
8 27 
8 29 
8 34 
8 44 
8 45 
8 99 
8 109 
8 115 
8 134 
8 140 
9 2 
9 3 
9 4 
9 5 
9 6 
9 8 
9 14 
9 15 
9 17 
9 21 
9 22 
9 23 
9 26 
9 27 
9 29 
9 32 
9 34 
9 35 
9 36 
9 37 
9 39 
9 40 
9 42 
9 44 
9 45 
9 48 
9 49 
9 54 
9 59 
9 62 
9 75 
9 76 
9 80 
9 82 
9 102 
9 103 
9 105 
9 109 
9 117 
9 125 
9 130 
9 134 
9 138 
9 139 
9 140 
9 150 
9 156 
9 158 
9 159 
9 187 
10 2 
10 6 
10 23 
10 26 
10 27 
10 29 
10 45 
10 49 
10 58 
10 76 
10 96 
10 109 
11 3 
11 4 
11 6 
11 7 
11 10 
11 13 
11 14 
11 15 
11 23 
11 27 
11 29 
11 30 
11 32 
11 34 
11 35 
11 36 
11 37 
11 44 
11 45 
11 52 
11 59 
11 62 
11 68 
11 73 
11 74 
11 80 
11 98 
11 102 
11 109 
11 121 
11 213 
12 44 
12 45 
12 48 
12 68 
12 78 
12 113 
12 125 
12 134 
12 146 
12 158 
12 168 
12 181 
13 2 
13 3 
13 4 
13 6 
13 7 
13 10 
13 11 
13 14 
13 15 
13 17 
13 22 
13 23 
13 25 
13 26 
13 27 
13 30 
13 32 
13 35 
13 36 
13 37 
13 40 
13 42 
13 44 
13 45 
13 52 
13 60 
13 63 
13 68 
13 69 
13 70 
13 73 
13 74 
13 80 
13 82 
13 83 
13 84 
13 88 
13 98 
13 102 
13 109 
13 117 
13 121 
14 2 
14 3 
14 4 
14 5 
14 6 
14 7 
14 9 
14 10 
14 11 
14 13 
14 15 
14 16 
14 17 
14 21 
14 22 
14 23 
14 25 
14 27 
14 30 
14 32 
14 33 
14 34 
14 35 
14 36 
14 37 
14 39 
14 40 
14 44 
14 45 
14 48 
14 51 
14 52 
14 54 
14 55 
14 57 
14 59 
14 60 
14 62 
14 63 
14 68 
14 69 
14 70 
14 73 
14 74 
14 78 
14 80 
14 82 
14 83 
14 84 
14 86 
14 88 
14 91 
14 96 
14 98 
14 100 
14 102 
14 104 
14 105 
14 109 
14 116 
14 118 
14 119 
14 121 
14 125 
14 133 
14 134 
14 146 
14 148 
14 150 
14 156 
14 157 
14 158 
14 166 
14 170 
14 173 
14 180 
14 182 
14 187 
14 213 
15 2 
15 3 
15 4 
15 5 
15 6 
15 7 
15 9 
15 10 
15 11 
15 13 
15 14 
15 18 
15 21 
15 22 
15 23 
15 25 
15 26 
15 27 
15 28 
15 29 
15 30 
15 32 
15 33 
15 34 
15 35 
15 36 
15 37 
15 39 
15 40 
15 42 
15 44 
15 45 
15 48 
15 51 
15 52 
15 58 
15 59 
15 60 
15 62 
15 63 
15 68 
15 69 
15 70 
15 72 
15 73 
15 74 
15 76 
15 77 
15 78 
15 80 
15 82 
15 83 
15 84 
15 86 
15 87 
15 88 
15 90 
15 92 
15 94 
15 96 
15 98 
15 100 
15 102 
15 103 
15 105 
15 108 
15 109 
15 117 
15 121 
15 125 
15 133 
15 134 
15 146 
15 148 
15 156 
15 158 
15 168 
15 182 
15 212 
16 45 
16 58 
16 76 
16 79 
16 97 
17 2 
17 3 
17 6 
17 7 
17 9 
17 10 
17 15 
17 21 
17 26 
17 29 
17 32 
17 33 
17 34 
17 44 
17 45 
17 57 
17 71 
17 80 
17 92 
17 105 
17 109 
17 110 
17 113 
17 125 
17 134 
17 138 
17 150 
17 155 
17 158 
17 190 
17 212 
17 213 
18 2 
18 6 
18 7 
18 8 
18 26 
18 28 
18 29 
18 34 
18 39 
18 45 
18 110 
18 125 
18 146 
18 150 
18 158 
18 165 
18 212 
19 6 
19 15 
19 44 
19 45 
19 72 
19 95 
19 100 
19 133 
21 3 
21 4 
21 11 
21 22 
21 27 
21 35 
21 44 
21 45 
21 68 
21 73 
21 98 
22 2 
22 3 
22 4 
22 5 
22 6 
22 7 
22 8 
22 9 
22 10 
22 11 
22 13 
22 14 
22 15 
22 17 
22 21 
22 23 
22 25 
22 26 
22 27 
22 29 
22 30 
22 32 
22 35 
22 36 
22 37 
22 39 
22 40 
22 42 
22 44 
22 45 
22 48 
22 49 
22 51 
22 52 
22 55 
22 57 
22 59 
22 60 
22 62 
22 63 
22 66 
22 67 
22 68 
22 69 
22 70 
22 73 
22 74 
22 76 
22 77 
22 78 
22 79 
22 80 
22 82 
22 83 
22 84 
22 86 
22 87 
22 88 
22 90 
22 91 
22 94 
22 96 
22 97 
22 98 
22 100 
22 102 
22 105 
22 109 
22 112 
22 113 
22 116 
22 121 
22 125 
22 134 
22 146 
22 148 
22 150 
22 156 
22 158 
22 180 
22 181 
22 182 
22 187 
23 3 
23 4 
23 6 
23 7 
23 8 
23 9 
23 10 
23 11 
23 13 
23 14 
23 15 
23 17 
23 21 
23 22 
23 25 
23 26 
23 27 
23 29 
23 32 
23 34 
23 35 
23 36 
23 39 
23 44 
23 45 
23 49 
23 70 
23 76 
23 78 
23 80 
23 82 
23 99 
23 102 
23 108 
23 109 
23 125 
23 134 
23 158 
23 165 
24 72 
25 2 
25 6 
25 11 
25 15 
25 27 
25 36 
25 44 
25 45 
25 119 
25 125 
25 146 
25 158 
26 6 
26 7 
26 8 
26 9 
26 10 
26 14 
26 17 
26 18 
26 21 
26 22 
26 23 
26 25 
26 26 
26 27 
26 28 
26 29 
26 32 
26 33 
26 34 
26 39 
26 44 
26 45 
26 49 
26 62 
26 92 
26 105 
26 109 
26 110 
26 125 
26 134 
26 150 
26 155 
26 158 
26 165 
26 166 
26 212 
27 2 
27 3 
27 4 
27 5 
27 6 
27 7 
27 8 
27 9 
27 11 
27 13 
27 14 
27 15 
27 21 
27 22 
27 23 
27 30 
27 32 
27 33 
27 34 
27 35 
27 36 
27 37 
27 39 
27 40 
27 44 
27 45 
27 52 
27 55 
27 58 
27 60 
27 62 
27 63 
27 66 
27 68 
27 69 
27 70 
27 73 
27 74 
27 76 
27 80 
27 82 
27 83 
27 84 
27 88 
27 96 
27 102 
27 105 
27 108 
27 109 
27 125 
27 127 
27 130 
27 133 
27 134 
27 146 
27 148 
27 150 
27 156 
27 158 
27 182 
27 212 
28 2 
28 6 
28 7 
28 8 
28 11 
28 21 
28 33 
28 44 
28 45 
28 80 
28 92 
28 104 
28 105 
28 109 
28 134 
28 150 
28 158 
28 212 
29 2 
29 6 
29 7 
29 8 
29 10 
29 21 
29 22 
29 23 
29 25 
29 26 
29 34 
29 44 
29 45 
29 62 
29 70 
29 105 
29 125 
29 130 
29 134 
29 158 
29 166 
30 3 
30 4 
30 6 
30 11 
30 14 
30 15 
30 21 
30 22 
30 23 
30 27 
30 32 
30 35 
30 36 
30 42 
30 44 
30 45 
30 52 
30 60 
30 63 
30 68 
30 69 
30 73 
30 80 
30 82 
30 83 
30 84 
30 87 
30 98 
30 102 
30 116 
30 117 
30 121 
30 133 
30 150 
30 158 
31 2 
31 3 
31 6 
31 7 
31 8 
31 9 
31 10 
31 15 
31 17 
31 18 
31 22 
31 26 
31 27 
31 29 
31 32 
31 34 
31 36 
31 39 
31 44 
31 45 
31 49 
31 63 
31 70 
31 73 
31 76 
31 78 
31 80 
31 87 
31 96 
31 105 
31 109 
31 134 
31 155 
31 158 
32 6 
32 11 
32 15 
32 30 
32 42 
32 45 
32 70 
32 72 
32 73 
32 83 
32 98 
32 100 
32 116 
32 117 
32 121 
32 133 
33 25 
33 34 
33 44 
33 45 
33 116 
33 125 
33 134 
33 146 
33 158 
33 213 
34 2 
34 17 
34 18 
34 21 
34 26 
34 27 
34 29 
34 36 
34 39 
34 44 
34 45 
34 80 
34 119 
34 134 
34 139 
34 166 
34 212 
35 3 
35 4 
35 5 
35 6 
35 7 
35 9 
35 11 
35 13 
35 14 
35 15 
35 22 
35 23 
35 25 
35 26 
35 27 
35 30 
35 32 
35 34 
35 36 
35 37 
35 44 
35 45 
35 52 
35 55 
35 59 
35 60 
35 62 
35 63 
35 68 
35 69 
35 74 
35 76 
35 77 
35 78 
35 80 
35 82 
35 84 
35 86 
35 87 
35 90 
35 94 
35 96 
35 102 
35 105 
35 134 
35 146 
35 148 
35 150 
35 158 
35 180 
35 182 
35 187 
36 2 
36 4 
36 6 
36 7 
36 8 
36 10 
36 11 
36 13 
36 14 
36 15 
36 21 
36 22 
36 23 
36 27 
36 30 
36 32 
36 34 
36 35 
36 37 
36 40 
36 44 
36 45 
36 59 
36 60 
36 62 
36 63 
36 67 
36 68 
36 69 
36 70 
36 73 
36 74 
36 76 
36 80 
36 83 
36 84 
36 87 
36 98 
36 102 
36 105 
36 121 
36 134 
36 156 
36 182 
37 2 
37 3 
37 6 
37 14 
37 15 
37 22 
37 23 
37 25 
37 27 
37 29 
37 30 
37 32 
37 33 
37 36 
37 39 
37 45 
37 58 
37 60 
37 72 
37 74 
37 80 
37 109 
37 125 
37 134 
37 158 
39 2 
39 4 
39 6 
39 7 
39 8 
39 9 
39 10 
39 11 
39 14 
39 15 
39 17 
39 18 
39 21 
39 23 
39 25 
39 26 
39 27 
39 28 
39 29 
39 33 
39 34 
39 36 
39 37 
39 39 
39 44 
39 45 
39 49 
39 62 
39 70 
39 80 
39 86 
39 102 
39 109 
39 125 
39 134 
39 140 
39 148 
39 150 
39 155 
39 158 
39 190 
39 212 
40 2 
40 3 
40 4 
40 6 
40 14 
40 15 
40 22 
40 27 
40 30 
40 35 
40 36 
40 37 
40 44 
40 45 
40 48 
40 52 
40 59 
40 68 
40 70 
40 77 
40 78 
40 84 
40 87 
40 90 
40 92 
40 100 
40 115 
40 125 
40 133 
40 134 
40 146 
40 148 
40 150 
40 155 
40 158 
40 213 
42 6 
42 14 
42 15 
42 22 
42 32 
42 45 
42 70 
42 72 
42 73 
42 83 
42 84 
42 98 
42 100 
42 109 
42 116 
42 117 
42 133 
42 146 
42 156 
42 182 
42 193 
43 6 
43 17 
43 33 
43 44 
43 45 
43 54 
43 59 
43 62 
43 92 
43 105 
43 109 
43 110 
43 113 
43 115 
43 116 
43 125 
43 134 
43 150 
43 155 
43 158 
43 159 
43 193 
43 212 
43 213 
44 2 
44 3 
44 4 
44 5 
44 6 
44 7 
44 8 
44 9 
44 10 
44 11 
44 13 
44 14 
44 15 
44 17 
44 21 
44 22 
44 23 
44 25 
44 26 
44 27 
44 28 
44 29 
44 30 
44 31 
44 32 
44 33 
44 34 
44 35 
44 36 
44 37 
44 39 
44 40 
44 42 
44 45 
44 48 
44 49 
44 52 
44 55 
44 59 
44 62 
44 63 
44 67 
44 68 
44 69 
44 70 
44 71 
44 73 
44 78 
44 80 
44 82 
44 83 
44 84 
44 86 
44 87 
44 88 
44 92 
44 95 
44 96 
44 102 
44 103 
44 105 
44 109 
44 112 
44 113 
44 115 
44 117 
44 119 
44 121 
44 125 
44 128 
44 134 
44 138 
44 146 
44 148 
44 150 
44 156 
44 158 
44 178 
44 193 
44 212 
45 2 
45 3 
45 4 
45 5 
45 6 
45 7 
45 8 
45 9 
45 10 
45 13 
45 14 
45 15 
45 16 
45 17 
45 21 
45 22 
45 23 
45 25 
45 26 
45 27 
45 28 
45 29 
45 31 
45 32 
45 33 
45 34 
45 35 
45 36 
45 37 
45 39 
45 42 
45 44 
45 55 
45 58 
45 59 
45 62 
45 63 
45 66 
45 67 
45 68 
45 70 
45 71 
45 76 
45 79 
45 80 
45 82 
45 92 
45 94 
45 95 
45 96 
45 97 
45 99 
45 102 
45 103 
45 105 
45 108 
45 109 
45 112 
45 117 
45 119 
45 120 
45 125 
45 127 
45 128 
45 130 
45 134 
45 136 
45 146 
45 148 
45 156 
45 158 
45 165 
45 166 
45 168 
45 178 
45 180 
45 182 
47 6 
47 7 
47 9 
47 10 
47 19 
47 23 
47 27 
47 29 
47 34 
47 36 
47 45 
47 80 
47 83 
49 5 
49 6 
49 22 
49 35 
49 45 
49 76 
49 94 
49 95 
49 96 
49 119 
49 133 
49 146 
49 150 
51 44 
51 45 
51 60 
52 3 
52 21 
52 22 
52 30 
52 35 
52 40 
52 42 
52 44 
52 45 
52 48 
52 51 
52 60 
52 62 
52 63 
52 68 
52 69 
52 77 
52 83 
52 84 
52 86 
52 87 
52 88 
52 90 
52 100 
52 116 
52 133 
52 148 
54 6 
54 45 
55 6 
55 14 
55 35 
55 44 
55 45 
55 58 
55 103 
55 108 
55 127 
55 148 
58 45 
58 79 
58 96 
58 103 
59 173 
60 32 
60 36 
60 45 
60 51 
60 88 
62 2 
62 5 
62 7 
62 8 
62 44 
62 45 
62 68 
62 134 
62 158 
63 3 
63 4 
63 13 
63 14 
63 15 
63 27 
63 30 
63 32 
63 37 
63 52 
63 60 
63 69 
63 70 
63 73 
63 80 
63 84 
63 87 
63 88 
63 98 
64 130 
65 6 
65 14 
65 45 
66 45 
67 15 
67 36 
67 44 
67 45 
67 134 
68 2 
68 3 
68 4 
68 6 
68 7 
68 9 
68 11 
68 13 
68 14 
68 15 
68 21 
68 22 
68 27 
68 30 
68 32 
68 34 
68 35 
68 36 
68 44 
68 45 
68 48 
68 52 
68 62 
68 63 
68 69 
68 70 
68 77 
68 80 
68 83 
68 84 
68 86 
68 87 
68 88 
68 90 
68 105 
68 109 
68 116 
68 121 
68 148 
69 3 
69 4 
69 15 
69 22 
69 30 
69 44 
69 45 
69 48 
69 51 
69 52 
69 60 
69 63 
69 68 
69 70 
69 83 
69 84 
69 86 
69 87 
69 88 
69 98 
69 100 
69 105 
69 133 
70 2 
70 3 
70 4 
70 5 
70 6 
70 11 
70 13 
70 14 
70 15 
70 22 
70 27 
70 30 
70 32 
70 35 
70 36 
70 37 
70 39 
70 42 
70 44 
70 45 
70 49 
70 62 
70 68 
70 69 
70 73 
70 76 
70 80 
70 84 
70 87 
70 96 
70 98 
70 102 
70 105 
70 109 
70 121 
70 133 
71 92 
72 100 
72 116 
73 2 
73 3 
73 4 
73 6 
73 11 
73 13 
73 15 
73 21 
73 22 
73 27 
73 30 
73 32 
73 35 
73 36 
73 44 
73 45 
73 62 
73 68 
73 80 
73 98 
73 100 
73 117 
73 121 
73 133 
74 3 
74 4 
74 13 
74 14 
74 15 
74 22 
74 23 
74 27 
74 32 
74 35 
74 37 
74 68 
74 80 
76 6 
76 17 
76 27 
76 35 
76 45 
76 55 
76 58 
76 96 
76 103 
76 158 
77 51 
78 14 
78 15 
78 125 
78 213 
79 45 
79 103 
80 2 
80 4 
80 5 
80 6 
80 7 
80 8 
80 10 
80 11 
80 13 
80 15 
80 22 
80 23 
80 27 
80 34 
80 35 
80 36 
80 40 
80 44 
80 45 
80 62 
80 76 
80 82 
80 102 
80 105 
80 148 
81 45 
81 94 
81 103 
82 4 
82 5 
82 6 
82 7 
82 10 
82 11 
82 14 
82 15 
82 22 
82 23 
82 27 
82 29 
82 30 
82 35 
82 36 
82 37 
82 44 
82 45 
82 53 
82 63 
82 69 
82 70 
82 74 
82 76 
82 78 
82 80 
82 84 
82 87 
82 94 
82 109 
82 116 
82 134 
82 140 
82 148 
82 193 
83 6 
83 15 
83 52 
83 84 
83 100 
83 121 
83 146 
84 6 
84 22 
84 35 
84 44 
84 45 
84 52 
84 62 
84 68 
84 69 
84 83 
84 121 
86 6 
86 22 
86 51 
86 52 
86 60 
86 69 
86 77 
86 90 
87 30 
87 52 
87 63 
87 69 
87 84 
88 3 
88 4 
88 6 
88 22 
88 45 
88 51 
88 52 
88 60 
88 68 
88 69 
88 70 
88 77 
88 86 
88 90 
89 2 
89 6 
89 11 
89 15 
89 21 
89 25 
89 36 
89 44 
89 45 
89 80 
89 105 
89 125 
89 146 
90 48 
90 52 
90 68 
91 6 
91 14 
91 134 
92 44 
93 14 
93 17 
93 21 
93 27 
93 28 
93 33 
93 36 
93 48 
93 59 
93 77 
93 100 
93 213 
94 45 
96 100 
96 125 
97 6 
97 16 
97 45 
97 79 
98 13 
98 73 
98 121 
99 6 
99 45 
99 165 
99 166 
101 45 
103 44 
103 45 
105 7 
105 10 
105 34 
105 45 
105 99 
105 105 
105 165 
105 166 
108 5 
108 45 
108 94 
108 103 
109 2 
109 6 
109 7 
109 9 
109 21 
109 26 
109 34 
109 44 
109 45 
109 62 
109 67 
109 70 
109 71 
109 75 
109 92 
109 104 
109 105 
109 109 
109 113 
109 115 
109 119 
109 138 
109 150 
109 158 
109 168 
110 14 
110 62 
110 212 
112 45 
112 103 
112 128 
112 130 
113 181 
114 45 
114 49 
115 168 
117 15 
117 116 
117 121 
119 15 
119 173 
121 13 
121 15 
121 21 
121 32 
121 35 
121 44 
121 45 
121 52 
121 68 
121 70 
121 73 
121 98 
124 157 
125 110 
125 134 
125 146 
125 150 
125 158 
128 103 
129 27 
129 127 
130 27 
134 158 
135 2 
135 6 
135 15 
135 17 
135 22 
135 26 
135 34 
135 44 
135 45 
135 109 
135 134 
135 146 
135 158 
135 213 
141 32 
141 130 
144 36 
146 25 
146 36 
146 134 
146 158 
148 44 
148 45 
153 34 
160 178 
172 33 
172 134 
172 158 
184 45 
187 27 
203 37 
204 59 
210 44 
