2 26 
2 29 
2 99 
2 105 
2 134 
3 4 
3 14 
3 15 
3 19 
3 22 
3 27 
3 30 
3 32 
3 37 
3 63 
3 69 
3 84 
3 87 
3 88 
3 91 
4 3 
4 11 
4 14 
4 15 
4 22 
4 27 
4 30 
4 31 
4 32 
4 35 
4 37 
4 44 
4 52 
4 54 
4 57 
4 63 
4 68 
4 69 
4 70 
4 74 
4 80 
4 84 
4 87 
4 88 
4 97 
4 98 
4 116 
4 117 
5 3 
5 4 
5 11 
5 14 
5 15 
5 18 
5 19 
5 22 
5 23 
5 26 
5 27 
5 31 
5 32 
5 33 
5 35 
5 36 
5 37 
5 39 
5 40 
5 42 
5 44 
5 48 
5 49 
5 51 
5 53 
5 54 
5 55 
5 60 
5 62 
5 63 
5 68 
5 80 
5 82 
5 83 
5 84 
5 86 
5 88 
5 90 
5 95 
5 96 
5 98 
5 105 
5 108 
5 116 
5 117 
5 133 
6 4 
6 7 
6 8 
6 14 
6 21 
6 26 
6 36 
6 37 
6 39 
6 45 
6 112 
7 2 
7 4 
7 6 
7 11 
7 15 
7 17 
7 18 
7 22 
7 23 
7 26 
7 27 
7 29 
7 30 
7 31 
7 32 
7 34 
7 35 
7 36 
7 37 
7 39 
7 40 
7 42 
7 44 
7 52 
7 62 
7 63 
7 66 
7 69 
7 70 
7 76 
7 80 
7 84 
7 87 
7 97 
7 104 
7 105 
7 108 
7 110 
7 115 
7 133 
8 6 
8 29 
8 44 
8 104 
8 110 
8 115 
9 2 
9 4 
9 6 
9 8 
9 11 
9 15 
9 17 
9 18 
9 23 
9 26 
9 27 
9 29 
9 30 
9 31 
9 32 
9 34 
9 35 
9 36 
9 37 
9 39 
9 40 
9 42 
9 44 
9 52 
9 62 
9 63 
9 66 
9 69 
9 70 
9 76 
9 80 
9 84 
9 87 
9 104 
9 105 
9 108 
9 133 
10 6 
10 9 
10 18 
10 22 
10 26 
10 29 
10 44 
10 97 
11 3 
11 4 
11 6 
11 7 
11 9 
11 13 
11 14 
11 15 
11 21 
11 22 
11 23 
11 26 
11 27 
11 30 
11 35 
11 36 
11 37 
11 42 
11 45 
11 52 
11 63 
11 68 
11 69 
11 73 
11 80 
11 84 
11 86 
11 87 
11 88 
11 98 
11 102 
11 117 
11 121 
13 4 
13 36 
14 3 
14 4 
14 6 
14 15 
14 22 
14 27 
14 30 
14 35 
14 36 
14 37 
14 44 
14 54 
14 57 
14 60 
14 63 
14 74 
14 82 
14 84 
14 148 
15 2 
15 3 
15 4 
15 11 
15 13 
15 14 
15 21 
15 22 
15 26 
15 27 
15 30 
15 32 
15 35 
15 36 
15 37 
15 40 
15 42 
15 44 
15 63 
15 68 
15 69 
15 73 
15 74 
15 80 
15 82 
15 87 
15 88 
15 100 
15 102 
15 121 
17 2 
17 4 
17 6 
17 7 
17 8 
17 9 
17 10 
17 14 
17 18 
17 19 
17 22 
17 23 
17 26 
17 27 
17 28 
17 29 
17 31 
17 32 
17 34 
17 36 
17 39 
17 40 
17 44 
17 45 
17 48 
17 51 
17 54 
17 60 
17 68 
17 70 
17 71 
17 88 
17 104 
17 105 
17 110 
17 115 
17 116 
17 125 
17 133 
17 134 
17 139 
17 146 
17 150 
17 155 
17 156 
17 158 
17 168 
17 190 
18 29 
18 110 
19 100 
19 116 
19 133 
21 35 
21 44 
22 3 
22 4 
22 11 
22 14 
22 15 
22 27 
22 30 
22 35 
22 37 
22 44 
22 48 
22 51 
22 52 
22 60 
22 62 
22 63 
22 68 
22 69 
22 80 
22 82 
22 84 
22 87 
22 88 
22 90 
22 139 
22 148 
23 7 
23 8 
23 10 
23 14 
23 15 
23 26 
23 29 
23 30 
23 34 
23 44 
23 96 
24 32 
25 193 
26 18 
26 23 
26 34 
26 105 
26 110 
27 2 
27 3 
27 4 
27 6 
27 7 
27 9 
27 10 
27 11 
27 13 
27 14 
27 15 
27 18 
27 19 
27 21 
27 22 
27 26 
27 30 
27 32 
27 35 
27 36 
27 37 
27 39 
27 40 
27 42 
27 44 
27 45 
27 52 
27 63 
27 68 
27 69 
27 70 
27 71 
27 73 
27 74 
27 80 
27 82 
27 84 
27 87 
27 88 
27 90 
27 98 
27 102 
27 117 
27 121 
27 130 
27 146 
27 148 
28 133 
30 4 
30 11 
30 14 
30 15 
30 27 
30 44 
30 63 
30 69 
30 73 
30 84 
30 87 
30 98 
31 7 
31 10 
31 18 
31 23 
31 26 
31 29 
32 3 
32 11 
32 15 
32 30 
32 42 
32 44 
32 117 
34 18 
34 26 
34 29 
34 110 
35 4 
35 14 
35 22 
35 36 
35 40 
35 44 
35 55 
35 62 
35 68 
35 82 
35 84 
35 90 
35 148 
36 11 
36 80 
37 3 
37 19 
37 35 
37 44 
37 70 
37 121 
39 26 
39 29 
39 44 
40 26 
40 27 
40 29 
40 193 
42 30 
42 32 
42 73 
42 83 
42 133 
42 146 
43 19 
43 26 
43 125 
43 139 
44 3 
44 4 
44 11 
44 14 
44 15 
44 19 
44 21 
44 27 
44 40 
44 80 
44 82 
44 134 
45 2 
45 4 
45 5 
45 6 
45 7 
45 8 
45 10 
45 11 
45 14 
45 15 
45 16 
45 17 
45 18 
45 21 
45 22 
45 23 
45 26 
45 27 
45 28 
45 29 
45 30 
45 31 
45 32 
45 33 
45 34 
45 35 
45 36 
45 39 
45 40 
45 42 
45 44 
45 49 
45 51 
45 55 
45 60 
45 63 
45 66 
45 68 
45 70 
45 72 
45 76 
45 78 
45 79 
45 82 
45 83 
45 84 
45 88 
45 89 
45 90 
45 94 
45 96 
45 97 
45 99 
45 100 
45 103 
45 105 
45 108 
45 110 
45 112 
45 115 
45 116 
45 117 
45 120 
45 121 
45 125 
45 130 
45 133 
45 136 
45 146 
45 182 
45 187 
45 193 
47 6 
47 18 
47 29 
47 44 
47 139 
49 2 
49 4 
49 11 
49 13 
49 14 
49 15 
49 18 
49 19 
49 21 
49 22 
49 23 
49 25 
49 26 
49 27 
49 29 
49 30 
49 31 
49 32 
49 33 
49 34 
49 35 
49 39 
49 40 
49 42 
49 44 
49 48 
49 51 
49 54 
49 55 
49 59 
49 62 
49 66 
49 68 
49 72 
49 73 
49 82 
49 83 
49 84 
49 88 
49 89 
49 90 
49 91 
49 94 
49 96 
49 102 
49 104 
49 105 
49 108 
49 109 
49 116 
49 117 
49 121 
49 133 
49 146 
49 150 
49 187 
51 77 
51 86 
51 88 
52 69 
52 84 
52 90 
58 79 
58 97 
60 40 
60 51 
60 88 
63 15 
63 30 
63 87 
66 54 
68 15 
68 48 
68 52 
68 62 
68 90 
68 148 
69 3 
69 4 
69 22 
69 32 
69 42 
69 51 
69 52 
69 63 
69 68 
69 84 
69 87 
69 88 
70 22 
70 35 
73 30 
73 98 
73 121 
74 4 
74 14 
75 113 
75 115 
75 168 
76 136 
78 54 
78 57 
78 59 
78 187 
79 97 
80 13 
80 32 
80 36 
82 14 
82 35 
82 44 
82 53 
82 193 
83 22 
83 32 
83 84 
83 86 
83 90 
83 116 
83 117 
84 14 
84 29 
84 40 
84 52 
84 68 
84 69 
84 83 
84 100 
86 3 
86 30 
86 42 
86 51 
86 60 
86 68 
86 69 
86 77 
86 88 
86 90 
87 30 
87 63 
87 69 
87 83 
87 84 
88 3 
88 22 
88 51 
88 60 
88 69 
88 87 
89 25 
89 146 
92 71 
92 159 
93 14 
93 33 
93 39 
93 51 
95 55 
95 66 
95 94 
95 96 
95 108 
96 94 
98 4 
98 121 
101 16 
106 90 
107 5 
107 18 
107 22 
107 30 
107 90 
107 96 
107 108 
109 75 
109 115 
109 138 
109 168 
110 2 
110 44 
111 6 
113 181 
114 36 
114 44 
114 80 
114 187 
115 75 
115 109 
115 138 
115 168 
117 4 
119 54 
119 59 
119 180 
121 73 
121 98 
121 133 
127 88 
133 40 
148 19 
149 31 
150 104 
152 109 
152 168 
168 115 
173 59 
173 109 
173 180 
173 187 
180 40 
180 54 
180 59 
180 157 
180 187 
