2 2 
2 7 
2 8 
2 9 
2 10 
2 14 
2 15 
2 18 
2 25 
2 26 
2 27 
2 29 
2 31 
2 34 
2 35 
2 39 
2 45 
2 51 
2 60 
2 77 
2 86 
2 99 
2 105 
2 109 
2 139 
2 150 
2 156 
2 158 
2 166 
2 182 
2 212 
3 4 
3 6 
3 7 
3 9 
3 15 
3 17 
3 22 
3 27 
3 30 
3 31 
3 36 
3 37 
3 45 
3 51 
3 60 
3 62 
3 63 
3 68 
3 69 
3 74 
3 77 
3 84 
3 86 
3 87 
3 88 
3 90 
3 117 
4 2 
4 3 
4 6 
4 7 
4 8 
4 9 
4 10 
4 11 
4 14 
4 15 
4 17 
4 21 
4 22 
4 23 
4 26 
4 27 
4 29 
4 30 
4 32 
4 34 
4 35 
4 36 
4 37 
4 40 
4 42 
4 44 
4 45 
4 51 
4 52 
4 57 
4 59 
4 60 
4 62 
4 63 
4 66 
4 67 
4 68 
4 69 
4 70 
4 71 
4 73 
4 74 
4 78 
4 80 
4 83 
4 84 
4 86 
4 87 
4 88 
4 91 
4 96 
4 105 
4 109 
4 116 
4 117 
4 130 
4 134 
4 148 
4 158 
4 159 
4 181 
4 182 
5 2 
5 3 
5 4 
5 6 
5 7 
5 8 
5 9 
5 10 
5 11 
5 14 
5 15 
5 16 
5 17 
5 18 
5 19 
5 22 
5 23 
5 25 
5 26 
5 27 
5 28 
5 30 
5 31 
5 32 
5 33 
5 34 
5 35 
5 36 
5 37 
5 39 
5 40 
5 42 
5 44 
5 45 
5 49 
5 51 
5 52 
5 53 
5 54 
5 57 
5 58 
5 60 
5 62 
5 63 
5 66 
5 67 
5 68 
5 69 
5 70 
5 71 
5 72 
5 73 
5 76 
5 77 
5 78 
5 79 
5 80 
5 83 
5 84 
5 86 
5 89 
5 90 
5 91 
5 92 
5 95 
5 96 
5 97 
5 103 
5 104 
5 105 
5 108 
5 109 
5 112 
5 115 
5 116 
5 117 
5 119 
5 120 
5 121 
5 125 
5 128 
5 130 
5 134 
5 146 
5 148 
5 150 
5 156 
5 158 
5 170 
5 178 
5 182 
6 2 
6 6 
6 7 
6 9 
6 14 
6 18 
6 21 
6 22 
6 27 
6 29 
6 31 
6 44 
6 45 
6 49 
6 63 
6 76 
6 78 
6 96 
6 112 
6 120 
6 128 
6 158 
7 2 
7 3 
7 6 
7 15 
7 16 
7 18 
7 19 
7 22 
7 23 
7 25 
7 26 
7 27 
7 28 
7 29 
7 30 
7 31 
7 32 
7 33 
7 34 
7 37 
7 39 
7 40 
7 42 
7 44 
7 45 
7 48 
7 51 
7 57 
7 58 
7 59 
7 60 
7 62 
7 67 
7 69 
7 70 
7 71 
7 72 
7 75 
7 76 
7 77 
7 83 
7 84 
7 86 
7 88 
7 90 
7 95 
7 96 
7 99 
7 100 
7 104 
7 105 
7 109 
7 119 
7 120 
7 125 
7 127 
7 130 
7 133 
7 134 
7 138 
7 139 
7 155 
7 158 
7 165 
7 166 
7 180 
7 213 
8 2 
8 6 
8 9 
8 16 
8 26 
8 27 
8 29 
8 30 
8 34 
8 39 
8 44 
8 45 
8 51 
8 62 
8 77 
8 105 
8 130 
8 134 
8 140 
8 180 
9 2 
9 3 
9 6 
9 8 
9 9 
9 10 
9 15 
9 16 
9 18 
9 19 
9 22 
9 23 
9 25 
9 26 
9 27 
9 28 
9 29 
9 30 
9 31 
9 32 
9 33 
9 34 
9 37 
9 39 
9 40 
9 42 
9 44 
9 45 
9 48 
9 51 
9 57 
9 58 
9 59 
9 60 
9 67 
9 69 
9 70 
9 71 
9 72 
9 75 
9 77 
9 83 
9 86 
9 88 
9 90 
9 95 
9 99 
9 100 
9 104 
9 105 
9 109 
9 119 
9 120 
9 125 
9 127 
9 130 
9 133 
9 138 
9 139 
9 158 
9 165 
9 166 
9 180 
9 213 
10 2 
10 6 
10 8 
10 9 
10 15 
10 18 
10 19 
10 23 
10 26 
10 29 
10 31 
10 34 
10 39 
10 44 
10 45 
10 76 
10 84 
10 96 
10 100 
10 105 
10 109 
10 140 
10 155 
10 158 
11 2 
11 3 
11 7 
11 9 
11 13 
11 14 
11 15 
11 27 
11 29 
11 30 
11 32 
11 35 
11 36 
11 44 
11 63 
11 69 
11 73 
11 80 
11 90 
11 96 
11 98 
11 117 
11 121 
11 158 
12 4 
12 6 
12 18 
12 22 
12 23 
12 25 
12 26 
12 31 
12 33 
12 34 
12 37 
12 44 
12 54 
12 59 
12 70 
12 89 
12 91 
12 92 
12 104 
12 115 
12 117 
12 146 
12 213 
13 6 
13 11 
13 31 
13 36 
13 44 
13 72 
13 73 
13 98 
13 121 
14 2 
14 3 
14 4 
14 5 
14 6 
14 7 
14 8 
14 9 
14 10 
14 11 
14 13 
14 15 
14 17 
14 18 
14 22 
14 23 
14 25 
14 26 
14 27 
14 29 
14 30 
14 31 
14 32 
14 33 
14 34 
14 35 
14 36 
14 37 
14 39 
14 40 
14 42 
14 44 
14 45 
14 48 
14 49 
14 51 
14 52 
14 54 
14 55 
14 57 
14 59 
14 60 
14 63 
14 68 
14 69 
14 70 
14 73 
14 74 
14 76 
14 77 
14 78 
14 80 
14 82 
14 83 
14 84 
14 86 
14 88 
14 91 
14 96 
14 100 
14 103 
14 104 
14 105 
14 109 
14 116 
14 117 
14 118 
14 121 
14 134 
14 146 
14 148 
14 150 
14 156 
14 157 
14 158 
14 166 
14 170 
14 173 
14 178 
14 180 
14 182 
14 187 
15 2 
15 3 
15 4 
15 5 
15 6 
15 7 
15 8 
15 9 
15 10 
15 11 
15 13 
15 14 
15 17 
15 18 
15 19 
15 21 
15 22 
15 23 
15 25 
15 26 
15 27 
15 28 
15 29 
15 30 
15 31 
15 32 
15 33 
15 34 
15 35 
15 36 
15 37 
15 39 
15 40 
15 42 
15 44 
15 45 
15 48 
15 49 
15 51 
15 52 
15 54 
15 58 
15 59 
15 60 
15 62 
15 63 
15 67 
15 68 
15 69 
15 70 
15 72 
15 73 
15 74 
15 76 
15 77 
15 78 
15 80 
15 82 
15 83 
15 84 
15 86 
15 87 
15 88 
15 89 
15 90 
15 91 
15 96 
15 98 
15 100 
15 105 
15 108 
15 109 
15 113 
15 115 
15 116 
15 117 
15 121 
15 125 
15 130 
15 133 
15 134 
15 146 
15 148 
15 150 
15 156 
15 157 
15 158 
15 170 
15 182 
15 212 
16 45 
16 58 
16 97 
16 130 
16 136 
17 2 
17 3 
17 4 
17 6 
17 7 
17 8 
17 9 
17 10 
17 14 
17 15 
17 18 
17 19 
17 22 
17 23 
17 26 
17 27 
17 29 
17 30 
17 31 
17 32 
17 33 
17 34 
17 35 
17 37 
17 39 
17 40 
17 42 
17 44 
17 45 
17 49 
17 57 
17 59 
17 63 
17 67 
17 69 
17 70 
17 71 
17 72 
17 73 
17 75 
17 76 
17 82 
17 83 
17 84 
17 86 
17 89 
17 92 
17 98 
17 100 
17 105 
17 109 
17 110 
17 113 
17 116 
17 117 
17 119 
17 121 
17 125 
17 133 
17 134 
17 150 
17 155 
17 156 
17 157 
17 158 
17 168 
17 170 
17 181 
17 182 
17 187 
17 190 
17 212 
17 213 
18 2 
18 4 
18 5 
18 6 
18 7 
18 8 
18 9 
18 10 
18 14 
18 15 
18 17 
18 18 
18 19 
18 22 
18 23 
18 25 
18 26 
18 27 
18 28 
18 29 
18 30 
18 31 
18 32 
18 33 
18 34 
18 37 
18 39 
18 40 
18 44 
18 45 
18 52 
18 67 
18 68 
18 78 
18 86 
18 105 
18 109 
18 113 
18 116 
18 134 
18 146 
18 156 
18 158 
18 165 
18 166 
18 212 
19 15 
19 30 
19 52 
19 89 
19 116 
19 134 
19 158 
19 187 
21 11 
21 15 
21 22 
21 28 
21 31 
21 36 
21 37 
21 44 
21 73 
21 109 
21 120 
22 2 
22 3 
22 4 
22 5 
22 6 
22 7 
22 8 
22 9 
22 10 
22 11 
22 13 
22 14 
22 15 
22 17 
22 21 
22 23 
22 25 
22 26 
22 27 
22 28 
22 29 
22 30 
22 31 
22 32 
22 34 
22 35 
22 36 
22 37 
22 39 
22 40 
22 42 
22 44 
22 45 
22 48 
22 49 
22 51 
22 52 
22 53 
22 54 
22 55 
22 59 
22 60 
22 62 
22 63 
22 66 
22 68 
22 69 
22 70 
22 71 
22 74 
22 76 
22 77 
22 78 
22 80 
22 82 
22 83 
22 84 
22 86 
22 87 
22 88 
22 90 
22 91 
22 95 
22 96 
22 98 
22 100 
22 104 
22 105 
22 109 
22 110 
22 112 
22 113 
22 116 
22 117 
22 121 
22 125 
22 128 
22 134 
22 139 
22 146 
22 148 
22 150 
22 156 
22 158 
22 178 
22 182 
22 212 
23 2 
23 4 
23 6 
23 7 
23 8 
23 9 
23 10 
23 11 
23 14 
23 15 
23 18 
23 26 
23 29 
23 31 
23 32 
23 34 
23 37 
23 39 
23 40 
23 44 
23 45 
23 76 
23 105 
23 125 
23 158 
24 72 
25 2 
25 3 
25 6 
25 30 
25 33 
25 44 
25 54 
25 62 
25 68 
25 76 
25 96 
25 115 
25 125 
25 134 
25 146 
25 157 
25 158 
25 170 
25 180 
25 187 
26 2 
26 4 
26 6 
26 7 
26 8 
26 9 
26 10 
26 14 
26 15 
26 17 
26 18 
26 19 
26 22 
26 23 
26 25 
26 27 
26 28 
26 29 
26 30 
26 31 
26 32 
26 33 
26 34 
26 36 
26 37 
26 39 
26 40 
26 42 
26 44 
26 45 
26 51 
26 54 
26 55 
26 59 
26 62 
26 67 
26 68 
26 69 
26 70 
26 71 
26 72 
26 73 
26 76 
26 83 
26 84 
26 86 
26 87 
26 88 
26 89 
26 92 
26 96 
26 100 
26 103 
26 105 
26 108 
26 109 
26 110 
26 112 
26 113 
26 115 
26 116 
26 117 
26 121 
26 125 
26 128 
26 130 
26 133 
26 134 
26 139 
26 146 
26 150 
26 155 
26 156 
26 158 
26 166 
26 178 
26 212 
27 2 
27 3 
27 4 
27 5 
27 6 
27 7 
27 8 
27 9 
27 11 
27 13 
27 14 
27 15 
27 16 
27 17 
27 18 
27 21 
27 22 
27 23 
27 25 
27 26 
27 29 
27 30 
27 31 
27 32 
27 33 
27 34 
27 35 
27 36 
27 37 
27 39 
27 40 
27 42 
27 44 
27 45 
27 49 
27 52 
27 59 
27 60 
27 62 
27 63 
27 68 
27 69 
27 70 
27 71 
27 72 
27 74 
27 80 
27 82 
27 83 
27 84 
27 86 
27 87 
27 88 
27 90 
27 96 
27 100 
27 105 
27 109 
27 113 
27 116 
27 117 
27 121 
27 125 
27 127 
27 130 
27 133 
27 134 
27 146 
27 148 
27 156 
27 158 
27 182 
27 187 
28 6 
28 109 
28 134 
28 158 
29 2 
29 4 
29 6 
29 7 
29 8 
29 9 
29 10 
29 25 
29 26 
29 28 
29 31 
29 34 
29 36 
29 39 
29 44 
29 45 
29 62 
29 67 
29 105 
29 116 
29 125 
29 134 
29 146 
29 150 
29 155 
29 158 
30 2 
30 3 
30 4 
30 6 
30 7 
30 9 
30 14 
30 15 
30 21 
30 22 
30 23 
30 25 
30 26 
30 27 
30 28 
30 32 
30 33 
30 35 
30 36 
30 37 
30 39 
30 40 
30 42 
30 44 
30 45 
30 48 
30 51 
30 52 
30 60 
30 62 
30 63 
30 68 
30 69 
30 70 
30 72 
30 73 
30 74 
30 80 
30 83 
30 84 
30 86 
30 87 
30 88 
30 90 
30 98 
30 100 
30 102 
30 105 
30 109 
30 116 
30 117 
30 121 
30 133 
30 146 
30 148 
30 156 
30 158 
30 166 
30 182 
31 2 
31 3 
31 4 
31 5 
31 6 
31 7 
31 8 
31 9 
31 10 
31 14 
31 15 
31 16 
31 17 
31 18 
31 23 
31 25 
31 26 
31 27 
31 29 
31 32 
31 33 
31 34 
31 37 
31 39 
31 40 
31 44 
31 45 
31 49 
31 63 
31 69 
31 70 
31 72 
31 76 
31 78 
31 79 
31 84 
31 89 
31 91 
31 96 
31 100 
31 105 
31 108 
31 109 
31 110 
31 116 
31 117 
31 134 
31 146 
31 155 
31 158 
31 166 
32 6 
32 7 
32 10 
32 15 
32 19 
32 30 
32 31 
32 42 
32 45 
32 52 
32 63 
32 70 
32 72 
32 73 
32 78 
32 83 
32 84 
32 98 
32 100 
32 116 
32 117 
32 121 
32 133 
33 7 
33 9 
33 67 
33 146 
33 158 
34 2 
34 4 
34 6 
34 7 
34 8 
34 9 
34 10 
34 11 
34 14 
34 17 
34 18 
34 19 
34 22 
34 23 
34 25 
34 26 
34 29 
34 30 
34 31 
34 32 
34 33 
34 36 
34 37 
34 39 
34 42 
34 44 
34 45 
34 54 
34 60 
34 62 
34 68 
34 69 
34 70 
34 71 
34 72 
34 73 
34 78 
34 83 
34 90 
34 96 
34 100 
34 103 
34 105 
34 110 
34 116 
34 117 
34 121 
34 133 
34 134 
34 139 
34 140 
34 146 
34 150 
34 155 
34 158 
34 166 
34 182 
34 212 
35 2 
35 3 
35 4 
35 6 
35 7 
35 8 
35 9 
35 10 
35 11 
35 14 
35 15 
35 19 
35 22 
35 23 
35 25 
35 26 
35 27 
35 30 
35 31 
35 32 
35 33 
35 34 
35 36 
35 37 
35 39 
35 40 
35 42 
35 44 
35 45 
35 51 
35 52 
35 53 
35 54 
35 59 
35 60 
35 62 
35 63 
35 68 
35 69 
35 70 
35 73 
35 76 
35 78 
35 80 
35 82 
35 83 
35 84 
35 86 
35 87 
35 89 
35 90 
35 91 
35 100 
35 105 
35 108 
35 109 
35 116 
35 117 
35 121 
35 134 
35 146 
35 148 
35 150 
35 156 
35 157 
35 158 
35 170 
35 182 
36 4 
36 7 
36 9 
36 11 
36 13 
36 14 
36 15 
36 22 
36 27 
36 30 
36 32 
36 37 
36 40 
36 44 
36 51 
36 52 
36 60 
36 62 
36 63 
36 68 
36 69 
36 73 
36 74 
36 80 
36 82 
36 84 
36 86 
36 88 
36 90 
36 98 
36 105 
36 117 
36 121 
36 148 
36 158 
37 2 
37 3 
37 4 
37 5 
37 6 
37 7 
37 8 
37 9 
37 10 
37 11 
37 13 
37 14 
37 15 
37 17 
37 19 
37 22 
37 23 
37 25 
37 26 
37 27 
37 28 
37 30 
37 31 
37 32 
37 33 
37 34 
37 35 
37 36 
37 39 
37 40 
37 42 
37 44 
37 45 
37 49 
37 51 
37 52 
37 60 
37 62 
37 63 
37 68 
37 69 
37 70 
37 74 
37 76 
37 80 
37 83 
37 84 
37 86 
37 87 
37 88 
37 89 
37 96 
37 100 
37 105 
37 108 
37 109 
37 116 
37 117 
37 121 
37 125 
37 127 
37 133 
37 134 
37 146 
37 148 
37 156 
37 158 
37 170 
37 212 
39 2 
39 3 
39 6 
39 7 
39 8 
39 9 
39 10 
39 11 
39 13 
39 14 
39 15 
39 17 
39 18 
39 19 
39 22 
39 23 
39 25 
39 26 
39 27 
39 28 
39 29 
39 31 
39 33 
39 34 
39 36 
39 37 
39 39 
39 42 
39 44 
39 45 
39 59 
39 67 
39 70 
39 80 
39 84 
39 88 
39 89 
39 100 
39 105 
39 109 
39 110 
39 125 
39 133 
39 134 
39 139 
39 146 
39 155 
39 158 
39 190 
39 212 
40 3 
40 5 
40 7 
40 9 
40 10 
40 11 
40 15 
40 17 
40 19 
40 25 
40 28 
40 33 
40 34 
40 36 
40 37 
40 42 
40 44 
40 45 
40 48 
40 52 
40 59 
40 60 
40 68 
40 72 
40 80 
40 83 
40 89 
40 90 
40 100 
40 113 
40 128 
40 134 
40 146 
40 155 
40 158 
42 6 
42 30 
42 32 
42 40 
42 44 
42 45 
42 51 
42 52 
42 70 
42 73 
42 83 
42 84 
42 87 
42 100 
42 116 
42 117 
42 121 
42 133 
43 2 
43 17 
43 19 
43 25 
43 27 
43 33 
43 34 
43 39 
43 59 
43 68 
43 71 
43 72 
43 92 
43 100 
43 104 
43 113 
43 125 
43 133 
43 155 
43 158 
43 159 
43 181 
43 193 
43 212 
44 2 
44 3 
44 4 
44 5 
44 6 
44 7 
44 8 
44 9 
44 10 
44 11 
44 13 
44 14 
44 15 
44 17 
44 21 
44 22 
44 23 
44 25 
44 26 
44 27 
44 28 
44 29 
44 30 
44 31 
44 32 
44 33 
44 34 
44 35 
44 36 
44 37 
44 39 
44 40 
44 42 
44 45 
44 48 
44 51 
44 52 
44 55 
44 59 
44 60 
44 62 
44 63 
44 68 
44 69 
44 70 
44 71 
44 73 
44 77 
44 80 
44 82 
44 83 
44 84 
44 86 
44 87 
44 88 
44 95 
44 96 
44 105 
44 109 
44 112 
44 113 
44 115 
44 116 
44 117 
44 119 
44 125 
44 133 
44 134 
44 146 
44 148 
44 150 
44 155 
44 156 
44 158 
44 168 
44 178 
44 180 
44 182 
44 193 
45 2 
45 4 
45 5 
45 6 
45 7 
45 8 
45 9 
45 10 
45 13 
45 14 
45 15 
45 16 
45 17 
45 18 
45 21 
45 22 
45 23 
45 25 
45 26 
45 27 
45 28 
45 29 
45 30 
45 31 
45 32 
45 33 
45 34 
45 36 
45 37 
45 39 
45 40 
45 42 
45 44 
45 48 
45 49 
45 51 
45 55 
45 58 
45 60 
45 62 
45 63 
45 66 
45 68 
45 70 
45 71 
45 76 
45 77 
45 79 
45 80 
45 86 
45 88 
45 92 
45 94 
45 95 
45 96 
45 97 
45 99 
45 100 
45 103 
45 105 
45 108 
45 109 
45 112 
45 116 
45 117 
45 119 
45 120 
45 121 
45 125 
45 127 
45 128 
45 130 
45 134 
45 136 
45 139 
45 140 
45 146 
45 150 
45 156 
45 158 
45 165 
45 168 
45 178 
45 182 
45 187 
47 2 
47 4 
47 6 
47 7 
47 8 
47 9 
47 10 
47 11 
47 13 
47 14 
47 15 
47 18 
47 22 
47 23 
47 26 
47 27 
47 29 
47 30 
47 31 
47 32 
47 34 
47 39 
47 40 
47 42 
47 44 
47 45 
47 51 
47 60 
47 63 
47 68 
47 76 
47 80 
47 87 
47 105 
47 139 
47 156 
47 187 
49 45 
49 58 
49 76 
49 95 
49 96 
49 108 
49 109 
49 125 
51 36 
51 48 
51 77 
51 86 
52 3 
52 6 
52 22 
52 25 
52 30 
52 35 
52 39 
52 44 
52 62 
52 63 
52 68 
52 77 
52 84 
52 90 
52 148 
55 2 
55 4 
55 5 
55 6 
55 7 
55 8 
55 9 
55 10 
55 11 
55 14 
55 15 
55 16 
55 18 
55 22 
55 23 
55 26 
55 27 
55 29 
55 30 
55 31 
55 32 
55 33 
55 34 
55 35 
55 36 
55 37 
55 39 
55 40 
55 42 
55 44 
55 45 
55 49 
55 55 
55 58 
55 60 
55 66 
55 70 
55 76 
55 80 
55 83 
55 94 
55 95 
55 96 
55 97 
55 105 
55 108 
55 109 
55 112 
55 116 
55 117 
55 120 
55 121 
55 127 
55 128 
55 130 
55 134 
55 136 
55 146 
55 150 
55 156 
55 158 
55 178 
55 182 
58 6 
58 16 
58 45 
58 79 
58 96 
58 97 
58 112 
58 128 
58 134 
59 4 
59 6 
59 14 
59 54 
59 57 
59 68 
59 118 
59 119 
59 157 
59 158 
59 170 
59 173 
59 180 
59 187 
60 40 
60 48 
60 51 
60 52 
60 77 
60 86 
60 88 
60 90 
61 6 
61 7 
61 9 
62 2 
62 44 
62 68 
63 3 
63 4 
63 11 
63 14 
63 15 
63 30 
63 32 
63 36 
63 37 
63 40 
63 42 
63 44 
63 48 
63 51 
63 52 
63 60 
63 68 
63 69 
63 73 
63 83 
63 84 
63 86 
63 87 
63 88 
63 90 
63 91 
63 98 
63 100 
63 109 
63 117 
65 45 
65 100 
65 128 
66 3 
66 4 
66 6 
66 7 
66 9 
66 10 
66 14 
66 15 
66 22 
66 23 
66 26 
66 27 
66 30 
66 32 
66 33 
66 34 
66 35 
66 40 
66 42 
66 44 
66 45 
66 55 
66 60 
66 63 
66 83 
66 89 
66 96 
66 108 
66 109 
66 116 
66 117 
68 2 
68 4 
68 6 
68 7 
68 9 
68 14 
68 15 
68 32 
68 48 
68 52 
68 62 
68 63 
68 82 
68 83 
68 84 
68 90 
69 4 
69 6 
69 22 
69 26 
69 27 
69 30 
69 32 
69 36 
69 37 
69 44 
69 48 
69 51 
69 52 
69 60 
69 62 
69 63 
69 68 
69 73 
69 77 
69 84 
69 86 
69 87 
69 88 
69 90 
69 100 
70 2 
70 4 
70 6 
70 7 
70 8 
70 14 
70 15 
70 22 
70 29 
70 30 
70 32 
70 34 
70 35 
70 39 
70 40 
70 44 
70 45 
70 51 
70 60 
70 62 
70 63 
70 68 
70 69 
70 84 
70 86 
70 87 
70 88 
70 109 
71 6 
71 26 
71 59 
71 76 
71 92 
71 104 
71 109 
71 113 
71 115 
73 11 
73 15 
73 21 
73 30 
73 32 
73 44 
73 62 
73 63 
73 98 
73 121 
73 133 
74 4 
74 14 
74 15 
74 27 
74 35 
74 100 
74 182 
75 109 
76 2 
76 4 
76 5 
76 6 
76 7 
76 8 
76 10 
76 14 
76 15 
76 16 
76 18 
76 22 
76 23 
76 27 
76 31 
76 32 
76 34 
76 35 
76 36 
76 37 
76 45 
76 49 
76 55 
76 58 
76 66 
76 70 
76 79 
76 94 
76 95 
76 96 
76 97 
76 105 
76 108 
76 136 
76 158 
78 4 
78 25 
78 32 
78 33 
78 44 
78 51 
78 89 
78 91 
78 117 
78 134 
78 146 
78 148 
78 158 
79 16 
79 45 
79 58 
79 97 
80 11 
80 13 
80 14 
80 27 
80 32 
80 36 
81 7 
81 8 
81 27 
81 94 
81 127 
81 128 
82 4 
82 6 
82 7 
82 9 
82 14 
82 15 
82 18 
82 25 
82 27 
82 33 
82 35 
82 36 
82 37 
82 40 
82 44 
82 45 
82 53 
82 59 
82 69 
82 74 
82 78 
82 80 
82 109 
82 146 
82 158 
84 3 
84 6 
84 7 
84 8 
84 22 
84 30 
84 32 
84 35 
84 40 
84 44 
84 51 
84 52 
84 60 
84 63 
84 68 
84 69 
84 77 
84 83 
84 86 
84 87 
84 90 
86 2 
86 44 
86 51 
86 52 
86 77 
86 88 
86 90 
86 155 
87 3 
87 27 
87 30 
87 35 
87 44 
87 52 
87 63 
87 69 
87 84 
88 3 
88 6 
88 32 
88 45 
88 48 
88 51 
88 52 
88 60 
88 69 
88 86 
88 90 
89 25 
89 33 
89 44 
89 62 
89 91 
89 125 
89 146 
89 159 
90 77 
91 4 
93 2 
93 14 
93 19 
93 21 
93 28 
93 30 
93 33 
93 40 
93 48 
93 49 
93 53 
93 58 
93 59 
93 77 
93 90 
93 96 
93 109 
94 109 
96 5 
96 16 
96 32 
96 36 
96 37 
96 42 
96 45 
96 49 
96 55 
96 58 
96 66 
96 76 
96 79 
96 95 
96 97 
96 108 
96 117 
96 119 
96 121 
97 6 
97 16 
97 45 
97 76 
98 11 
98 30 
98 73 
98 121 
101 16 
103 6 
103 7 
103 9 
103 31 
103 44 
103 45 
103 63 
105 2 
105 31 
105 39 
105 97 
105 99 
105 156 
105 165 
105 166 
105 182 
106 99 
108 6 
108 22 
108 55 
108 76 
109 2 
109 6 
109 7 
109 8 
109 11 
109 15 
109 44 
109 62 
109 70 
109 71 
109 75 
109 82 
109 92 
109 104 
109 105 
109 113 
109 115 
109 119 
109 134 
109 138 
109 150 
109 158 
109 168 
109 212 
110 2 
110 6 
110 7 
110 9 
110 11 
110 27 
110 37 
110 44 
110 105 
110 158 
110 212 
112 103 
112 127 
112 128 
112 130 
112 178 
113 4 
113 13 
113 15 
113 22 
113 37 
113 40 
113 68 
113 69 
113 71 
113 92 
113 109 
113 146 
117 30 
117 121 
119 44 
119 54 
119 59 
119 158 
119 170 
119 173 
119 187 
120 130 
121 11 
121 30 
121 32 
121 42 
121 44 
121 62 
121 70 
121 73 
121 87 
121 98 
121 117 
124 21 
124 158 
125 158 
129 127 
130 14 
134 17 
136 6 
140 8 
141 25 
141 28 
146 7 
146 8 
146 25 
146 33 
146 89 
146 134 
146 158 
147 7 
147 9 
147 31 
147 39 
148 14 
148 36 
148 67 
148 158 
150 104 
150 115 
150 158 
153 7 
153 10 
153 34 
153 158 
155 190 
159 6 
162 134 
166 7 
166 9 
166 63 
167 158 
171 128 
172 134 
172 158 
173 157 
173 180 
174 134 
178 7 
178 9 
186 100 
186 146 
187 4 
187 22 
187 27 
187 170 
204 59 
