2 7 
2 10 
2 23 
2 26 
2 29 
2 31 
2 39 
2 99 
2 105 
2 134 
2 156 
2 158 
2 212 
3 4 
3 11 
3 14 
3 15 
3 21 
3 22 
3 27 
3 30 
3 32 
3 35 
3 36 
3 37 
3 42 
3 44 
3 58 
3 60 
3 63 
3 69 
3 80 
3 82 
3 84 
3 87 
3 88 
3 98 
3 102 
3 109 
4 3 
4 11 
4 13 
4 14 
4 15 
4 22 
4 27 
4 30 
4 35 
4 37 
4 40 
4 44 
4 52 
4 60 
4 63 
4 68 
4 69 
4 74 
4 82 
4 84 
5 4 
5 7 
5 9 
5 10 
5 11 
5 14 
5 15 
5 18 
5 21 
5 22 
5 23 
5 26 
5 27 
5 29 
5 31 
5 32 
5 33 
5 34 
5 35 
5 36 
5 37 
5 39 
5 40 
5 44 
5 45 
5 49 
5 51 
5 53 
5 55 
5 58 
5 60 
5 68 
5 76 
5 78 
5 80 
5 82 
5 86 
5 88 
5 94 
5 95 
5 109 
6 3 
6 4 
6 6 
6 7 
6 8 
6 9 
6 10 
6 11 
6 13 
6 14 
6 15 
6 18 
6 21 
6 22 
6 23 
6 26 
6 27 
6 29 
6 30 
6 31 
6 32 
6 33 
6 34 
6 35 
6 36 
6 37 
6 39 
6 42 
6 44 
6 45 
6 49 
6 51 
6 63 
6 69 
6 70 
6 73 
6 76 
6 78 
6 80 
6 82 
6 87 
6 89 
6 96 
6 103 
6 105 
6 108 
6 109 
6 112 
6 150 
6 182 
7 2 
7 3 
7 4 
7 6 
7 11 
7 13 
7 14 
7 15 
7 18 
7 19 
7 21 
7 22 
7 23 
7 25 
7 26 
7 27 
7 28 
7 29 
7 31 
7 32 
7 34 
7 35 
7 36 
7 37 
7 39 
7 44 
7 45 
7 52 
7 54 
7 55 
7 58 
7 59 
7 60 
7 63 
7 67 
7 70 
7 80 
7 82 
7 90 
7 92 
7 96 
7 99 
7 105 
7 109 
7 119 
7 127 
7 130 
7 146 
7 150 
7 156 
7 158 
7 159 
7 166 
7 168 
7 182 
7 187 
8 2 
8 6 
8 26 
8 34 
8 99 
8 109 
8 140 
9 2 
9 3 
9 4 
9 6 
9 8 
9 9 
9 10 
9 11 
9 13 
9 14 
9 15 
9 18 
9 19 
9 21 
9 22 
9 23 
9 25 
9 26 
9 27 
9 28 
9 29 
9 31 
9 32 
9 34 
9 35 
9 36 
9 37 
9 39 
9 44 
9 45 
9 52 
9 54 
9 55 
9 58 
9 59 
9 60 
9 63 
9 67 
9 70 
9 80 
9 82 
9 90 
9 92 
9 96 
9 105 
9 109 
9 119 
9 127 
9 130 
9 140 
9 146 
9 150 
9 156 
9 158 
9 159 
9 166 
9 168 
9 182 
9 187 
10 6 
10 8 
10 14 
10 18 
10 26 
10 27 
10 29 
10 34 
10 35 
10 36 
10 39 
10 44 
10 45 
10 55 
11 3 
11 13 
11 15 
11 21 
11 22 
11 27 
11 30 
11 36 
11 63 
11 69 
11 98 
11 102 
11 121 
12 78 
12 146 
12 158 
13 27 
13 98 
14 3 
14 4 
14 13 
14 15 
14 21 
14 22 
14 25 
14 27 
14 32 
14 35 
14 37 
14 42 
14 44 
14 45 
14 49 
14 68 
14 69 
14 74 
14 82 
14 84 
14 88 
14 96 
14 130 
14 156 
14 182 
15 3 
15 4 
15 6 
15 11 
15 13 
15 14 
15 21 
15 22 
15 26 
15 27 
15 30 
15 35 
15 36 
15 37 
15 40 
15 44 
15 60 
15 62 
15 63 
15 68 
15 69 
15 74 
15 80 
15 82 
15 84 
15 87 
15 88 
15 98 
15 121 
15 146 
16 76 
16 97 
17 2 
17 4 
17 6 
17 7 
17 10 
17 14 
17 15 
17 19 
17 25 
17 26 
17 29 
17 35 
17 36 
17 37 
17 44 
17 45 
17 54 
17 68 
17 71 
17 80 
17 105 
17 109 
17 110 
17 125 
17 133 
17 134 
17 150 
17 155 
17 158 
17 190 
18 3 
18 26 
19 6 
19 39 
21 44 
22 3 
22 4 
22 11 
22 13 
22 14 
22 15 
22 27 
22 29 
22 35 
22 36 
22 37 
22 40 
22 44 
22 58 
22 62 
22 68 
22 69 
22 78 
22 83 
22 84 
22 87 
22 88 
22 113 
22 148 
23 2 
23 4 
23 6 
23 7 
23 8 
23 10 
23 11 
23 14 
23 15 
23 16 
23 17 
23 26 
23 27 
23 29 
23 34 
23 36 
23 37 
23 44 
23 45 
23 67 
23 99 
23 102 
23 105 
23 134 
24 36 
24 44 
24 72 
25 158 
26 18 
26 28 
26 29 
26 34 
26 139 
26 150 
27 3 
27 4 
27 11 
27 13 
27 14 
27 15 
27 19 
27 21 
27 22 
27 26 
27 30 
27 35 
27 36 
27 37 
27 44 
27 45 
27 51 
27 60 
27 63 
27 68 
27 69 
27 80 
27 82 
27 84 
27 87 
27 88 
27 96 
27 98 
27 109 
27 113 
27 121 
27 130 
30 3 
30 15 
30 21 
30 44 
30 52 
30 63 
30 73 
30 87 
31 2 
31 6 
31 15 
31 16 
31 18 
31 29 
31 45 
31 87 
31 109 
31 134 
32 7 
32 9 
32 42 
34 18 
34 29 
34 212 
35 3 
35 14 
35 15 
35 16 
35 22 
35 26 
35 27 
35 53 
35 68 
35 80 
35 82 
35 96 
35 187 
36 11 
36 13 
36 14 
36 63 
37 3 
37 14 
37 15 
37 19 
37 22 
37 26 
37 39 
37 69 
37 70 
37 82 
39 3 
39 6 
39 11 
39 14 
39 15 
39 18 
39 27 
39 29 
39 34 
39 35 
39 37 
39 44 
39 45 
39 59 
39 80 
39 139 
39 156 
39 182 
40 27 
40 45 
42 3 
42 15 
42 22 
42 25 
42 27 
42 30 
42 32 
42 39 
42 40 
42 44 
42 63 
42 68 
42 69 
42 70 
42 82 
42 83 
42 87 
42 89 
42 117 
42 133 
43 6 
43 19 
43 92 
43 212 
44 11 
44 14 
44 15 
44 16 
44 19 
44 21 
44 22 
44 27 
44 30 
44 34 
44 35 
44 36 
44 62 
44 71 
44 80 
44 82 
44 87 
44 102 
44 148 
45 2 
45 3 
45 4 
45 6 
45 7 
45 8 
45 9 
45 10 
45 11 
45 13 
45 14 
45 15 
45 16 
45 18 
45 21 
45 22 
45 23 
45 26 
45 27 
45 29 
45 31 
45 32 
45 33 
45 34 
45 35 
45 36 
45 39 
45 40 
45 42 
45 44 
45 49 
45 55 
45 58 
45 66 
45 67 
45 68 
45 69 
45 70 
45 72 
45 75 
45 76 
45 77 
45 78 
45 79 
45 82 
45 83 
45 84 
45 88 
45 89 
45 91 
45 94 
45 96 
45 97 
45 102 
45 103 
45 108 
45 109 
45 112 
45 113 
45 120 
45 127 
45 128 
45 130 
45 134 
45 158 
45 178 
45 182 
47 6 
47 29 
47 44 
47 45 
47 63 
49 3 
49 5 
49 6 
49 7 
49 9 
49 10 
49 14 
49 16 
49 18 
49 19 
49 22 
49 23 
49 26 
49 27 
49 29 
49 34 
49 35 
49 36 
49 39 
49 40 
49 42 
49 44 
49 45 
49 49 
49 55 
49 68 
49 70 
49 88 
49 89 
49 91 
49 94 
49 95 
49 96 
49 108 
51 77 
51 86 
52 18 
52 22 
52 68 
52 84 
52 148 
55 66 
55 108 
58 45 
60 22 
60 51 
60 63 
60 68 
60 69 
60 86 
62 22 
63 3 
63 11 
63 15 
63 30 
63 37 
63 42 
63 73 
63 84 
63 87 
63 121 
67 71 
68 52 
68 62 
68 70 
68 87 
69 3 
69 4 
69 15 
69 22 
69 27 
69 37 
69 51 
69 60 
69 63 
69 84 
69 87 
69 88 
71 44 
71 92 
71 113 
73 11 
73 98 
73 121 
74 4 
74 15 
74 37 
74 80 
75 40 
75 71 
75 113 
75 115 
75 168 
76 45 
78 35 
79 16 
79 97 
81 55 
82 35 
82 53 
83 22 
83 32 
83 40 
83 52 
83 68 
83 84 
83 133 
84 3 
84 22 
84 37 
84 44 
84 52 
84 62 
84 63 
84 69 
84 87 
84 89 
86 3 
86 4 
86 15 
86 22 
86 32 
86 42 
86 51 
86 60 
86 63 
86 68 
86 77 
86 83 
86 84 
86 87 
86 88 
86 90 
87 3 
87 15 
87 63 
87 69 
87 84 
87 98 
88 3 
88 22 
88 27 
88 69 
89 146 
92 71 
93 33 
93 42 
93 48 
93 49 
93 83 
95 7 
95 10 
95 16 
95 55 
95 94 
95 108 
96 6 
96 7 
96 9 
96 45 
96 49 
98 13 
105 26 
107 4 
107 5 
107 14 
107 15 
107 19 
107 22 
107 23 
107 27 
107 32 
107 33 
107 35 
107 39 
107 40 
107 44 
107 49 
107 55 
107 68 
107 70 
107 76 
107 78 
107 82 
107 88 
107 89 
107 108 
108 35 
109 7 
109 10 
109 26 
109 96 
109 104 
109 109 
109 110 
109 113 
109 138 
109 168 
110 4 
110 6 
110 11 
110 14 
110 15 
110 22 
110 37 
113 18 
113 71 
113 92 
114 7 
114 9 
114 15 
114 18 
114 27 
114 32 
114 40 
114 45 
114 91 
115 71 
115 75 
115 109 
115 138 
115 168 
119 59 
119 173 
121 73 
121 98 
124 21 
124 23 
124 109 
130 27 
132 14 
137 55 
139 39 
147 23 
150 14 
153 7 
153 9 
153 10 
153 29 
153 34 
153 39 
154 138 
170 119 
172 158 
173 27 
173 35 
173 59 
173 119 
180 173 
