1 2 
1 6 
1 15 
1 17 
1 27 
1 28 
1 45 
2 2 
2 6 
2 7 
2 8 
2 9 
2 10 
2 11 
2 13 
2 14 
2 15 
2 16 
2 17 
2 18 
2 21 
2 23 
2 25 
2 26 
2 27 
2 28 
2 29 
2 30 
2 31 
2 32 
2 33 
2 34 
2 36 
2 37 
2 39 
2 40 
2 42 
2 44 
2 45 
2 67 
2 70 
2 76 
2 80 
2 84 
2 99 
2 102 
2 105 
2 108 
2 109 
2 110 
2 125 
2 133 
2 134 
2 139 
2 146 
2 150 
2 155 
2 156 
2 158 
2 165 
2 166 
2 182 
2 212 
3 2 
3 4 
3 6 
3 7 
3 8 
3 9 
3 10 
3 11 
3 13 
3 14 
3 15 
3 17 
3 22 
3 23 
3 27 
3 29 
3 30 
3 31 
3 32 
3 34 
3 35 
3 36 
3 37 
3 40 
3 42 
3 44 
3 45 
3 48 
3 51 
3 52 
3 60 
3 62 
3 63 
3 68 
3 69 
3 70 
3 71 
3 73 
3 74 
3 76 
3 77 
3 80 
3 82 
3 83 
3 84 
3 86 
3 87 
3 88 
3 90 
3 92 
3 94 
3 98 
3 102 
3 109 
3 110 
3 116 
3 117 
3 121 
3 130 
3 133 
3 148 
3 158 
3 182 
4 2 
4 3 
4 5 
4 6 
4 7 
4 8 
4 9 
4 10 
4 11 
4 13 
4 14 
4 15 
4 17 
4 18 
4 21 
4 22 
4 23 
4 25 
4 26 
4 27 
4 29 
4 30 
4 31 
4 32 
4 33 
4 34 
4 35 
4 36 
4 37 
4 39 
4 40 
4 42 
4 44 
4 45 
4 49 
4 51 
4 52 
4 53 
4 54 
4 57 
4 58 
4 59 
4 60 
4 62 
4 63 
4 67 
4 68 
4 69 
4 70 
4 71 
4 72 
4 73 
4 74 
4 76 
4 77 
4 78 
4 80 
4 82 
4 83 
4 84 
4 86 
4 87 
4 88 
4 90 
4 91 
4 96 
4 97 
4 98 
4 102 
4 104 
4 105 
4 108 
4 109 
4 112 
4 116 
4 117 
4 119 
4 121 
4 125 
4 134 
4 146 
4 148 
4 150 
4 156 
4 157 
4 158 
4 159 
4 166 
4 168 
4 173 
4 180 
4 181 
4 182 
4 187 
4 212 
4 213 
5 2 
5 4 
5 6 
5 7 
5 8 
5 9 
5 10 
5 14 
5 15 
5 16 
5 18 
5 19 
5 22 
5 23 
5 25 
5 26 
5 27 
5 31 
5 32 
5 34 
5 35 
5 36 
5 37 
5 39 
5 44 
5 45 
5 49 
5 53 
5 55 
5 60 
5 63 
5 70 
5 76 
5 78 
5 80 
5 82 
5 86 
5 87 
5 91 
5 94 
5 95 
5 96 
5 102 
5 103 
5 104 
5 105 
5 108 
5 109 
5 112 
5 117 
5 120 
5 128 
5 130 
5 133 
5 134 
5 155 
5 156 
5 158 
5 182 
6 2 
6 3 
6 4 
6 5 
6 6 
6 7 
6 8 
6 9 
6 10 
6 11 
6 13 
6 14 
6 15 
6 18 
6 21 
6 22 
6 23 
6 25 
6 26 
6 27 
6 29 
6 30 
6 31 
6 32 
6 33 
6 34 
6 35 
6 36 
6 37 
6 39 
6 40 
6 44 
6 45 
6 52 
6 58 
6 60 
6 62 
6 63 
6 68 
6 70 
6 73 
6 76 
6 79 
6 80 
6 86 
6 96 
6 97 
6 102 
6 103 
6 104 
6 105 
6 109 
6 110 
6 112 
6 117 
6 119 
6 120 
6 121 
6 125 
6 127 
6 128 
6 134 
6 136 
6 156 
6 158 
6 178 
7 2 
7 3 
7 4 
7 5 
7 6 
7 11 
7 13 
7 14 
7 15 
7 16 
7 17 
7 18 
7 19 
7 21 
7 22 
7 23 
7 25 
7 26 
7 27 
7 28 
7 29 
7 30 
7 31 
7 32 
7 33 
7 34 
7 35 
7 36 
7 37 
7 39 
7 40 
7 42 
7 44 
7 45 
7 48 
7 49 
7 51 
7 52 
7 54 
7 55 
7 58 
7 59 
7 60 
7 62 
7 63 
7 66 
7 67 
7 68 
7 69 
7 70 
7 71 
7 72 
7 73 
7 75 
7 76 
7 77 
7 78 
7 79 
7 80 
7 82 
7 83 
7 84 
7 86 
7 87 
7 88 
7 90 
7 91 
7 92 
7 95 
7 96 
7 97 
7 98 
7 99 
7 100 
7 102 
7 103 
7 104 
7 105 
7 108 
7 109 
7 110 
7 112 
7 116 
7 117 
7 119 
7 120 
7 121 
7 125 
7 127 
7 128 
7 130 
7 133 
7 134 
7 136 
7 138 
7 139 
7 146 
7 148 
7 150 
7 155 
7 156 
7 157 
7 158 
7 159 
7 165 
7 166 
7 180 
7 182 
7 187 
7 212 
7 213 
8 2 
8 4 
8 6 
8 9 
8 10 
8 14 
8 15 
8 16 
8 18 
8 21 
8 23 
8 26 
8 27 
8 29 
8 31 
8 34 
8 36 
8 39 
8 44 
8 45 
8 63 
8 70 
8 76 
8 77 
8 80 
8 99 
8 103 
8 104 
8 105 
8 108 
8 109 
8 112 
8 127 
8 130 
8 139 
8 140 
8 150 
8 156 
8 166 
8 182 
8 212 
9 2 
9 3 
9 4 
9 5 
9 6 
9 8 
9 9 
9 10 
9 11 
9 13 
9 14 
9 15 
9 16 
9 17 
9 18 
9 19 
9 21 
9 22 
9 23 
9 25 
9 26 
9 27 
9 28 
9 29 
9 30 
9 31 
9 32 
9 33 
9 34 
9 35 
9 36 
9 37 
9 39 
9 40 
9 42 
9 44 
9 45 
9 48 
9 49 
9 51 
9 52 
9 54 
9 55 
9 58 
9 59 
9 60 
9 62 
9 63 
9 66 
9 67 
9 68 
9 69 
9 70 
9 71 
9 72 
9 73 
9 75 
9 76 
9 77 
9 78 
9 79 
9 80 
9 82 
9 83 
9 84 
9 86 
9 87 
9 88 
9 90 
9 91 
9 92 
9 95 
9 96 
9 97 
9 98 
9 99 
9 100 
9 102 
9 103 
9 104 
9 105 
9 108 
9 109 
9 110 
9 112 
9 116 
9 117 
9 119 
9 120 
9 121 
9 125 
9 127 
9 128 
9 130 
9 133 
9 134 
9 136 
9 138 
9 139 
9 140 
9 146 
9 148 
9 150 
9 156 
9 157 
9 158 
9 159 
9 165 
9 166 
9 180 
9 182 
9 187 
9 212 
9 213 
10 2 
10 3 
10 4 
10 5 
10 6 
10 8 
10 9 
10 11 
10 14 
10 15 
10 16 
10 17 
10 18 
10 22 
10 23 
10 26 
10 27 
10 29 
10 31 
10 32 
10 34 
10 35 
10 36 
10 37 
10 39 
10 40 
10 44 
10 45 
10 49 
10 62 
10 70 
10 76 
10 77 
10 80 
10 82 
10 95 
10 96 
10 99 
10 102 
10 105 
10 108 
10 109 
10 116 
10 120 
10 136 
10 139 
10 140 
10 155 
10 156 
10 182 
10 187 
11 2 
11 3 
11 4 
11 5 
11 6 
11 7 
11 8 
11 9 
11 10 
11 13 
11 14 
11 15 
11 17 
11 19 
11 21 
11 22 
11 23 
11 26 
11 27 
11 28 
11 30 
11 31 
11 32 
11 34 
11 35 
11 36 
11 37 
11 39 
11 40 
11 42 
11 44 
11 45 
11 59 
11 60 
11 62 
11 63 
11 67 
11 68 
11 72 
11 73 
11 74 
11 76 
11 80 
11 82 
11 83 
11 84 
11 86 
11 98 
11 102 
11 103 
11 105 
11 109 
11 116 
11 117 
11 121 
11 133 
11 134 
11 148 
11 155 
11 168 
11 212 
12 2 
12 3 
12 4 
12 6 
12 7 
12 8 
12 9 
12 10 
12 11 
12 14 
12 15 
12 18 
12 22 
12 23 
12 25 
12 26 
12 27 
12 30 
12 32 
12 33 
12 34 
12 35 
12 36 
12 40 
12 42 
12 44 
12 45 
12 51 
12 54 
12 59 
12 62 
12 67 
12 68 
12 70 
12 71 
12 75 
12 76 
12 78 
12 82 
12 86 
12 87 
12 89 
12 91 
12 92 
12 104 
12 109 
12 113 
12 115 
12 117 
12 118 
12 119 
12 125 
12 134 
12 146 
12 148 
12 150 
12 158 
12 168 
12 181 
12 187 
12 212 
12 213 
13 3 
13 4 
13 6 
13 7 
13 9 
13 11 
13 14 
13 15 
13 22 
13 23 
13 26 
13 27 
13 30 
13 31 
13 32 
13 34 
13 35 
13 36 
13 37 
13 44 
13 60 
13 68 
13 69 
13 73 
13 80 
13 82 
13 83 
13 86 
13 98 
13 121 
14 2 
14 3 
14 4 
14 5 
14 6 
14 7 
14 8 
14 9 
14 10 
14 11 
14 13 
14 15 
14 17 
14 18 
14 19 
14 21 
14 22 
14 23 
14 25 
14 26 
14 27 
14 28 
14 29 
14 30 
14 31 
14 32 
14 33 
14 34 
14 35 
14 36 
14 37 
14 39 
14 40 
14 42 
14 44 
14 45 
14 49 
14 51 
14 52 
14 53 
14 54 
14 55 
14 57 
14 58 
14 59 
14 60 
14 62 
14 63 
14 67 
14 68 
14 69 
14 70 
14 71 
14 73 
14 74 
14 76 
14 77 
14 78 
14 80 
14 82 
14 83 
14 84 
14 86 
14 87 
14 88 
14 91 
14 92 
14 94 
14 96 
14 97 
14 98 
14 100 
14 102 
14 104 
14 105 
14 108 
14 109 
14 110 
14 112 
14 116 
14 117 
14 118 
14 119 
14 121 
14 125 
14 128 
14 134 
14 139 
14 146 
14 148 
14 150 
14 156 
14 157 
14 158 
14 166 
14 170 
14 173 
14 178 
14 180 
14 182 
14 187 
14 212 
14 213 
15 2 
15 3 
15 4 
15 5 
15 6 
15 7 
15 8 
15 9 
15 10 
15 11 
15 13 
15 14 
15 16 
15 17 
15 18 
15 19 
15 21 
15 22 
15 23 
15 25 
15 26 
15 27 
15 28 
15 29 
15 30 
15 31 
15 32 
15 33 
15 34 
15 35 
15 36 
15 37 
15 39 
15 40 
15 42 
15 44 
15 45 
15 48 
15 49 
15 51 
15 52 
15 55 
15 58 
15 59 
15 60 
15 62 
15 63 
15 66 
15 67 
15 68 
15 69 
15 70 
15 71 
15 72 
15 73 
15 74 
15 76 
15 77 
15 79 
15 80 
15 82 
15 83 
15 84 
15 86 
15 87 
15 88 
15 90 
15 91 
15 94 
15 95 
15 96 
15 97 
15 98 
15 100 
15 102 
15 105 
15 108 
15 109 
15 110 
15 113 
15 116 
15 117 
15 119 
15 121 
15 130 
15 133 
15 134 
15 148 
15 150 
15 155 
15 156 
15 158 
15 168 
15 180 
15 182 
15 187 
15 193 
15 212 
16 2 
16 4 
16 6 
16 7 
16 10 
16 13 
16 14 
16 15 
16 22 
16 23 
16 27 
16 35 
16 40 
16 44 
16 45 
16 58 
16 76 
16 78 
16 79 
16 80 
16 86 
16 96 
16 97 
16 109 
16 112 
16 136 
16 156 
17 2 
17 3 
17 4 
17 5 
17 6 
17 7 
17 8 
17 9 
17 10 
17 11 
17 13 
17 14 
17 15 
17 18 
17 19 
17 21 
17 22 
17 23 
17 25 
17 26 
17 27 
17 29 
17 30 
17 31 
17 32 
17 33 
17 34 
17 35 
17 36 
17 37 
17 39 
17 40 
17 42 
17 44 
17 45 
17 49 
17 52 
17 54 
17 55 
17 59 
17 62 
17 63 
17 69 
17 70 
17 71 
17 75 
17 76 
17 77 
17 78 
17 80 
17 82 
17 83 
17 89 
17 90 
17 91 
17 92 
17 99 
17 102 
17 105 
17 109 
17 110 
17 112 
17 113 
17 117 
17 119 
17 125 
17 128 
17 134 
17 138 
17 146 
17 150 
17 155 
17 156 
17 158 
17 182 
17 190 
17 212 
18 2 
18 4 
18 6 
18 7 
18 8 
18 9 
18 10 
18 11 
18 13 
18 14 
18 15 
18 18 
18 23 
18 26 
18 27 
18 29 
18 31 
18 34 
18 35 
18 36 
18 39 
18 44 
18 45 
18 49 
18 59 
18 60 
18 68 
18 69 
18 70 
18 71 
18 76 
18 80 
18 82 
18 91 
18 112 
18 125 
18 134 
18 146 
18 150 
18 155 
18 158 
18 166 
18 182 
18 193 
18 212 
19 2 
19 3 
19 6 
19 7 
19 10 
19 11 
19 15 
19 18 
19 23 
19 25 
19 27 
19 32 
19 36 
19 37 
19 44 
19 45 
19 51 
19 60 
19 67 
19 72 
19 77 
19 91 
19 105 
19 116 
19 125 
19 133 
19 134 
19 158 
20 6 
20 25 
20 36 
20 40 
21 4 
21 6 
21 11 
21 14 
21 22 
21 26 
21 27 
21 30 
21 35 
21 36 
21 44 
21 45 
21 48 
21 51 
21 62 
21 63 
21 68 
21 73 
21 74 
21 82 
21 87 
21 148 
21 158 
22 2 
22 3 
22 4 
22 5 
22 6 
22 7 
22 8 
22 9 
22 10 
22 11 
22 13 
22 14 
22 15 
22 16 
22 17 
22 18 
22 19 
22 21 
22 23 
22 25 
22 26 
22 27 
22 28 
22 29 
22 30 
22 31 
22 32 
22 33 
22 34 
22 35 
22 36 
22 37 
22 39 
22 40 
22 42 
22 44 
22 45 
22 48 
22 49 
22 51 
22 52 
22 53 
22 54 
22 55 
22 57 
22 58 
22 59 
22 60 
22 62 
22 63 
22 66 
22 67 
22 68 
22 69 
22 70 
22 71 
22 73 
22 74 
22 76 
22 77 
22 78 
22 80 
22 82 
22 83 
22 84 
22 86 
22 87 
22 88 
22 90 
22 91 
22 92 
22 94 
22 95 
22 96 
22 97 
22 98 
22 100 
22 102 
22 104 
22 105 
22 108 
22 109 
22 110 
22 112 
22 113 
22 116 
22 117 
22 119 
22 121 
22 125 
22 128 
22 133 
22 134 
22 146 
22 148 
22 150 
22 155 
22 156 
22 157 
22 158 
22 182 
22 187 
22 193 
22 212 
23 2 
23 3 
23 4 
23 5 
23 6 
23 7 
23 8 
23 9 
23 10 
23 13 
23 14 
23 15 
23 17 
23 18 
23 22 
23 25 
23 26 
23 27 
23 28 
23 30 
23 31 
23 32 
23 34 
23 35 
23 36 
23 37 
23 39 
23 44 
23 45 
23 62 
23 63 
23 68 
23 70 
23 76 
23 80 
23 82 
23 83 
23 86 
23 88 
23 99 
23 102 
23 105 
23 108 
23 134 
23 150 
24 44 
24 117 
25 2 
25 3 
25 4 
25 5 
25 6 
25 11 
25 14 
25 15 
25 22 
25 25 
25 30 
25 33 
25 36 
25 37 
25 42 
25 44 
25 45 
25 49 
25 55 
25 57 
25 62 
25 68 
25 76 
25 78 
25 80 
25 84 
25 87 
25 89 
25 91 
25 94 
25 104 
25 105 
25 119 
25 125 
25 134 
25 146 
25 157 
25 158 
25 170 
25 173 
25 187 
26 2 
26 4 
26 6 
26 7 
26 8 
26 9 
26 10 
26 14 
26 15 
26 17 
26 18 
26 21 
26 23 
26 27 
26 28 
26 29 
26 31 
26 34 
26 36 
26 37 
26 39 
26 44 
26 45 
26 67 
26 71 
26 75 
26 96 
26 99 
26 105 
26 109 
26 110 
26 113 
26 119 
26 125 
26 134 
26 139 
26 150 
26 155 
26 156 
26 158 
26 166 
26 182 
26 212 
27 2 
27 3 
27 4 
27 6 
27 7 
27 8 
27 9 
27 10 
27 11 
27 13 
27 14 
27 15 
27 17 
27 19 
27 21 
27 22 
27 23 
27 25 
27 26 
27 29 
27 30 
27 31 
27 32 
27 33 
27 34 
27 35 
27 36 
27 37 
27 39 
27 40 
27 42 
27 44 
27 45 
27 52 
27 53 
27 54 
27 57 
27 59 
27 60 
27 62 
27 63 
27 67 
27 68 
27 69 
27 70 
27 73 
27 74 
27 76 
27 78 
27 80 
27 82 
27 83 
27 84 
27 86 
27 87 
27 88 
27 90 
27 96 
27 98 
27 100 
27 102 
27 104 
27 105 
27 109 
27 110 
27 112 
27 113 
27 119 
27 120 
27 121 
27 125 
27 127 
27 130 
27 133 
27 134 
27 146 
27 148 
27 150 
27 156 
27 158 
27 159 
27 173 
27 182 
27 187 
27 212 
27 213 
28 2 
28 6 
28 14 
28 15 
28 21 
28 22 
28 25 
28 31 
28 34 
28 36 
28 40 
28 44 
28 45 
28 72 
28 78 
28 80 
28 92 
28 99 
28 105 
28 109 
28 115 
28 125 
28 134 
28 158 
28 212 
29 2 
29 3 
29 4 
29 5 
29 6 
29 7 
29 8 
29 9 
29 10 
29 11 
29 13 
29 14 
29 15 
29 17 
29 18 
29 19 
29 21 
29 22 
29 23 
29 25 
29 26 
29 27 
29 28 
29 30 
29 31 
29 32 
29 33 
29 34 
29 35 
29 36 
29 37 
29 39 
29 40 
29 42 
29 44 
29 45 
29 49 
29 60 
29 62 
29 63 
29 68 
29 70 
29 73 
29 76 
29 78 
29 80 
29 82 
29 84 
29 86 
29 87 
29 90 
29 95 
29 96 
29 98 
29 102 
29 103 
29 105 
29 109 
29 112 
29 115 
29 116 
29 117 
29 121 
29 127 
29 128 
29 134 
29 140 
29 146 
29 150 
29 158 
29 182 
30 2 
30 3 
30 4 
30 5 
30 6 
30 7 
30 9 
30 10 
30 11 
30 13 
30 14 
30 15 
30 19 
30 21 
30 22 
30 23 
30 27 
30 29 
30 31 
30 32 
30 33 
30 35 
30 36 
30 37 
30 39 
30 42 
30 44 
30 45 
30 49 
30 51 
30 52 
30 60 
30 62 
30 63 
30 67 
30 68 
30 69 
30 70 
30 71 
30 73 
30 74 
30 78 
30 80 
30 83 
30 84 
30 86 
30 87 
30 88 
30 90 
30 96 
30 98 
30 100 
30 102 
30 105 
30 109 
30 112 
30 116 
30 117 
30 121 
30 125 
30 133 
30 134 
30 148 
30 150 
30 156 
30 158 
30 182 
31 2 
31 3 
31 5 
31 6 
31 7 
31 8 
31 9 
31 10 
31 14 
31 15 
31 18 
31 23 
31 26 
31 27 
31 29 
31 30 
31 32 
31 34 
31 37 
31 39 
31 44 
31 45 
31 63 
31 70 
31 72 
31 73 
31 76 
31 80 
31 83 
31 92 
31 96 
31 100 
31 105 
31 109 
31 112 
31 125 
31 133 
31 139 
31 155 
32 2 
32 3 
32 6 
32 7 
32 9 
32 10 
32 11 
32 13 
32 14 
32 15 
32 22 
32 23 
32 27 
32 30 
32 36 
32 37 
32 42 
32 45 
32 60 
32 66 
32 68 
32 70 
32 72 
32 73 
32 78 
32 80 
32 83 
32 88 
32 98 
32 100 
32 105 
32 116 
32 117 
32 121 
32 133 
33 2 
33 6 
33 11 
33 14 
33 17 
33 19 
33 21 
33 25 
33 26 
33 29 
33 34 
33 35 
33 44 
33 45 
33 67 
33 109 
33 119 
33 125 
33 134 
33 146 
33 158 
33 212 
33 213 
34 2 
34 6 
34 7 
34 8 
34 9 
34 10 
34 14 
34 17 
34 18 
34 26 
34 27 
34 28 
34 29 
34 31 
34 36 
34 37 
34 39 
34 44 
34 45 
34 66 
34 67 
34 71 
34 80 
34 99 
34 104 
34 105 
34 109 
34 110 
34 130 
34 134 
34 139 
34 150 
34 156 
34 166 
34 182 
34 212 
34 213 
35 2 
35 3 
35 4 
35 5 
35 6 
35 7 
35 8 
35 9 
35 10 
35 11 
35 13 
35 14 
35 15 
35 16 
35 17 
35 19 
35 21 
35 22 
35 23 
35 25 
35 26 
35 27 
35 28 
35 29 
35 30 
35 31 
35 32 
35 33 
35 34 
35 36 
35 37 
35 39 
35 40 
35 42 
35 44 
35 45 
35 48 
35 49 
35 51 
35 52 
35 53 
35 54 
35 55 
35 58 
35 59 
35 60 
35 62 
35 63 
35 66 
35 67 
35 68 
35 69 
35 70 
35 71 
35 73 
35 74 
35 76 
35 77 
35 78 
35 79 
35 80 
35 82 
35 83 
35 84 
35 86 
35 87 
35 88 
35 90 
35 91 
35 94 
35 95 
35 96 
35 97 
35 98 
35 102 
35 103 
35 104 
35 105 
35 108 
35 109 
35 110 
35 113 
35 116 
35 117 
35 119 
35 121 
35 125 
35 134 
35 146 
35 148 
35 150 
35 155 
35 156 
35 157 
35 158 
35 180 
35 182 
35 187 
35 193 
35 212 
35 213 
36 2 
36 3 
36 4 
36 6 
36 7 
36 8 
36 9 
36 10 
36 11 
36 13 
36 14 
36 15 
36 22 
36 23 
36 26 
36 27 
36 30 
36 31 
36 32 
36 34 
36 35 
36 37 
36 40 
36 44 
36 45 
36 51 
36 60 
36 62 
36 63 
36 68 
36 69 
36 70 
36 73 
36 74 
36 80 
36 82 
36 84 
36 86 
36 87 
36 88 
36 98 
36 102 
36 105 
36 121 
36 146 
36 148 
36 156 
36 178 
36 182 
37 2 
37 3 
37 4 
37 5 
37 6 
37 7 
37 8 
37 9 
37 10 
37 13 
37 14 
37 15 
37 17 
37 18 
37 19 
37 22 
37 23 
37 25 
37 26 
37 27 
37 29 
37 30 
37 31 
37 32 
37 33 
37 34 
37 35 
37 39 
37 40 
37 42 
37 44 
37 45 
37 52 
37 53 
37 55 
37 59 
37 60 
37 63 
37 68 
37 69 
37 70 
37 74 
37 76 
37 80 
37 82 
37 84 
37 86 
37 87 
37 96 
37 102 
37 105 
37 108 
37 109 
37 110 
37 117 
37 125 
37 130 
37 133 
37 134 
37 136 
37 150 
37 156 
37 158 
37 182 
37 212 
38 32 
38 117 
39 2 
39 3 
39 4 
39 5 
39 6 
39 7 
39 8 
39 9 
39 10 
39 11 
39 13 
39 14 
39 15 
39 17 
39 18 
39 19 
39 21 
39 22 
39 23 
39 25 
39 26 
39 27 
39 28 
39 29 
39 30 
39 31 
39 32 
39 33 
39 34 
39 35 
39 36 
39 37 
39 39 
39 40 
39 42 
39 44 
39 45 
39 49 
39 51 
39 52 
39 55 
39 58 
39 59 
39 60 
39 62 
39 63 
39 66 
39 67 
39 68 
39 69 
39 70 
39 71 
39 72 
39 73 
39 76 
39 77 
39 78 
39 79 
39 80 
39 82 
39 83 
39 84 
39 86 
39 87 
39 88 
39 89 
39 90 
39 91 
39 94 
39 95 
39 96 
39 98 
39 99 
39 102 
39 103 
39 104 
39 105 
39 108 
39 109 
39 110 
39 112 
39 116 
39 117 
39 121 
39 125 
39 128 
39 130 
39 133 
39 134 
39 139 
39 140 
39 146 
39 148 
39 150 
39 155 
39 156 
39 158 
39 165 
39 178 
39 182 
39 187 
39 190 
39 212 
39 213 
40 2 
40 3 
40 4 
40 5 
40 6 
40 7 
40 8 
40 9 
40 10 
40 11 
40 13 
40 14 
40 15 
40 17 
40 18 
40 19 
40 21 
40 22 
40 23 
40 25 
40 26 
40 27 
40 28 
40 30 
40 31 
40 32 
40 33 
40 34 
40 35 
40 36 
40 37 
40 39 
40 42 
40 44 
40 45 
40 48 
40 51 
40 52 
40 55 
40 58 
40 59 
40 60 
40 63 
40 68 
40 69 
40 70 
40 72 
40 73 
40 76 
40 77 
40 78 
40 80 
40 82 
40 83 
40 84 
40 86 
40 87 
40 88 
40 90 
40 91 
40 98 
40 100 
40 102 
40 105 
40 109 
40 110 
40 112 
40 117 
40 121 
40 130 
40 133 
40 134 
40 146 
40 150 
40 156 
40 157 
40 158 
40 182 
40 187 
40 213 
42 2 
42 3 
42 4 
42 6 
42 7 
42 9 
42 11 
42 13 
42 14 
42 15 
42 22 
42 23 
42 27 
42 30 
42 32 
42 36 
42 37 
42 45 
42 51 
42 60 
42 63 
42 69 
42 70 
42 72 
42 73 
42 83 
42 84 
42 87 
42 88 
42 98 
42 100 
42 105 
42 116 
42 117 
42 121 
42 133 
43 2 
43 4 
43 6 
43 7 
43 9 
43 15 
43 17 
43 18 
43 19 
43 25 
43 26 
43 29 
43 31 
43 34 
43 36 
43 39 
43 44 
43 45 
43 54 
43 59 
43 67 
43 71 
43 75 
43 78 
43 91 
43 92 
43 104 
43 105 
43 109 
43 110 
43 113 
43 115 
43 119 
43 125 
43 133 
43 134 
43 150 
43 155 
43 158 
43 159 
43 173 
43 181 
43 187 
43 193 
43 212 
44 2 
44 3 
44 4 
44 5 
44 6 
44 7 
44 8 
44 9 
44 10 
44 11 
44 13 
44 14 
44 15 
44 17 
44 21 
44 22 
44 23 
44 25 
44 26 
44 27 
44 28 
44 29 
44 30 
44 31 
44 32 
44 34 
44 35 
44 36 
44 37 
44 39 
44 40 
44 42 
44 45 
44 48 
44 49 
44 51 
44 59 
44 60 
44 62 
44 63 
44 67 
44 68 
44 69 
44 70 
44 71 
44 73 
44 74 
44 76 
44 78 
44 80 
44 82 
44 83 
44 84 
44 86 
44 87 
44 88 
44 92 
44 95 
44 96 
44 99 
44 102 
44 103 
44 105 
44 109 
44 112 
44 113 
44 115 
44 119 
44 120 
44 121 
44 125 
44 128 
44 134 
44 136 
44 146 
44 148 
44 150 
44 155 
44 156 
44 157 
44 158 
44 168 
44 170 
44 178 
44 180 
44 182 
44 193 
44 212 
45 2 
45 3 
45 4 
45 5 
45 6 
45 7 
45 8 
45 9 
45 10 
45 11 
45 13 
45 14 
45 15 
45 16 
45 17 
45 18 
45 21 
45 22 
45 23 
45 25 
45 26 
45 27 
45 28 
45 29 
45 30 
45 31 
45 32 
45 33 
45 34 
45 35 
45 36 
45 37 
45 39 
45 40 
45 42 
45 44 
45 48 
45 49 
45 51 
45 52 
45 53 
45 54 
45 55 
45 58 
45 59 
45 60 
45 62 
45 63 
45 66 
45 67 
45 68 
45 69 
45 70 
45 71 
45 76 
45 77 
45 78 
45 79 
45 80 
45 82 
45 84 
45 86 
45 87 
45 88 
45 90 
45 92 
45 94 
45 95 
45 96 
45 97 
45 98 
45 99 
45 102 
45 103 
45 105 
45 108 
45 109 
45 110 
45 112 
45 113 
45 116 
45 117 
45 119 
45 120 
45 121 
45 125 
45 127 
45 128 
45 130 
45 134 
45 136 
45 139 
45 140 
45 146 
45 148 
45 150 
45 155 
45 156 
45 158 
45 165 
45 166 
45 168 
45 170 
45 173 
45 178 
45 182 
45 212 
46 32 
46 72 
46 105 
46 117 
46 133 
47 2 
47 3 
47 4 
47 5 
47 6 
47 7 
47 8 
47 9 
47 10 
47 11 
47 13 
47 14 
47 15 
47 17 
47 18 
47 22 
47 23 
47 26 
47 27 
47 29 
47 30 
47 31 
47 32 
47 34 
47 35 
47 36 
47 37 
47 39 
47 42 
47 44 
47 45 
47 52 
47 59 
47 60 
47 63 
47 76 
47 77 
47 78 
47 80 
47 84 
47 86 
47 96 
47 98 
47 100 
47 102 
47 103 
47 105 
47 110 
47 117 
47 125 
47 133 
47 134 
47 139 
47 150 
47 156 
47 168 
47 182 
48 45 
48 69 
48 86 
49 2 
49 4 
49 5 
49 6 
49 7 
49 9 
49 10 
49 11 
49 14 
49 15 
49 16 
49 22 
49 23 
49 25 
49 27 
49 29 
49 30 
49 31 
49 32 
49 34 
49 35 
49 37 
49 39 
49 40 
49 44 
49 45 
49 49 
49 53 
49 55 
49 60 
49 62 
49 66 
49 68 
49 70 
49 76 
49 77 
49 80 
49 84 
49 86 
49 94 
49 95 
49 96 
49 97 
49 102 
49 103 
49 105 
49 108 
49 109 
49 115 
49 117 
49 127 
49 128 
49 133 
49 158 
51 2 
51 3 
51 4 
51 6 
51 14 
51 15 
51 22 
51 27 
51 30 
51 36 
51 37 
51 40 
51 45 
51 52 
51 60 
51 63 
51 68 
51 77 
51 86 
51 88 
51 90 
52 2 
52 3 
52 4 
52 5 
52 6 
52 7 
52 9 
52 10 
52 11 
52 14 
52 15 
52 22 
52 23 
52 25 
52 27 
52 29 
52 30 
52 32 
52 35 
52 36 
52 37 
52 39 
52 40 
52 42 
52 44 
52 45 
52 48 
52 51 
52 60 
52 62 
52 63 
52 68 
52 69 
52 70 
52 73 
52 76 
52 77 
52 78 
52 84 
52 86 
52 87 
52 88 
52 90 
52 98 
52 100 
52 105 
52 109 
52 116 
52 117 
52 121 
52 125 
52 133 
52 150 
54 6 
54 14 
54 22 
54 37 
54 45 
55 2 
55 4 
55 6 
55 7 
55 9 
55 10 
55 11 
55 14 
55 15 
55 16 
55 22 
55 23 
55 25 
55 27 
55 31 
55 32 
55 35 
55 37 
55 42 
55 44 
55 45 
55 49 
55 55 
55 58 
55 66 
55 68 
55 75 
55 76 
55 80 
55 82 
55 94 
55 96 
55 97 
55 103 
55 105 
55 108 
55 109 
55 112 
55 115 
55 127 
55 128 
57 14 
58 2 
58 4 
58 6 
58 7 
58 9 
58 10 
58 11 
58 13 
58 14 
58 15 
58 16 
58 18 
58 22 
58 23 
58 25 
58 26 
58 27 
58 29 
58 30 
58 31 
58 32 
58 34 
58 35 
58 36 
58 37 
58 40 
58 42 
58 44 
58 45 
58 59 
58 60 
58 69 
58 70 
58 76 
58 78 
58 79 
58 80 
58 86 
58 94 
58 96 
58 97 
58 103 
58 109 
58 112 
58 117 
58 128 
58 134 
58 150 
58 156 
58 157 
58 158 
58 178 
58 182 
59 6 
59 14 
59 23 
59 27 
59 31 
59 44 
59 45 
59 57 
59 78 
59 187 
60 2 
60 3 
60 6 
60 15 
60 18 
60 22 
60 27 
60 32 
60 36 
60 37 
60 40 
60 44 
60 45 
60 48 
60 51 
60 52 
60 63 
60 69 
60 77 
60 80 
60 84 
60 86 
60 87 
60 88 
60 90 
60 105 
60 182 
61 15 
61 16 
61 22 
61 23 
61 35 
61 37 
61 127 
62 4 
62 6 
62 7 
62 8 
62 14 
62 15 
62 22 
62 23 
62 27 
62 30 
62 35 
62 36 
62 44 
62 45 
62 63 
62 68 
62 69 
62 73 
62 87 
62 88 
62 98 
62 119 
62 121 
62 134 
63 2 
63 3 
63 4 
63 6 
63 11 
63 13 
63 14 
63 15 
63 22 
63 27 
63 29 
63 30 
63 32 
63 35 
63 36 
63 37 
63 40 
63 42 
63 44 
63 45 
63 48 
63 51 
63 52 
63 60 
63 68 
63 69 
63 73 
63 80 
63 83 
63 84 
63 86 
63 87 
63 88 
63 98 
63 100 
63 109 
63 116 
63 117 
63 121 
63 125 
63 187 
64 14 
64 103 
64 112 
65 6 
65 14 
65 27 
65 31 
65 32 
65 37 
65 44 
65 45 
65 58 
65 79 
65 103 
65 108 
65 127 
65 128 
66 2 
66 4 
66 6 
66 7 
66 8 
66 9 
66 11 
66 13 
66 14 
66 15 
66 16 
66 19 
66 22 
66 23 
66 25 
66 27 
66 30 
66 31 
66 32 
66 33 
66 35 
66 36 
66 37 
66 40 
66 42 
66 44 
66 45 
66 49 
66 52 
66 54 
66 55 
66 58 
66 59 
66 60 
66 62 
66 63 
66 68 
66 70 
66 71 
66 76 
66 78 
66 79 
66 80 
66 82 
66 83 
66 86 
66 90 
66 91 
66 94 
66 95 
66 96 
66 103 
66 105 
66 108 
66 109 
66 112 
66 117 
66 120 
66 128 
66 150 
66 156 
66 182 
67 39 
67 125 
67 155 
68 2 
68 3 
68 4 
68 5 
68 6 
68 7 
68 8 
68 9 
68 10 
68 11 
68 13 
68 14 
68 15 
68 17 
68 18 
68 19 
68 21 
68 22 
68 23 
68 25 
68 26 
68 27 
68 28 
68 29 
68 30 
68 31 
68 32 
68 33 
68 34 
68 35 
68 36 
68 39 
68 40 
68 42 
68 44 
68 45 
68 48 
68 49 
68 51 
68 52 
68 54 
68 58 
68 59 
68 60 
68 62 
68 63 
68 67 
68 69 
68 70 
68 72 
68 73 
68 76 
68 77 
68 78 
68 80 
68 82 
68 84 
68 86 
68 87 
68 88 
68 89 
68 90 
68 91 
68 95 
68 96 
68 98 
68 100 
68 102 
68 105 
68 108 
68 109 
68 112 
68 117 
68 119 
68 121 
68 125 
68 133 
68 134 
68 146 
68 148 
68 150 
68 155 
68 156 
68 157 
68 158 
68 182 
68 212 
69 2 
69 3 
69 4 
69 5 
69 6 
69 7 
69 9 
69 10 
69 11 
69 13 
69 14 
69 15 
69 22 
69 23 
69 27 
69 30 
69 31 
69 32 
69 35 
69 36 
69 37 
69 40 
69 42 
69 44 
69 45 
69 48 
69 51 
69 52 
69 60 
69 62 
69 63 
69 68 
69 70 
69 72 
69 73 
69 77 
69 80 
69 83 
69 84 
69 86 
69 87 
69 88 
69 91 
69 94 
69 98 
69 105 
69 109 
69 116 
69 117 
69 121 
69 133 
69 156 
70 2 
70 3 
70 4 
70 5 
70 6 
70 7 
70 9 
70 10 
70 13 
70 14 
70 15 
70 17 
70 21 
70 22 
70 23 
70 27 
70 30 
70 31 
70 32 
70 34 
70 35 
70 36 
70 37 
70 39 
70 40 
70 42 
70 44 
70 45 
70 52 
70 60 
70 68 
70 73 
70 76 
70 80 
70 84 
70 86 
70 88 
70 90 
70 94 
70 96 
70 98 
70 100 
70 105 
70 109 
70 117 
70 155 
71 14 
71 22 
71 23 
71 35 
71 44 
71 67 
71 75 
71 92 
71 109 
71 113 
71 115 
71 125 
71 159 
72 32 
73 2 
73 3 
73 4 
73 6 
73 7 
73 9 
73 13 
73 14 
73 15 
73 21 
73 22 
73 27 
73 30 
73 32 
73 35 
73 36 
73 40 
73 44 
73 45 
73 62 
73 63 
73 68 
73 70 
73 80 
73 86 
73 87 
73 98 
73 100 
73 102 
73 117 
73 121 
74 4 
74 14 
74 15 
74 27 
74 37 
74 82 
74 100 
75 115 
75 168 
76 2 
76 3 
76 4 
76 5 
76 6 
76 7 
76 9 
76 10 
76 11 
76 14 
76 15 
76 16 
76 18 
76 22 
76 23 
76 25 
76 27 
76 30 
76 31 
76 32 
76 35 
76 36 
76 37 
76 39 
76 40 
76 44 
76 45 
76 49 
76 55 
76 58 
76 62 
76 68 
76 69 
76 70 
76 78 
76 79 
76 80 
76 82 
76 91 
76 94 
76 96 
76 97 
76 103 
76 105 
76 109 
76 121 
76 127 
76 134 
76 136 
76 146 
76 156 
76 158 
77 3 
77 14 
77 15 
77 22 
77 27 
77 51 
77 69 
77 74 
77 182 
78 2 
78 3 
78 4 
78 6 
78 7 
78 9 
78 10 
78 14 
78 15 
78 22 
78 23 
78 27 
78 30 
78 32 
78 33 
78 35 
78 37 
78 39 
78 42 
78 44 
78 45 
78 54 
78 59 
78 63 
78 70 
78 76 
78 80 
78 82 
78 91 
78 102 
78 105 
78 109 
78 156 
78 182 
78 187 
79 16 
79 45 
79 58 
79 97 
80 6 
80 11 
80 13 
80 15 
80 30 
80 34 
80 35 
80 36 
80 37 
80 45 
80 98 
80 102 
81 16 
81 45 
81 55 
81 58 
81 94 
81 103 
82 2 
82 3 
82 4 
82 5 
82 6 
82 7 
82 10 
82 11 
82 14 
82 15 
82 21 
82 22 
82 23 
82 27 
82 30 
82 32 
82 35 
82 36 
82 37 
82 44 
82 45 
82 53 
82 66 
82 68 
82 69 
82 74 
82 78 
82 88 
82 109 
82 140 
82 156 
82 158 
83 6 
83 15 
83 30 
83 32 
83 42 
83 45 
83 52 
83 63 
83 68 
83 72 
83 73 
83 84 
83 98 
83 100 
83 117 
84 2 
84 3 
84 4 
84 6 
84 7 
84 9 
84 10 
84 14 
84 15 
84 22 
84 25 
84 27 
84 30 
84 35 
84 45 
84 51 
84 52 
84 60 
84 62 
84 63 
84 68 
84 69 
84 70 
84 73 
84 83 
84 88 
84 90 
84 148 
85 71 
86 2 
86 3 
86 4 
86 6 
86 7 
86 9 
86 10 
86 11 
86 13 
86 14 
86 15 
86 19 
86 22 
86 23 
86 27 
86 30 
86 31 
86 32 
86 35 
86 36 
86 37 
86 39 
86 42 
86 44 
86 45 
86 51 
86 52 
86 60 
86 63 
86 68 
86 69 
86 70 
86 73 
86 76 
86 77 
86 78 
86 80 
86 83 
86 84 
86 87 
86 88 
86 90 
86 96 
86 98 
86 102 
86 117 
86 121 
86 156 
86 182 
87 3 
87 6 
87 11 
87 14 
87 15 
87 27 
87 30 
87 35 
87 36 
87 39 
87 40 
87 42 
87 44 
87 52 
87 63 
87 69 
87 78 
87 80 
87 84 
87 138 
88 2 
88 3 
88 4 
88 15 
88 22 
88 23 
88 30 
88 35 
88 36 
88 48 
88 51 
88 52 
88 60 
88 63 
88 68 
88 69 
88 70 
88 73 
88 77 
88 78 
88 83 
88 84 
88 86 
88 87 
88 90 
88 150 
88 182 
89 2 
89 3 
89 4 
89 5 
89 6 
89 7 
89 9 
89 11 
89 13 
89 14 
89 15 
89 21 
89 25 
89 26 
89 27 
89 30 
89 32 
89 33 
89 36 
89 44 
89 45 
89 48 
89 52 
89 55 
89 62 
89 63 
89 69 
89 76 
89 80 
89 83 
89 84 
89 91 
89 94 
89 105 
89 109 
89 116 
89 125 
89 134 
89 146 
89 158 
90 2 
90 3 
90 4 
90 6 
90 7 
90 9 
90 11 
90 14 
90 15 
90 22 
90 27 
90 30 
90 32 
90 36 
90 37 
90 45 
90 48 
90 51 
90 52 
90 60 
90 62 
90 63 
90 68 
90 69 
90 70 
90 73 
90 77 
90 83 
90 84 
90 86 
90 88 
90 105 
91 5 
91 6 
91 7 
91 9 
91 11 
91 14 
91 22 
91 23 
91 27 
91 31 
91 32 
91 35 
91 45 
91 77 
91 78 
91 86 
91 105 
91 119 
91 134 
91 146 
91 170 
91 213 
92 4 
92 6 
92 11 
92 15 
92 37 
92 125 
92 181 
93 7 
93 10 
93 14 
93 19 
93 27 
93 28 
93 33 
93 34 
93 36 
93 48 
93 49 
93 58 
93 59 
93 71 
93 77 
93 83 
93 90 
93 91 
93 96 
93 97 
93 100 
93 116 
93 127 
93 148 
93 157 
94 76 
94 127 
94 156 
94 182 
95 4 
95 5 
95 6 
95 14 
95 15 
95 22 
95 35 
95 45 
95 49 
95 59 
95 70 
95 76 
95 78 
95 94 
95 96 
95 105 
95 182 
96 2 
96 3 
96 4 
96 5 
96 6 
96 7 
96 8 
96 9 
96 10 
96 11 
96 13 
96 14 
96 15 
96 16 
96 17 
96 22 
96 23 
96 25 
96 27 
96 30 
96 31 
96 32 
96 33 
96 34 
96 35 
96 36 
96 37 
96 39 
96 40 
96 42 
96 44 
96 45 
96 49 
96 51 
96 53 
96 55 
96 58 
96 60 
96 63 
96 66 
96 68 
96 70 
96 72 
96 76 
96 78 
96 79 
96 80 
96 82 
96 84 
96 86 
96 90 
96 91 
96 94 
96 95 
96 97 
96 98 
96 100 
96 105 
96 108 
96 109 
96 112 
96 117 
96 121 
96 127 
96 133 
96 134 
96 146 
96 156 
96 158 
96 182 
97 6 
97 7 
97 10 
97 16 
97 45 
97 58 
97 79 
98 4 
98 7 
98 9 
98 11 
98 13 
98 14 
98 15 
98 22 
98 27 
98 30 
98 32 
98 36 
98 37 
98 73 
98 80 
98 117 
98 121 
98 133 
99 2 
99 6 
99 15 
99 23 
99 27 
99 45 
99 105 
99 165 
99 166 
100 6 
100 15 
100 22 
100 30 
100 32 
100 42 
100 45 
100 69 
100 70 
100 73 
100 116 
100 117 
101 2 
101 6 
101 16 
101 27 
101 35 
101 45 
101 58 
101 60 
101 79 
101 97 
101 103 
101 112 
101 120 
101 128 
103 6 
103 7 
103 9 
103 23 
103 44 
103 45 
103 105 
103 112 
103 128 
103 178 
104 4 
104 6 
104 14 
104 27 
104 109 
104 150 
105 2 
105 6 
105 7 
105 8 
105 9 
105 10 
105 11 
105 13 
105 14 
105 15 
105 17 
105 23 
105 26 
105 27 
105 29 
105 31 
105 34 
105 36 
105 37 
105 39 
105 44 
105 45 
105 68 
105 80 
105 91 
105 99 
105 105 
105 109 
105 156 
105 165 
105 166 
105 182 
106 6 
107 5 
107 6 
107 14 
107 15 
107 34 
107 35 
107 37 
107 49 
107 80 
108 2 
108 4 
108 5 
108 6 
108 7 
108 9 
108 10 
108 11 
108 14 
108 15 
108 22 
108 23 
108 25 
108 27 
108 31 
108 35 
108 36 
108 37 
108 44 
108 45 
108 49 
108 55 
108 58 
108 63 
108 66 
108 70 
108 76 
108 80 
108 86 
108 95 
108 96 
108 105 
108 109 
108 156 
109 2 
109 3 
109 4 
109 5 
109 6 
109 7 
109 8 
109 9 
109 10 
109 11 
109 13 
109 14 
109 15 
109 17 
109 18 
109 19 
109 21 
109 22 
109 23 
109 25 
109 26 
109 27 
109 29 
109 31 
109 32 
109 33 
109 34 
109 35 
109 36 
109 37 
109 39 
109 40 
109 44 
109 45 
109 49 
109 58 
109 59 
109 60 
109 62 
109 63 
109 67 
109 68 
109 69 
109 70 
109 71 
109 72 
109 73 
109 75 
109 76 
109 78 
109 80 
109 82 
109 83 
109 90 
109 92 
109 96 
109 98 
109 102 
109 103 
109 104 
109 105 
109 108 
109 109 
109 112 
109 113 
109 115 
109 117 
109 119 
109 125 
109 134 
109 138 
109 146 
109 148 
109 150 
109 156 
109 158 
109 168 
109 182 
110 2 
110 4 
110 6 
110 7 
110 8 
110 9 
110 11 
110 14 
110 15 
110 17 
110 22 
110 23 
110 25 
110 27 
110 31 
110 34 
110 35 
110 36 
110 37 
110 44 
110 45 
110 54 
110 59 
110 62 
110 63 
110 67 
110 71 
110 78 
110 80 
110 92 
110 99 
110 103 
110 105 
110 109 
110 125 
110 134 
110 138 
110 146 
110 212 
111 67 
111 125 
112 6 
112 45 
112 103 
112 120 
112 127 
112 128 
112 130 
112 178 
113 6 
113 15 
113 125 
114 2 
114 6 
114 35 
114 45 
114 49 
114 62 
114 96 
114 105 
115 168 
116 4 
116 6 
116 7 
116 9 
116 13 
116 14 
116 15 
116 32 
116 42 
116 45 
116 69 
116 70 
116 117 
116 121 
117 2 
117 3 
117 4 
117 6 
117 7 
117 9 
117 14 
117 15 
117 22 
117 27 
117 30 
117 36 
117 42 
117 45 
117 62 
117 63 
117 72 
117 73 
117 83 
117 87 
117 98 
117 100 
117 116 
117 121 
117 133 
119 2 
119 4 
119 6 
119 14 
119 15 
119 22 
119 23 
119 27 
119 37 
119 44 
119 45 
119 59 
119 80 
119 173 
120 6 
120 14 
120 25 
120 30 
120 37 
120 44 
120 45 
120 112 
120 128 
120 130 
120 156 
120 182 
121 2 
121 3 
121 4 
121 7 
121 9 
121 11 
121 13 
121 14 
121 15 
121 22 
121 23 
121 30 
121 32 
121 35 
121 36 
121 37 
121 42 
121 45 
121 62 
121 70 
121 73 
121 84 
121 98 
121 102 
121 117 
121 133 
122 6 
122 14 
124 4 
124 6 
124 44 
124 45 
124 138 
124 157 
125 67 
125 71 
125 113 
125 134 
125 158 
126 45 
128 6 
128 44 
128 178 
129 27 
129 127 
129 193 
130 27 
130 86 
130 91 
130 127 
130 146 
132 213 
133 2 
133 15 
133 29 
133 32 
133 45 
133 63 
133 70 
133 73 
135 2 
135 6 
135 17 
135 22 
135 26 
135 28 
135 31 
135 34 
135 36 
135 44 
135 45 
135 62 
135 80 
135 105 
135 109 
135 146 
135 155 
135 158 
135 213 
136 27 
136 44 
136 45 
137 2 
137 70 
138 168 
140 8 
141 7 
141 9 
142 14 
142 57 
146 4 
146 6 
146 7 
146 9 
146 15 
146 27 
146 33 
146 36 
146 44 
146 45 
146 67 
146 70 
146 71 
146 110 
146 121 
146 125 
146 134 
146 158 
147 14 
147 15 
147 31 
147 39 
148 4 
148 22 
148 27 
148 35 
148 44 
148 119 
150 2 
150 4 
150 6 
150 14 
150 15 
150 34 
150 37 
150 44 
150 45 
150 104 
151 31 
152 109 
152 168 
153 2 
153 7 
153 9 
153 10 
153 26 
153 34 
155 22 
155 27 
155 34 
156 14 
156 166 
158 31 
158 40 
159 92 
160 6 
161 105 
162 7 
162 8 
163 2 
163 6 
163 14 
163 15 
163 17 
163 21 
163 23 
163 27 
163 31 
163 36 
163 39 
163 44 
163 45 
163 68 
163 105 
165 105 
166 105 
167 67 
168 2 
168 15 
168 44 
168 75 
168 109 
168 115 
169 6 
169 14 
169 82 
169 91 
170 14 
170 27 
170 37 
171 44 
171 45 
172 17 
172 33 
172 125 
172 158 
173 6 
173 14 
175 27 
176 158 
178 7 
178 9 
182 4 
182 14 
182 15 
182 23 
182 45 
184 6 
184 14 
184 15 
184 23 
184 27 
184 36 
184 45 
184 80 
184 109 
186 14 
186 15 
186 27 
186 146 
187 4 
187 6 
187 14 
187 15 
187 193 
193 27 
203 37 
204 59 
204 146 
206 70 
