2 40 
3 14 
3 15 
3 60 
3 63 
3 87 
4 11 
4 14 
4 15 
4 22 
4 23 
4 27 
4 30 
4 35 
4 44 
4 74 
5 95 
5 96 
6 2 
6 7 
6 8 
6 9 
6 45 
6 105 
6 109 
6 127 
6 136 
7 23 
7 29 
8 9 
8 10 
8 140 
9 8 
9 29 
10 8 
10 9 
10 23 
11 4 
11 7 
11 9 
11 14 
11 15 
11 27 
11 30 
11 35 
11 36 
11 44 
11 80 
11 82 
13 11 
13 32 
14 2 
14 4 
14 7 
14 10 
14 13 
14 22 
14 26 
14 27 
14 29 
14 30 
14 35 
14 39 
14 40 
14 42 
14 44 
14 59 
14 67 
14 80 
14 82 
14 86 
14 89 
14 91 
14 96 
14 105 
14 109 
14 119 
14 134 
14 150 
14 156 
14 182 
14 187 
15 3 
15 4 
15 11 
15 14 
15 21 
15 22 
15 27 
15 30 
15 35 
15 37 
15 44 
15 51 
15 63 
15 68 
15 69 
15 70 
15 80 
15 82 
15 87 
16 136 
17 109 
17 155 
18 29 
21 4 
21 30 
21 44 
22 3 
22 4 
22 14 
22 15 
22 21 
22 30 
22 35 
22 37 
22 44 
22 48 
22 63 
22 69 
22 74 
22 86 
22 88 
22 96 
22 133 
22 148 
23 7 
23 8 
23 10 
23 39 
23 75 
26 29 
27 3 
27 4 
27 7 
27 8 
27 9 
27 11 
27 14 
27 15 
27 22 
27 23 
27 30 
27 35 
27 44 
27 51 
27 63 
27 70 
27 87 
27 90 
27 127 
27 182 
29 7 
29 8 
29 39 
29 134 
30 3 
30 4 
30 14 
30 15 
30 21 
30 32 
30 42 
30 44 
30 63 
30 69 
30 73 
30 87 
30 121 
32 72 
35 7 
35 10 
35 11 
35 14 
35 16 
35 22 
35 82 
35 133 
36 4 
36 7 
36 9 
36 11 
36 15 
36 30 
36 32 
36 80 
36 87 
37 15 
40 22 
43 125 
44 4 
44 11 
44 14 
44 21 
44 27 
44 30 
44 35 
44 40 
44 82 
44 109 
45 2 
45 5 
45 6 
45 7 
45 8 
45 9 
45 10 
45 16 
45 21 
45 23 
45 29 
45 40 
45 55 
45 58 
45 66 
45 76 
45 94 
45 96 
45 105 
45 109 
45 110 
45 127 
45 178 
49 36 
49 95 
49 96 
60 51 
60 77 
60 87 
60 88 
62 68 
63 15 
63 30 
63 52 
63 69 
63 87 
68 48 
68 52 
69 3 
69 15 
69 22 
69 30 
69 51 
69 63 
69 80 
69 84 
69 87 
69 88 
73 11 
73 21 
73 30 
73 44 
73 121 
74 4 
74 14 
76 136 
82 14 
82 35 
82 53 
82 74 
84 22 
84 30 
84 52 
84 63 
86 51 
86 77 
86 87 
87 22 
87 30 
87 32 
87 44 
87 63 
87 69 
87 88 
88 22 
88 51 
90 51 
93 14 
97 136 
98 73 
98 121 
101 58 
121 21 
121 44 
121 73 
