1 6 
1 7 
1 9 
1 15 
1 17 
1 19 
1 27 
1 28 
1 36 
1 44 
1 45 
1 80 
1 134 
2 18 
2 26 
2 34 
2 37 
2 39 
2 40 
2 99 
2 105 
2 156 
2 166 
2 212 
3 15 
3 22 
3 27 
3 30 
3 35 
3 37 
3 63 
3 69 
3 71 
3 74 
3 84 
3 87 
3 88 
4 14 
4 15 
4 21 
4 27 
4 36 
4 40 
4 44 
4 63 
4 74 
7 2 
7 6 
7 14 
7 15 
7 23 
7 26 
7 28 
7 30 
7 32 
7 34 
7 35 
7 39 
7 40 
7 42 
7 44 
7 45 
7 48 
7 63 
7 69 
7 73 
7 76 
7 80 
7 86 
7 91 
7 102 
7 105 
7 116 
7 117 
7 121 
7 156 
8 40 
8 156 
9 2 
9 6 
9 8 
9 14 
9 15 
9 23 
9 26 
9 28 
9 30 
9 32 
9 34 
9 35 
9 39 
9 42 
9 44 
9 45 
9 48 
9 63 
9 69 
9 73 
9 76 
9 80 
9 86 
9 91 
9 102 
9 105 
9 116 
9 117 
9 121 
10 8 
10 40 
10 105 
11 13 
11 15 
11 27 
11 30 
11 36 
11 44 
11 80 
12 26 
13 11 
13 27 
13 40 
13 98 
13 121 
14 3 
14 4 
14 6 
14 11 
14 13 
14 15 
14 18 
14 21 
14 22 
14 35 
14 36 
14 37 
14 40 
14 44 
14 45 
14 54 
14 57 
14 59 
14 68 
14 74 
14 80 
14 82 
14 87 
14 88 
14 104 
14 121 
14 134 
14 150 
14 156 
14 170 
14 182 
14 187 
15 3 
15 4 
15 6 
15 7 
15 8 
15 9 
15 11 
15 13 
15 14 
15 21 
15 22 
15 27 
15 30 
15 32 
15 35 
15 36 
15 37 
15 39 
15 40 
15 42 
15 44 
15 45 
15 51 
15 52 
15 60 
15 62 
15 63 
15 68 
15 69 
15 71 
15 73 
15 74 
15 80 
15 82 
15 83 
15 84 
15 87 
15 88 
15 98 
15 100 
15 102 
15 110 
15 121 
15 146 
15 148 
15 150 
15 212 
16 97 
17 7 
17 8 
17 44 
17 45 
17 80 
17 105 
17 125 
17 155 
19 2 
19 6 
19 15 
19 23 
19 26 
19 29 
19 32 
19 36 
19 40 
19 45 
19 83 
19 100 
19 116 
19 133 
19 158 
21 44 
22 3 
22 4 
22 7 
22 10 
22 11 
22 13 
22 14 
22 15 
22 25 
22 30 
22 32 
22 35 
22 36 
22 37 
22 44 
22 60 
22 70 
22 73 
22 80 
22 88 
22 148 
23 6 
23 7 
23 8 
23 40 
25 4 
25 6 
25 15 
25 36 
25 44 
25 94 
25 158 
26 34 
26 44 
26 45 
26 55 
26 76 
26 212 
27 3 
27 4 
27 11 
27 13 
27 14 
27 15 
27 21 
27 22 
27 30 
27 35 
27 36 
27 37 
27 40 
27 44 
27 63 
27 68 
27 69 
27 73 
27 80 
27 82 
27 84 
27 88 
27 98 
27 102 
27 110 
27 121 
27 134 
27 148 
28 2 
28 3 
28 6 
28 7 
28 8 
28 15 
28 17 
28 26 
28 34 
28 37 
28 44 
28 45 
28 71 
28 80 
28 86 
28 134 
28 155 
28 158 
30 11 
30 15 
30 27 
30 44 
30 63 
30 69 
30 71 
30 73 
30 84 
30 88 
30 116 
30 121 
32 40 
32 83 
32 117 
33 40 
33 109 
34 7 
34 8 
34 99 
34 110 
34 139 
34 212 
35 11 
35 14 
35 15 
35 27 
35 37 
35 40 
35 53 
35 55 
35 80 
35 82 
35 91 
35 98 
36 3 
36 11 
36 13 
36 40 
36 73 
36 80 
36 102 
37 15 
37 26 
37 32 
37 39 
37 40 
37 69 
37 134 
38 7 
38 9 
38 17 
38 19 
38 32 
38 42 
38 45 
38 117 
39 7 
39 8 
39 9 
39 26 
39 34 
39 67 
39 112 
40 2 
40 3 
40 4 
40 5 
40 6 
40 7 
40 8 
40 9 
40 10 
40 11 
40 13 
40 14 
40 15 
40 17 
40 18 
40 19 
40 21 
40 22 
40 23 
40 25 
40 26 
40 27 
40 29 
40 30 
40 31 
40 32 
40 33 
40 34 
40 35 
40 36 
40 37 
40 39 
40 42 
40 44 
40 45 
40 48 
40 49 
40 51 
40 52 
40 54 
40 55 
40 58 
40 59 
40 60 
40 63 
40 68 
40 69 
40 70 
40 71 
40 72 
40 73 
40 76 
40 77 
40 78 
40 79 
40 80 
40 82 
40 83 
40 84 
40 86 
40 87 
40 88 
40 90 
40 91 
40 94 
40 96 
40 98 
40 100 
40 102 
40 103 
40 105 
40 109 
40 112 
40 117 
40 121 
40 128 
40 133 
40 134 
40 146 
40 148 
40 150 
40 156 
40 158 
40 182 
40 187 
43 26 
43 36 
43 40 
43 71 
43 125 
43 134 
43 146 
43 212 
44 7 
44 8 
44 11 
44 14 
44 15 
44 21 
44 22 
44 27 
44 30 
44 34 
44 35 
44 36 
44 37 
44 40 
44 62 
44 63 
44 68 
44 71 
44 80 
44 88 
44 102 
44 109 
44 113 
44 128 
44 134 
44 148 
45 2 
45 3 
45 6 
45 7 
45 8 
45 10 
45 16 
45 18 
45 22 
45 23 
45 25 
45 26 
45 27 
45 29 
45 31 
45 32 
45 34 
45 37 
45 39 
45 40 
45 44 
45 55 
45 58 
45 60 
45 66 
45 76 
45 82 
45 94 
45 97 
45 102 
45 103 
45 105 
45 112 
45 125 
45 127 
45 128 
45 136 
45 148 
45 158 
45 178 
45 182 
46 3 
46 15 
46 17 
46 19 
46 32 
46 42 
46 45 
46 70 
46 83 
46 98 
46 100 
46 117 
46 121 
46 133 
47 6 
47 36 
49 5 
49 45 
49 70 
49 96 
49 105 
49 133 
51 86 
52 32 
59 146 
60 40 
63 3 
63 30 
63 32 
63 87 
63 88 
68 3 
68 40 
68 52 
68 60 
68 62 
68 67 
68 80 
68 84 
68 88 
68 90 
68 116 
69 37 
69 48 
69 60 
69 63 
69 73 
69 84 
69 87 
69 88 
69 98 
70 40 
72 7 
72 9 
72 17 
72 32 
73 13 
73 21 
73 30 
73 40 
73 98 
73 121 
74 4 
74 14 
76 6 
76 16 
82 14 
82 35 
82 53 
86 51 
86 77 
86 90 
87 3 
87 15 
87 30 
87 63 
87 69 
88 15 
88 27 
89 4 
89 6 
89 15 
89 22 
89 36 
89 44 
89 45 
89 105 
89 109 
91 22 
91 80 
91 156 
91 158 
93 14 
93 33 
93 40 
93 48 
93 96 
96 55 
96 63 
96 108 
98 13 
98 73 
98 121 
104 14 
105 2 
105 6 
105 99 
105 109 
109 2 
109 7 
109 9 
109 15 
109 23 
109 27 
109 37 
109 45 
109 75 
109 105 
109 113 
109 115 
109 119 
109 138 
109 150 
109 168 
110 26 
110 212 
116 7 
116 9 
116 37 
117 40 
121 73 
121 98 
125 67 
127 27 
140 8 
146 40 
