2 7 
2 8 
2 34 
2 110 
2 212 
3 15 
3 22 
3 37 
3 63 
3 68 
3 87 
4 11 
4 13 
4 14 
4 15 
4 22 
4 27 
4 35 
4 37 
4 63 
4 68 
4 74 
4 82 
4 98 
4 146 
5 6 
5 14 
5 22 
5 27 
5 32 
5 44 
5 49 
5 80 
5 82 
6 6 
6 45 
7 2 
7 6 
7 14 
7 15 
7 18 
7 22 
7 23 
7 26 
7 27 
7 31 
7 32 
7 34 
7 36 
7 39 
7 44 
7 45 
7 80 
7 82 
7 105 
7 109 
7 138 
8 6 
8 45 
8 140 
9 2 
9 6 
9 8 
9 14 
9 15 
9 18 
9 22 
9 23 
9 26 
9 27 
9 31 
9 32 
9 34 
9 36 
9 39 
9 44 
9 45 
9 80 
9 82 
9 105 
9 109 
9 138 
9 140 
10 2 
10 6 
10 8 
10 15 
10 34 
10 45 
11 3 
11 4 
11 13 
11 14 
11 27 
11 36 
11 44 
11 80 
12 4 
12 11 
12 13 
12 14 
12 15 
12 22 
12 25 
12 26 
12 27 
12 32 
12 33 
12 34 
12 35 
12 44 
12 51 
12 80 
12 82 
12 102 
12 125 
12 146 
13 15 
14 4 
14 11 
14 15 
14 21 
14 22 
14 26 
14 27 
14 30 
14 32 
14 35 
14 36 
14 37 
14 44 
14 68 
14 74 
14 80 
14 82 
14 84 
14 87 
14 88 
15 3 
15 4 
15 11 
15 14 
15 22 
15 27 
15 30 
15 37 
15 44 
15 63 
15 74 
15 82 
15 87 
15 88 
15 212 
16 6 
16 58 
16 97 
17 6 
17 14 
17 33 
17 34 
17 44 
17 45 
17 105 
17 125 
17 134 
17 155 
17 158 
17 190 
17 212 
18 7 
18 9 
18 23 
18 26 
18 34 
19 25 
21 44 
22 3 
22 4 
22 14 
22 15 
22 21 
22 27 
22 30 
22 35 
22 37 
22 44 
22 68 
22 80 
22 88 
22 148 
23 2 
23 6 
23 7 
23 8 
23 10 
23 14 
23 15 
23 26 
23 34 
23 37 
23 39 
23 44 
23 45 
23 140 
25 134 
26 18 
26 34 
27 3 
27 4 
27 11 
27 13 
27 14 
27 15 
27 21 
27 22 
27 30 
27 35 
27 36 
27 37 
27 44 
27 52 
27 62 
27 63 
27 68 
27 69 
27 73 
27 74 
27 82 
27 83 
27 84 
27 87 
27 88 
27 98 
27 148 
27 193 
27 213 
28 15 
29 6 
29 45 
30 52 
31 2 
31 6 
31 7 
31 8 
31 15 
31 26 
31 27 
31 34 
31 37 
31 44 
34 18 
35 11 
35 14 
35 15 
35 21 
35 22 
35 30 
35 37 
35 44 
35 82 
35 102 
36 11 
36 27 
37 14 
39 2 
39 26 
39 34 
39 37 
39 44 
39 67 
39 212 
43 92 
43 125 
43 212 
44 4 
44 14 
44 15 
44 21 
44 22 
44 27 
44 35 
44 80 
44 82 
44 87 
45 2 
45 4 
45 6 
45 7 
45 8 
45 15 
45 21 
45 22 
45 25 
45 27 
45 32 
45 34 
45 35 
45 37 
45 40 
45 44 
45 51 
45 60 
45 70 
45 76 
45 80 
45 90 
45 102 
45 117 
45 125 
45 127 
45 130 
45 136 
47 2 
47 4 
47 6 
47 7 
47 8 
47 9 
47 10 
47 11 
47 14 
47 15 
47 23 
47 26 
47 27 
47 32 
47 34 
47 37 
47 39 
47 45 
47 80 
47 102 
47 105 
49 35 
49 44 
54 4 
54 14 
54 37 
55 2 
55 6 
55 45 
58 4 
58 6 
58 14 
58 25 
58 27 
58 32 
58 44 
58 45 
58 79 
58 80 
60 51 
60 86 
62 44 
62 68 
63 87 
65 6 
65 14 
65 35 
65 44 
65 45 
65 80 
65 127 
66 4 
66 14 
66 27 
66 44 
68 52 
69 87 
70 4 
70 14 
70 15 
70 22 
70 27 
70 32 
70 35 
70 37 
70 40 
70 44 
70 51 
70 62 
70 68 
70 80 
70 88 
70 90 
70 102 
71 15 
74 14 
76 6 
77 48 
79 6 
81 102 
82 14 
82 27 
82 35 
82 37 
82 44 
84 52 
86 80 
87 52 
88 51 
89 116 
90 48 
92 4 
92 6 
92 11 
92 37 
92 44 
92 125 
92 159 
93 27 
93 33 
93 48 
93 127 
95 35 
96 6 
99 105 
101 4 
101 6 
101 14 
101 37 
101 44 
101 58 
101 79 
101 80 
101 97 
101 102 
103 6 
103 44 
104 14 
105 165 
107 49 
108 4 
108 14 
108 22 
108 44 
108 45 
108 95 
108 96 
109 14 
109 27 
109 32 
109 34 
109 37 
109 44 
109 75 
109 80 
109 82 
109 138 
109 168 
110 6 
110 33 
110 212 
113 125 
114 27 
115 60 
119 6 
119 25 
119 27 
119 44 
119 62 
119 80 
119 109 
120 127 
124 44 
124 62 
124 80 
124 109 
124 157 
132 44 
138 168 
146 44 
147 39 
159 113 
165 105 
168 138 
173 37 
178 112 
178 128 
181 4 
