1 28 
2 6 
2 7 
2 9 
2 14 
2 15 
2 17 
2 22 
2 23 
2 44 
2 105 
3 14 
3 15 
3 22 
4 5 
4 7 
4 9 
4 11 
4 14 
4 15 
4 17 
4 22 
4 27 
4 35 
4 82 
4 91 
5 7 
5 9 
5 15 
5 22 
5 23 
6 22 
6 44 
6 45 
7 2 
7 4 
7 5 
7 6 
7 15 
7 17 
7 22 
7 23 
7 31 
7 40 
7 44 
7 45 
7 52 
7 59 
7 66 
7 73 
7 76 
7 82 
7 87 
7 105 
7 119 
7 150 
9 2 
9 4 
9 5 
9 6 
9 8 
9 9 
9 15 
9 17 
9 22 
9 23 
9 31 
9 40 
9 44 
9 45 
9 52 
9 59 
9 66 
9 73 
9 76 
9 82 
9 87 
9 105 
9 119 
9 150 
10 9 
10 22 
10 23 
11 17 
11 73 
12 45 
14 4 
14 7 
14 9 
14 15 
14 17 
14 22 
14 30 
14 35 
15 3 
15 4 
15 6 
15 14 
15 22 
15 30 
15 35 
15 37 
15 44 
15 52 
15 54 
15 63 
15 68 
15 88 
17 6 
17 7 
17 9 
17 15 
17 22 
17 23 
17 40 
17 44 
17 45 
17 59 
17 82 
17 155 
18 15 
22 4 
22 5 
22 6 
22 7 
22 8 
22 9 
22 14 
22 15 
22 21 
22 30 
22 31 
22 35 
22 40 
22 42 
22 45 
22 52 
22 63 
22 68 
22 73 
22 82 
22 87 
22 88 
22 91 
23 3 
23 7 
23 9 
23 17 
23 45 
26 7 
26 9 
26 17 
26 23 
27 4 
27 14 
27 15 
27 22 
27 44 
28 7 
28 9 
28 17 
30 15 
30 17 
30 22 
30 42 
31 108 
32 6 
32 15 
32 22 
32 42 
32 87 
32 117 
35 14 
35 15 
35 17 
35 22 
35 59 
35 91 
37 3 
37 4 
37 14 
37 15 
39 6 
39 7 
39 9 
39 17 
39 22 
39 23 
40 6 
40 15 
40 17 
40 22 
40 59 
43 17 
44 2 
44 3 
44 4 
44 6 
44 14 
44 15 
44 17 
44 21 
44 22 
44 30 
44 35 
44 37 
44 40 
44 45 
44 63 
44 82 
44 105 
44 109 
45 6 
45 7 
45 9 
45 15 
45 17 
45 22 
45 44 
45 52 
45 76 
45 128 
47 7 
47 8 
49 5 
49 6 
49 7 
49 9 
49 15 
49 22 
49 40 
49 44 
49 76 
49 95 
52 14 
52 15 
52 22 
52 40 
52 68 
60 22 
63 4 
63 15 
63 22 
63 30 
63 40 
63 42 
63 44 
63 52 
63 73 
63 76 
69 22 
70 17 
73 15 
73 22 
76 22 
76 31 
76 45 
76 79 
78 6 
80 44 
82 7 
82 9 
82 15 
82 22 
82 30 
82 35 
82 44 
83 22 
83 42 
84 14 
84 15 
84 22 
84 52 
84 73 
87 22 
87 30 
88 22 
90 22 
90 52 
93 44 
93 90 
95 15 
95 22 
96 7 
96 9 
96 22 
96 45 
98 80 
100 133 
102 44 
105 6 
105 7 
105 9 
105 17 
105 22 
105 44 
105 105 
108 6 
108 7 
108 9 
108 15 
108 17 
108 22 
108 44 
108 66 
108 96 
109 6 
109 7 
109 9 
109 15 
109 17 
109 22 
109 23 
109 29 
109 31 
109 44 
109 138 
114 4 
114 5 
114 6 
114 7 
114 9 
114 15 
114 22 
114 40 
114 44 
114 45 
114 52 
114 66 
114 68 
114 76 
117 22 
117 42 
117 52 
135 17 
150 22 
150 31 
151 32 
172 17 
