1 187 
2 2 
2 7 
2 8 
2 9 
2 18 
2 23 
2 25 
2 26 
2 27 
2 29 
2 31 
2 32 
2 33 
2 34 
2 39 
2 55 
2 99 
2 105 
2 109 
2 110 
2 139 
2 146 
2 156 
2 158 
2 166 
2 212 
3 2 
3 4 
3 5 
3 6 
3 7 
3 9 
3 11 
3 13 
3 14 
3 15 
3 17 
3 22 
3 27 
3 30 
3 31 
3 32 
3 34 
3 35 
3 36 
3 37 
3 40 
3 42 
3 44 
3 45 
3 48 
3 51 
3 52 
3 60 
3 63 
3 68 
3 69 
3 73 
3 76 
3 83 
3 84 
3 86 
3 87 
3 88 
3 90 
3 105 
3 108 
3 116 
3 117 
3 133 
3 168 
4 2 
4 3 
4 5 
4 6 
4 7 
4 8 
4 9 
4 11 
4 13 
4 14 
4 15 
4 16 
4 17 
4 18 
4 21 
4 22 
4 23 
4 25 
4 26 
4 27 
4 28 
4 29 
4 30 
4 31 
4 32 
4 33 
4 34 
4 35 
4 36 
4 37 
4 39 
4 40 
4 44 
4 45 
4 52 
4 53 
4 57 
4 58 
4 59 
4 60 
4 62 
4 63 
4 67 
4 68 
4 69 
4 70 
4 73 
4 74 
4 76 
4 77 
4 78 
4 80 
4 82 
4 84 
4 86 
4 87 
4 88 
4 91 
4 94 
4 96 
4 98 
4 102 
4 104 
4 105 
4 109 
4 117 
4 119 
4 121 
4 124 
4 134 
4 146 
4 156 
4 157 
4 173 
4 181 
4 187 
5 2 
5 6 
5 7 
5 9 
5 16 
5 23 
5 31 
5 39 
5 40 
5 42 
5 44 
5 49 
5 55 
5 70 
5 71 
5 76 
5 92 
5 94 
5 96 
5 124 
5 134 
5 173 
6 2 
6 6 
6 7 
6 8 
6 9 
6 14 
6 18 
6 26 
6 27 
6 31 
6 34 
6 36 
6 39 
6 45 
6 55 
6 70 
6 76 
6 79 
6 80 
6 104 
6 105 
6 108 
6 112 
6 120 
6 128 
6 134 
6 146 
7 2 
7 3 
7 4 
7 5 
7 6 
7 13 
7 15 
7 16 
7 17 
7 18 
7 19 
7 21 
7 22 
7 23 
7 25 
7 26 
7 27 
7 28 
7 29 
7 30 
7 31 
7 32 
7 34 
7 35 
7 37 
7 39 
7 40 
7 42 
7 44 
7 45 
7 49 
7 51 
7 52 
7 54 
7 55 
7 58 
7 63 
7 66 
7 67 
7 70 
7 71 
7 72 
7 76 
7 78 
7 80 
7 83 
7 86 
7 91 
7 95 
7 96 
7 103 
7 105 
7 108 
7 109 
7 110 
7 112 
7 119 
7 124 
7 125 
7 127 
7 128 
7 133 
7 139 
7 146 
7 150 
7 158 
7 182 
7 187 
8 6 
8 9 
8 10 
8 26 
8 31 
8 34 
8 44 
8 103 
8 105 
8 109 
8 125 
8 140 
9 2 
9 3 
9 4 
9 5 
9 6 
9 8 
9 9 
9 10 
9 13 
9 15 
9 16 
9 17 
9 18 
9 19 
9 21 
9 22 
9 23 
9 25 
9 26 
9 27 
9 28 
9 29 
9 30 
9 31 
9 32 
9 34 
9 35 
9 37 
9 39 
9 40 
9 42 
9 44 
9 45 
9 49 
9 51 
9 52 
9 54 
9 55 
9 58 
9 63 
9 66 
9 67 
9 70 
9 71 
9 72 
9 76 
9 78 
9 80 
9 83 
9 86 
9 91 
9 95 
9 96 
9 105 
9 108 
9 109 
9 110 
9 112 
9 119 
9 124 
9 125 
9 127 
9 128 
9 133 
9 139 
9 140 
9 146 
9 150 
9 158 
9 182 
9 187 
10 2 
10 4 
10 6 
10 8 
10 9 
10 18 
10 26 
10 29 
10 34 
10 37 
10 39 
10 45 
10 49 
10 76 
10 105 
10 140 
11 4 
11 7 
11 9 
11 13 
11 14 
11 15 
11 19 
11 22 
11 27 
11 28 
11 30 
11 31 
11 32 
11 34 
11 35 
11 36 
11 44 
11 54 
11 58 
11 63 
11 68 
11 73 
11 74 
11 80 
11 86 
11 87 
11 98 
11 102 
11 109 
11 119 
11 121 
12 18 
12 28 
12 44 
12 45 
12 71 
12 110 
12 146 
12 150 
12 159 
13 14 
13 32 
13 36 
13 42 
13 80 
13 98 
13 121 
14 2 
14 3 
14 4 
14 5 
14 6 
14 7 
14 8 
14 9 
14 10 
14 11 
14 13 
14 15 
14 16 
14 17 
14 18 
14 19 
14 21 
14 22 
14 23 
14 25 
14 26 
14 27 
14 28 
14 29 
14 30 
14 31 
14 32 
14 33 
14 34 
14 35 
14 36 
14 37 
14 39 
14 40 
14 42 
14 44 
14 45 
14 49 
14 51 
14 52 
14 54 
14 55 
14 57 
14 59 
14 60 
14 63 
14 67 
14 68 
14 69 
14 70 
14 71 
14 72 
14 73 
14 74 
14 76 
14 78 
14 80 
14 82 
14 83 
14 84 
14 86 
14 87 
14 88 
14 89 
14 91 
14 96 
14 98 
14 100 
14 102 
14 104 
14 105 
14 108 
14 109 
14 110 
14 116 
14 117 
14 118 
14 119 
14 124 
14 133 
14 134 
14 148 
14 150 
14 156 
14 157 
14 158 
14 170 
14 178 
14 180 
14 181 
14 182 
14 187 
14 212 
15 2 
15 3 
15 4 
15 5 
15 6 
15 7 
15 8 
15 9 
15 10 
15 11 
15 13 
15 14 
15 16 
15 17 
15 18 
15 19 
15 21 
15 22 
15 23 
15 25 
15 26 
15 27 
15 28 
15 30 
15 31 
15 32 
15 33 
15 34 
15 35 
15 36 
15 37 
15 39 
15 40 
15 42 
15 44 
15 45 
15 49 
15 51 
15 52 
15 54 
15 55 
15 60 
15 62 
15 63 
15 66 
15 67 
15 68 
15 69 
15 70 
15 73 
15 74 
15 76 
15 77 
15 78 
15 80 
15 82 
15 83 
15 84 
15 86 
15 87 
15 88 
15 90 
15 91 
15 94 
15 95 
15 96 
15 98 
15 100 
15 102 
15 105 
15 108 
15 109 
15 116 
15 117 
15 119 
15 121 
15 124 
15 125 
15 134 
15 146 
15 168 
15 180 
15 182 
15 212 
16 45 
16 76 
16 79 
16 97 
17 2 
17 4 
17 6 
17 7 
17 9 
17 15 
17 19 
17 25 
17 26 
17 29 
17 31 
17 33 
17 34 
17 37 
17 39 
17 40 
17 44 
17 45 
17 54 
17 55 
17 66 
17 67 
17 70 
17 71 
17 75 
17 76 
17 79 
17 82 
17 91 
17 95 
17 105 
17 109 
17 110 
17 115 
17 119 
17 120 
17 124 
17 125 
17 134 
17 150 
17 155 
17 158 
17 170 
17 190 
17 212 
18 2 
18 4 
18 6 
18 7 
18 8 
18 9 
18 13 
18 15 
18 17 
18 22 
18 26 
18 27 
18 29 
18 30 
18 31 
18 33 
18 34 
18 35 
18 37 
18 39 
18 44 
18 45 
18 70 
18 80 
18 105 
18 130 
18 158 
18 212 
19 6 
19 15 
19 18 
19 23 
19 25 
19 26 
19 36 
19 116 
21 3 
21 4 
21 7 
21 9 
21 14 
21 15 
21 22 
21 26 
21 29 
21 30 
21 31 
21 32 
21 34 
21 35 
21 36 
21 40 
21 42 
21 44 
21 51 
21 52 
21 60 
21 63 
21 68 
21 73 
21 78 
21 80 
21 82 
21 84 
21 86 
21 87 
21 109 
21 148 
22 2 
22 3 
22 4 
22 6 
22 7 
22 9 
22 10 
22 11 
22 14 
22 15 
22 17 
22 18 
22 21 
22 25 
22 26 
22 27 
22 28 
22 30 
22 31 
22 32 
22 33 
22 34 
22 35 
22 36 
22 37 
22 39 
22 40 
22 42 
22 44 
22 48 
22 52 
22 55 
22 58 
22 60 
22 62 
22 63 
22 66 
22 68 
22 69 
22 70 
22 73 
22 76 
22 77 
22 78 
22 80 
22 82 
22 84 
22 87 
22 88 
22 90 
22 91 
22 97 
22 100 
22 105 
22 108 
22 109 
22 110 
22 116 
22 117 
22 124 
22 125 
22 133 
22 146 
22 148 
22 158 
22 170 
22 212 
23 2 
23 5 
23 6 
23 7 
23 8 
23 9 
23 10 
23 15 
23 17 
23 18 
23 22 
23 26 
23 27 
23 29 
23 31 
23 34 
23 35 
23 37 
23 39 
23 44 
23 45 
23 49 
23 70 
23 76 
23 80 
23 86 
23 96 
23 105 
23 117 
23 124 
23 158 
25 2 
25 5 
25 6 
25 36 
25 44 
25 45 
25 55 
25 105 
25 146 
25 158 
26 2 
26 7 
26 8 
26 9 
26 10 
26 18 
26 23 
26 26 
26 27 
26 28 
26 29 
26 31 
26 34 
26 39 
26 44 
26 63 
26 105 
26 110 
26 139 
26 150 
26 212 
27 2 
27 3 
27 4 
27 5 
27 6 
27 7 
27 8 
27 10 
27 11 
27 13 
27 14 
27 15 
27 18 
27 19 
27 21 
27 22 
27 23 
27 26 
27 29 
27 30 
27 31 
27 32 
27 33 
27 34 
27 35 
27 36 
27 37 
27 39 
27 40 
27 42 
27 44 
27 45 
27 49 
27 55 
27 58 
27 60 
27 63 
27 68 
27 69 
27 70 
27 71 
27 73 
27 74 
27 76 
27 78 
27 80 
27 82 
27 84 
27 87 
27 88 
27 90 
27 91 
27 94 
27 96 
27 98 
27 102 
27 104 
27 105 
27 108 
27 109 
27 119 
27 121 
27 127 
27 130 
27 134 
27 148 
27 187 
28 2 
28 6 
28 7 
28 8 
28 31 
28 44 
28 45 
28 105 
28 110 
29 2 
29 6 
29 7 
29 10 
29 14 
29 18 
29 23 
29 26 
29 27 
29 31 
29 34 
29 37 
29 39 
29 45 
29 62 
29 156 
30 2 
30 7 
30 9 
30 11 
30 14 
30 15 
30 21 
30 22 
30 23 
30 31 
30 32 
30 35 
30 36 
30 37 
30 44 
30 45 
30 60 
30 63 
30 69 
30 70 
30 73 
30 80 
30 82 
30 83 
30 84 
30 86 
30 87 
30 88 
30 98 
30 102 
30 117 
30 121 
31 2 
31 5 
31 6 
31 7 
31 8 
31 9 
31 10 
31 14 
31 15 
31 17 
31 18 
31 22 
31 23 
31 26 
31 27 
31 29 
31 34 
31 35 
31 37 
31 39 
31 45 
31 49 
31 76 
31 87 
31 96 
31 105 
31 108 
31 109 
31 124 
31 158 
32 6 
32 15 
32 98 
32 100 
32 116 
32 117 
32 133 
33 6 
33 17 
33 34 
33 91 
33 105 
33 119 
33 134 
33 158 
34 6 
34 7 
34 8 
34 9 
34 18 
34 26 
34 27 
34 29 
34 39 
34 103 
34 105 
34 110 
34 112 
34 134 
34 139 
34 212 
35 2 
35 3 
35 4 
35 6 
35 7 
35 9 
35 10 
35 11 
35 14 
35 15 
35 16 
35 21 
35 22 
35 23 
35 25 
35 26 
35 27 
35 30 
35 31 
35 32 
35 33 
35 34 
35 36 
35 37 
35 40 
35 42 
35 44 
35 52 
35 53 
35 54 
35 55 
35 59 
35 60 
35 76 
35 78 
35 80 
35 82 
35 84 
35 91 
35 94 
35 96 
35 102 
35 103 
35 140 
35 150 
35 158 
35 180 
35 212 
36 4 
36 11 
36 13 
36 15 
36 22 
36 27 
36 30 
36 44 
36 59 
36 69 
36 73 
36 80 
36 82 
36 86 
36 98 
36 102 
36 105 
36 121 
37 2 
37 3 
37 4 
37 7 
37 8 
37 9 
37 10 
37 14 
37 15 
37 17 
37 18 
37 22 
37 27 
37 29 
37 32 
37 34 
37 39 
37 40 
37 44 
37 45 
37 49 
37 58 
37 70 
37 74 
37 76 
37 78 
37 86 
37 91 
37 96 
37 102 
37 108 
37 109 
37 117 
37 124 
37 150 
37 155 
37 158 
39 2 
39 3 
39 4 
39 6 
39 7 
39 8 
39 9 
39 10 
39 11 
39 13 
39 14 
39 15 
39 17 
39 18 
39 23 
39 26 
39 27 
39 28 
39 31 
39 32 
39 34 
39 36 
39 37 
39 39 
39 44 
39 45 
39 55 
39 62 
39 70 
39 78 
39 80 
39 86 
39 102 
39 105 
39 109 
39 134 
39 158 
39 212 
40 2 
40 4 
40 6 
40 11 
40 14 
40 15 
40 19 
40 21 
40 27 
40 31 
40 36 
40 37 
40 45 
40 72 
40 80 
40 91 
40 100 
40 108 
40 109 
40 133 
40 146 
42 14 
42 32 
42 83 
43 2 
43 17 
43 18 
43 19 
43 33 
43 34 
43 44 
43 92 
43 105 
43 110 
43 115 
43 119 
43 124 
43 125 
43 134 
43 158 
43 168 
43 181 
43 193 
43 212 
44 2 
44 3 
44 4 
44 5 
44 6 
44 7 
44 8 
44 9 
44 10 
44 11 
44 13 
44 14 
44 15 
44 17 
44 18 
44 21 
44 22 
44 23 
44 25 
44 26 
44 27 
44 28 
44 29 
44 30 
44 31 
44 32 
44 33 
44 34 
44 35 
44 36 
44 37 
44 39 
44 40 
44 42 
44 45 
44 49 
44 52 
44 59 
44 60 
44 62 
44 63 
44 66 
44 68 
44 69 
44 70 
44 71 
44 73 
44 76 
44 80 
44 82 
44 83 
44 84 
44 86 
44 87 
44 88 
44 91 
44 92 
44 96 
44 97 
44 102 
44 103 
44 105 
44 109 
44 112 
44 117 
44 119 
44 120 
44 121 
44 124 
44 125 
44 128 
44 134 
44 146 
44 148 
44 150 
44 158 
44 178 
44 182 
44 193 
45 2 
45 3 
45 4 
45 5 
45 6 
45 7 
45 8 
45 9 
45 10 
45 11 
45 14 
45 15 
45 16 
45 17 
45 18 
45 21 
45 22 
45 23 
45 25 
45 26 
45 27 
45 28 
45 29 
45 30 
45 31 
45 32 
45 33 
45 34 
45 35 
45 37 
45 39 
45 40 
45 42 
45 44 
45 49 
45 52 
45 55 
45 58 
45 60 
45 62 
45 66 
45 67 
45 69 
45 70 
45 76 
45 78 
45 79 
45 80 
45 86 
45 94 
45 95 
45 96 
45 97 
45 99 
45 102 
45 103 
45 105 
45 108 
45 109 
45 112 
45 120 
45 124 
45 125 
45 127 
45 128 
45 130 
45 134 
45 136 
45 146 
45 156 
45 158 
45 178 
45 182 
45 193 
47 3 
47 4 
47 7 
47 10 
47 14 
47 26 
47 34 
47 39 
47 45 
47 139 
48 187 
49 2 
49 5 
49 6 
49 25 
49 26 
49 27 
49 31 
49 34 
49 45 
49 55 
49 58 
49 66 
49 76 
49 94 
49 95 
49 96 
49 108 
49 109 
49 125 
51 37 
52 30 
52 33 
52 68 
52 78 
52 83 
52 84 
52 90 
52 117 
55 16 
55 23 
55 45 
55 58 
55 66 
55 76 
55 82 
55 94 
55 108 
55 127 
58 16 
58 45 
58 79 
58 97 
58 127 
59 57 
59 119 
60 2 
60 34 
60 77 
60 90 
61 127 
63 4 
63 15 
63 21 
63 22 
63 30 
63 32 
63 37 
63 44 
63 68 
63 69 
63 80 
63 84 
63 86 
63 87 
63 88 
63 117 
64 112 
65 103 
68 6 
68 22 
68 30 
68 36 
68 48 
68 52 
68 54 
68 62 
68 84 
68 86 
68 90 
69 14 
69 15 
69 37 
69 44 
69 45 
69 52 
69 68 
69 84 
69 87 
70 4 
70 6 
70 11 
70 27 
70 32 
70 34 
70 42 
70 45 
70 48 
70 105 
70 124 
71 92 
71 168 
73 30 
73 32 
73 98 
73 121 
74 27 
75 6 
76 5 
76 6 
76 7 
76 10 
76 16 
76 21 
76 25 
76 31 
76 39 
76 45 
76 55 
76 58 
76 66 
76 79 
76 94 
76 96 
76 97 
76 103 
76 112 
76 158 
78 6 
78 22 
78 91 
78 213 
79 58 
80 36 
82 6 
82 14 
82 15 
82 35 
82 37 
82 44 
82 45 
82 53 
82 74 
82 109 
84 22 
84 52 
84 63 
84 68 
84 69 
84 117 
86 51 
86 52 
86 77 
87 3 
87 4 
87 11 
87 14 
87 15 
87 17 
87 21 
87 22 
87 27 
87 30 
87 35 
87 37 
87 40 
87 44 
87 45 
87 52 
87 62 
87 63 
87 68 
87 69 
87 70 
87 73 
87 84 
87 86 
87 105 
87 117 
88 3 
88 22 
88 30 
88 32 
88 37 
88 44 
88 51 
88 60 
88 63 
88 69 
88 70 
88 73 
88 87 
88 90 
88 117 
88 146 
89 116 
90 6 
90 60 
91 57 
91 134 
93 23 
93 28 
93 33 
93 48 
93 76 
93 91 
93 96 
93 109 
96 2 
96 4 
96 5 
96 6 
96 7 
96 9 
96 18 
96 21 
96 26 
96 29 
96 31 
96 34 
96 39 
96 45 
96 49 
96 55 
96 58 
96 60 
96 66 
96 76 
96 94 
96 100 
96 108 
96 109 
97 45 
98 13 
98 121 
101 35 
102 15 
103 178 
105 2 
105 6 
105 18 
105 23 
105 26 
105 29 
105 31 
105 34 
105 45 
105 99 
105 105 
105 134 
105 156 
107 6 
107 76 
108 45 
108 55 
108 66 
108 80 
109 2 
109 6 
109 7 
109 8 
109 11 
109 17 
109 27 
109 31 
109 39 
109 42 
109 54 
109 59 
109 71 
109 75 
109 92 
109 105 
109 109 
109 115 
109 119 
109 124 
109 138 
109 150 
109 168 
109 187 
110 2 
110 4 
110 6 
110 7 
110 9 
110 14 
110 15 
110 22 
110 37 
110 44 
110 45 
110 62 
110 80 
110 105 
110 138 
110 212 
112 120 
112 178 
113 125 
114 5 
114 23 
114 105 
115 109 
115 138 
117 83 
121 32 
121 73 
121 98 
125 158 
128 45 
128 124 
129 27 
129 127 
130 27 
132 124 
135 6 
135 34 
139 2 
139 7 
139 8 
139 14 
139 23 
139 26 
139 31 
139 34 
139 45 
140 8 
142 57 
146 45 
146 125 
148 33 
148 55 
150 45 
150 48 
150 104 
150 109 
150 125 
151 45 
153 23 
153 26 
160 18 
161 7 
161 9 
163 2 
163 14 
163 54 
163 59 
163 71 
163 92 
169 6 
169 78 
170 124 
171 112 
172 7 
172 9 
187 14 
