1 17 
1 28 
2 6 
2 7 
2 8 
2 18 
2 25 
2 26 
2 32 
2 33 
2 34 
2 39 
2 99 
2 105 
2 134 
2 146 
2 156 
2 158 
2 166 
2 212 
3 14 
3 15 
3 22 
3 37 
3 63 
3 74 
3 87 
3 88 
4 3 
4 11 
4 13 
4 14 
4 15 
4 21 
4 22 
4 27 
4 30 
4 36 
4 37 
4 44 
4 63 
4 68 
4 73 
4 74 
4 98 
4 121 
5 4 
5 6 
5 11 
5 14 
5 15 
5 21 
5 22 
5 25 
5 27 
5 32 
5 35 
5 37 
5 40 
5 42 
5 44 
5 45 
5 48 
5 49 
5 51 
5 53 
5 59 
5 60 
5 77 
5 78 
5 80 
5 82 
5 83 
5 86 
5 90 
5 102 
5 116 
5 117 
5 133 
5 148 
6 6 
6 7 
6 8 
6 31 
6 37 
6 45 
6 178 
7 2 
7 5 
7 6 
7 18 
7 23 
7 26 
7 32 
7 34 
7 39 
8 140 
9 2 
9 5 
9 6 
9 8 
9 18 
9 23 
9 26 
9 32 
9 34 
9 39 
9 140 
10 8 
10 9 
10 26 
10 34 
11 4 
11 22 
11 27 
11 36 
12 14 
12 15 
12 22 
12 25 
12 27 
12 32 
12 33 
12 37 
12 44 
12 62 
12 69 
12 84 
12 87 
12 88 
12 102 
12 150 
12 158 
14 3 
14 4 
14 6 
14 7 
14 8 
14 11 
14 15 
14 21 
14 22 
14 25 
14 27 
14 30 
14 32 
14 34 
14 35 
14 36 
14 37 
14 44 
14 54 
14 57 
14 59 
14 63 
14 68 
14 69 
14 73 
14 74 
14 80 
14 82 
14 88 
14 98 
14 102 
14 121 
14 150 
14 180 
15 3 
15 4 
15 11 
15 13 
15 14 
15 21 
15 22 
15 27 
15 30 
15 35 
15 36 
15 37 
15 44 
15 52 
15 63 
15 68 
15 69 
15 74 
15 82 
15 84 
15 87 
15 98 
15 212 
16 6 
16 45 
16 97 
16 128 
17 6 
17 27 
17 28 
17 80 
17 125 
17 134 
17 155 
17 158 
17 190 
17 212 
18 7 
18 8 
18 26 
18 34 
18 158 
19 3 
19 15 
19 32 
19 36 
19 37 
19 44 
19 116 
19 125 
19 134 
19 158 
21 15 
21 27 
21 44 
22 3 
22 4 
22 6 
22 11 
22 13 
22 14 
22 15 
22 21 
22 27 
22 30 
22 32 
22 34 
22 35 
22 36 
22 37 
22 39 
22 44 
22 48 
22 51 
22 52 
22 59 
22 60 
22 62 
22 63 
22 68 
22 69 
22 73 
22 74 
22 80 
22 83 
22 84 
22 86 
22 87 
22 88 
22 102 
22 117 
22 121 
22 148 
22 158 
23 7 
23 8 
23 10 
23 26 
23 31 
23 32 
23 34 
23 37 
23 39 
23 140 
24 15 
24 32 
24 42 
24 73 
24 98 
24 117 
24 121 
25 125 
25 134 
25 158 
26 7 
26 8 
26 18 
26 34 
26 212 
27 3 
27 4 
27 11 
27 13 
27 14 
27 15 
27 21 
27 22 
27 25 
27 30 
27 32 
27 35 
27 36 
27 37 
27 44 
27 52 
27 62 
27 63 
27 68 
27 69 
27 73 
27 74 
27 82 
27 84 
27 87 
27 88 
27 98 
27 100 
27 121 
27 148 
27 158 
28 6 
28 11 
28 80 
28 158 
28 212 
30 3 
30 14 
30 15 
30 22 
30 63 
30 73 
30 87 
30 98 
31 6 
31 7 
31 8 
31 10 
31 18 
31 23 
31 26 
31 32 
31 34 
31 44 
33 25 
33 36 
33 80 
33 125 
33 134 
33 158 
33 159 
34 18 
34 26 
34 158 
34 212 
35 3 
35 4 
35 6 
35 7 
35 8 
35 11 
35 13 
35 14 
35 15 
35 21 
35 22 
35 25 
35 26 
35 27 
35 30 
35 32 
35 34 
35 36 
35 37 
35 42 
35 44 
35 51 
35 52 
35 53 
35 59 
35 60 
35 63 
35 68 
35 69 
35 73 
35 74 
35 80 
35 82 
35 83 
35 84 
35 86 
35 87 
35 88 
35 98 
35 102 
35 117 
35 121 
35 148 
35 150 
35 158 
35 212 
36 11 
36 13 
36 14 
36 27 
37 3 
37 6 
37 14 
37 35 
38 32 
39 2 
39 5 
39 6 
39 7 
39 8 
39 11 
39 15 
39 17 
39 19 
39 32 
39 34 
39 44 
39 80 
39 110 
39 155 
39 158 
39 212 
40 3 
40 4 
40 11 
40 15 
40 27 
40 32 
40 34 
40 36 
40 37 
40 42 
40 44 
40 48 
40 51 
40 52 
40 63 
40 68 
40 77 
40 80 
40 83 
40 84 
40 86 
40 87 
40 88 
40 90 
40 100 
40 121 
40 133 
41 32 
42 32 
42 117 
42 121 
43 125 
43 134 
43 158 
43 212 
44 4 
44 11 
44 14 
44 15 
44 21 
44 22 
44 27 
44 35 
44 87 
44 128 
45 6 
45 7 
45 8 
45 10 
45 16 
45 23 
45 26 
45 31 
45 34 
45 76 
45 80 
45 96 
45 102 
45 103 
45 112 
45 120 
45 127 
45 128 
45 136 
45 139 
45 158 
45 178 
45 182 
46 15 
46 31 
46 32 
46 42 
46 98 
46 117 
46 121 
47 18 
47 158 
48 51 
48 60 
48 68 
48 77 
48 84 
48 86 
48 88 
49 6 
49 44 
49 102 
51 60 
52 68 
52 121 
55 35 
58 4 
58 6 
58 7 
58 8 
58 11 
58 15 
58 21 
58 22 
58 25 
58 27 
58 32 
58 35 
58 37 
58 40 
58 42 
58 44 
58 45 
58 48 
58 51 
58 59 
58 60 
58 77 
58 78 
58 79 
58 80 
58 82 
58 83 
58 86 
58 90 
58 102 
58 117 
60 6 
60 51 
60 86 
60 88 
61 6 
62 44 
62 68 
63 30 
63 84 
63 87 
63 100 
65 6 
65 14 
65 15 
65 22 
65 44 
65 80 
66 6 
66 27 
66 37 
66 45 
66 78 
68 3 
68 11 
68 14 
68 15 
68 22 
68 27 
68 30 
68 48 
68 51 
68 52 
68 62 
68 63 
68 69 
68 77 
68 84 
68 86 
68 87 
68 88 
68 90 
68 116 
69 3 
69 15 
69 63 
69 84 
69 87 
69 88 
70 14 
70 22 
70 27 
70 32 
70 37 
70 44 
70 62 
70 68 
70 80 
70 86 
70 88 
70 90 
70 102 
70 117 
71 15 
71 37 
71 158 
72 32 
73 11 
73 98 
73 121 
74 4 
74 14 
74 15 
76 6 
76 7 
76 8 
76 23 
76 45 
76 128 
77 51 
78 4 
78 6 
78 14 
78 15 
78 22 
78 27 
78 32 
78 35 
78 37 
78 44 
78 51 
78 59 
78 60 
78 80 
78 82 
78 102 
79 6 
79 45 
79 58 
79 97 
80 36 
81 4 
81 6 
81 22 
81 27 
81 32 
81 35 
81 37 
81 42 
81 44 
81 45 
81 51 
81 60 
81 80 
81 82 
81 83 
81 86 
81 102 
81 117 
81 127 
82 14 
82 15 
82 22 
82 27 
82 30 
82 35 
82 37 
82 44 
82 45 
82 53 
82 74 
84 22 
84 27 
87 30 
87 63 
88 14 
88 15 
88 22 
88 27 
88 60 
88 87 
89 11 
89 25 
89 32 
89 33 
89 36 
89 125 
89 134 
89 146 
89 158 
90 3 
90 27 
90 44 
90 51 
90 52 
90 69 
90 84 
90 86 
91 4 
91 14 
91 22 
91 32 
91 148 
91 158 
93 14 
93 33 
93 77 
93 91 
93 100 
94 127 
96 6 
96 44 
96 45 
96 102 
96 112 
97 45 
98 73 
98 82 
98 121 
99 2 
100 116 
101 4 
101 6 
101 7 
101 8 
101 14 
101 16 
101 21 
101 27 
101 32 
101 37 
101 42 
101 44 
101 45 
101 51 
101 58 
101 60 
101 77 
101 79 
101 80 
101 86 
101 90 
101 97 
101 102 
101 112 
101 117 
101 128 
105 6 
105 7 
105 8 
105 23 
105 34 
105 45 
105 99 
105 156 
105 182 
108 5 
108 6 
108 27 
108 32 
108 35 
108 66 
108 80 
108 95 
108 96 
109 14 
109 27 
109 37 
109 44 
109 57 
109 59 
109 71 
109 75 
109 115 
109 117 
109 125 
109 138 
109 150 
109 158 
109 168 
110 158 
110 212 
111 25 
111 134 
111 158 
119 44 
120 127 
121 15 
121 73 
121 98 
124 4 
125 23 
125 25 
125 134 
125 158 
133 6 
133 32 
135 158 
136 6 
146 15 
146 25 
146 84 
146 89 
146 125 
146 134 
146 158 
148 3 
148 15 
148 22 
153 7 
153 9 
167 25 
167 33 
167 125 
167 158 
169 14 
187 4 
187 14 
187 27 
187 35 
187 37 
187 44 
187 80 
204 59 
204 91 
