2 7 
2 8 
2 26 
2 31 
2 34 
2 59 
2 109 
2 150 
2 158 
2 165 
2 166 
2 182 
2 212 
3 11 
3 15 
3 22 
3 27 
3 30 
3 37 
3 44 
3 52 
3 63 
3 68 
3 69 
3 84 
3 87 
3 88 
4 11 
4 13 
4 14 
4 15 
4 21 
4 22 
4 27 
4 30 
4 32 
4 35 
4 36 
4 42 
4 44 
4 52 
4 60 
4 63 
4 68 
4 73 
4 74 
4 78 
4 82 
4 83 
4 84 
4 90 
4 109 
4 117 
4 119 
4 146 
4 148 
4 158 
4 173 
4 180 
4 182 
4 193 
4 212 
5 4 
5 7 
5 8 
5 15 
5 19 
5 21 
5 22 
5 23 
5 25 
5 27 
5 32 
5 33 
5 35 
5 37 
5 44 
5 48 
5 49 
5 53 
5 57 
5 59 
5 60 
5 62 
5 63 
5 72 
5 82 
5 84 
5 90 
5 91 
5 95 
5 96 
5 108 
5 109 
5 116 
5 119 
5 125 
5 127 
5 133 
5 134 
5 146 
5 148 
5 157 
5 158 
5 173 
5 180 
5 193 
5 212 
6 7 
6 8 
6 9 
6 10 
6 16 
6 29 
6 32 
6 45 
6 48 
6 58 
6 72 
6 90 
6 100 
6 103 
6 104 
6 109 
6 112 
6 119 
6 127 
6 128 
6 178 
6 180 
7 59 
7 72 
7 134 
8 140 
9 59 
9 72 
9 134 
11 4 
11 13 
11 14 
11 15 
11 22 
11 27 
11 30 
11 35 
11 36 
11 37 
11 44 
11 59 
11 68 
11 69 
11 80 
11 82 
11 87 
11 98 
11 102 
11 119 
11 158 
11 180 
11 212 
13 11 
13 22 
13 27 
13 30 
13 32 
13 36 
13 73 
13 84 
13 98 
13 121 
14 3 
14 4 
14 7 
14 8 
14 11 
14 13 
14 15 
14 21 
14 22 
14 23 
14 27 
14 29 
14 30 
14 32 
14 33 
14 35 
14 36 
14 37 
14 42 
14 44 
14 48 
14 52 
14 54 
14 57 
14 59 
14 60 
14 62 
14 63 
14 68 
14 69 
14 73 
14 74 
14 78 
14 80 
14 82 
14 83 
14 84 
14 86 
14 87 
14 88 
14 91 
14 96 
14 98 
14 109 
14 116 
14 117 
14 119 
14 121 
14 125 
14 146 
14 148 
14 150 
14 156 
14 157 
14 158 
14 173 
14 180 
14 182 
14 187 
14 212 
15 3 
15 4 
15 7 
15 8 
15 11 
15 13 
15 14 
15 21 
15 22 
15 27 
15 29 
15 30 
15 32 
15 35 
15 36 
15 37 
15 42 
15 44 
15 52 
15 60 
15 62 
15 63 
15 68 
15 69 
15 73 
15 74 
15 82 
15 83 
15 84 
15 87 
15 88 
15 90 
15 98 
15 102 
15 117 
15 119 
15 121 
15 133 
15 146 
15 180 
15 212 
16 136 
17 110 
21 3 
21 4 
21 11 
21 14 
21 22 
21 27 
21 30 
21 32 
21 36 
21 44 
21 52 
21 69 
21 158 
22 3 
22 4 
22 11 
22 14 
22 15 
22 21 
22 27 
22 30 
22 32 
22 35 
22 37 
22 42 
22 44 
22 48 
22 51 
22 52 
22 53 
22 59 
22 60 
22 63 
22 67 
22 68 
22 69 
22 73 
22 77 
22 82 
22 83 
22 84 
22 87 
22 88 
22 90 
22 92 
22 98 
22 116 
22 119 
22 121 
22 148 
22 150 
22 158 
22 173 
22 180 
22 212 
25 119 
25 158 
26 34 
26 212 
27 3 
27 4 
27 11 
27 13 
27 14 
27 15 
27 21 
27 22 
27 26 
27 30 
27 35 
27 36 
27 37 
27 44 
27 51 
27 52 
27 53 
27 57 
27 59 
27 62 
27 63 
27 68 
27 69 
27 74 
27 78 
27 82 
27 83 
27 84 
27 87 
27 88 
27 98 
27 102 
27 117 
27 119 
27 121 
27 125 
27 127 
27 148 
27 173 
27 180 
27 193 
27 212 
29 158 
30 3 
30 4 
30 7 
30 8 
30 11 
30 13 
30 14 
30 15 
30 21 
30 22 
30 27 
30 32 
30 35 
30 36 
30 37 
30 42 
30 44 
30 52 
30 53 
30 59 
30 63 
30 68 
30 69 
30 73 
30 82 
30 83 
30 84 
30 86 
30 87 
30 88 
30 90 
30 98 
30 117 
30 119 
30 121 
30 148 
30 180 
32 7 
32 8 
33 125 
33 134 
33 158 
34 26 
34 212 
35 3 
35 4 
35 7 
35 8 
35 14 
35 15 
35 21 
35 22 
35 27 
35 30 
35 32 
35 36 
35 37 
35 42 
35 44 
35 52 
35 53 
35 59 
35 63 
35 68 
35 82 
35 119 
35 150 
35 157 
35 173 
35 180 
36 11 
36 13 
36 27 
37 180 
39 44 
40 33 
40 72 
40 119 
40 146 
43 33 
43 125 
43 134 
43 158 
43 212 
44 3 
44 4 
44 7 
44 8 
44 11 
44 14 
44 15 
44 21 
44 22 
44 27 
44 30 
44 34 
44 35 
44 36 
44 42 
44 52 
44 62 
44 68 
44 69 
44 73 
44 82 
44 84 
44 98 
44 109 
44 134 
44 148 
44 158 
44 180 
44 193 
45 6 
45 7 
45 8 
45 9 
45 10 
45 15 
45 16 
45 18 
45 22 
45 23 
45 25 
45 26 
45 27 
45 29 
45 31 
45 32 
45 33 
45 34 
45 39 
45 42 
45 55 
45 57 
45 58 
45 66 
45 67 
45 72 
45 76 
45 79 
45 84 
45 90 
45 96 
45 97 
45 103 
45 104 
45 108 
45 109 
45 110 
45 112 
45 116 
45 120 
45 125 
45 127 
45 128 
45 130 
45 133 
45 134 
45 136 
45 146 
45 156 
45 158 
45 165 
45 178 
45 180 
45 182 
49 62 
49 158 
52 3 
52 68 
52 84 
53 37 
58 16 
58 63 
59 180 
60 3 
60 51 
60 77 
60 88 
60 90 
62 30 
62 52 
63 3 
63 11 
63 14 
63 15 
63 27 
63 30 
63 35 
63 37 
63 68 
63 69 
63 84 
63 87 
63 88 
63 180 
65 100 
68 27 
68 52 
68 62 
68 84 
69 3 
69 4 
69 7 
69 8 
69 10 
69 14 
69 15 
69 22 
69 23 
69 27 
69 30 
69 31 
69 32 
69 37 
69 42 
69 44 
69 52 
69 60 
69 63 
69 68 
69 72 
69 83 
69 84 
69 86 
69 87 
69 88 
69 98 
69 121 
70 4 
70 14 
70 15 
70 21 
70 22 
70 35 
70 37 
70 44 
70 45 
70 62 
70 83 
70 109 
71 67 
71 92 
73 4 
73 11 
73 13 
73 14 
73 15 
73 27 
73 30 
73 36 
73 44 
73 52 
73 98 
73 121 
74 4 
74 11 
74 14 
74 52 
74 100 
77 51 
78 158 
78 173 
82 3 
82 4 
82 14 
82 15 
82 21 
82 22 
82 27 
82 30 
82 35 
82 36 
82 37 
82 44 
82 52 
82 53 
82 57 
82 60 
82 62 
82 63 
82 68 
82 69 
82 87 
82 88 
82 109 
82 180 
84 14 
84 15 
84 27 
84 44 
84 52 
84 62 
84 68 
84 69 
84 87 
86 77 
87 3 
87 27 
87 30 
87 63 
87 69 
87 84 
87 86 
88 3 
88 37 
88 44 
88 51 
88 60 
88 69 
91 7 
91 8 
91 180 
93 14 
93 30 
93 33 
93 180 
96 6 
96 7 
96 8 
96 9 
96 15 
96 22 
96 23 
96 44 
96 45 
96 55 
96 76 
96 108 
96 109 
96 180 
98 13 
98 15 
98 27 
98 30 
98 73 
98 121 
105 18 
105 99 
105 165 
105 166 
108 55 
108 66 
109 104 
109 115 
109 119 
109 138 
109 168 
110 212 
114 193 
119 180 
121 11 
121 27 
121 73 
121 98 
125 158 
132 112 
146 33 
146 134 
146 158 
158 134 
163 180 
172 33 
172 158 
173 180 
186 100 
210 53 
210 109 
