2 7 
2 9 
2 10 
2 23 
2 31 
2 40 
2 55 
2 68 
2 109 
3 87 
4 14 
4 80 
5 22 
5 23 
5 31 
5 35 
5 82 
5 94 
7 15 
7 18 
7 23 
7 26 
7 31 
7 45 
7 72 
7 168 
9 15 
9 18 
9 23 
9 26 
9 31 
9 45 
9 72 
9 168 
11 44 
14 35 
14 68 
14 91 
14 173 
14 187 
15 3 
15 4 
15 22 
15 44 
15 121 
17 7 
17 9 
17 16 
17 22 
17 28 
17 60 
17 125 
18 7 
18 10 
18 23 
22 14 
22 62 
22 68 
23 39 
27 13 
27 16 
27 52 
28 7 
28 9 
28 125 
28 158 
35 14 
35 22 
35 40 
35 68 
35 82 
40 14 
40 35 
40 68 
40 72 
40 133 
40 158 
44 14 
44 21 
44 35 
44 63 
45 4 
45 5 
45 6 
45 7 
45 10 
45 16 
45 23 
45 31 
45 33 
45 35 
45 55 
45 58 
45 76 
45 108 
45 109 
45 119 
47 23 
47 31 
49 7 
49 9 
49 35 
49 49 
49 96 
52 68 
58 40 
58 45 
59 22 
59 35 
59 82 
59 170 
62 22 
63 52 
67 22 
68 22 
68 23 
68 33 
68 35 
68 40 
68 52 
68 62 
68 63 
68 69 
69 22 
70 7 
70 9 
70 35 
70 40 
70 45 
70 67 
70 108 
75 109 
75 115 
75 168 
82 35 
92 71 
93 33 
105 75 
109 5 
109 55 
109 68 
109 70 
109 75 
109 92 
109 109 
109 138 
109 168 
113 31 
113 92 
113 125 
113 181 
115 75 
115 109 
115 138 
115 168 
121 98 
124 157 
128 103 
133 19 
152 75 
152 104 
152 109 
152 115 
152 168 
153 22 
163 168 
168 75 
168 109 
173 82 
180 22 
180 157 
