2 2 
2 7 
2 8 
2 10 
2 18 
2 26 
2 29 
2 31 
2 34 
2 105 
2 109 
2 119 
2 150 
2 156 
3 7 
3 8 
3 11 
3 15 
3 21 
3 22 
3 23 
3 27 
3 30 
3 31 
3 32 
3 35 
3 37 
3 48 
3 51 
3 52 
3 60 
3 63 
3 69 
3 73 
3 77 
3 84 
3 86 
3 87 
3 88 
3 90 
3 98 
4 3 
4 7 
4 8 
4 11 
4 14 
4 15 
4 22 
4 26 
4 27 
4 29 
4 30 
4 31 
4 32 
4 34 
4 35 
4 39 
4 42 
4 44 
4 52 
4 54 
4 57 
4 59 
4 63 
4 68 
4 69 
4 73 
4 74 
4 82 
4 83 
4 84 
4 88 
4 90 
4 98 
4 109 
4 117 
4 119 
4 121 
5 7 
5 8 
5 25 
5 29 
5 32 
5 34 
5 42 
5 49 
5 53 
5 54 
5 59 
5 66 
5 109 
5 116 
5 134 
5 158 
5 187 
6 7 
6 8 
6 9 
6 10 
6 11 
6 23 
6 26 
6 29 
6 31 
6 32 
6 34 
6 42 
6 45 
6 55 
6 58 
6 76 
6 90 
6 103 
6 109 
6 112 
6 119 
6 127 
6 128 
6 182 
7 29 
7 35 
7 42 
7 109 
7 119 
8 9 
8 29 
8 35 
8 42 
8 140 
9 8 
9 29 
9 109 
9 119 
9 140 
10 8 
10 29 
11 2 
11 3 
11 4 
11 7 
11 8 
11 9 
11 10 
11 14 
11 15 
11 22 
11 23 
11 26 
11 27 
11 29 
11 30 
11 32 
11 34 
11 35 
11 36 
11 37 
11 39 
11 42 
11 44 
11 45 
11 52 
11 60 
11 63 
11 68 
11 69 
11 73 
11 76 
11 80 
11 84 
11 98 
11 109 
11 117 
11 121 
13 7 
13 8 
13 10 
13 11 
13 15 
13 26 
13 29 
13 30 
13 32 
13 34 
13 36 
13 63 
13 69 
13 73 
13 87 
13 98 
13 121 
14 3 
14 4 
14 7 
14 8 
14 9 
14 11 
14 15 
14 21 
14 22 
14 27 
14 29 
14 30 
14 31 
14 32 
14 34 
14 35 
14 37 
14 39 
14 44 
14 52 
14 54 
14 57 
14 59 
14 62 
14 63 
14 68 
14 69 
14 73 
14 74 
14 82 
14 84 
14 87 
14 88 
14 90 
14 98 
14 109 
14 119 
14 121 
14 148 
14 150 
14 158 
14 182 
14 187 
14 213 
15 3 
15 4 
15 7 
15 8 
15 9 
15 11 
15 14 
15 21 
15 22 
15 26 
15 27 
15 29 
15 30 
15 31 
15 32 
15 34 
15 35 
15 37 
15 39 
15 42 
15 44 
15 48 
15 51 
15 52 
15 54 
15 59 
15 60 
15 62 
15 63 
15 68 
15 69 
15 73 
15 74 
15 77 
15 80 
15 82 
15 83 
15 84 
15 86 
15 87 
15 88 
15 90 
15 98 
15 109 
15 117 
15 119 
15 121 
17 29 
17 125 
17 158 
19 109 
21 3 
21 4 
21 7 
21 8 
21 9 
21 11 
21 14 
21 22 
21 23 
21 27 
21 29 
21 30 
21 31 
21 32 
21 34 
21 35 
21 39 
21 44 
21 63 
21 69 
21 84 
21 98 
21 103 
21 109 
21 119 
22 3 
22 4 
22 7 
22 8 
22 11 
22 14 
22 15 
22 23 
22 27 
22 30 
22 32 
22 35 
22 37 
22 39 
22 48 
22 52 
22 54 
22 57 
22 59 
22 60 
22 63 
22 68 
22 69 
22 73 
22 84 
22 86 
22 87 
22 88 
22 90 
22 96 
22 98 
22 100 
22 109 
22 116 
22 119 
22 121 
23 7 
23 8 
23 10 
23 29 
25 29 
27 3 
27 4 
27 7 
27 8 
27 9 
27 10 
27 11 
27 13 
27 14 
27 15 
27 21 
27 22 
27 23 
27 26 
27 29 
27 30 
27 31 
27 32 
27 34 
27 35 
27 37 
27 39 
27 42 
27 44 
27 51 
27 52 
27 53 
27 54 
27 57 
27 59 
27 60 
27 62 
27 63 
27 68 
27 69 
27 73 
27 82 
27 83 
27 84 
27 87 
27 88 
27 90 
27 98 
27 100 
27 117 
27 119 
27 121 
27 125 
27 127 
27 134 
27 140 
27 148 
29 35 
30 3 
30 4 
30 7 
30 8 
30 11 
30 14 
30 15 
30 21 
30 22 
30 27 
30 31 
30 32 
30 39 
30 42 
30 52 
30 54 
30 57 
30 59 
30 60 
30 63 
30 68 
30 69 
30 73 
30 83 
30 84 
30 86 
30 87 
30 98 
30 100 
30 117 
30 119 
30 121 
31 7 
31 8 
31 29 
31 39 
31 134 
32 3 
32 7 
32 8 
32 15 
32 73 
34 7 
34 8 
34 29 
34 69 
35 3 
35 4 
35 6 
35 7 
35 8 
35 9 
35 11 
35 14 
35 15 
35 22 
35 23 
35 26 
35 27 
35 29 
35 30 
35 31 
35 32 
35 34 
35 37 
35 39 
35 42 
35 52 
35 53 
35 57 
35 59 
35 60 
35 63 
35 68 
35 69 
35 73 
35 82 
35 84 
35 86 
35 87 
35 88 
35 90 
35 98 
35 100 
35 109 
35 116 
35 117 
35 119 
35 121 
35 127 
35 148 
35 173 
35 180 
35 182 
36 7 
36 8 
36 10 
36 11 
36 13 
36 15 
36 22 
36 26 
36 30 
36 31 
36 32 
36 34 
36 59 
36 60 
36 63 
36 73 
36 84 
36 98 
36 121 
37 14 
37 15 
37 29 
37 59 
39 7 
39 8 
39 26 
39 29 
40 7 
40 8 
42 7 
42 8 
42 35 
43 212 
44 4 
44 7 
44 8 
44 11 
44 14 
44 15 
44 21 
44 22 
44 26 
44 27 
44 29 
44 30 
44 31 
44 34 
44 35 
44 37 
44 52 
44 63 
44 68 
44 69 
44 82 
44 84 
44 109 
44 119 
44 121 
44 125 
44 178 
45 6 
45 7 
45 8 
45 9 
45 10 
45 15 
45 16 
45 21 
45 23 
45 26 
45 29 
45 31 
45 32 
45 34 
45 42 
45 55 
45 58 
45 59 
45 76 
45 79 
45 90 
45 96 
45 97 
45 100 
45 103 
45 112 
45 120 
45 127 
45 128 
45 134 
45 136 
45 165 
45 178 
45 182 
47 7 
47 8 
49 7 
49 8 
52 7 
52 8 
52 22 
52 68 
52 84 
54 26 
60 27 
60 51 
60 86 
60 90 
62 4 
62 7 
62 8 
62 14 
62 30 
62 52 
62 63 
62 68 
62 88 
63 7 
63 8 
63 11 
63 14 
63 15 
63 21 
63 22 
63 30 
63 54 
63 84 
63 87 
63 121 
68 7 
68 8 
68 15 
68 48 
68 52 
68 59 
68 62 
68 63 
68 84 
68 90 
69 3 
69 7 
69 8 
69 10 
69 11 
69 21 
69 22 
69 30 
69 31 
69 32 
69 37 
69 42 
69 48 
69 52 
69 60 
69 63 
69 73 
69 84 
69 86 
69 87 
69 98 
69 121 
70 119 
71 134 
73 4 
73 22 
73 30 
73 32 
73 35 
73 59 
73 98 
73 121 
74 4 
74 14 
74 15 
74 30 
76 7 
76 8 
76 23 
76 31 
80 7 
80 8 
80 11 
80 29 
80 59 
80 178 
82 7 
82 8 
82 14 
82 32 
82 35 
82 53 
82 54 
82 74 
84 7 
84 8 
84 14 
84 22 
84 27 
84 30 
84 52 
84 68 
84 69 
86 51 
86 77 
86 90 
87 3 
87 22 
87 30 
87 63 
87 69 
88 7 
88 8 
88 22 
88 37 
88 51 
88 60 
88 69 
88 84 
88 86 
88 90 
89 7 
89 8 
90 86 
93 59 
96 6 
96 7 
96 8 
96 23 
96 31 
96 32 
96 49 
96 54 
96 55 
96 57 
96 58 
96 60 
96 66 
96 76 
96 95 
96 108 
98 7 
98 8 
98 13 
98 21 
98 30 
98 32 
98 59 
98 73 
98 84 
98 121 
105 7 
105 8 
105 29 
105 32 
105 109 
105 119 
105 166 
109 15 
109 138 
109 150 
114 7 
114 8 
114 32 
117 30 
121 30 
121 73 
121 98 
129 127 
148 54 
186 100 
