1 6 
1 7 
1 9 
1 15 
1 17 
1 19 
1 27 
1 28 
1 36 
1 44 
1 45 
1 80 
2 6 
2 7 
2 8 
2 9 
2 14 
2 15 
2 18 
2 26 
2 29 
2 30 
2 34 
2 39 
2 44 
2 63 
2 99 
2 105 
2 109 
2 110 
2 134 
2 150 
2 156 
2 158 
2 166 
2 212 
3 2 
3 4 
3 6 
3 11 
3 13 
3 14 
3 15 
3 22 
3 23 
3 27 
3 30 
3 35 
3 36 
3 37 
3 44 
3 45 
3 52 
3 60 
3 63 
3 69 
3 73 
3 74 
3 80 
3 82 
3 84 
3 87 
3 88 
3 109 
3 121 
3 133 
3 148 
3 150 
3 212 
4 6 
4 7 
4 8 
4 11 
4 13 
4 14 
4 15 
4 21 
4 27 
4 30 
4 35 
4 36 
4 37 
4 39 
4 44 
4 73 
4 74 
4 84 
4 86 
4 156 
5 2 
5 4 
5 6 
5 14 
5 15 
5 22 
5 23 
5 30 
5 34 
5 35 
5 36 
5 37 
5 39 
5 44 
5 45 
5 48 
5 49 
5 58 
5 80 
5 96 
5 105 
6 2 
6 4 
6 6 
6 7 
6 8 
6 9 
6 10 
6 11 
6 14 
6 15 
6 22 
6 23 
6 26 
6 27 
6 30 
6 34 
6 37 
6 40 
6 45 
6 51 
6 55 
6 60 
6 68 
6 69 
6 70 
6 73 
6 76 
6 77 
6 80 
6 84 
6 86 
6 87 
6 88 
6 99 
6 102 
6 105 
6 109 
6 112 
6 117 
6 120 
6 128 
6 150 
6 156 
6 212 
7 2 
7 3 
7 4 
7 5 
7 6 
7 11 
7 13 
7 14 
7 15 
7 17 
7 18 
7 19 
7 21 
7 22 
7 23 
7 25 
7 26 
7 27 
7 28 
7 30 
7 31 
7 32 
7 34 
7 35 
7 36 
7 37 
7 39 
7 40 
7 42 
7 44 
7 45 
7 48 
7 49 
7 52 
7 54 
7 59 
7 60 
7 62 
7 63 
7 67 
7 69 
7 70 
7 72 
7 73 
7 76 
7 77 
7 78 
7 80 
7 82 
7 84 
7 86 
7 87 
7 90 
7 91 
7 95 
7 96 
7 98 
7 99 
7 102 
7 104 
7 105 
7 108 
7 109 
7 110 
7 112 
7 116 
7 117 
7 120 
7 121 
7 133 
7 134 
7 139 
7 146 
7 150 
7 156 
7 157 
7 158 
7 166 
7 180 
7 182 
8 2 
8 6 
8 9 
8 26 
8 27 
8 34 
8 36 
8 44 
8 45 
8 63 
8 99 
8 105 
8 112 
8 140 
8 166 
8 182 
9 2 
9 3 
9 4 
9 5 
9 6 
9 8 
9 10 
9 11 
9 13 
9 14 
9 15 
9 17 
9 18 
9 19 
9 21 
9 22 
9 23 
9 25 
9 26 
9 27 
9 28 
9 30 
9 31 
9 32 
9 34 
9 35 
9 36 
9 37 
9 39 
9 40 
9 42 
9 44 
9 45 
9 48 
9 49 
9 52 
9 54 
9 59 
9 60 
9 62 
9 63 
9 67 
9 69 
9 70 
9 72 
9 73 
9 76 
9 77 
9 78 
9 80 
9 82 
9 84 
9 87 
9 90 
9 91 
9 95 
9 96 
9 98 
9 99 
9 102 
9 104 
9 105 
9 108 
9 109 
9 110 
9 112 
9 116 
9 117 
9 120 
9 121 
9 133 
9 134 
9 139 
9 140 
9 146 
9 150 
9 156 
9 157 
9 158 
9 180 
9 182 
10 2 
10 6 
10 8 
10 9 
10 14 
10 19 
10 23 
10 25 
10 26 
10 27 
10 34 
10 36 
10 44 
10 45 
10 49 
10 86 
10 105 
10 140 
11 3 
11 13 
11 14 
11 15 
11 22 
11 27 
11 30 
11 36 
11 44 
11 73 
11 74 
11 80 
11 98 
11 102 
11 109 
12 6 
12 15 
12 26 
12 44 
12 45 
12 110 
12 158 
13 11 
13 15 
13 27 
13 32 
13 36 
13 45 
13 73 
13 80 
13 98 
13 102 
13 121 
14 2 
14 3 
14 4 
14 6 
14 7 
14 10 
14 11 
14 13 
14 15 
14 21 
14 22 
14 23 
14 25 
14 26 
14 27 
14 29 
14 30 
14 31 
14 32 
14 33 
14 34 
14 35 
14 36 
14 37 
14 40 
14 44 
14 45 
14 52 
14 54 
14 59 
14 60 
14 62 
14 63 
14 68 
14 71 
14 74 
14 76 
14 78 
14 80 
14 82 
14 87 
14 88 
14 90 
14 94 
14 102 
14 104 
14 109 
14 121 
14 125 
14 150 
14 156 
14 157 
14 158 
14 180 
14 182 
14 187 
14 212 
15 2 
15 3 
15 4 
15 5 
15 6 
15 7 
15 8 
15 9 
15 10 
15 11 
15 13 
15 14 
15 16 
15 21 
15 22 
15 23 
15 25 
15 26 
15 27 
15 30 
15 31 
15 32 
15 34 
15 35 
15 36 
15 37 
15 39 
15 40 
15 42 
15 44 
15 45 
15 48 
15 49 
15 51 
15 52 
15 60 
15 62 
15 63 
15 66 
15 68 
15 69 
15 70 
15 71 
15 73 
15 74 
15 76 
15 77 
15 80 
15 82 
15 83 
15 84 
15 86 
15 87 
15 88 
15 90 
15 94 
15 96 
15 98 
15 100 
15 102 
15 105 
15 109 
15 110 
15 116 
15 117 
15 121 
15 146 
15 148 
15 150 
15 156 
15 212 
16 7 
16 10 
16 45 
16 58 
16 76 
16 97 
16 127 
16 136 
17 2 
17 4 
17 6 
17 7 
17 8 
17 10 
17 14 
17 15 
17 22 
17 25 
17 26 
17 27 
17 28 
17 31 
17 32 
17 33 
17 34 
17 36 
17 37 
17 40 
17 42 
17 44 
17 45 
17 48 
17 49 
17 54 
17 60 
17 70 
17 71 
17 75 
17 76 
17 80 
17 89 
17 99 
17 105 
17 109 
17 110 
17 125 
17 134 
17 138 
17 146 
17 150 
17 155 
17 158 
17 190 
17 212 
18 6 
18 7 
18 8 
18 10 
18 22 
18 26 
18 28 
18 33 
18 34 
18 37 
18 39 
18 45 
18 150 
18 158 
19 2 
19 3 
19 6 
19 7 
19 9 
19 11 
19 14 
19 15 
19 22 
19 23 
19 26 
19 27 
19 28 
19 32 
19 34 
19 36 
19 37 
19 40 
19 42 
19 44 
19 45 
19 84 
19 105 
19 116 
19 133 
19 134 
19 158 
20 18 
21 13 
21 30 
21 32 
21 44 
22 3 
22 4 
22 6 
22 7 
22 8 
22 10 
22 11 
22 13 
22 14 
22 15 
22 17 
22 21 
22 25 
22 26 
22 27 
22 30 
22 32 
22 34 
22 35 
22 36 
22 37 
22 39 
22 44 
22 45 
22 48 
22 51 
22 52 
22 53 
22 60 
22 63 
22 67 
22 68 
22 69 
22 70 
22 73 
22 74 
22 76 
22 80 
22 82 
22 84 
22 86 
22 87 
22 88 
22 94 
22 98 
22 102 
22 116 
22 121 
22 134 
22 146 
22 148 
22 150 
22 156 
22 158 
22 173 
22 212 
23 7 
23 8 
23 9 
23 10 
23 11 
23 14 
23 15 
23 27 
23 31 
23 34 
23 39 
23 45 
23 48 
23 105 
23 110 
23 134 
25 4 
25 5 
25 6 
25 11 
25 14 
25 15 
25 36 
25 45 
25 78 
25 94 
25 117 
25 119 
25 146 
25 157 
25 158 
25 187 
26 2 
26 7 
26 8 
26 18 
26 19 
26 27 
26 34 
26 39 
26 44 
26 105 
26 110 
26 166 
26 212 
27 3 
27 4 
27 6 
27 7 
27 8 
27 11 
27 13 
27 14 
27 15 
27 21 
27 22 
27 30 
27 35 
27 36 
27 37 
27 44 
27 48 
27 52 
27 60 
27 62 
27 63 
27 68 
27 69 
27 73 
27 80 
27 82 
27 84 
27 87 
27 88 
27 98 
27 102 
27 110 
27 121 
27 127 
27 134 
27 148 
27 193 
27 213 
28 2 
28 3 
28 6 
28 11 
28 13 
28 15 
28 17 
28 26 
28 30 
28 31 
28 36 
28 44 
28 45 
28 80 
28 92 
28 109 
28 134 
28 158 
29 2 
29 4 
29 6 
29 7 
29 8 
29 9 
29 22 
29 26 
29 30 
29 33 
29 34 
29 44 
29 45 
29 62 
29 83 
29 105 
29 134 
29 146 
29 156 
29 158 
29 182 
30 3 
30 4 
30 6 
30 11 
30 14 
30 15 
30 21 
30 22 
30 27 
30 32 
30 35 
30 37 
30 42 
30 44 
30 45 
30 51 
30 52 
30 58 
30 60 
30 63 
30 69 
30 70 
30 73 
30 76 
30 80 
30 83 
30 84 
30 87 
30 90 
30 98 
30 109 
30 117 
30 121 
31 2 
31 6 
31 15 
31 23 
31 26 
31 34 
31 45 
31 105 
32 6 
32 13 
32 15 
32 42 
32 45 
32 72 
32 73 
32 83 
32 117 
32 133 
33 6 
33 18 
33 31 
33 44 
33 67 
33 134 
34 2 
34 6 
34 7 
34 8 
34 27 
34 29 
34 44 
34 71 
34 99 
34 109 
34 110 
34 134 
34 139 
34 148 
34 156 
34 166 
34 190 
34 212 
35 2 
35 3 
35 4 
35 6 
35 7 
35 8 
35 9 
35 11 
35 13 
35 14 
35 15 
35 21 
35 22 
35 26 
35 27 
35 28 
35 30 
35 34 
35 36 
35 37 
35 44 
35 53 
35 55 
35 62 
35 63 
35 68 
35 69 
35 73 
35 76 
35 80 
35 82 
35 84 
35 87 
35 88 
35 98 
35 102 
35 105 
35 113 
35 117 
35 146 
35 156 
35 158 
35 173 
35 182 
35 213 
36 3 
36 4 
36 11 
36 13 
36 14 
36 27 
36 35 
36 40 
36 44 
36 80 
36 102 
37 3 
37 7 
37 8 
37 11 
37 15 
37 22 
37 26 
37 27 
37 29 
37 32 
37 34 
37 39 
37 45 
37 63 
37 69 
37 80 
37 96 
37 134 
37 136 
37 168 
38 7 
38 9 
38 32 
38 42 
38 117 
39 2 
39 3 
39 4 
39 5 
39 6 
39 7 
39 8 
39 9 
39 10 
39 11 
39 13 
39 14 
39 15 
39 17 
39 18 
39 19 
39 22 
39 23 
39 25 
39 26 
39 27 
39 28 
39 29 
39 30 
39 31 
39 32 
39 33 
39 34 
39 35 
39 36 
39 37 
39 39 
39 40 
39 44 
39 45 
39 48 
39 49 
39 52 
39 58 
39 60 
39 62 
39 63 
39 67 
39 70 
39 76 
39 77 
39 78 
39 80 
39 82 
39 83 
39 84 
39 86 
39 90 
39 91 
39 96 
39 98 
39 99 
39 102 
39 105 
39 109 
39 110 
39 112 
39 116 
39 117 
39 125 
39 133 
39 134 
39 139 
39 146 
39 150 
39 156 
39 158 
39 182 
39 187 
39 190 
39 212 
40 2 
40 3 
40 4 
40 6 
40 7 
40 8 
40 10 
40 11 
40 13 
40 14 
40 15 
40 19 
40 21 
40 22 
40 23 
40 26 
40 27 
40 30 
40 32 
40 33 
40 34 
40 35 
40 36 
40 37 
40 42 
40 44 
40 45 
40 48 
40 51 
40 52 
40 59 
40 60 
40 63 
40 70 
40 71 
40 76 
40 80 
40 82 
40 83 
40 84 
40 88 
40 94 
40 102 
40 105 
40 109 
40 112 
40 117 
40 121 
40 133 
40 134 
40 146 
40 150 
40 156 
40 158 
40 182 
40 193 
42 14 
42 15 
42 27 
42 30 
42 32 
42 52 
42 63 
42 69 
42 70 
42 73 
42 83 
42 116 
42 117 
43 2 
43 6 
43 7 
43 9 
43 15 
43 18 
43 19 
43 44 
43 67 
43 71 
43 92 
43 113 
43 119 
43 125 
43 133 
43 134 
43 138 
43 146 
43 150 
43 158 
43 212 
44 2 
44 3 
44 4 
44 6 
44 7 
44 8 
44 9 
44 10 
44 11 
44 13 
44 14 
44 15 
44 17 
44 21 
44 22 
44 25 
44 27 
44 30 
44 32 
44 33 
44 34 
44 35 
44 36 
44 37 
44 39 
44 40 
44 45 
44 52 
44 62 
44 63 
44 68 
44 71 
44 73 
44 80 
44 82 
44 88 
44 102 
44 109 
44 112 
44 113 
44 119 
44 128 
44 134 
44 146 
44 148 
44 178 
44 193 
45 2 
45 3 
45 4 
45 5 
45 6 
45 7 
45 8 
45 9 
45 10 
45 11 
45 13 
45 14 
45 15 
45 16 
45 17 
45 18 
45 21 
45 22 
45 23 
45 25 
45 26 
45 27 
45 28 
45 29 
45 30 
45 31 
45 32 
45 34 
45 35 
45 36 
45 37 
45 39 
45 40 
45 44 
45 48 
45 51 
45 52 
45 55 
45 58 
45 59 
45 60 
45 63 
45 66 
45 67 
45 69 
45 70 
45 76 
45 77 
45 79 
45 80 
45 82 
45 83 
45 84 
45 86 
45 87 
45 88 
45 90 
45 91 
45 94 
45 95 
45 96 
45 97 
45 98 
45 99 
45 102 
45 103 
45 105 
45 108 
45 109 
45 112 
45 116 
45 117 
45 120 
45 127 
45 128 
45 134 
45 136 
45 146 
45 148 
45 150 
45 158 
45 168 
45 178 
45 182 
45 212 
46 3 
46 6 
46 15 
46 19 
46 32 
46 40 
46 42 
46 45 
46 60 
46 70 
46 83 
46 98 
46 117 
46 133 
47 2 
47 6 
47 7 
47 8 
47 9 
47 10 
47 11 
47 14 
47 15 
47 23 
47 26 
47 27 
47 28 
47 29 
47 30 
47 31 
47 34 
47 36 
47 37 
47 44 
47 45 
47 60 
47 63 
47 77 
47 80 
47 102 
47 105 
47 156 
48 3 
48 6 
48 7 
48 9 
48 14 
48 15 
48 22 
48 37 
48 45 
48 51 
48 52 
48 60 
48 63 
48 77 
48 90 
48 105 
49 5 
49 6 
49 15 
49 22 
49 23 
49 26 
49 34 
49 36 
49 37 
49 42 
49 44 
49 45 
49 76 
49 91 
49 94 
49 95 
49 96 
49 117 
51 3 
51 15 
51 60 
51 63 
51 69 
51 86 
51 88 
52 3 
52 6 
52 7 
52 10 
52 15 
52 30 
52 32 
52 35 
52 37 
52 42 
52 45 
52 51 
52 60 
52 68 
52 69 
52 84 
52 86 
52 88 
52 90 
52 109 
52 117 
54 4 
54 14 
55 3 
55 6 
55 7 
55 8 
55 15 
55 30 
55 35 
55 36 
55 37 
55 40 
55 44 
55 45 
55 96 
55 127 
58 6 
58 16 
58 40 
58 45 
58 97 
59 4 
59 57 
60 3 
60 44 
60 51 
60 69 
60 86 
60 88 
60 90 
62 15 
62 68 
63 3 
63 15 
63 30 
63 35 
63 37 
63 52 
63 60 
63 69 
63 73 
63 84 
63 87 
63 98 
65 6 
66 2 
66 3 
66 6 
66 14 
66 15 
66 27 
66 36 
66 37 
66 40 
66 44 
66 45 
66 63 
66 80 
66 82 
68 2 
68 6 
68 14 
68 15 
68 22 
68 26 
68 27 
68 30 
68 32 
68 34 
68 35 
68 44 
68 52 
68 60 
68 62 
68 69 
68 84 
68 86 
68 112 
68 150 
69 3 
69 15 
69 22 
69 27 
69 30 
69 36 
69 37 
69 42 
69 52 
69 60 
69 63 
69 84 
69 87 
69 88 
69 96 
69 98 
70 3 
70 6 
70 15 
70 27 
70 44 
70 45 
70 80 
70 150 
71 6 
71 44 
71 92 
71 113 
72 7 
72 9 
72 15 
72 32 
72 40 
72 117 
73 13 
73 21 
73 27 
73 32 
73 44 
73 80 
73 84 
73 98 
73 100 
73 117 
73 121 
74 4 
74 14 
74 15 
75 44 
76 4 
76 6 
76 16 
76 27 
76 45 
76 55 
76 58 
77 51 
77 60 
78 14 
78 32 
78 37 
78 45 
80 11 
80 36 
80 63 
80 121 
81 16 
82 6 
82 7 
82 14 
82 15 
82 21 
82 23 
82 30 
82 35 
82 37 
82 44 
82 45 
82 53 
82 74 
82 140 
83 3 
83 15 
83 30 
83 32 
83 42 
83 52 
83 69 
83 84 
83 88 
83 117 
84 3 
84 15 
84 22 
84 35 
84 37 
84 40 
84 52 
84 77 
86 2 
86 3 
86 6 
86 14 
86 15 
86 27 
86 37 
86 44 
86 45 
86 51 
86 52 
86 60 
86 63 
86 69 
86 77 
86 88 
86 90 
87 3 
87 14 
87 15 
87 30 
87 35 
87 52 
87 60 
87 63 
87 69 
87 88 
88 3 
88 15 
88 30 
88 34 
88 48 
88 51 
88 73 
88 84 
88 86 
89 4 
89 6 
89 14 
89 15 
89 33 
89 36 
89 44 
89 45 
89 84 
89 94 
89 105 
89 109 
89 146 
89 158 
90 15 
90 32 
90 48 
90 51 
90 52 
90 60 
90 86 
90 88 
91 4 
91 11 
91 14 
91 18 
91 22 
91 44 
91 45 
91 156 
91 182 
92 3 
92 4 
92 6 
92 15 
92 36 
92 39 
92 44 
92 45 
92 76 
92 159 
93 14 
93 27 
93 33 
93 34 
93 48 
93 77 
93 83 
93 90 
93 96 
93 105 
93 133 
95 35 
95 45 
95 49 
95 58 
95 80 
96 2 
96 3 
96 4 
96 5 
96 6 
96 7 
96 8 
96 9 
96 10 
96 11 
96 13 
96 14 
96 15 
96 16 
96 22 
96 23 
96 26 
96 27 
96 30 
96 31 
96 32 
96 35 
96 36 
96 37 
96 40 
96 42 
96 44 
96 45 
96 49 
96 55 
96 58 
96 60 
96 70 
96 76 
96 80 
96 82 
96 86 
96 88 
96 94 
96 95 
96 102 
96 103 
96 105 
96 108 
96 109 
96 117 
96 121 
96 140 
98 13 
98 45 
98 73 
98 121 
99 105 
99 166 
100 7 
100 9 
100 15 
100 30 
100 42 
100 52 
100 116 
100 121 
101 15 
101 16 
101 60 
103 6 
104 6 
104 14 
104 23 
105 2 
105 7 
105 9 
105 23 
105 44 
105 45 
105 99 
105 156 
105 165 
105 166 
108 2 
108 6 
108 7 
108 9 
108 13 
108 14 
108 15 
108 22 
108 30 
108 35 
108 36 
108 40 
108 44 
108 45 
108 63 
108 66 
108 76 
108 80 
108 94 
109 2 
109 6 
109 11 
109 14 
109 15 
109 17 
109 21 
109 22 
109 23 
109 27 
109 28 
109 34 
109 36 
109 37 
109 44 
109 45 
109 57 
109 71 
109 75 
109 76 
109 77 
109 92 
109 104 
109 105 
109 109 
109 113 
109 115 
109 119 
109 138 
109 150 
109 156 
109 168 
109 180 
109 182 
109 212 
110 2 
110 4 
110 6 
110 7 
110 10 
110 14 
110 15 
110 17 
110 22 
110 25 
110 27 
110 28 
110 32 
110 37 
110 45 
110 62 
110 63 
110 105 
110 158 
110 212 
111 105 
112 45 
113 125 
114 66 
115 113 
116 19 
116 32 
116 42 
116 45 
119 74 
120 6 
121 32 
121 73 
121 98 
121 117 
122 187 
123 6 
124 15 
124 45 
124 51 
124 78 
124 80 
124 134 
124 157 
133 14 
133 32 
135 44 
135 45 
139 31 
140 8 
146 36 
147 7 
147 9 
147 39 
148 44 
153 7 
153 9 
153 18 
153 26 
153 28 
153 34 
153 39 
158 7 
158 9 
161 45 
161 105 
169 156 
170 37 
170 60 
170 102 
171 44 
172 125 
186 44 
187 6 
187 14 
189 7 
189 8 
192 32 
204 59 
208 99 
