2 5 
2 17 
2 18 
2 23 
2 26 
2 31 
2 34 
2 37 
2 39 
2 96 
2 105 
2 156 
2 166 
2 182 
2 212 
3 4 
3 7 
3 9 
3 10 
3 14 
3 15 
3 22 
3 27 
3 30 
3 32 
3 35 
3 36 
3 37 
3 52 
3 63 
3 68 
3 69 
3 74 
3 84 
3 87 
3 88 
4 2 
4 3 
4 5 
4 7 
4 10 
4 11 
4 13 
4 14 
4 15 
4 17 
4 21 
4 22 
4 25 
4 27 
4 29 
4 30 
4 32 
4 35 
4 36 
4 37 
4 44 
4 49 
4 51 
4 54 
4 59 
4 60 
4 62 
4 63 
4 67 
4 68 
4 69 
4 70 
4 74 
4 76 
4 80 
4 83 
4 84 
4 88 
4 91 
4 98 
4 102 
4 109 
4 113 
4 119 
4 121 
4 130 
4 148 
4 156 
4 173 
4 182 
4 187 
5 25 
5 37 
5 40 
5 49 
5 79 
5 96 
5 108 
5 112 
5 130 
6 6 
6 14 
6 27 
6 31 
6 39 
6 45 
6 98 
6 128 
7 2 
7 5 
7 6 
7 15 
7 26 
7 31 
7 34 
7 36 
7 37 
7 44 
7 45 
7 54 
7 67 
7 72 
7 80 
7 84 
7 105 
7 109 
7 134 
7 136 
7 138 
7 168 
8 109 
9 2 
9 5 
9 6 
9 8 
9 10 
9 15 
9 26 
9 31 
9 34 
9 36 
9 37 
9 44 
9 45 
9 54 
9 67 
9 72 
9 80 
9 84 
9 105 
9 134 
9 138 
9 168 
10 2 
10 6 
10 8 
10 9 
10 34 
10 45 
10 105 
10 136 
11 4 
11 13 
11 15 
11 29 
11 30 
11 36 
11 44 
11 80 
11 102 
12 2 
12 25 
12 33 
12 36 
12 67 
12 71 
12 84 
12 89 
12 92 
12 100 
12 104 
12 125 
12 134 
12 146 
12 150 
12 158 
12 180 
12 181 
13 15 
13 44 
13 73 
13 98 
14 2 
14 3 
14 4 
14 5 
14 6 
14 7 
14 9 
14 10 
14 11 
14 13 
14 15 
14 17 
14 18 
14 21 
14 22 
14 23 
14 25 
14 26 
14 27 
14 28 
14 30 
14 31 
14 32 
14 33 
14 34 
14 35 
14 36 
14 37 
14 39 
14 40 
14 44 
14 45 
14 54 
14 57 
14 59 
14 60 
14 62 
14 63 
14 68 
14 69 
14 70 
14 73 
14 74 
14 78 
14 80 
14 82 
14 83 
14 84 
14 86 
14 88 
14 91 
14 100 
14 102 
14 104 
14 105 
14 109 
14 119 
14 121 
14 125 
14 134 
14 146 
14 148 
14 150 
14 156 
14 157 
14 158 
14 166 
14 170 
14 173 
14 180 
14 182 
14 187 
15 2 
15 3 
15 4 
15 5 
15 6 
15 7 
15 9 
15 10 
15 11 
15 13 
15 14 
15 17 
15 19 
15 21 
15 22 
15 27 
15 29 
15 30 
15 31 
15 32 
15 34 
15 35 
15 36 
15 37 
15 39 
15 40 
15 44 
15 45 
15 48 
15 51 
15 52 
15 57 
15 59 
15 60 
15 62 
15 63 
15 68 
15 69 
15 70 
15 73 
15 74 
15 77 
15 80 
15 82 
15 83 
15 84 
15 87 
15 88 
15 92 
15 98 
15 100 
15 102 
15 105 
15 109 
15 121 
15 130 
16 58 
16 97 
17 2 
17 6 
17 14 
17 26 
17 34 
17 45 
17 59 
17 67 
17 80 
17 105 
17 110 
17 119 
17 125 
17 155 
17 158 
17 181 
17 190 
18 7 
18 10 
18 17 
18 35 
18 89 
19 72 
19 133 
21 4 
21 11 
21 35 
21 44 
21 87 
22 2 
22 3 
22 4 
22 5 
22 6 
22 7 
22 8 
22 9 
22 10 
22 11 
22 14 
22 15 
22 18 
22 19 
22 21 
22 23 
22 26 
22 27 
22 29 
22 30 
22 31 
22 32 
22 34 
22 35 
22 36 
22 37 
22 39 
22 44 
22 45 
22 48 
22 51 
22 52 
22 58 
22 60 
22 62 
22 63 
22 67 
22 68 
22 69 
22 70 
22 71 
22 73 
22 74 
22 77 
22 80 
22 83 
22 84 
22 88 
22 89 
22 91 
22 92 
22 98 
22 100 
22 102 
22 104 
22 105 
22 110 
22 113 
22 116 
22 117 
22 119 
22 121 
22 133 
22 134 
22 148 
22 156 
22 168 
23 7 
23 9 
23 10 
23 18 
23 26 
23 37 
23 39 
24 72 
25 2 
25 6 
25 33 
25 89 
25 104 
25 105 
25 119 
25 146 
25 170 
25 187 
26 2 
26 7 
26 10 
26 18 
26 23 
26 26 
26 28 
26 29 
26 31 
26 33 
26 34 
26 39 
26 45 
26 99 
26 105 
26 109 
26 110 
26 115 
26 125 
26 134 
26 150 
26 155 
26 156 
26 158 
27 2 
27 3 
27 4 
27 5 
27 6 
27 7 
27 9 
27 11 
27 13 
27 14 
27 15 
27 17 
27 18 
27 19 
27 21 
27 22 
27 25 
27 26 
27 29 
27 30 
27 31 
27 32 
27 34 
27 35 
27 36 
27 37 
27 39 
27 44 
27 45 
27 51 
27 52 
27 55 
27 59 
27 60 
27 62 
27 63 
27 67 
27 68 
27 69 
27 70 
27 73 
27 76 
27 80 
27 82 
27 83 
27 84 
27 88 
27 102 
27 105 
27 109 
27 117 
27 121 
27 127 
27 128 
27 130 
27 133 
27 148 
27 156 
27 182 
28 72 
28 92 
30 3 
30 4 
30 14 
30 15 
30 21 
30 36 
30 42 
30 44 
30 45 
30 63 
30 69 
30 73 
30 84 
30 87 
30 121 
31 2 
31 6 
31 105 
31 155 
32 2 
32 6 
32 11 
32 15 
32 17 
32 19 
32 22 
32 25 
32 27 
32 31 
32 33 
32 35 
32 37 
32 40 
32 42 
32 44 
32 45 
32 63 
32 68 
32 70 
32 72 
32 73 
32 80 
32 83 
32 89 
32 90 
32 98 
32 100 
32 105 
32 109 
32 116 
32 117 
32 121 
32 125 
32 133 
32 134 
32 182 
33 25 
33 26 
33 28 
33 34 
33 59 
33 89 
33 125 
33 134 
33 146 
33 158 
34 2 
34 7 
34 8 
34 10 
34 18 
34 23 
34 26 
34 29 
34 67 
34 71 
34 99 
34 105 
34 110 
34 134 
34 139 
34 150 
34 155 
34 158 
35 2 
35 4 
35 5 
35 6 
35 7 
35 8 
35 9 
35 10 
35 11 
35 14 
35 15 
35 16 
35 17 
35 21 
35 22 
35 23 
35 26 
35 27 
35 28 
35 29 
35 30 
35 31 
35 33 
35 34 
35 36 
35 37 
35 39 
35 44 
35 45 
35 48 
35 49 
35 54 
35 55 
35 58 
35 59 
35 62 
35 63 
35 66 
35 68 
35 69 
35 70 
35 73 
35 78 
35 80 
35 82 
35 87 
35 96 
35 97 
35 98 
35 102 
35 104 
35 105 
35 108 
35 109 
35 113 
35 119 
35 121 
35 148 
35 150 
35 156 
35 166 
35 170 
35 180 
35 187 
36 2 
36 4 
36 11 
36 13 
36 14 
36 22 
36 27 
36 29 
36 30 
36 32 
36 39 
36 44 
36 68 
36 80 
36 96 
36 109 
37 2 
37 3 
37 4 
37 6 
37 7 
37 8 
37 9 
37 10 
37 15 
37 18 
37 19 
37 22 
37 27 
37 30 
37 44 
37 45 
37 134 
37 155 
38 72 
39 2 
39 7 
39 9 
39 29 
39 34 
39 102 
40 2 
40 3 
40 4 
40 6 
40 7 
40 8 
40 9 
40 10 
40 11 
40 15 
40 18 
40 23 
40 25 
40 26 
40 27 
40 28 
40 29 
40 31 
40 33 
40 34 
40 35 
40 36 
40 37 
40 39 
40 44 
40 45 
40 52 
40 54 
40 55 
40 59 
40 67 
40 68 
40 70 
40 80 
40 84 
40 89 
40 92 
40 100 
40 110 
40 113 
40 119 
40 125 
40 127 
40 128 
40 133 
40 134 
40 146 
40 148 
40 150 
40 155 
40 156 
40 158 
40 173 
40 180 
42 2 
42 3 
42 4 
42 6 
42 7 
42 9 
42 14 
42 15 
42 17 
42 19 
42 22 
42 25 
42 26 
42 27 
42 30 
42 31 
42 32 
42 33 
42 35 
42 36 
42 37 
42 40 
42 44 
42 45 
42 48 
42 59 
42 60 
42 62 
42 63 
42 68 
42 69 
42 70 
42 72 
42 73 
42 78 
42 82 
42 83 
42 84 
42 87 
42 89 
42 91 
42 98 
42 100 
42 109 
42 116 
42 117 
42 121 
42 125 
42 133 
42 139 
42 146 
42 148 
42 155 
42 156 
42 182 
42 187 
43 2 
43 11 
43 17 
43 19 
43 25 
43 31 
43 33 
43 34 
43 45 
43 54 
43 59 
43 67 
43 72 
43 89 
43 92 
43 105 
43 110 
43 113 
43 116 
43 125 
43 133 
43 134 
43 146 
43 158 
43 159 
43 168 
43 181 
43 212 
44 2 
44 3 
44 4 
44 6 
44 7 
44 8 
44 9 
44 11 
44 13 
44 14 
44 15 
44 17 
44 21 
44 22 
44 23 
44 25 
44 26 
44 27 
44 30 
44 31 
44 34 
44 35 
44 36 
44 37 
44 39 
44 45 
44 51 
44 59 
44 62 
44 63 
44 69 
44 70 
44 80 
44 82 
44 84 
44 91 
44 102 
44 109 
44 113 
44 119 
44 125 
44 128 
44 134 
44 146 
44 148 
44 155 
44 156 
44 168 
45 2 
45 3 
45 4 
45 5 
45 6 
45 7 
45 8 
45 9 
45 10 
45 13 
45 14 
45 15 
45 16 
45 17 
45 18 
45 22 
45 23 
45 28 
45 29 
45 31 
45 33 
45 34 
45 36 
45 37 
45 39 
45 40 
45 44 
45 55 
45 58 
45 60 
45 70 
45 75 
45 76 
45 78 
45 79 
45 82 
45 84 
45 91 
45 94 
45 96 
45 97 
45 102 
45 103 
45 105 
45 108 
45 109 
45 112 
45 116 
45 119 
45 128 
45 130 
45 136 
45 158 
45 159 
45 168 
45 182 
49 2 
49 5 
49 6 
49 7 
49 8 
49 9 
49 10 
49 14 
49 15 
49 16 
49 17 
49 22 
49 23 
49 26 
49 27 
49 30 
49 31 
49 32 
49 34 
49 35 
49 37 
49 40 
49 44 
49 45 
49 55 
49 58 
49 60 
49 66 
49 70 
49 73 
49 75 
49 76 
49 78 
49 79 
49 80 
49 89 
49 91 
49 94 
49 95 
49 96 
49 97 
49 103 
49 105 
49 108 
49 109 
49 113 
49 121 
49 125 
49 127 
49 128 
49 130 
49 134 
49 150 
49 155 
51 3 
51 22 
51 48 
51 60 
51 77 
51 86 
51 88 
52 2 
52 3 
52 6 
52 14 
52 22 
52 27 
52 30 
52 40 
52 45 
52 48 
52 60 
52 62 
52 63 
52 68 
52 84 
52 87 
52 90 
52 100 
55 108 
55 136 
58 16 
58 97 
60 2 
60 3 
60 6 
60 22 
60 36 
60 45 
60 48 
60 51 
60 77 
60 88 
60 90 
62 25 
62 116 
63 4 
63 15 
63 22 
63 30 
63 69 
63 73 
63 87 
63 88 
63 98 
66 55 
68 2 
68 4 
68 7 
68 9 
68 14 
68 15 
68 27 
68 44 
68 48 
68 52 
68 62 
68 86 
68 148 
69 3 
69 13 
69 14 
69 15 
69 22 
69 25 
69 27 
69 30 
69 37 
69 44 
69 48 
69 51 
69 52 
69 60 
69 63 
69 73 
69 77 
69 84 
69 86 
69 87 
69 88 
69 90 
69 117 
70 4 
71 75 
71 92 
71 109 
71 113 
71 115 
73 30 
73 32 
73 44 
73 63 
73 98 
73 121 
74 4 
74 14 
74 15 
75 168 
76 2 
76 6 
76 7 
76 9 
76 16 
76 23 
76 31 
76 39 
76 45 
76 134 
76 136 
77 48 
78 4 
78 6 
78 25 
78 54 
78 59 
78 62 
78 104 
78 187 
81 16 
82 14 
82 15 
82 35 
82 37 
82 44 
82 45 
82 53 
82 62 
82 74 
82 78 
82 80 
83 22 
83 30 
83 32 
83 40 
83 48 
83 52 
83 68 
83 73 
83 84 
83 86 
83 88 
83 100 
83 116 
83 117 
83 121 
84 3 
84 15 
84 22 
84 25 
84 27 
84 30 
84 35 
84 44 
84 51 
84 52 
84 62 
84 68 
84 69 
84 70 
84 83 
84 87 
84 88 
86 3 
86 4 
86 6 
86 22 
86 27 
86 37 
86 48 
86 51 
86 52 
86 60 
86 63 
86 68 
86 69 
86 77 
86 87 
86 88 
86 90 
87 3 
87 15 
87 30 
87 52 
87 63 
87 69 
87 84 
87 86 
87 105 
87 109 
88 22 
88 27 
88 30 
88 48 
88 51 
88 102 
89 2 
89 25 
89 33 
89 52 
89 116 
89 134 
89 146 
89 158 
90 2 
90 6 
90 22 
90 48 
90 51 
90 52 
91 6 
91 25 
91 59 
91 146 
91 157 
91 187 
92 71 
92 113 
93 14 
93 27 
93 28 
93 30 
93 33 
93 36 
93 48 
93 58 
93 83 
93 100 
93 158 
95 27 
95 35 
95 55 
95 58 
95 66 
95 94 
95 97 
95 108 
95 109 
96 55 
96 66 
96 108 
97 16 
97 79 
98 13 
98 73 
98 121 
100 116 
101 16 
101 97 
104 14 
105 2 
105 31 
107 5 
108 58 
108 66 
109 2 
109 11 
109 27 
109 34 
109 45 
109 71 
109 75 
109 92 
109 109 
109 110 
109 113 
109 115 
109 119 
109 138 
109 150 
109 168 
113 7 
113 9 
113 37 
113 71 
113 181 
114 45 
117 2 
117 40 
117 116 
120 130 
121 35 
121 45 
121 73 
121 87 
121 98 
124 6 
124 109 
125 2 
125 25 
125 33 
125 34 
125 115 
125 134 
125 146 
125 158 
132 54 
132 127 
133 72 
135 125 
138 168 
145 193 
146 2 
150 14 
150 104 
152 37 
152 75 
152 115 
156 166 
160 128 
168 75 
168 115 
169 14 
169 25 
169 33 
169 134 
169 146 
169 157 
204 119 
213 193 
