2 7 
2 8 
2 9 
2 10 
2 16 
2 28 
2 29 
2 34 
2 39 
2 44 
2 97 
2 99 
2 105 
2 110 
2 119 
2 150 
2 156 
2 166 
2 182 
2 212 
3 15 
3 22 
3 27 
3 30 
3 35 
3 52 
3 63 
3 68 
3 87 
3 88 
4 7 
4 9 
4 11 
4 14 
4 15 
4 21 
4 22 
4 23 
4 27 
4 28 
4 30 
4 33 
4 34 
4 35 
4 37 
4 39 
4 44 
4 59 
4 60 
4 63 
4 67 
4 68 
4 69 
4 74 
4 80 
4 82 
4 84 
4 87 
4 109 
4 112 
4 119 
4 121 
4 158 
4 181 
4 182 
5 25 
5 29 
5 33 
5 37 
5 39 
5 45 
5 49 
5 53 
5 54 
5 66 
5 91 
5 94 
5 95 
5 96 
5 105 
5 108 
5 112 
5 120 
5 125 
5 127 
5 130 
5 133 
5 134 
5 136 
5 146 
5 150 
5 158 
5 178 
6 7 
6 9 
6 33 
6 45 
6 66 
6 82 
6 104 
6 119 
6 120 
6 134 
6 158 
7 2 
7 26 
7 29 
7 34 
7 48 
7 72 
7 75 
7 92 
7 99 
7 104 
7 105 
7 119 
7 136 
7 155 
7 157 
7 159 
7 166 
7 170 
7 173 
7 180 
7 187 
7 193 
8 26 
8 75 
8 99 
8 104 
8 140 
8 166 
8 173 
9 2 
9 8 
9 9 
9 29 
9 48 
9 72 
9 92 
9 105 
9 119 
9 136 
9 140 
9 157 
9 159 
9 170 
9 173 
9 180 
9 187 
9 193 
10 9 
10 34 
10 140 
10 155 
11 3 
11 7 
11 9 
11 14 
11 15 
11 17 
11 26 
11 27 
11 29 
11 30 
11 33 
11 35 
11 39 
11 45 
11 59 
11 71 
11 80 
11 92 
11 113 
11 117 
11 125 
11 134 
11 158 
11 159 
11 181 
11 193 
12 26 
12 33 
12 67 
12 104 
12 134 
12 150 
12 158 
12 213 
14 4 
14 7 
14 9 
14 10 
14 13 
14 15 
14 21 
14 22 
14 23 
14 25 
14 26 
14 27 
14 29 
14 33 
14 34 
14 35 
14 37 
14 39 
14 44 
14 54 
14 57 
14 59 
14 62 
14 67 
14 68 
14 69 
14 71 
14 74 
14 82 
14 84 
14 87 
14 88 
14 91 
14 92 
14 100 
14 103 
14 104 
14 105 
14 112 
14 113 
14 118 
14 119 
14 125 
14 127 
14 134 
14 139 
14 146 
14 150 
14 156 
14 157 
14 158 
14 166 
14 170 
14 178 
14 180 
14 182 
14 212 
14 213 
15 2 
15 3 
15 4 
15 7 
15 8 
15 9 
15 10 
15 11 
15 13 
15 14 
15 21 
15 22 
15 27 
15 30 
15 31 
15 33 
15 34 
15 35 
15 37 
15 39 
15 44 
15 45 
15 52 
15 59 
15 60 
15 62 
15 63 
15 67 
15 68 
15 69 
15 73 
15 74 
15 80 
15 82 
15 84 
15 86 
15 87 
15 88 
15 91 
15 92 
15 98 
15 100 
15 105 
15 112 
15 119 
15 121 
15 125 
15 128 
15 130 
15 134 
15 148 
15 158 
15 173 
15 180 
15 187 
15 193 
15 212 
16 96 
16 97 
17 2 
17 29 
17 45 
17 71 
17 105 
17 119 
17 125 
17 134 
17 155 
17 157 
17 190 
17 212 
18 7 
18 8 
18 10 
18 23 
18 27 
18 31 
18 34 
18 54 
18 99 
18 119 
18 165 
18 166 
18 212 
19 67 
19 72 
19 116 
21 27 
21 30 
21 39 
21 44 
21 62 
21 73 
21 109 
22 4 
22 7 
22 9 
22 14 
22 15 
22 21 
22 23 
22 27 
22 30 
22 33 
22 34 
22 35 
22 37 
22 48 
22 67 
22 68 
22 69 
22 74 
22 82 
22 84 
22 87 
22 88 
22 92 
22 109 
22 113 
22 119 
22 133 
22 148 
22 158 
22 180 
23 7 
23 8 
23 9 
23 10 
23 31 
23 34 
24 72 
25 118 
25 119 
25 168 
25 193 
26 7 
26 8 
26 9 
26 10 
26 19 
26 27 
26 28 
26 29 
26 33 
26 34 
26 54 
26 55 
26 58 
26 59 
26 72 
26 75 
26 92 
26 96 
26 99 
26 104 
26 112 
26 113 
26 119 
26 120 
26 125 
26 130 
26 133 
26 136 
26 139 
26 150 
26 157 
26 166 
26 170 
26 173 
26 178 
26 180 
26 193 
26 212 
27 2 
27 3 
27 4 
27 7 
27 8 
27 9 
27 11 
27 13 
27 14 
27 15 
27 21 
27 22 
27 25 
27 26 
27 28 
27 29 
27 30 
27 32 
27 33 
27 35 
27 37 
27 39 
27 44 
27 45 
27 48 
27 52 
27 53 
27 54 
27 57 
27 59 
27 62 
27 63 
27 68 
27 69 
27 71 
27 73 
27 74 
27 78 
27 80 
27 82 
27 91 
27 92 
27 94 
27 95 
27 98 
27 102 
27 104 
27 105 
27 109 
27 112 
27 113 
27 118 
27 119 
27 120 
27 121 
27 125 
27 127 
27 128 
27 130 
27 133 
27 134 
27 136 
27 146 
27 148 
27 150 
27 156 
27 158 
27 170 
27 173 
27 180 
27 181 
27 182 
27 187 
27 193 
27 212 
27 213 
29 7 
29 10 
29 34 
30 15 
30 21 
30 44 
30 52 
30 62 
30 63 
30 69 
30 73 
30 80 
30 87 
30 121 
31 2 
31 17 
31 139 
32 45 
32 72 
32 83 
32 100 
32 116 
32 117 
32 133 
33 17 
33 28 
33 59 
33 91 
33 105 
33 113 
33 125 
33 134 
33 146 
33 150 
33 158 
33 213 
34 2 
34 7 
34 8 
34 9 
34 10 
34 16 
34 26 
34 27 
34 28 
34 29 
34 53 
34 59 
34 75 
34 76 
34 79 
34 97 
34 104 
34 105 
34 110 
34 112 
34 118 
34 119 
34 130 
34 136 
34 139 
34 150 
34 155 
34 158 
34 166 
34 173 
34 178 
34 193 
34 212 
34 213 
35 4 
35 7 
35 10 
35 14 
35 15 
35 21 
35 22 
35 27 
35 37 
35 44 
35 53 
35 54 
35 68 
35 73 
35 82 
35 94 
35 148 
35 150 
35 182 
36 11 
36 13 
36 15 
36 27 
36 30 
36 74 
36 80 
37 3 
37 4 
37 6 
37 14 
37 39 
37 75 
37 170 
39 7 
39 8 
39 9 
39 10 
39 26 
39 27 
39 28 
39 29 
39 31 
39 34 
39 57 
39 59 
39 70 
39 71 
39 104 
39 105 
39 112 
39 134 
39 136 
39 139 
39 155 
39 190 
39 212 
40 72 
40 133 
40 212 
42 2 
42 45 
42 70 
42 72 
42 83 
42 100 
42 116 
42 117 
42 133 
42 155 
43 17 
43 19 
43 27 
43 33 
43 57 
43 67 
43 71 
43 91 
43 92 
43 104 
43 105 
43 109 
43 112 
43 113 
43 119 
43 125 
43 133 
43 134 
43 146 
43 158 
43 173 
43 181 
43 193 
43 212 
43 213 
44 7 
44 10 
44 11 
44 14 
44 21 
44 22 
44 28 
44 29 
44 34 
44 35 
44 62 
44 68 
44 69 
44 71 
44 73 
44 75 
44 80 
44 84 
44 92 
44 109 
44 119 
44 120 
44 128 
44 148 
44 150 
44 158 
44 173 
44 178 
45 2 
45 6 
45 7 
45 9 
45 10 
45 16 
45 26 
45 28 
45 29 
45 31 
45 33 
45 34 
45 39 
45 54 
45 66 
45 67 
45 76 
45 79 
45 96 
45 103 
45 105 
45 108 
45 109 
45 112 
45 119 
45 120 
45 125 
45 127 
45 128 
45 130 
45 134 
45 136 
45 146 
45 158 
45 165 
45 178 
47 7 
47 10 
47 27 
47 29 
47 31 
47 34 
47 139 
47 212 
49 150 
49 157 
52 84 
55 16 
55 66 
55 127 
58 79 
58 97 
59 170 
60 2 
60 51 
60 77 
62 7 
62 10 
62 68 
63 15 
63 25 
63 30 
63 44 
63 68 
63 69 
63 73 
63 87 
66 112 
68 48 
68 52 
68 62 
68 83 
68 84 
68 92 
69 3 
69 84 
69 87 
69 88 
71 92 
71 109 
73 6 
73 13 
73 15 
73 30 
73 35 
73 59 
73 63 
73 80 
73 82 
73 87 
73 98 
73 121 
73 133 
73 187 
74 14 
75 168 
76 16 
76 45 
76 79 
76 97 
76 108 
78 130 
78 170 
79 16 
79 96 
81 16 
81 58 
81 79 
81 94 
81 97 
81 127 
82 7 
82 14 
82 15 
82 27 
82 35 
82 37 
82 53 
82 74 
82 140 
82 187 
84 22 
84 87 
87 44 
87 52 
87 63 
87 69 
87 84 
88 52 
89 213 
91 119 
92 159 
92 181 
93 21 
93 28 
93 33 
93 157 
94 127 
96 7 
96 9 
96 16 
96 45 
96 49 
96 58 
96 66 
96 76 
96 94 
96 95 
96 108 
98 13 
98 73 
98 121 
99 105 
99 165 
99 166 
101 97 
105 2 
105 7 
105 9 
105 17 
105 26 
105 29 
105 31 
105 33 
105 34 
105 75 
105 97 
105 112 
105 119 
105 127 
105 128 
105 134 
105 150 
105 158 
105 165 
105 166 
105 212 
107 95 
108 59 
108 96 
108 112 
108 119 
108 127 
108 130 
108 150 
108 178 
109 25 
109 75 
109 92 
109 113 
109 115 
109 119 
109 138 
109 150 
109 168 
110 212 
112 127 
112 130 
112 178 
115 75 
115 168 
117 42 
117 70 
117 83 
117 100 
117 116 
117 133 
119 59 
119 173 
121 15 
121 35 
121 73 
121 98 
121 116 
122 170 
123 75 
124 27 
124 80 
124 157 
124 173 
124 180 
128 112 
128 178 
129 128 
134 33 
140 8 
150 104 
150 113 
150 115 
152 168 
157 67 
164 187 
167 33 
167 125 
169 157 
172 7 
172 9 
172 33 
172 134 
172 146 
172 158 
173 119 
183 54 
204 59 
