2 18 
2 45 
2 166 
2 212 
3 14 
3 15 
3 51 
3 88 
4 13 
4 14 
4 22 
4 27 
4 30 
4 35 
4 44 
4 53 
4 68 
4 74 
4 87 
4 157 
5 45 
6 5 
6 44 
6 45 
6 76 
6 158 
7 2 
7 4 
7 5 
7 6 
7 11 
7 13 
7 14 
7 15 
7 16 
7 18 
7 19 
7 23 
7 25 
7 26 
7 27 
7 28 
7 29 
7 31 
7 34 
7 35 
7 36 
7 40 
7 44 
7 45 
7 53 
7 54 
7 59 
7 68 
7 70 
7 71 
7 75 
7 78 
7 80 
7 92 
7 97 
7 102 
7 109 
7 110 
7 113 
7 115 
7 119 
7 120 
7 134 
7 136 
7 146 
7 150 
7 157 
7 158 
7 168 
7 180 
7 187 
7 193 
8 18 
8 26 
8 29 
8 36 
8 44 
8 113 
8 150 
9 2 
9 4 
9 5 
9 6 
9 11 
9 13 
9 14 
9 15 
9 16 
9 18 
9 19 
9 23 
9 25 
9 26 
9 27 
9 28 
9 29 
9 31 
9 34 
9 35 
9 36 
9 40 
9 44 
9 45 
9 53 
9 54 
9 59 
9 68 
9 70 
9 71 
9 75 
9 78 
9 80 
9 92 
9 97 
9 102 
9 109 
9 110 
9 113 
9 115 
9 119 
9 120 
9 134 
9 136 
9 146 
9 150 
9 157 
9 158 
9 168 
9 180 
9 187 
9 193 
10 6 
10 18 
10 31 
10 45 
10 110 
10 158 
11 3 
11 22 
11 36 
11 63 
11 80 
12 3 
12 14 
12 22 
12 37 
12 78 
12 134 
13 27 
14 4 
14 5 
14 6 
14 7 
14 9 
14 10 
14 15 
14 22 
14 30 
14 33 
14 35 
14 36 
14 37 
14 44 
14 54 
14 57 
14 59 
14 78 
14 82 
14 91 
14 94 
14 134 
14 146 
14 157 
14 158 
14 159 
14 170 
15 3 
15 4 
15 6 
15 7 
15 8 
15 11 
15 14 
15 22 
15 27 
15 30 
15 35 
15 36 
15 37 
15 40 
15 44 
15 45 
15 63 
15 80 
15 82 
15 84 
15 86 
15 87 
15 134 
15 168 
16 35 
17 4 
17 6 
17 7 
17 9 
17 10 
17 13 
17 15 
17 19 
17 22 
17 23 
17 26 
17 27 
17 28 
17 31 
17 35 
17 37 
17 40 
17 44 
17 45 
17 49 
17 71 
17 80 
17 92 
17 95 
17 110 
17 112 
17 115 
17 134 
17 150 
17 155 
17 190 
17 212 
18 2 
18 7 
18 8 
18 9 
18 10 
18 14 
18 19 
18 22 
18 23 
18 26 
18 27 
18 29 
18 30 
18 31 
18 32 
18 33 
18 44 
18 45 
18 49 
18 60 
18 66 
18 212 
19 25 
21 44 
22 3 
22 5 
22 6 
22 14 
22 19 
22 21 
22 25 
22 27 
22 30 
22 31 
22 35 
22 37 
22 40 
22 45 
22 52 
22 54 
22 55 
22 68 
22 69 
22 70 
22 76 
22 82 
22 83 
22 84 
22 86 
22 87 
22 88 
22 94 
22 105 
22 158 
23 7 
23 9 
23 10 
23 15 
23 18 
23 27 
23 45 
23 70 
24 35 
26 2 
26 7 
26 10 
26 23 
26 26 
26 34 
26 36 
26 80 
26 212 
27 4 
27 11 
27 14 
27 18 
27 26 
27 30 
27 33 
27 35 
27 36 
27 53 
27 80 
27 82 
27 94 
27 134 
28 6 
28 7 
28 10 
28 22 
28 26 
28 27 
28 29 
28 30 
28 31 
28 32 
28 33 
28 35 
28 37 
28 44 
28 48 
28 91 
28 105 
28 110 
28 134 
28 138 
28 158 
30 3 
30 11 
30 14 
30 35 
30 37 
30 63 
30 84 
31 2 
31 6 
31 7 
31 8 
31 10 
31 19 
31 23 
31 25 
31 44 
31 105 
31 125 
31 134 
31 150 
31 158 
32 30 
33 146 
33 158 
34 18 
34 26 
34 212 
35 14 
35 22 
35 25 
35 30 
35 37 
35 40 
35 44 
35 45 
35 78 
35 82 
35 84 
35 148 
36 11 
36 13 
36 14 
36 22 
36 80 
37 3 
37 15 
37 19 
37 22 
37 45 
37 63 
37 69 
38 19 
39 7 
39 10 
39 28 
39 34 
39 35 
39 36 
39 44 
39 155 
39 158 
39 212 
40 11 
40 14 
40 19 
40 22 
40 25 
40 30 
40 32 
40 33 
40 35 
40 36 
40 37 
40 44 
40 45 
40 48 
40 54 
40 68 
40 69 
40 82 
40 86 
40 134 
40 146 
40 158 
41 40 
42 100 
43 17 
43 19 
43 25 
43 92 
43 113 
43 115 
43 125 
43 168 
43 212 
44 3 
44 14 
44 18 
44 21 
44 22 
44 27 
44 35 
44 62 
44 63 
44 80 
44 105 
44 112 
44 212 
45 3 
45 4 
45 5 
45 6 
45 7 
45 9 
45 10 
45 14 
45 15 
45 16 
45 17 
45 18 
45 22 
45 26 
45 27 
45 31 
45 35 
45 37 
45 40 
45 44 
45 49 
45 70 
45 75 
45 76 
45 82 
45 95 
45 97 
45 103 
45 108 
45 112 
45 134 
45 146 
45 158 
46 19 
46 23 
46 33 
47 7 
47 10 
47 18 
47 31 
47 84 
47 95 
49 22 
49 44 
49 45 
51 22 
52 22 
54 26 
54 134 
55 49 
55 66 
55 94 
59 26 
59 35 
62 32 
62 84 
63 14 
63 86 
63 87 
65 35 
65 45 
67 22 
68 3 
68 14 
68 15 
68 19 
68 32 
68 35 
68 44 
68 52 
68 62 
68 76 
68 82 
68 84 
68 134 
69 22 
69 84 
70 4 
70 45 
71 75 
71 113 
73 11 
73 22 
76 6 
76 7 
76 10 
76 45 
78 15 
78 35 
78 37 
79 16 
80 26 
82 3 
82 4 
82 14 
82 35 
82 53 
82 80 
82 91 
82 168 
84 14 
84 22 
87 63 
88 51 
88 90 
89 22 
89 35 
89 82 
89 94 
89 146 
91 35 
92 71 
93 28 
93 33 
93 40 
93 59 
96 95 
97 35 
97 76 
97 94 
98 121 
101 35 
104 150 
107 22 
108 2 
108 45 
109 138 
109 150 
109 168 
110 212 
113 7 
113 10 
113 26 
113 44 
113 71 
113 92 
115 113 
119 27 
119 35 
119 170 
122 26 
124 26 
135 17 
135 26 
135 29 
135 35 
135 44 
135 155 
138 168 
150 35 
150 138 
152 26 
152 134 
155 17 
163 138 
168 138 
170 134 
173 180 
180 26 
180 35 
180 173 
184 45 
187 35 
