2 7 
2 10 
2 26 
2 28 
2 29 
2 39 
2 190 
3 15 
3 22 
3 27 
3 48 
3 52 
3 60 
3 63 
3 68 
3 69 
3 77 
3 87 
3 88 
3 90 
4 14 
4 15 
4 27 
4 30 
4 33 
4 36 
4 40 
4 48 
4 52 
4 54 
4 74 
4 92 
4 119 
4 170 
4 180 
4 181 
4 187 
5 17 
5 40 
5 49 
5 54 
5 55 
5 66 
5 82 
5 95 
5 96 
5 108 
5 127 
6 7 
6 10 
6 16 
6 23 
6 27 
6 45 
6 55 
6 58 
6 76 
6 96 
7 39 
7 124 
7 181 
8 39 
9 8 
9 124 
9 140 
9 181 
11 15 
11 27 
11 30 
11 31 
11 32 
11 36 
11 63 
12 158 
13 32 
13 73 
13 87 
13 98 
13 117 
13 121 
14 3 
14 4 
14 5 
14 6 
14 7 
14 9 
14 10 
14 15 
14 17 
14 19 
14 21 
14 22 
14 23 
14 25 
14 26 
14 27 
14 28 
14 29 
14 30 
14 31 
14 32 
14 33 
14 34 
14 35 
14 37 
14 39 
14 40 
14 42 
14 44 
14 48 
14 51 
14 52 
14 54 
14 57 
14 59 
14 60 
14 63 
14 68 
14 69 
14 70 
14 71 
14 74 
14 78 
14 82 
14 84 
14 86 
14 87 
14 89 
14 90 
14 91 
14 92 
14 104 
14 109 
14 110 
14 113 
14 118 
14 119 
14 133 
14 139 
14 146 
14 150 
14 155 
14 156 
14 157 
14 168 
14 170 
14 173 
14 180 
14 181 
14 187 
15 3 
15 4 
15 6 
15 11 
15 13 
15 14 
15 17 
15 19 
15 22 
15 23 
15 25 
15 26 
15 27 
15 28 
15 30 
15 32 
15 33 
15 35 
15 36 
15 37 
15 39 
15 40 
15 42 
15 44 
15 49 
15 51 
15 52 
15 54 
15 55 
15 59 
15 60 
15 62 
15 63 
15 68 
15 69 
15 70 
15 71 
15 74 
15 78 
15 80 
15 82 
15 83 
15 84 
15 86 
15 87 
15 88 
15 91 
15 109 
15 116 
15 117 
15 119 
15 121 
15 125 
15 133 
15 146 
15 168 
16 97 
17 26 
17 190 
19 1 
19 116 
19 133 
21 27 
21 44 
22 3 
22 14 
22 27 
22 35 
22 40 
22 48 
22 60 
22 68 
22 84 
22 88 
22 148 
22 155 
22 181 
24 72 
25 158 
26 18 
26 34 
26 139 
26 155 
27 3 
27 4 
27 6 
27 7 
27 9 
27 10 
27 11 
27 14 
27 15 
27 18 
27 19 
27 21 
27 22 
27 25 
27 26 
27 28 
27 29 
27 30 
27 32 
27 33 
27 34 
27 35 
27 36 
27 37 
27 39 
27 40 
27 42 
27 44 
27 48 
27 54 
27 59 
27 62 
27 63 
27 68 
27 69 
27 71 
27 72 
27 74 
27 80 
27 82 
27 83 
27 84 
27 89 
27 92 
27 100 
27 109 
27 110 
27 113 
27 115 
27 117 
27 119 
27 125 
27 127 
27 130 
27 139 
27 146 
27 150 
27 157 
27 168 
27 170 
27 180 
27 187 
27 193 
27 212 
28 1 
29 155 
30 11 
30 15 
30 27 
30 32 
30 42 
30 51 
30 63 
30 69 
30 73 
30 83 
30 87 
30 89 
30 117 
31 134 
31 139 
32 42 
32 83 
32 116 
32 117 
33 134 
33 158 
35 14 
35 15 
35 22 
35 27 
35 30 
35 42 
35 66 
35 68 
35 78 
35 82 
36 11 
36 14 
36 73 
37 14 
37 15 
37 22 
39 139 
40 19 
40 100 
40 133 
42 32 
42 69 
43 125 
43 155 
43 158 
44 11 
44 13 
44 14 
44 15 
44 17 
44 19 
44 21 
44 22 
44 23 
44 25 
44 26 
44 27 
44 28 
44 29 
44 30 
44 31 
44 32 
44 33 
44 35 
44 36 
44 39 
44 40 
44 42 
44 54 
44 59 
44 62 
44 63 
44 68 
44 69 
44 70 
44 72 
44 78 
44 80 
44 82 
44 84 
44 87 
44 89 
44 91 
44 92 
44 109 
44 110 
44 115 
44 117 
44 133 
44 146 
44 150 
44 155 
44 158 
44 168 
44 193 
45 5 
45 6 
45 7 
45 9 
45 10 
45 14 
45 16 
45 22 
45 23 
45 26 
45 27 
45 28 
45 29 
45 30 
45 31 
45 33 
45 35 
45 39 
45 40 
45 44 
45 49 
45 55 
45 58 
45 66 
45 69 
45 75 
45 76 
45 79 
45 82 
45 92 
45 96 
45 97 
45 103 
45 108 
45 109 
45 112 
45 120 
45 127 
45 128 
45 130 
45 133 
45 136 
45 146 
45 182 
51 60 
51 77 
51 86 
52 19 
52 35 
52 68 
52 69 
52 77 
52 84 
52 90 
54 118 
55 66 
58 79 
59 170 
60 51 
60 77 
60 86 
63 3 
63 15 
63 22 
63 29 
63 30 
63 37 
63 42 
63 52 
63 68 
63 69 
63 73 
63 84 
63 87 
63 92 
63 100 
65 14 
67 168 
68 14 
68 44 
68 48 
68 52 
68 62 
68 84 
68 90 
69 3 
69 4 
69 7 
69 9 
69 15 
69 19 
69 22 
69 23 
69 27 
69 30 
69 31 
69 32 
69 40 
69 42 
69 48 
69 51 
69 52 
69 60 
69 63 
69 68 
69 83 
69 84 
69 86 
69 87 
69 88 
69 89 
69 90 
69 92 
69 100 
69 108 
69 116 
69 117 
69 133 
70 92 
71 92 
71 113 
71 115 
71 168 
71 181 
73 30 
73 42 
73 98 
73 117 
74 4 
75 113 
75 168 
77 51 
78 213 
81 58 
81 127 
82 14 
82 35 
82 53 
84 22 
84 48 
84 69 
84 83 
86 51 
86 77 
86 90 
87 3 
87 22 
87 30 
87 42 
87 52 
87 60 
87 63 
87 69 
87 84 
87 117 
88 3 
88 4 
88 22 
88 27 
88 60 
89 25 
89 146 
90 48 
90 86 
92 71 
93 28 
93 33 
94 127 
96 66 
97 16 
97 79 
101 79 
105 26 
105 99 
105 150 
105 165 
105 166 
105 182 
105 190 
108 66 
108 95 
109 54 
109 71 
109 92 
109 104 
109 113 
109 115 
109 138 
109 158 
109 159 
109 168 
109 187 
110 212 
113 32 
113 116 
113 168 
115 75 
115 92 
115 138 
115 168 
119 170 
121 30 
121 73 
122 170 
128 178 
134 158 
135 39 
138 168 
146 25 
146 33 
146 89 
148 22 
150 92 
150 104 
150 113 
152 168 
156 182 
159 168 
168 71 
168 75 
168 113 
168 115 
168 138 
172 158 
176 158 
180 173 
181 159 
187 170 
213 113 
