2 2 
2 7 
2 9 
2 10 
2 26 
2 29 
2 55 
2 99 
2 105 
2 109 
2 150 
2 156 
2 166 
2 212 
3 15 
3 22 
3 32 
3 37 
3 60 
3 63 
3 74 
3 88 
3 121 
4 3 
4 14 
4 15 
4 22 
4 27 
4 35 
4 37 
4 44 
4 52 
4 68 
4 69 
4 70 
4 74 
4 84 
4 146 
5 44 
6 23 
6 112 
7 2 
7 3 
7 4 
7 5 
7 6 
7 11 
7 14 
7 15 
7 16 
7 17 
7 18 
7 21 
7 22 
7 23 
7 25 
7 26 
7 27 
7 29 
7 30 
7 31 
7 32 
7 34 
7 35 
7 36 
7 37 
7 39 
7 40 
7 42 
7 44 
7 45 
7 49 
7 52 
7 54 
7 55 
7 58 
7 59 
7 60 
7 62 
7 63 
7 66 
7 67 
7 68 
7 69 
7 70 
7 71 
7 73 
7 76 
7 78 
7 79 
7 80 
7 82 
7 83 
7 84 
7 86 
7 87 
7 95 
7 96 
7 97 
7 99 
7 102 
7 103 
7 104 
7 105 
7 108 
7 109 
7 110 
7 112 
7 115 
7 117 
7 119 
7 120 
7 127 
7 130 
7 134 
7 136 
7 146 
7 150 
7 156 
7 157 
7 158 
7 159 
7 165 
7 182 
8 2 
8 4 
8 6 
8 14 
8 15 
8 16 
8 17 
8 18 
8 22 
8 25 
8 26 
8 27 
8 31 
8 34 
8 36 
8 44 
8 45 
8 58 
8 66 
8 67 
8 80 
8 97 
8 99 
8 103 
8 104 
8 105 
8 108 
8 109 
8 112 
8 119 
8 127 
8 130 
8 140 
8 150 
8 156 
8 182 
9 2 
9 4 
9 5 
9 6 
9 8 
9 10 
9 11 
9 14 
9 15 
9 17 
9 18 
9 21 
9 22 
9 23 
9 25 
9 26 
9 27 
9 29 
9 30 
9 31 
9 32 
9 34 
9 36 
9 37 
9 39 
9 40 
9 42 
9 44 
9 45 
9 52 
9 54 
9 55 
9 59 
9 60 
9 62 
9 63 
9 66 
9 67 
9 68 
9 69 
9 70 
9 71 
9 73 
9 76 
9 78 
9 80 
9 82 
9 83 
9 84 
9 86 
9 87 
9 95 
9 96 
9 99 
9 104 
9 105 
9 108 
9 109 
9 110 
9 112 
9 115 
9 117 
9 120 
9 127 
9 130 
9 140 
9 146 
9 150 
9 156 
9 157 
9 158 
9 159 
9 182 
10 2 
10 3 
10 4 
10 5 
10 6 
10 8 
10 9 
10 11 
10 14 
10 15 
10 18 
10 23 
10 25 
10 26 
10 27 
10 29 
10 32 
10 34 
10 35 
10 37 
10 42 
10 44 
10 45 
10 49 
10 55 
10 58 
10 70 
10 76 
10 79 
10 80 
10 95 
10 96 
10 102 
10 105 
10 108 
10 109 
10 134 
10 136 
10 165 
12 36 
12 44 
12 51 
12 59 
12 158 
13 15 
13 27 
13 98 
14 2 
14 3 
14 4 
14 5 
14 6 
14 7 
14 8 
14 9 
14 10 
14 11 
14 13 
14 15 
14 21 
14 22 
14 23 
14 25 
14 27 
14 30 
14 32 
14 34 
14 35 
14 36 
14 37 
14 40 
14 42 
14 44 
14 54 
14 58 
14 63 
14 68 
14 69 
14 74 
14 76 
14 78 
14 84 
14 102 
14 105 
14 148 
14 156 
14 182 
15 3 
15 4 
15 5 
15 6 
15 11 
15 13 
15 14 
15 19 
15 21 
15 22 
15 23 
15 27 
15 28 
15 30 
15 31 
15 32 
15 35 
15 36 
15 37 
15 39 
15 44 
15 49 
15 52 
15 55 
15 63 
15 68 
15 69 
15 70 
15 73 
15 74 
15 80 
15 82 
15 83 
15 84 
15 86 
15 88 
15 100 
15 102 
15 108 
15 109 
15 121 
15 212 
16 39 
16 76 
17 2 
17 3 
17 4 
17 6 
17 7 
17 9 
17 10 
17 14 
17 15 
17 21 
17 23 
17 25 
17 26 
17 27 
17 29 
17 32 
17 33 
17 34 
17 37 
17 39 
17 44 
17 45 
17 52 
17 55 
17 60 
17 76 
17 80 
17 99 
17 105 
17 109 
17 110 
17 113 
17 116 
17 121 
17 125 
17 134 
17 150 
17 155 
17 158 
18 2 
19 15 
19 158 
21 4 
21 27 
21 44 
22 2 
22 3 
22 4 
22 6 
22 7 
22 10 
22 11 
22 14 
22 15 
22 23 
22 25 
22 26 
22 27 
22 32 
22 35 
22 37 
22 39 
22 44 
22 48 
22 49 
22 52 
22 58 
22 60 
22 63 
22 68 
22 74 
22 80 
22 88 
22 90 
22 91 
22 105 
22 109 
22 117 
22 134 
22 150 
23 2 
23 3 
23 4 
23 5 
23 6 
23 7 
23 8 
23 9 
23 10 
23 11 
23 13 
23 14 
23 15 
23 17 
23 18 
23 22 
23 25 
23 26 
23 27 
23 29 
23 31 
23 32 
23 34 
23 35 
23 36 
23 37 
23 39 
23 42 
23 44 
23 45 
23 49 
23 55 
23 60 
23 63 
23 69 
23 76 
23 80 
23 88 
23 102 
23 105 
23 108 
23 109 
23 117 
23 134 
23 140 
23 146 
23 158 
23 182 
25 2 
25 5 
25 6 
25 11 
25 14 
25 36 
25 44 
25 45 
25 78 
25 105 
25 109 
25 125 
25 134 
26 2 
26 6 
26 7 
26 8 
26 9 
26 11 
26 13 
26 14 
26 17 
26 18 
26 21 
26 23 
26 27 
26 29 
26 34 
26 36 
26 39 
26 44 
26 68 
26 80 
26 105 
26 150 
27 2 
27 3 
27 4 
27 7 
27 10 
27 11 
27 13 
27 14 
27 15 
27 21 
27 22 
27 25 
27 30 
27 34 
27 35 
27 36 
27 37 
27 39 
27 40 
27 44 
27 45 
27 51 
27 60 
27 63 
27 68 
27 69 
27 70 
27 73 
27 74 
27 78 
27 80 
27 82 
27 84 
27 86 
27 88 
27 102 
27 105 
27 117 
27 134 
27 146 
27 148 
28 146 
29 6 
30 6 
30 14 
30 44 
30 73 
30 87 
31 2 
31 3 
31 5 
31 6 
31 7 
31 8 
31 9 
31 10 
31 14 
31 15 
31 16 
31 17 
31 21 
31 23 
31 26 
31 27 
31 29 
31 32 
31 34 
31 37 
31 44 
31 45 
31 49 
31 63 
31 73 
31 96 
31 99 
31 105 
31 109 
31 110 
31 134 
31 146 
31 156 
31 158 
31 212 
32 6 
32 73 
32 83 
32 116 
32 117 
32 121 
33 6 
33 67 
33 134 
33 158 
34 2 
34 6 
34 7 
34 8 
34 9 
34 11 
34 14 
34 15 
34 17 
34 18 
34 23 
34 25 
34 26 
34 27 
34 29 
34 32 
34 36 
34 37 
34 39 
34 44 
34 45 
34 62 
34 70 
34 76 
34 80 
34 99 
34 105 
34 109 
34 110 
34 134 
34 148 
34 150 
34 155 
34 156 
34 158 
34 182 
34 212 
35 6 
35 14 
35 17 
35 22 
35 26 
35 30 
35 39 
35 44 
35 53 
35 55 
35 70 
35 78 
35 82 
35 96 
35 97 
36 11 
36 13 
36 14 
36 30 
36 98 
37 2 
37 7 
37 9 
37 14 
37 15 
37 22 
37 44 
37 59 
39 2 
39 3 
39 4 
39 6 
39 7 
39 10 
39 11 
39 13 
39 14 
39 15 
39 17 
39 25 
39 30 
39 35 
39 36 
39 37 
39 44 
39 45 
39 62 
39 69 
39 71 
39 76 
39 78 
39 80 
39 83 
39 84 
39 88 
39 91 
39 98 
39 102 
39 105 
39 109 
39 130 
39 146 
39 150 
39 155 
39 156 
39 166 
39 178 
39 212 
40 2 
40 4 
40 11 
40 15 
40 36 
40 44 
40 45 
40 48 
40 51 
40 69 
40 100 
40 105 
42 15 
42 32 
42 45 
42 63 
42 69 
42 70 
42 117 
43 6 
43 37 
43 44 
43 45 
43 92 
43 113 
43 125 
43 134 
43 158 
43 212 
44 2 
44 3 
44 4 
44 5 
44 6 
44 7 
44 9 
44 10 
44 11 
44 13 
44 14 
44 15 
44 21 
44 22 
44 23 
44 27 
44 30 
44 34 
44 35 
44 36 
44 37 
44 39 
44 40 
44 45 
44 49 
44 52 
44 62 
44 68 
44 70 
44 80 
44 82 
44 87 
44 102 
44 109 
44 113 
44 119 
44 121 
44 128 
44 134 
44 148 
45 2 
45 3 
45 5 
45 6 
45 7 
45 8 
45 9 
45 10 
45 14 
45 15 
45 16 
45 17 
45 21 
45 22 
45 23 
45 25 
45 26 
45 28 
45 29 
45 31 
45 32 
45 34 
45 37 
45 39 
45 40 
45 44 
45 49 
45 55 
45 58 
45 63 
45 66 
45 68 
45 70 
45 76 
45 82 
45 94 
45 96 
45 97 
45 102 
45 103 
45 105 
45 108 
45 112 
45 121 
45 127 
45 128 
45 130 
45 134 
45 136 
45 158 
45 178 
45 182 
46 45 
47 14 
47 23 
47 30 
52 68 
58 97 
60 36 
63 15 
63 30 
63 87 
68 13 
68 15 
68 22 
68 30 
68 35 
68 36 
68 45 
68 48 
68 52 
68 58 
68 109 
70 6 
70 32 
70 39 
70 42 
70 45 
70 73 
71 6 
71 27 
71 44 
73 30 
73 98 
73 121 
75 44 
76 2 
76 5 
76 6 
76 14 
76 15 
76 22 
76 23 
76 27 
76 32 
76 34 
76 37 
76 39 
76 40 
76 42 
76 44 
76 45 
76 55 
76 60 
76 78 
76 91 
76 96 
76 105 
76 108 
76 109 
76 117 
78 22 
78 44 
79 14 
79 27 
79 39 
79 44 
86 51 
86 60 
86 77 
88 3 
88 32 
88 45 
88 51 
88 60 
89 2 
89 4 
89 5 
89 6 
89 15 
89 39 
89 116 
89 158 
90 51 
90 77 
90 84 
90 86 
91 6 
93 27 
93 30 
93 33 
93 89 
93 96 
94 76 
96 27 
98 121 
99 105 
105 2 
105 39 
105 99 
107 6 
108 15 
108 58 
109 37 
109 39 
109 75 
109 109 
109 115 
109 138 
109 168 
110 2 
110 4 
110 6 
110 11 
110 14 
110 15 
110 23 
110 27 
110 37 
110 44 
110 80 
110 212 
111 6 
111 33 
111 109 
111 134 
121 73 
122 80 
122 156 
124 109 
135 7 
135 10 
135 17 
135 22 
135 34 
146 45 
146 109 
150 14 
152 4 
167 33 
176 125 
204 59 
