1 15 
1 17 
1 89 
1 134 
1 146 
2 7 
2 10 
2 14 
2 15 
2 23 
2 27 
2 44 
2 45 
2 70 
2 105 
3 2 
3 11 
3 14 
3 15 
3 22 
3 23 
3 27 
3 30 
3 37 
3 45 
3 52 
3 60 
3 63 
3 69 
3 80 
3 84 
3 87 
3 88 
3 158 
4 2 
4 14 
4 15 
4 23 
4 27 
4 30 
4 37 
4 44 
4 52 
4 62 
4 74 
4 80 
4 82 
4 105 
5 7 
5 10 
5 15 
5 23 
5 30 
5 108 
6 5 
6 6 
6 7 
6 10 
6 36 
6 44 
6 45 
6 63 
6 109 
6 134 
7 2 
7 3 
7 4 
7 5 
7 6 
7 11 
7 13 
7 14 
7 15 
7 17 
7 21 
7 22 
7 23 
7 26 
7 27 
7 28 
7 29 
7 30 
7 31 
7 33 
7 35 
7 36 
7 37 
7 39 
7 40 
7 44 
7 45 
7 49 
7 60 
7 63 
7 69 
7 70 
7 73 
7 76 
7 80 
7 82 
7 83 
7 88 
7 89 
7 98 
7 99 
7 102 
7 105 
7 109 
7 117 
7 119 
7 130 
7 133 
7 134 
7 139 
7 155 
7 158 
7 182 
8 2 
8 4 
8 6 
8 10 
8 27 
8 36 
8 44 
8 45 
8 70 
8 99 
8 105 
8 130 
8 140 
8 182 
9 2 
9 3 
9 4 
9 5 
9 6 
9 8 
9 10 
9 11 
9 13 
9 14 
9 15 
9 17 
9 21 
9 22 
9 23 
9 26 
9 27 
9 28 
9 29 
9 30 
9 31 
9 33 
9 35 
9 36 
9 37 
9 39 
9 40 
9 44 
9 45 
9 49 
9 60 
9 63 
9 69 
9 70 
9 73 
9 76 
9 80 
9 82 
9 83 
9 88 
9 89 
9 98 
9 102 
9 105 
9 109 
9 117 
9 119 
9 133 
9 134 
9 139 
9 140 
9 158 
9 182 
10 2 
10 6 
10 8 
10 21 
10 22 
10 23 
10 39 
10 45 
10 80 
10 105 
10 109 
10 130 
10 155 
11 3 
11 13 
11 36 
11 68 
11 80 
11 102 
12 3 
12 6 
12 7 
12 10 
12 15 
12 22 
12 23 
12 25 
12 27 
12 31 
12 33 
12 36 
12 37 
12 40 
12 42 
12 44 
12 45 
12 60 
12 62 
12 63 
12 67 
12 70 
12 89 
12 105 
12 128 
12 146 
12 158 
13 3 
13 36 
13 121 
14 3 
14 4 
14 6 
14 7 
14 10 
14 11 
14 15 
14 17 
14 22 
14 23 
14 25 
14 26 
14 30 
14 31 
14 35 
14 37 
14 40 
14 42 
14 44 
14 45 
14 52 
14 60 
14 70 
14 74 
14 80 
14 82 
14 87 
14 105 
14 117 
14 121 
14 156 
14 182 
14 187 
15 2 
15 3 
15 4 
15 6 
15 7 
15 10 
15 11 
15 13 
15 14 
15 22 
15 23 
15 27 
15 30 
15 35 
15 36 
15 37 
15 40 
15 42 
15 44 
15 45 
15 52 
15 60 
15 62 
15 63 
15 68 
15 69 
15 70 
15 73 
15 74 
15 80 
15 82 
15 84 
15 88 
15 105 
15 109 
15 116 
15 134 
15 212 
16 6 
16 45 
17 2 
17 3 
17 4 
17 6 
17 7 
17 10 
17 13 
17 14 
17 15 
17 21 
17 23 
17 27 
17 29 
17 30 
17 31 
17 36 
17 37 
17 39 
17 40 
17 44 
17 45 
17 69 
17 70 
17 80 
17 82 
17 84 
17 99 
17 105 
17 110 
17 125 
17 134 
17 146 
17 155 
17 158 
17 182 
17 190 
17 212 
18 2 
18 7 
18 10 
18 15 
18 23 
18 26 
18 27 
18 39 
18 45 
19 3 
19 15 
19 22 
19 23 
19 28 
19 36 
19 40 
19 44 
19 45 
19 89 
19 116 
19 134 
19 146 
21 44 
22 2 
22 3 
22 4 
22 6 
22 7 
22 10 
22 11 
22 14 
22 15 
22 17 
22 23 
22 26 
22 27 
22 35 
22 37 
22 39 
22 42 
22 44 
22 45 
22 48 
22 68 
22 69 
22 70 
22 80 
22 88 
22 90 
22 91 
22 121 
22 148 
23 6 
23 7 
23 10 
23 14 
23 15 
23 17 
23 27 
23 31 
23 37 
23 39 
23 44 
23 45 
23 105 
23 125 
25 2 
25 6 
25 15 
25 36 
25 44 
25 45 
25 119 
25 158 
26 2 
26 7 
26 8 
26 10 
26 23 
26 31 
26 62 
26 87 
27 2 
27 3 
27 4 
27 6 
27 11 
27 13 
27 14 
27 15 
27 22 
27 23 
27 30 
27 31 
27 35 
27 36 
27 37 
27 44 
27 45 
27 60 
27 63 
27 67 
27 68 
27 73 
27 80 
27 82 
27 84 
27 87 
27 105 
27 109 
27 127 
27 134 
27 148 
27 156 
28 7 
28 10 
28 11 
28 15 
28 17 
28 27 
28 31 
28 33 
28 44 
28 45 
28 68 
28 80 
28 105 
28 125 
28 134 
29 4 
29 6 
29 15 
29 23 
29 37 
29 44 
29 45 
29 105 
30 14 
30 15 
30 27 
30 37 
30 42 
30 44 
30 60 
30 63 
30 69 
30 73 
30 82 
30 87 
30 117 
30 121 
31 2 
31 6 
31 23 
31 37 
31 44 
31 45 
31 105 
31 134 
32 15 
32 23 
32 70 
32 117 
32 133 
33 28 
33 80 
33 134 
33 146 
34 23 
34 27 
34 99 
35 2 
35 3 
35 4 
35 5 
35 6 
35 14 
35 15 
35 17 
35 22 
35 23 
35 25 
35 27 
35 36 
35 37 
35 39 
35 40 
35 44 
35 45 
35 49 
35 52 
35 55 
35 60 
35 70 
35 73 
35 76 
35 78 
35 80 
35 82 
35 88 
35 90 
35 91 
35 100 
35 105 
35 108 
35 109 
35 117 
35 146 
35 156 
36 3 
36 11 
36 13 
36 15 
36 23 
36 40 
36 69 
36 80 
36 102 
37 14 
37 15 
37 27 
37 134 
38 15 
38 19 
38 22 
38 117 
39 2 
39 3 
39 6 
39 7 
39 10 
39 11 
39 14 
39 15 
39 23 
39 25 
39 26 
39 27 
39 36 
39 37 
39 44 
39 45 
39 80 
39 82 
39 105 
39 130 
39 134 
39 212 
40 2 
40 3 
40 6 
40 11 
40 14 
40 15 
40 17 
40 22 
40 26 
40 27 
40 29 
40 31 
40 33 
40 35 
40 36 
40 42 
40 44 
40 45 
40 52 
40 63 
40 68 
40 70 
40 72 
40 78 
40 80 
40 87 
40 89 
40 134 
40 146 
40 158 
42 2 
42 27 
42 35 
42 45 
42 52 
42 63 
42 70 
42 73 
42 89 
42 117 
43 29 
43 105 
43 113 
43 125 
43 158 
43 212 
44 2 
44 3 
44 6 
44 7 
44 10 
44 11 
44 13 
44 14 
44 15 
44 21 
44 22 
44 27 
44 30 
44 37 
44 39 
44 52 
44 68 
44 80 
44 103 
44 121 
44 148 
45 2 
45 5 
45 6 
45 7 
45 8 
45 10 
45 11 
45 13 
45 14 
45 15 
45 17 
45 21 
45 22 
45 23 
45 25 
45 27 
45 29 
45 30 
45 31 
45 33 
45 37 
45 39 
45 40 
45 44 
45 49 
45 55 
45 63 
45 69 
45 70 
45 76 
45 80 
45 102 
45 103 
45 105 
45 108 
45 119 
45 125 
45 127 
45 128 
45 130 
45 134 
45 155 
45 158 
45 182 
46 3 
46 15 
46 22 
46 40 
46 45 
46 70 
46 83 
47 2 
47 3 
47 4 
47 6 
47 7 
47 10 
47 11 
47 14 
47 15 
47 23 
47 26 
47 27 
47 29 
47 31 
47 36 
47 37 
47 44 
47 45 
47 63 
47 80 
47 105 
47 139 
47 156 
48 15 
48 22 
48 23 
48 31 
49 5 
49 14 
49 22 
49 45 
49 95 
51 15 
52 2 
52 6 
52 15 
52 23 
52 30 
52 35 
52 40 
52 89 
52 134 
52 158 
54 3 
54 14 
54 44 
54 45 
54 80 
55 31 
55 127 
58 6 
58 22 
59 14 
59 15 
59 27 
59 57 
60 3 
60 6 
60 88 
60 90 
62 15 
62 40 
62 44 
63 15 
63 30 
63 69 
63 80 
63 87 
65 15 
65 37 
66 6 
66 45 
67 44 
67 70 
68 15 
68 22 
68 30 
68 35 
68 52 
68 62 
69 3 
69 14 
69 15 
69 60 
69 80 
69 84 
69 87 
70 6 
70 22 
70 44 
70 45 
70 80 
70 146 
71 15 
71 22 
71 25 
71 29 
71 44 
71 134 
71 159 
72 17 
72 40 
74 22 
75 45 
76 2 
76 6 
76 14 
76 23 
76 37 
76 45 
76 63 
78 6 
78 14 
78 17 
78 22 
78 26 
78 28 
78 44 
80 11 
80 36 
80 44 
82 21 
82 22 
82 23 
82 27 
82 35 
84 14 
84 15 
84 80 
84 88 
86 3 
86 11 
86 15 
86 22 
86 69 
86 88 
86 90 
87 27 
87 63 
87 69 
87 84 
89 6 
89 15 
89 22 
89 33 
89 62 
89 68 
89 91 
89 146 
89 158 
90 15 
90 36 
91 4 
91 14 
91 25 
92 44 
93 27 
93 33 
95 6 
95 45 
95 49 
95 156 
96 14 
96 16 
96 23 
96 45 
99 105 
100 30 
102 44 
103 44 
104 14 
105 2 
105 6 
105 7 
105 10 
105 13 
105 14 
105 15 
105 22 
105 23 
105 31 
105 36 
105 44 
105 80 
105 99 
107 3 
107 5 
107 15 
107 22 
107 23 
107 49 
107 70 
107 76 
108 2 
108 6 
108 7 
108 10 
108 14 
108 23 
108 30 
108 33 
108 35 
108 44 
108 45 
108 127 
109 2 
109 6 
109 7 
109 10 
109 11 
109 13 
109 14 
109 15 
109 22 
109 23 
109 27 
109 30 
109 31 
109 35 
109 36 
109 42 
109 44 
109 45 
109 52 
109 60 
109 63 
109 69 
109 73 
109 75 
109 78 
109 80 
109 82 
109 90 
109 92 
109 104 
109 105 
109 109 
109 113 
109 115 
109 116 
109 117 
109 119 
109 138 
109 150 
109 168 
110 2 
110 4 
110 7 
110 10 
110 14 
110 15 
110 22 
110 25 
110 27 
110 37 
110 44 
110 45 
110 134 
111 15 
111 23 
111 27 
111 33 
111 89 
111 98 
111 146 
112 120 
112 128 
112 178 
113 15 
115 44 
116 15 
119 2 
119 15 
119 27 
119 44 
121 73 
121 98 
122 14 
124 2 
124 3 
124 6 
124 7 
124 10 
124 13 
124 15 
124 21 
124 27 
124 44 
124 49 
124 109 
124 157 
126 45 
130 11 
135 6 
135 23 
139 7 
139 10 
140 44 
142 80 
145 14 
145 39 
146 33 
146 44 
146 125 
147 23 
147 39 
153 23 
153 39 
165 105 
166 105 
166 156 
167 44 
169 2 
169 39 
169 78 
170 6 
170 15 
170 27 
173 14 
177 39 
182 23 
184 128 
184 178 
186 146 
186 158 
187 4 
187 14 
187 15 
