2 34 
2 45 
2 99 
2 212 
3 22 
4 14 
4 74 
5 6 
5 33 
5 44 
5 45 
5 96 
5 109 
6 17 
7 17 
7 27 
7 28 
7 44 
7 103 
7 150 
7 180 
8 150 
9 17 
9 27 
9 28 
9 44 
9 103 
9 150 
9 180 
14 4 
14 15 
14 22 
14 35 
14 37 
14 62 
14 74 
15 3 
15 14 
15 21 
15 36 
15 37 
15 57 
15 74 
15 109 
15 134 
17 6 
17 7 
17 8 
17 14 
17 23 
17 26 
17 27 
17 33 
17 34 
17 44 
17 45 
17 60 
17 91 
17 102 
17 109 
17 110 
17 112 
17 134 
17 155 
17 158 
17 190 
17 212 
18 14 
18 17 
18 34 
19 102 
19 158 
22 44 
22 60 
22 68 
25 36 
25 119 
25 158 
26 28 
27 3 
27 4 
27 14 
27 15 
27 21 
27 22 
27 30 
27 35 
27 36 
27 37 
27 52 
27 59 
27 68 
27 87 
27 102 
27 127 
28 134 
28 158 
29 39 
32 17 
33 17 
34 17 
34 37 
34 109 
34 212 
35 59 
35 68 
35 82 
36 13 
39 15 
39 19 
39 44 
39 63 
39 67 
39 158 
39 212 
40 45 
40 68 
40 91 
43 17 
43 91 
43 92 
43 212 
44 14 
44 17 
44 21 
44 22 
44 30 
44 34 
44 36 
45 6 
45 112 
47 2 
47 6 
47 15 
47 17 
47 22 
47 26 
47 29 
47 33 
47 34 
47 44 
47 45 
47 62 
47 63 
47 70 
47 91 
47 109 
47 128 
51 36 
59 7 
59 9 
59 17 
59 18 
59 170 
63 87 
68 22 
68 62 
71 17 
71 44 
73 30 
82 35 
82 53 
87 63 
92 44 
93 17 
93 33 
93 48 
96 35 
101 16 
104 7 
104 9 
104 17 
109 138 
109 168 
110 15 
110 17 
110 158 
110 212 
111 17 
113 17 
113 71 
113 109 
119 17 
119 18 
121 98 
122 7 
122 9 
122 17 
122 170 
124 17 
124 28 
124 109 
135 17 
139 7 
139 9 
139 17 
139 39 
145 14 
145 17 
147 39 
152 17 
152 18 
152 44 
170 4 
170 119 
170 173 
172 134 
172 158 
173 7 
173 9 
173 17 
180 7 
180 9 
180 17 
187 17 
187 193 
193 15 
193 17 
194 17 
194 82 
