2 7 
2 9 
2 18 
2 26 
2 29 
2 31 
2 33 
2 34 
2 39 
2 44 
2 99 
2 105 
2 125 
2 150 
2 156 
2 165 
2 166 
2 212 
3 15 
3 21 
3 22 
3 30 
3 32 
3 34 
3 36 
3 37 
3 42 
3 51 
3 52 
3 60 
3 63 
3 69 
3 82 
3 84 
3 86 
3 87 
3 88 
3 90 
3 98 
3 121 
3 133 
4 2 
4 3 
4 7 
4 9 
4 11 
4 14 
4 15 
4 17 
4 21 
4 22 
4 27 
4 29 
4 30 
4 35 
4 36 
4 39 
4 44 
4 58 
4 62 
4 74 
4 82 
4 84 
4 96 
4 98 
4 110 
4 119 
4 155 
4 158 
4 181 
4 182 
4 193 
5 5 
5 15 
5 27 
5 44 
5 53 
5 58 
5 130 
6 7 
6 9 
6 14 
6 39 
6 45 
6 103 
6 158 
7 2 
7 4 
7 6 
7 14 
7 15 
7 18 
7 19 
7 26 
7 27 
7 29 
7 34 
7 36 
7 39 
7 44 
7 48 
7 49 
7 55 
7 67 
7 68 
7 84 
7 125 
7 139 
7 155 
7 165 
7 180 
8 14 
8 26 
8 29 
8 39 
8 44 
8 140 
9 2 
9 4 
9 14 
9 18 
9 19 
9 27 
9 29 
9 34 
9 36 
9 39 
9 48 
9 49 
9 55 
9 67 
9 68 
9 84 
9 125 
9 139 
9 165 
9 180 
10 2 
10 6 
10 8 
10 9 
10 15 
10 26 
10 29 
10 34 
10 49 
10 55 
10 139 
10 155 
11 4 
11 7 
11 9 
11 13 
11 15 
11 19 
11 21 
11 35 
11 36 
11 39 
11 44 
11 67 
11 84 
11 98 
11 99 
11 102 
12 4 
12 27 
12 33 
12 45 
12 146 
12 158 
12 193 
13 11 
13 15 
13 32 
13 36 
13 42 
13 72 
13 73 
13 80 
13 83 
13 98 
13 121 
14 3 
14 4 
14 5 
14 6 
14 7 
14 9 
14 11 
14 13 
14 15 
14 21 
14 22 
14 23 
14 25 
14 26 
14 27 
14 29 
14 30 
14 31 
14 32 
14 34 
14 35 
14 36 
14 37 
14 39 
14 40 
14 44 
14 48 
14 49 
14 52 
14 54 
14 57 
14 58 
14 59 
14 62 
14 63 
14 67 
14 68 
14 69 
14 73 
14 74 
14 78 
14 80 
14 82 
14 84 
14 88 
14 91 
14 98 
14 100 
14 102 
14 104 
14 105 
14 109 
14 118 
14 121 
14 134 
14 146 
14 150 
14 156 
14 157 
14 158 
14 166 
14 170 
14 180 
14 182 
14 187 
14 193 
14 212 
15 3 
15 4 
15 5 
15 6 
15 7 
15 9 
15 11 
15 13 
15 14 
15 18 
15 19 
15 21 
15 22 
15 27 
15 30 
15 31 
15 32 
15 34 
15 35 
15 36 
15 37 
15 39 
15 42 
15 44 
15 48 
15 51 
15 52 
15 58 
15 60 
15 62 
15 63 
15 68 
15 69 
15 72 
15 73 
15 74 
15 80 
15 82 
15 83 
15 84 
15 86 
15 87 
15 88 
15 90 
15 96 
15 98 
15 100 
15 102 
15 109 
15 117 
15 121 
15 125 
15 133 
15 134 
15 146 
15 182 
15 193 
15 212 
16 79 
16 97 
16 136 
17 4 
17 6 
17 7 
17 9 
17 15 
17 19 
17 22 
17 26 
17 27 
17 32 
17 33 
17 34 
17 35 
17 44 
17 92 
17 105 
17 125 
17 133 
17 134 
17 138 
17 146 
17 155 
17 158 
17 190 
18 2 
18 18 
18 34 
19 2 
19 6 
19 15 
19 27 
19 36 
19 44 
19 158 
21 14 
21 27 
21 44 
21 158 
22 2 
22 3 
22 4 
22 7 
22 9 
22 11 
22 13 
22 14 
22 15 
22 21 
22 26 
22 27 
22 29 
22 30 
22 32 
22 33 
22 35 
22 36 
22 37 
22 39 
22 44 
22 48 
22 51 
22 52 
22 60 
22 63 
22 67 
22 68 
22 69 
22 73 
22 74 
22 77 
22 82 
22 83 
22 84 
22 86 
22 87 
22 88 
22 96 
22 100 
22 109 
22 116 
22 119 
22 121 
22 125 
22 133 
22 134 
22 148 
22 158 
22 168 
22 170 
23 7 
23 8 
23 9 
23 22 
23 27 
23 29 
23 31 
23 32 
23 39 
23 44 
25 2 
25 3 
25 6 
25 14 
25 15 
25 33 
25 36 
25 44 
25 62 
25 84 
25 119 
25 125 
25 146 
25 158 
26 7 
26 10 
26 18 
26 28 
26 29 
26 34 
26 39 
26 44 
26 67 
26 133 
26 139 
26 155 
26 166 
27 2 
27 3 
27 4 
27 11 
27 13 
27 14 
27 15 
27 19 
27 21 
27 22 
27 26 
27 30 
27 35 
27 36 
27 37 
27 40 
27 44 
27 51 
27 60 
27 63 
27 67 
27 68 
27 69 
27 78 
27 80 
27 82 
27 84 
27 87 
27 88 
27 104 
27 119 
27 127 
27 130 
27 148 
27 156 
28 21 
28 44 
28 125 
28 134 
28 150 
28 158 
29 4 
29 7 
29 9 
29 22 
29 27 
29 31 
29 34 
29 35 
29 44 
29 105 
29 125 
29 134 
29 146 
29 158 
30 7 
30 8 
30 9 
30 11 
30 13 
30 14 
30 15 
30 21 
30 22 
30 27 
30 29 
30 32 
30 34 
30 36 
30 40 
30 42 
30 44 
30 52 
30 62 
30 63 
30 70 
30 72 
30 73 
30 83 
30 84 
30 87 
30 98 
30 102 
30 117 
30 121 
30 133 
30 158 
31 11 
31 36 
31 39 
31 158 
32 2 
32 3 
32 27 
32 42 
32 68 
32 72 
32 83 
32 100 
32 116 
32 117 
32 133 
33 45 
33 146 
33 213 
34 14 
34 26 
34 44 
34 139 
34 150 
34 166 
34 212 
35 3 
35 4 
35 11 
35 14 
35 15 
35 16 
35 21 
35 22 
35 25 
35 27 
35 30 
35 33 
35 36 
35 37 
35 39 
35 44 
35 51 
35 52 
35 54 
35 62 
35 63 
35 68 
35 69 
35 78 
35 82 
35 84 
35 87 
35 90 
35 92 
35 98 
35 103 
35 134 
35 146 
35 155 
36 3 
36 11 
36 13 
36 22 
36 27 
36 30 
36 32 
36 35 
36 42 
36 73 
36 80 
36 98 
36 100 
36 102 
36 117 
37 3 
37 6 
37 7 
37 10 
37 14 
37 15 
37 19 
37 26 
37 27 
37 39 
37 45 
37 100 
37 102 
37 156 
39 2 
39 6 
39 7 
39 9 
39 14 
39 15 
39 19 
39 29 
39 34 
39 44 
39 45 
39 63 
39 86 
39 96 
39 134 
39 139 
39 146 
39 155 
39 158 
39 166 
39 190 
39 212 
40 2 
40 3 
40 4 
40 5 
40 6 
40 15 
40 17 
40 19 
40 27 
40 30 
40 35 
40 36 
40 44 
40 48 
40 52 
40 68 
40 84 
40 87 
40 90 
40 100 
40 113 
40 133 
40 146 
40 155 
40 158 
42 13 
42 83 
42 117 
43 19 
43 54 
43 67 
43 71 
43 109 
43 113 
43 125 
43 133 
43 159 
43 212 
44 2 
44 3 
44 4 
44 6 
44 7 
44 8 
44 11 
44 13 
44 14 
44 15 
44 17 
44 21 
44 22 
44 25 
44 27 
44 28 
44 30 
44 34 
44 35 
44 36 
44 37 
44 39 
44 62 
44 63 
44 68 
44 69 
44 71 
44 73 
44 74 
44 82 
44 84 
44 87 
44 88 
44 92 
44 95 
44 102 
44 105 
44 109 
44 113 
44 119 
44 125 
44 134 
44 146 
44 148 
44 150 
44 155 
44 158 
44 178 
44 193 
45 4 
45 5 
45 6 
45 7 
45 8 
45 9 
45 13 
45 14 
45 15 
45 16 
45 17 
45 18 
45 21 
45 23 
45 25 
45 26 
45 27 
45 28 
45 29 
45 31 
45 32 
45 34 
45 37 
45 39 
45 44 
45 52 
45 55 
45 58 
45 66 
45 70 
45 71 
45 76 
45 79 
45 82 
45 83 
45 94 
45 95 
45 96 
45 97 
45 99 
45 102 
45 103 
45 105 
45 109 
45 112 
45 119 
45 120 
45 125 
45 127 
45 128 
45 134 
45 136 
45 146 
45 158 
45 165 
45 178 
47 14 
47 15 
47 26 
47 29 
49 14 
49 15 
49 45 
49 49 
49 58 
49 96 
49 155 
51 27 
51 77 
51 86 
51 88 
52 7 
52 9 
52 22 
52 30 
52 35 
52 68 
52 84 
55 6 
55 15 
55 27 
55 35 
55 45 
55 66 
55 82 
55 95 
55 108 
58 15 
58 16 
58 19 
58 26 
58 45 
58 49 
58 66 
58 79 
58 80 
58 97 
58 108 
58 120 
58 128 
60 77 
60 86 
60 88 
60 90 
62 44 
63 15 
63 30 
63 32 
63 37 
63 40 
63 42 
63 44 
63 52 
63 69 
63 70 
63 72 
63 73 
63 83 
63 84 
63 87 
63 91 
63 98 
63 102 
63 117 
63 121 
65 127 
66 2 
66 26 
66 27 
66 44 
66 72 
66 83 
68 4 
68 14 
68 15 
68 19 
68 22 
68 27 
68 30 
68 32 
68 35 
68 36 
68 48 
68 52 
68 62 
68 63 
68 67 
68 69 
68 72 
68 84 
68 86 
68 102 
69 3 
69 6 
69 11 
69 25 
69 30 
69 32 
69 35 
69 36 
69 40 
69 42 
69 48 
69 51 
69 52 
69 60 
69 63 
69 72 
69 73 
69 77 
69 83 
69 84 
69 86 
69 87 
69 88 
69 90 
69 100 
69 117 
70 15 
70 27 
70 36 
70 37 
70 44 
70 45 
70 84 
71 22 
71 92 
73 32 
73 35 
73 44 
73 98 
73 121 
74 4 
74 14 
76 37 
76 55 
76 58 
76 79 
76 95 
76 97 
76 103 
76 108 
76 112 
76 120 
76 127 
76 128 
76 136 
76 158 
77 48 
78 14 
78 59 
78 67 
78 170 
80 11 
80 36 
80 102 
81 58 
82 4 
82 14 
82 15 
82 35 
82 44 
82 53 
82 74 
82 213 
83 32 
83 42 
83 72 
83 84 
83 87 
83 98 
83 117 
84 6 
84 22 
84 29 
84 35 
84 44 
84 62 
84 83 
86 15 
86 51 
86 60 
86 77 
86 88 
86 90 
87 44 
87 52 
87 63 
87 69 
87 84 
87 102 
88 48 
88 51 
88 60 
88 70 
88 77 
88 86 
88 90 
89 4 
89 7 
89 9 
89 14 
89 33 
89 36 
89 52 
89 62 
89 87 
89 116 
89 146 
90 48 
90 51 
90 52 
90 60 
90 69 
90 77 
90 82 
90 84 
90 88 
91 6 
91 14 
91 119 
91 170 
92 4 
93 19 
93 28 
93 33 
93 36 
93 48 
93 53 
93 59 
93 63 
93 71 
93 77 
93 90 
93 96 
94 82 
94 127 
96 2 
96 4 
96 16 
96 42 
96 53 
96 58 
96 72 
96 83 
96 100 
96 133 
97 79 
98 73 
98 121 
99 165 
99 166 
101 80 
103 44 
104 14 
105 2 
105 7 
105 9 
105 26 
105 34 
105 165 
109 2 
109 15 
109 36 
109 44 
109 68 
109 71 
109 72 
109 75 
109 92 
109 104 
109 105 
109 113 
109 115 
109 119 
109 138 
109 150 
109 158 
109 168 
110 4 
110 14 
110 22 
110 44 
110 99 
110 105 
110 146 
111 166 
112 128 
112 130 
113 71 
114 35 
115 168 
116 11 
116 42 
117 69 
119 213 
121 32 
121 73 
121 98 
125 158 
135 155 
135 158 
135 190 
146 78 
146 158 
147 4 
150 7 
150 9 
150 15 
154 15 
156 166 
163 2 
168 109 
168 115 
172 134 
173 180 
203 37 
204 146 
