2 2 
2 7 
2 8 
2 9 
2 10 
2 15 
2 17 
2 18 
2 23 
2 26 
2 29 
2 30 
2 31 
2 32 
2 34 
2 39 
2 45 
2 99 
2 105 
2 125 
2 134 
2 139 
2 150 
2 156 
2 158 
2 166 
2 182 
2 212 
3 4 
3 6 
3 7 
3 9 
3 10 
3 13 
3 14 
3 15 
3 22 
3 23 
3 27 
3 30 
3 31 
3 35 
3 36 
3 37 
3 44 
3 60 
3 63 
3 68 
3 69 
3 70 
3 74 
3 77 
3 83 
3 84 
3 86 
3 87 
3 88 
3 148 
3 158 
4 2 
4 3 
4 6 
4 7 
4 9 
4 11 
4 13 
4 14 
4 15 
4 17 
4 21 
4 22 
4 26 
4 27 
4 30 
4 34 
4 35 
4 36 
4 37 
4 44 
4 45 
4 51 
4 52 
4 54 
4 55 
4 59 
4 62 
4 69 
4 70 
4 73 
4 74 
4 78 
4 80 
4 83 
4 84 
4 96 
4 102 
4 119 
4 130 
4 133 
4 134 
4 148 
4 150 
4 156 
4 157 
4 158 
4 182 
4 187 
4 193 
5 2 
5 5 
5 6 
5 15 
5 21 
5 23 
5 27 
5 37 
5 44 
5 45 
5 49 
5 53 
5 55 
5 82 
5 94 
5 95 
5 134 
6 6 
6 7 
6 9 
6 10 
6 14 
6 45 
6 70 
6 76 
6 102 
6 103 
6 104 
6 112 
6 127 
6 128 
6 158 
7 2 
7 3 
7 4 
7 5 
7 6 
7 11 
7 13 
7 14 
7 15 
7 16 
7 17 
7 18 
7 21 
7 22 
7 23 
7 25 
7 26 
7 27 
7 29 
7 30 
7 31 
7 32 
7 33 
7 34 
7 35 
7 36 
7 37 
7 39 
7 40 
7 42 
7 44 
7 45 
7 48 
7 51 
7 52 
7 54 
7 55 
7 58 
7 59 
7 60 
7 62 
7 63 
7 67 
7 69 
7 70 
7 71 
7 72 
7 73 
7 76 
7 77 
7 78 
7 80 
7 82 
7 83 
7 84 
7 86 
7 87 
7 90 
7 92 
7 94 
7 95 
7 96 
7 97 
7 98 
7 99 
7 102 
7 104 
7 105 
7 109 
7 110 
7 113 
7 116 
7 117 
7 119 
7 121 
7 128 
7 130 
7 133 
7 134 
7 139 
7 146 
7 150 
7 156 
7 158 
7 180 
7 182 
7 212 
8 2 
8 6 
8 16 
8 23 
8 26 
8 27 
8 31 
8 34 
8 44 
8 63 
8 71 
8 92 
8 99 
8 105 
8 109 
8 130 
8 140 
8 150 
8 156 
8 182 
9 2 
9 3 
9 4 
9 5 
9 6 
9 8 
9 10 
9 11 
9 13 
9 14 
9 15 
9 16 
9 17 
9 18 
9 21 
9 22 
9 23 
9 25 
9 26 
9 27 
9 29 
9 30 
9 31 
9 32 
9 33 
9 34 
9 35 
9 36 
9 37 
9 39 
9 40 
9 42 
9 44 
9 45 
9 48 
9 51 
9 52 
9 54 
9 55 
9 58 
9 59 
9 60 
9 62 
9 63 
9 67 
9 69 
9 70 
9 71 
9 72 
9 73 
9 76 
9 77 
9 78 
9 80 
9 82 
9 83 
9 84 
9 86 
9 87 
9 90 
9 92 
9 94 
9 95 
9 96 
9 97 
9 98 
9 99 
9 102 
9 104 
9 105 
9 109 
9 110 
9 113 
9 116 
9 117 
9 119 
9 121 
9 128 
9 133 
9 134 
9 139 
9 140 
9 146 
9 150 
9 156 
9 158 
9 180 
9 182 
9 212 
10 2 
10 5 
10 6 
10 8 
10 9 
10 15 
10 18 
10 23 
10 25 
10 26 
10 27 
10 29 
10 34 
10 37 
10 44 
10 45 
10 58 
10 76 
10 105 
10 140 
10 150 
10 182 
11 3 
11 6 
11 13 
11 14 
11 15 
11 21 
11 30 
11 32 
11 34 
11 35 
11 36 
11 44 
11 45 
11 69 
11 74 
11 80 
11 102 
11 121 
11 193 
11 212 
12 2 
12 3 
12 6 
12 14 
12 15 
12 22 
12 25 
12 33 
12 34 
12 44 
12 45 
12 59 
12 62 
12 76 
12 78 
12 84 
12 109 
12 125 
12 134 
12 146 
12 150 
12 158 
12 193 
13 4 
13 11 
13 30 
13 32 
13 36 
13 68 
13 73 
13 98 
13 121 
14 2 
14 3 
14 4 
14 5 
14 6 
14 7 
14 8 
14 9 
14 10 
14 11 
14 13 
14 15 
14 21 
14 22 
14 23 
14 25 
14 26 
14 27 
14 30 
14 31 
14 32 
14 34 
14 35 
14 36 
14 37 
14 39 
14 42 
14 44 
14 45 
14 49 
14 51 
14 52 
14 54 
14 55 
14 57 
14 59 
14 60 
14 62 
14 63 
14 68 
14 69 
14 70 
14 73 
14 74 
14 76 
14 78 
14 80 
14 82 
14 84 
14 87 
14 88 
14 91 
14 104 
14 105 
14 108 
14 109 
14 119 
14 134 
14 139 
14 146 
14 148 
14 150 
14 156 
14 157 
14 158 
14 166 
14 170 
14 173 
14 180 
14 182 
14 187 
14 212 
14 213 
15 2 
15 3 
15 4 
15 5 
15 6 
15 7 
15 8 
15 9 
15 10 
15 11 
15 13 
15 14 
15 16 
15 21 
15 22 
15 23 
15 25 
15 26 
15 27 
15 29 
15 30 
15 31 
15 32 
15 34 
15 35 
15 36 
15 37 
15 39 
15 40 
15 42 
15 44 
15 45 
15 49 
15 51 
15 52 
15 54 
15 58 
15 59 
15 60 
15 62 
15 63 
15 66 
15 68 
15 69 
15 72 
15 73 
15 74 
15 76 
15 77 
15 78 
15 79 
15 80 
15 82 
15 83 
15 84 
15 87 
15 88 
15 90 
15 92 
15 95 
15 96 
15 97 
15 98 
15 100 
15 102 
15 105 
15 108 
15 109 
15 116 
15 117 
15 121 
15 133 
15 146 
15 148 
15 150 
15 156 
15 157 
15 193 
15 212 
16 6 
16 15 
16 45 
16 58 
16 76 
16 79 
16 97 
16 136 
17 2 
17 3 
17 4 
17 5 
17 6 
17 7 
17 8 
17 9 
17 10 
17 11 
17 13 
17 14 
17 15 
17 21 
17 22 
17 23 
17 25 
17 26 
17 27 
17 29 
17 30 
17 31 
17 32 
17 33 
17 34 
17 35 
17 36 
17 37 
17 42 
17 44 
17 45 
17 49 
17 51 
17 52 
17 54 
17 55 
17 58 
17 59 
17 60 
17 62 
17 63 
17 67 
17 68 
17 69 
17 70 
17 71 
17 72 
17 73 
17 75 
17 76 
17 77 
17 78 
17 80 
17 82 
17 83 
17 84 
17 86 
17 88 
17 91 
17 92 
17 95 
17 96 
17 98 
17 100 
17 102 
17 105 
17 109 
17 110 
17 112 
17 113 
17 116 
17 117 
17 119 
17 121 
17 125 
17 128 
17 133 
17 134 
17 138 
17 146 
17 150 
17 155 
17 156 
17 158 
17 168 
17 180 
17 182 
17 187 
17 190 
17 212 
18 7 
18 8 
18 17 
18 22 
18 23 
18 27 
18 31 
18 33 
18 105 
18 134 
18 158 
19 2 
19 3 
19 6 
19 11 
19 15 
19 23 
19 26 
19 27 
19 28 
19 29 
19 32 
19 36 
19 37 
19 44 
19 45 
19 59 
19 72 
19 84 
19 105 
19 133 
19 134 
19 158 
20 44 
20 52 
21 14 
21 15 
21 44 
21 45 
22 2 
22 3 
22 4 
22 5 
22 6 
22 7 
22 8 
22 9 
22 10 
22 11 
22 13 
22 14 
22 15 
22 16 
22 17 
22 18 
22 19 
22 21 
22 23 
22 25 
22 26 
22 27 
22 29 
22 30 
22 31 
22 32 
22 33 
22 34 
22 35 
22 36 
22 37 
22 39 
22 40 
22 42 
22 44 
22 45 
22 48 
22 51 
22 52 
22 53 
22 54 
22 55 
22 58 
22 60 
22 62 
22 63 
22 68 
22 69 
22 70 
22 73 
22 74 
22 76 
22 77 
22 79 
22 80 
22 82 
22 83 
22 84 
22 86 
22 87 
22 88 
22 91 
22 92 
22 94 
22 95 
22 96 
22 98 
22 100 
22 102 
22 104 
22 105 
22 109 
22 121 
22 125 
22 127 
22 134 
22 138 
22 146 
22 148 
22 150 
22 155 
22 156 
22 158 
22 182 
22 193 
22 212 
23 2 
23 3 
23 4 
23 6 
23 7 
23 8 
23 9 
23 10 
23 11 
23 13 
23 14 
23 15 
23 17 
23 18 
23 22 
23 25 
23 26 
23 27 
23 28 
23 29 
23 31 
23 34 
23 35 
23 36 
23 37 
23 39 
23 40 
23 42 
23 44 
23 45 
23 60 
23 62 
23 70 
23 76 
23 77 
23 80 
23 82 
23 99 
23 102 
23 105 
23 109 
23 117 
23 128 
23 134 
23 150 
23 158 
23 182 
25 2 
25 3 
25 4 
25 5 
25 6 
25 11 
25 14 
25 15 
25 22 
25 25 
25 30 
25 33 
25 36 
25 37 
25 44 
25 45 
25 49 
25 54 
25 55 
25 62 
25 63 
25 76 
25 84 
25 87 
25 94 
25 96 
25 105 
25 119 
25 125 
25 130 
25 134 
25 146 
25 158 
25 173 
25 193 
26 2 
26 6 
26 7 
26 8 
26 17 
26 18 
26 34 
26 105 
26 212 
27 2 
27 3 
27 4 
27 5 
27 6 
27 7 
27 8 
27 9 
27 10 
27 11 
27 13 
27 14 
27 15 
27 17 
27 21 
27 22 
27 23 
27 25 
27 26 
27 30 
27 31 
27 32 
27 34 
27 35 
27 36 
27 37 
27 40 
27 42 
27 44 
27 45 
27 49 
27 52 
27 57 
27 60 
27 62 
27 63 
27 68 
27 70 
27 72 
27 73 
27 74 
27 76 
27 78 
27 80 
27 82 
27 83 
27 84 
27 86 
27 87 
27 88 
27 96 
27 98 
27 102 
27 105 
27 109 
27 110 
27 121 
27 125 
27 127 
27 130 
27 134 
27 146 
27 148 
27 150 
27 156 
27 182 
27 187 
27 193 
28 2 
28 3 
28 4 
28 6 
28 11 
28 14 
28 15 
28 21 
28 22 
28 23 
28 25 
28 26 
28 29 
28 31 
28 33 
28 34 
28 35 
28 36 
28 44 
28 45 
28 80 
28 105 
28 109 
28 125 
28 134 
28 150 
28 158 
29 2 
29 4 
29 6 
29 7 
29 8 
29 9 
29 10 
29 21 
29 22 
29 26 
29 27 
29 31 
29 34 
29 37 
29 44 
29 45 
29 62 
29 105 
29 127 
29 134 
29 158 
29 182 
30 2 
30 3 
30 4 
30 6 
30 7 
30 9 
30 11 
30 13 
30 14 
30 15 
30 21 
30 22 
30 23 
30 27 
30 31 
30 32 
30 35 
30 36 
30 42 
30 44 
30 45 
30 52 
30 60 
30 62 
30 63 
30 68 
30 69 
30 70 
30 73 
30 80 
30 82 
30 83 
30 84 
30 87 
30 88 
30 98 
30 102 
30 105 
30 109 
30 117 
30 121 
30 133 
30 148 
30 182 
31 2 
31 3 
31 6 
31 7 
31 8 
31 9 
31 14 
31 15 
31 16 
31 18 
31 22 
31 23 
31 26 
31 27 
31 29 
31 30 
31 34 
31 37 
31 42 
31 44 
31 45 
31 49 
31 70 
31 72 
31 73 
31 76 
31 82 
31 87 
31 96 
31 105 
31 109 
31 134 
31 146 
31 158 
32 2 
32 6 
32 15 
32 30 
32 42 
32 45 
32 70 
32 73 
32 77 
32 80 
32 83 
32 88 
32 100 
32 105 
32 116 
32 117 
32 133 
33 26 
33 40 
33 44 
33 67 
33 125 
33 134 
33 146 
33 158 
33 213 
34 7 
34 8 
34 17 
34 18 
34 31 
34 39 
34 44 
34 99 
34 105 
34 109 
34 110 
34 139 
34 182 
34 212 
35 2 
35 3 
35 4 
35 5 
35 6 
35 7 
35 8 
35 9 
35 10 
35 11 
35 13 
35 14 
35 15 
35 16 
35 17 
35 18 
35 21 
35 22 
35 23 
35 25 
35 26 
35 27 
35 29 
35 30 
35 31 
35 32 
35 33 
35 34 
35 36 
35 37 
35 42 
35 44 
35 45 
35 48 
35 49 
35 51 
35 52 
35 53 
35 54 
35 55 
35 58 
35 59 
35 60 
35 62 
35 63 
35 66 
35 67 
35 68 
35 69 
35 71 
35 73 
35 74 
35 76 
35 77 
35 78 
35 79 
35 80 
35 82 
35 83 
35 84 
35 87 
35 88 
35 91 
35 94 
35 95 
35 96 
35 97 
35 98 
35 102 
35 103 
35 105 
35 109 
35 112 
35 113 
35 116 
35 117 
35 121 
35 125 
35 133 
35 134 
35 146 
35 148 
35 150 
35 156 
35 158 
35 182 
35 187 
35 213 
36 3 
36 4 
36 7 
36 10 
36 11 
36 13 
36 14 
36 15 
36 27 
36 30 
36 32 
36 34 
36 35 
36 37 
36 42 
36 44 
36 45 
36 62 
36 69 
36 70 
36 74 
36 80 
36 84 
36 87 
36 98 
36 102 
37 2 
37 3 
37 6 
37 14 
37 15 
37 22 
37 29 
37 30 
37 84 
37 90 
37 158 
38 32 
39 2 
39 3 
39 4 
39 5 
39 6 
39 7 
39 8 
39 9 
39 10 
39 11 
39 13 
39 14 
39 15 
39 17 
39 22 
39 23 
39 25 
39 26 
39 27 
39 28 
39 30 
39 31 
39 32 
39 34 
39 35 
39 36 
39 37 
39 39 
39 40 
39 42 
39 44 
39 45 
39 51 
39 52 
39 59 
39 62 
39 63 
39 68 
39 70 
39 73 
39 76 
39 78 
39 80 
39 82 
39 83 
39 91 
39 96 
39 98 
39 99 
39 102 
39 103 
39 105 
39 109 
39 110 
39 117 
39 125 
39 130 
39 133 
39 134 
39 146 
39 150 
39 156 
39 158 
39 182 
39 212 
40 2 
40 3 
40 4 
40 5 
40 6 
40 7 
40 10 
40 11 
40 13 
40 14 
40 15 
40 17 
40 21 
40 22 
40 23 
40 25 
40 27 
40 28 
40 29 
40 30 
40 31 
40 32 
40 33 
40 35 
40 36 
40 37 
40 42 
40 44 
40 45 
40 48 
40 49 
40 51 
40 52 
40 58 
40 59 
40 60 
40 63 
40 68 
40 69 
40 70 
40 71 
40 72 
40 73 
40 76 
40 78 
40 79 
40 80 
40 82 
40 84 
40 87 
40 90 
40 91 
40 94 
40 95 
40 96 
40 98 
40 100 
40 102 
40 103 
40 105 
40 109 
40 112 
40 117 
40 121 
40 128 
40 133 
40 134 
40 146 
40 150 
40 156 
40 157 
40 158 
40 182 
40 187 
42 2 
42 4 
42 6 
42 15 
42 32 
42 37 
42 44 
42 45 
42 70 
42 72 
42 73 
42 83 
42 98 
42 100 
42 117 
42 121 
42 133 
42 158 
43 2 
43 6 
43 11 
43 17 
43 26 
43 44 
43 54 
43 59 
43 68 
43 71 
43 92 
43 104 
43 105 
43 109 
43 110 
43 113 
43 119 
43 125 
43 133 
43 134 
43 158 
43 173 
43 193 
43 212 
44 2 
44 3 
44 4 
44 5 
44 6 
44 7 
44 8 
44 9 
44 11 
44 13 
44 14 
44 15 
44 17 
44 18 
44 21 
44 22 
44 23 
44 25 
44 26 
44 27 
44 30 
44 31 
44 32 
44 34 
44 35 
44 36 
44 37 
44 40 
44 45 
44 51 
44 60 
44 62 
44 63 
44 68 
44 69 
44 73 
44 80 
44 82 
44 84 
44 87 
44 92 
44 95 
44 102 
44 103 
44 105 
44 109 
44 112 
44 113 
44 119 
44 121 
44 125 
44 128 
44 134 
44 136 
44 146 
44 148 
44 150 
44 158 
44 178 
44 193 
45 2 
45 4 
45 5 
45 6 
45 7 
45 8 
45 9 
45 10 
45 11 
45 13 
45 14 
45 15 
45 16 
45 17 
45 18 
45 21 
45 23 
45 25 
45 26 
45 27 
45 28 
45 29 
45 31 
45 32 
45 33 
45 34 
45 36 
45 37 
45 39 
45 40 
45 42 
45 44 
45 49 
45 52 
45 55 
45 58 
45 60 
45 66 
45 69 
45 70 
45 71 
45 76 
45 79 
45 80 
45 82 
45 88 
45 92 
45 94 
45 95 
45 96 
45 97 
45 99 
45 102 
45 103 
45 105 
45 108 
45 109 
45 112 
45 113 
45 117 
45 119 
45 120 
45 125 
45 127 
45 128 
45 130 
45 134 
45 136 
45 146 
45 148 
45 156 
45 158 
45 178 
45 182 
45 187 
46 32 
47 2 
47 4 
47 6 
47 7 
47 8 
47 9 
47 10 
47 11 
47 13 
47 14 
47 15 
47 22 
47 23 
47 27 
47 30 
47 31 
47 32 
47 34 
47 35 
47 36 
47 37 
47 42 
47 44 
47 45 
47 52 
47 63 
47 69 
47 70 
47 72 
47 73 
47 76 
47 77 
47 80 
47 84 
47 86 
47 87 
47 98 
47 100 
47 102 
47 105 
47 116 
47 117 
47 121 
47 133 
47 150 
47 156 
47 158 
48 15 
48 37 
48 59 
48 68 
48 69 
48 90 
49 6 
49 23 
49 44 
49 45 
49 76 
49 95 
49 125 
49 158 
49 212 
51 2 
51 3 
51 6 
51 11 
51 27 
51 36 
51 37 
51 44 
51 45 
51 60 
51 77 
51 86 
51 88 
52 2 
52 3 
52 6 
52 7 
52 9 
52 14 
52 15 
52 22 
52 30 
52 32 
52 35 
52 36 
52 42 
52 44 
52 45 
52 51 
52 62 
52 63 
52 68 
52 69 
52 70 
52 73 
52 76 
52 83 
52 84 
52 88 
52 98 
52 100 
52 105 
52 109 
52 116 
52 117 
52 121 
52 133 
54 44 
55 6 
55 13 
55 23 
55 44 
55 45 
55 66 
55 76 
55 94 
58 4 
58 6 
58 11 
58 14 
58 16 
58 35 
58 45 
58 79 
58 97 
58 103 
59 15 
60 2 
60 6 
60 15 
60 22 
60 30 
60 36 
60 37 
60 44 
60 45 
60 51 
60 68 
60 77 
60 80 
60 86 
60 88 
60 90 
60 102 
60 105 
62 2 
62 13 
62 15 
62 40 
62 44 
62 68 
62 69 
63 2 
63 3 
63 6 
63 13 
63 21 
63 23 
63 30 
63 37 
63 42 
63 44 
63 69 
63 70 
63 73 
63 84 
63 87 
63 88 
63 98 
63 100 
63 121 
66 2 
66 4 
66 14 
66 27 
66 35 
66 45 
66 63 
66 94 
68 2 
68 3 
68 4 
68 5 
68 6 
68 7 
68 8 
68 9 
68 11 
68 13 
68 14 
68 15 
68 17 
68 21 
68 22 
68 23 
68 27 
68 30 
68 32 
68 33 
68 34 
68 35 
68 36 
68 39 
68 40 
68 42 
68 44 
68 45 
68 48 
68 51 
68 52 
68 55 
68 60 
68 62 
68 63 
68 70 
68 76 
68 77 
68 79 
68 80 
68 83 
68 84 
68 86 
68 88 
68 90 
68 98 
68 105 
68 117 
68 121 
68 125 
68 134 
68 158 
68 182 
69 2 
69 3 
69 4 
69 6 
69 11 
69 13 
69 14 
69 15 
69 22 
69 27 
69 30 
69 32 
69 36 
69 37 
69 42 
69 44 
69 45 
69 48 
69 51 
69 52 
69 54 
69 60 
69 63 
69 68 
69 72 
69 73 
69 77 
69 83 
69 84 
69 86 
69 87 
69 88 
69 98 
69 102 
69 105 
69 109 
69 117 
69 121 
69 133 
69 156 
69 158 
69 182 
70 2 
70 3 
70 4 
70 5 
70 6 
70 7 
70 9 
70 11 
70 14 
70 15 
70 27 
70 32 
70 34 
70 35 
70 37 
70 42 
70 44 
70 45 
70 76 
70 80 
70 94 
70 100 
70 102 
70 105 
70 109 
71 27 
71 92 
71 113 
72 32 
73 2 
73 6 
73 15 
73 21 
73 30 
73 32 
73 42 
73 44 
73 45 
73 80 
73 98 
73 102 
73 121 
74 4 
74 14 
76 2 
76 3 
76 4 
76 5 
76 6 
76 7 
76 9 
76 10 
76 11 
76 13 
76 14 
76 15 
76 16 
76 17 
76 22 
76 23 
76 27 
76 28 
76 30 
76 31 
76 32 
76 33 
76 34 
76 35 
76 36 
76 37 
76 40 
76 44 
76 45 
76 49 
76 55 
76 58 
76 63 
76 68 
76 70 
76 79 
76 80 
76 82 
76 87 
76 90 
76 94 
76 95 
76 96 
76 97 
76 105 
76 136 
76 146 
76 158 
77 15 
77 48 
77 51 
77 88 
78 2 
78 3 
78 4 
78 5 
78 6 
78 7 
78 10 
78 11 
78 14 
78 15 
78 22 
78 25 
78 30 
78 31 
78 33 
78 35 
78 37 
78 44 
78 45 
78 49 
78 54 
78 58 
78 59 
78 68 
78 70 
78 76 
78 95 
78 105 
78 109 
78 150 
78 156 
78 157 
78 158 
78 182 
78 187 
79 58 
80 11 
80 34 
80 35 
80 36 
80 44 
81 58 
82 4 
82 5 
82 6 
82 7 
82 9 
82 14 
82 15 
82 23 
82 30 
82 33 
82 35 
82 37 
82 44 
82 53 
82 74 
82 94 
82 109 
82 140 
82 158 
82 193 
83 6 
83 32 
83 45 
83 68 
83 70 
83 72 
83 73 
83 84 
83 98 
83 100 
83 116 
83 117 
83 121 
83 146 
84 6 
84 22 
84 35 
84 44 
84 52 
84 62 
84 63 
84 68 
84 69 
84 70 
84 83 
84 87 
84 182 
86 2 
86 3 
86 6 
86 14 
86 15 
86 22 
86 30 
86 32 
86 36 
86 37 
86 44 
86 45 
86 51 
86 52 
86 60 
86 77 
86 84 
86 87 
86 88 
86 90 
86 105 
86 117 
87 3 
87 6 
87 30 
87 42 
87 44 
87 45 
87 52 
87 63 
87 69 
87 84 
88 2 
88 3 
88 6 
88 14 
88 22 
88 30 
88 32 
88 36 
88 37 
88 48 
88 51 
88 52 
88 60 
88 63 
88 77 
88 84 
88 90 
88 102 
88 109 
88 148 
89 2 
89 4 
89 5 
89 6 
89 11 
89 14 
89 15 
89 18 
89 22 
89 25 
89 26 
89 27 
89 30 
89 33 
89 35 
89 36 
89 37 
89 44 
89 45 
89 52 
89 55 
89 59 
89 62 
89 68 
89 84 
89 87 
89 94 
89 105 
89 117 
89 125 
89 134 
89 146 
89 158 
90 2 
90 3 
90 6 
90 14 
90 15 
90 22 
90 27 
90 30 
90 32 
90 36 
90 37 
90 44 
90 45 
90 48 
90 51 
90 52 
90 60 
90 62 
90 68 
90 69 
90 77 
90 80 
90 86 
90 88 
90 105 
91 2 
91 6 
91 14 
91 45 
91 76 
92 159 
93 14 
93 17 
93 27 
93 28 
93 33 
93 36 
93 40 
93 48 
93 59 
93 77 
93 90 
93 96 
93 100 
95 22 
96 4 
96 5 
96 6 
96 15 
96 33 
96 36 
96 45 
96 55 
96 58 
96 76 
96 83 
96 94 
96 100 
96 109 
97 6 
97 16 
97 45 
97 58 
98 13 
98 32 
98 36 
98 73 
98 100 
98 121 
98 125 
99 2 
99 6 
99 45 
99 105 
100 45 
100 70 
101 15 
101 27 
101 45 
101 97 
102 6 
103 6 
103 44 
103 45 
103 105 
104 4 
104 14 
104 150 
105 2 
105 22 
105 34 
105 45 
105 99 
105 105 
105 156 
105 165 
105 182 
108 2 
108 3 
108 4 
108 5 
108 6 
108 11 
108 13 
108 14 
108 15 
108 22 
108 23 
108 27 
108 30 
108 31 
108 32 
108 35 
108 36 
108 37 
108 40 
108 44 
108 45 
108 55 
108 58 
108 76 
108 79 
108 80 
108 94 
108 96 
108 103 
108 105 
108 109 
108 112 
108 117 
108 128 
109 2 
109 3 
109 4 
109 6 
109 11 
109 14 
109 15 
109 19 
109 22 
109 23 
109 27 
109 30 
109 31 
109 36 
109 37 
109 44 
109 62 
109 68 
109 70 
109 75 
109 76 
109 80 
109 92 
109 105 
109 113 
109 115 
109 119 
109 134 
109 138 
109 150 
109 158 
109 168 
109 212 
110 2 
110 4 
110 6 
110 7 
110 8 
110 10 
110 14 
110 15 
110 17 
110 18 
110 22 
110 23 
110 25 
110 26 
110 27 
110 28 
110 29 
110 31 
110 34 
110 35 
110 36 
110 37 
110 39 
110 44 
110 45 
110 62 
110 67 
110 80 
110 99 
110 105 
110 109 
110 125 
110 134 
110 150 
110 158 
110 212 
112 6 
112 44 
112 45 
112 128 
113 125 
115 109 
115 168 
116 4 
116 6 
116 14 
116 32 
116 42 
116 45 
116 117 
117 42 
117 73 
117 83 
117 116 
118 168 
119 6 
119 44 
120 45 
121 32 
121 70 
121 73 
121 98 
125 6 
125 28 
126 2 
127 27 
130 27 
130 127 
133 32 
134 125 
134 158 
135 2 
135 6 
135 17 
135 22 
135 26 
135 34 
135 36 
135 44 
135 62 
135 109 
135 134 
135 146 
135 155 
135 158 
135 212 
138 168 
140 105 
142 4 
142 14 
146 6 
146 33 
146 125 
146 134 
146 158 
150 4 
150 14 
153 34 
155 6 
155 7 
155 8 
155 44 
157 134 
163 6 
163 27 
167 33 
168 44 
168 109 
172 134 
172 158 
186 146 
186 158 
203 37 
204 59 
