2 7 
2 9 
2 11 
2 18 
2 26 
2 39 
2 99 
2 105 
2 166 
2 212 
3 4 
3 13 
3 14 
3 15 
3 22 
3 30 
3 32 
3 36 
3 37 
3 40 
3 51 
3 63 
3 69 
3 74 
3 84 
3 87 
3 88 
4 3 
4 11 
4 14 
4 15 
4 21 
4 27 
4 34 
4 35 
4 37 
4 39 
4 44 
4 63 
4 73 
4 74 
4 102 
4 109 
6 6 
6 7 
6 8 
6 45 
6 103 
6 112 
7 21 
7 26 
7 34 
7 39 
7 45 
7 71 
7 77 
7 105 
8 26 
9 21 
9 26 
9 34 
9 39 
9 45 
9 71 
9 77 
9 105 
11 13 
11 15 
11 27 
11 30 
11 36 
11 102 
12 40 
13 27 
13 36 
13 98 
14 3 
14 4 
14 5 
14 7 
14 8 
14 11 
14 13 
14 15 
14 21 
14 22 
14 25 
14 27 
14 30 
14 32 
14 34 
14 35 
14 36 
14 37 
14 40 
14 44 
14 45 
14 57 
14 59 
14 60 
14 63 
14 68 
14 69 
14 71 
14 74 
14 76 
14 80 
14 82 
14 84 
14 88 
14 104 
14 109 
14 116 
14 125 
14 150 
14 156 
14 182 
14 187 
15 3 
15 4 
15 6 
15 7 
15 8 
15 11 
15 13 
15 14 
15 21 
15 22 
15 26 
15 27 
15 30 
15 32 
15 34 
15 35 
15 36 
15 37 
15 40 
15 42 
15 44 
15 51 
15 52 
15 60 
15 63 
15 68 
15 69 
15 73 
15 74 
15 80 
15 82 
15 83 
15 84 
15 87 
15 88 
15 90 
15 96 
15 98 
15 100 
15 102 
15 109 
15 117 
15 121 
15 150 
15 182 
15 212 
17 48 
17 51 
17 83 
17 102 
17 155 
18 7 
18 10 
19 34 
19 37 
19 77 
19 91 
21 14 
21 44 
22 3 
22 4 
22 5 
22 6 
22 7 
22 8 
22 9 
22 13 
22 14 
22 15 
22 23 
22 26 
22 27 
22 30 
22 32 
22 34 
22 35 
22 36 
22 37 
22 39 
22 40 
22 44 
22 45 
22 48 
22 51 
22 59 
22 60 
22 62 
22 63 
22 66 
22 68 
22 70 
22 73 
22 74 
22 77 
22 78 
22 80 
22 82 
22 83 
22 84 
22 86 
22 88 
22 94 
22 102 
22 109 
22 117 
22 121 
22 146 
22 148 
22 156 
22 182 
22 187 
25 14 
25 22 
26 34 
26 212 
27 3 
27 4 
27 7 
27 8 
27 11 
27 13 
27 14 
27 15 
27 21 
27 22 
27 30 
27 35 
27 36 
27 37 
27 44 
27 51 
27 52 
27 58 
27 63 
27 68 
27 69 
27 73 
27 80 
27 82 
27 84 
27 87 
27 88 
27 98 
27 102 
27 121 
27 127 
27 148 
30 7 
30 8 
30 21 
30 40 
30 44 
30 63 
30 68 
30 73 
30 87 
30 121 
32 73 
32 117 
34 212 
35 4 
35 5 
35 11 
35 14 
35 15 
35 22 
35 23 
35 26 
35 27 
35 30 
35 40 
35 44 
35 49 
35 53 
35 63 
35 66 
35 68 
35 69 
35 76 
35 78 
35 82 
35 84 
35 94 
35 150 
35 156 
36 11 
36 13 
36 40 
36 80 
37 15 
37 22 
37 32 
37 40 
39 45 
39 80 
40 3 
40 4 
40 5 
40 6 
40 7 
40 8 
40 9 
40 10 
40 11 
40 13 
40 14 
40 15 
40 17 
40 18 
40 19 
40 21 
40 22 
40 23 
40 25 
40 26 
40 27 
40 29 
40 30 
40 31 
40 32 
40 33 
40 34 
40 35 
40 36 
40 37 
40 39 
40 42 
40 44 
40 45 
40 48 
40 49 
40 51 
40 52 
40 55 
40 59 
40 60 
40 66 
40 68 
40 69 
40 70 
40 71 
40 72 
40 73 
40 76 
40 77 
40 78 
40 80 
40 82 
40 83 
40 84 
40 86 
40 88 
40 89 
40 90 
40 91 
40 94 
40 102 
40 105 
40 109 
40 112 
40 117 
40 134 
40 146 
40 148 
40 150 
40 156 
40 182 
42 40 
43 14 
43 92 
43 125 
43 187 
43 212 
44 3 
44 4 
44 11 
44 14 
44 15 
44 21 
44 22 
44 27 
44 30 
44 34 
44 37 
44 39 
44 40 
44 63 
44 71 
44 80 
44 82 
44 92 
44 98 
44 102 
44 103 
44 134 
45 4 
45 6 
45 7 
45 8 
45 9 
45 10 
45 15 
45 16 
45 18 
45 23 
45 26 
45 27 
45 29 
45 31 
45 34 
45 37 
45 55 
45 58 
45 60 
45 66 
45 67 
45 70 
45 76 
45 91 
45 96 
45 97 
45 102 
45 103 
45 105 
45 112 
45 182 
46 133 
47 86 
51 86 
52 6 
52 48 
52 68 
52 84 
60 51 
63 4 
63 14 
63 15 
63 30 
63 69 
63 83 
63 84 
63 87 
63 100 
68 14 
68 30 
68 40 
68 51 
68 52 
68 60 
68 62 
68 84 
68 182 
69 60 
69 84 
73 13 
73 21 
73 30 
73 32 
73 98 
73 117 
73 121 
74 4 
74 15 
74 22 
74 66 
78 134 
80 11 
82 14 
82 15 
82 37 
82 53 
84 68 
86 37 
86 51 
86 77 
86 90 
87 3 
87 15 
87 30 
87 63 
87 69 
87 88 
88 3 
88 15 
88 27 
88 51 
88 52 
88 60 
89 146 
93 2 
93 32 
93 33 
93 40 
93 48 
93 59 
93 77 
93 100 
95 6 
95 109 
96 3 
96 5 
96 7 
96 9 
96 49 
96 55 
96 66 
98 13 
98 73 
98 82 
98 121 
100 3 
100 4 
100 6 
100 7 
100 8 
100 9 
100 11 
100 14 
100 15 
100 22 
100 27 
100 30 
100 32 
100 35 
100 42 
100 44 
100 45 
100 52 
100 60 
100 63 
100 68 
100 69 
100 73 
100 77 
100 80 
100 83 
100 87 
100 89 
100 90 
100 98 
100 116 
100 117 
100 121 
105 26 
105 109 
109 27 
109 75 
109 92 
109 115 
109 138 
109 168 
110 26 
110 212 
117 86 
121 13 
121 15 
121 32 
121 73 
121 98 
133 4 
133 6 
133 14 
133 15 
133 22 
133 30 
133 32 
133 37 
133 39 
133 51 
133 60 
133 63 
133 70 
133 73 
133 77 
133 80 
133 117 
146 6 
207 51 
207 86 
