3 11 
3 14 
3 15 
3 22 
3 63 
3 69 
3 87 
3 88 
4 14 
4 27 
10 9 
11 15 
11 27 
11 36 
11 98 
14 3 
14 4 
14 15 
14 21 
14 22 
14 27 
14 30 
14 35 
14 37 
14 44 
14 74 
14 84 
15 3 
15 4 
15 11 
15 14 
15 22 
15 27 
15 30 
15 35 
15 37 
15 44 
15 63 
15 69 
15 73 
15 74 
15 84 
15 87 
15 116 
17 86 
22 3 
22 35 
22 44 
22 68 
22 69 
22 84 
22 86 
22 148 
27 4 
27 11 
27 14 
27 15 
27 36 
30 3 
30 11 
30 14 
30 15 
30 22 
30 27 
30 35 
30 36 
30 63 
30 73 
30 74 
30 87 
30 88 
30 117 
32 133 
34 29 
35 14 
35 22 
35 68 
35 82 
36 14 
36 73 
37 86 
39 7 
39 9 
44 21 
45 7 
45 10 
45 29 
51 86 
60 86 
60 88 
63 3 
63 15 
63 22 
63 30 
63 37 
68 52 
68 62 
69 3 
69 22 
69 60 
69 84 
69 88 
73 15 
73 30 
73 36 
73 98 
74 4 
74 15 
74 27 
82 35 
84 22 
84 52 
87 3 
87 15 
87 30 
87 63 
87 88 
88 3 
88 60 
95 7 
95 9 
95 86 
96 27 
121 15 
121 73 
147 7 
147 9 
