2 31 
2 99 
2 105 
2 119 
2 134 
2 166 
3 15 
3 37 
4 14 
4 15 
4 21 
4 27 
4 32 
4 34 
4 35 
4 44 
4 74 
4 98 
6 21 
6 44 
6 45 
6 68 
6 119 
7 2 
7 6 
7 26 
7 44 
7 54 
7 67 
7 113 
7 127 
7 168 
8 127 
9 2 
9 6 
9 26 
9 44 
9 54 
9 67 
9 113 
9 168 
10 9 
11 15 
11 27 
11 80 
11 102 
12 150 
13 98 
14 2 
14 4 
14 5 
14 6 
14 7 
14 9 
14 11 
14 15 
14 21 
14 22 
14 25 
14 27 
14 30 
14 31 
14 34 
14 35 
14 37 
14 44 
14 45 
14 52 
14 54 
14 68 
14 74 
14 80 
14 125 
14 166 
15 3 
15 4 
15 5 
15 11 
15 14 
15 22 
15 27 
15 30 
15 31 
15 32 
15 35 
15 37 
15 39 
15 45 
15 63 
15 68 
15 69 
15 71 
15 73 
15 74 
15 84 
15 88 
15 94 
15 98 
15 102 
15 121 
15 150 
15 193 
17 67 
17 80 
17 109 
21 4 
21 44 
22 2 
22 3 
22 4 
22 5 
22 6 
22 7 
22 8 
22 9 
22 10 
22 11 
22 14 
22 15 
22 18 
22 23 
22 25 
22 26 
22 27 
22 30 
22 31 
22 32 
22 34 
22 35 
22 36 
22 37 
22 42 
22 44 
22 45 
22 48 
22 51 
22 52 
22 58 
22 59 
22 60 
22 63 
22 66 
22 68 
22 69 
22 70 
22 71 
22 73 
22 74 
22 76 
22 77 
22 80 
22 82 
22 83 
22 84 
22 86 
22 87 
22 88 
22 90 
22 91 
22 92 
22 98 
22 102 
22 105 
22 109 
22 110 
22 113 
22 116 
22 117 
22 121 
22 127 
22 134 
22 148 
22 150 
22 158 
23 7 
23 8 
23 9 
23 10 
23 31 
25 45 
25 57 
25 104 
25 193 
26 6 
26 17 
26 134 
26 158 
27 2 
27 4 
27 15 
27 21 
27 30 
27 35 
27 36 
27 52 
27 60 
27 68 
27 74 
27 127 
28 80 
30 7 
30 9 
30 15 
30 35 
30 45 
30 73 
30 84 
31 7 
31 9 
31 18 
31 26 
31 40 
31 45 
31 158 
33 105 
34 18 
34 35 
35 2 
35 3 
35 4 
35 5 
35 6 
35 7 
35 9 
35 10 
35 11 
35 14 
35 15 
35 16 
35 18 
35 22 
35 23 
35 26 
35 27 
35 28 
35 30 
35 31 
35 32 
35 34 
35 36 
35 37 
35 39 
35 42 
35 44 
35 45 
35 48 
35 51 
35 52 
35 55 
35 58 
35 63 
35 66 
35 68 
35 69 
35 70 
35 73 
35 76 
35 77 
35 79 
35 80 
35 82 
35 83 
35 84 
35 86 
35 87 
35 95 
35 96 
35 97 
35 98 
35 100 
35 105 
35 109 
35 116 
35 117 
35 121 
35 125 
35 133 
35 134 
35 158 
35 213 
36 4 
36 11 
36 13 
36 15 
36 80 
36 87 
36 125 
37 3 
37 15 
37 155 
39 26 
39 155 
40 2 
40 6 
40 7 
40 9 
40 19 
40 28 
40 31 
40 45 
40 67 
40 105 
40 134 
43 26 
43 92 
43 125 
43 159 
44 3 
44 4 
44 6 
44 14 
44 21 
44 27 
44 30 
44 31 
44 34 
44 35 
44 37 
44 45 
44 68 
44 80 
44 109 
44 120 
44 125 
44 134 
44 150 
44 158 
45 4 
45 6 
45 7 
45 9 
45 16 
45 30 
45 31 
45 35 
45 37 
45 55 
45 58 
45 68 
45 102 
45 103 
45 109 
45 112 
45 113 
45 119 
45 120 
45 127 
45 128 
45 134 
45 136 
45 158 
49 7 
49 9 
49 94 
51 35 
52 68 
52 73 
60 3 
60 68 
60 77 
60 90 
63 52 
63 68 
63 87 
65 45 
68 3 
68 4 
68 5 
68 6 
68 7 
68 9 
68 11 
68 15 
68 22 
68 23 
68 25 
68 27 
68 30 
68 31 
68 32 
68 35 
68 36 
68 42 
68 44 
68 45 
68 48 
68 52 
68 62 
68 63 
68 76 
68 77 
68 83 
68 84 
68 86 
68 90 
68 98 
68 109 
68 117 
69 35 
69 52 
69 84 
69 100 
70 3 
70 30 
70 45 
70 146 
73 11 
73 30 
73 121 
76 79 
78 6 
78 25 
78 35 
78 37 
78 45 
78 158 
78 213 
80 4 
82 5 
82 7 
82 9 
82 22 
82 30 
82 32 
82 35 
82 44 
82 45 
82 74 
82 109 
82 158 
84 22 
84 52 
86 77 
87 35 
87 63 
87 69 
89 18 
89 45 
89 80 
89 170 
91 7 
91 9 
91 14 
91 22 
91 25 
91 35 
91 37 
91 45 
93 27 
93 77 
96 6 
96 7 
96 9 
96 45 
98 13 
98 73 
98 121 
105 34 
105 165 
109 15 
109 26 
109 115 
109 138 
109 168 
121 73 
135 134 
146 31 
146 158 
203 37 
204 59 
