2 7 
2 8 
2 18 
2 26 
2 28 
2 29 
2 34 
2 39 
2 99 
2 105 
2 110 
2 134 
2 146 
2 156 
2 158 
2 166 
2 182 
2 212 
3 14 
3 15 
3 22 
3 27 
3 30 
3 37 
3 60 
3 63 
3 69 
3 84 
3 87 
3 88 
3 158 
4 3 
4 6 
4 11 
4 13 
4 14 
4 15 
4 21 
4 22 
4 23 
4 25 
4 27 
4 30 
4 31 
4 32 
4 35 
4 36 
4 37 
4 42 
4 44 
4 45 
4 59 
4 63 
4 68 
4 70 
4 74 
4 78 
4 80 
4 82 
4 84 
4 87 
4 102 
4 117 
4 121 
4 146 
4 156 
4 158 
5 45 
5 77 
6 6 
6 31 
6 45 
6 109 
6 112 
6 178 
6 182 
7 6 
7 14 
7 18 
7 23 
7 26 
7 27 
7 31 
7 32 
7 34 
7 36 
7 39 
7 77 
7 90 
7 134 
7 158 
8 26 
8 140 
9 6 
9 8 
9 14 
9 18 
9 26 
9 27 
9 31 
9 32 
9 34 
9 36 
9 39 
9 77 
9 90 
9 134 
9 140 
9 158 
10 8 
10 23 
10 26 
10 31 
10 34 
11 13 
11 15 
11 22 
11 27 
11 30 
11 32 
11 35 
11 36 
11 44 
11 51 
11 73 
11 80 
11 86 
11 98 
11 102 
11 148 
12 3 
12 4 
12 14 
12 15 
12 21 
12 22 
12 25 
12 27 
12 33 
12 35 
12 36 
12 40 
12 44 
12 62 
12 69 
12 80 
12 86 
12 102 
12 125 
12 134 
12 146 
12 148 
12 150 
12 158 
12 212 
13 27 
13 36 
13 98 
14 3 
14 4 
14 6 
14 7 
14 8 
14 11 
14 13 
14 15 
14 21 
14 22 
14 25 
14 27 
14 30 
14 32 
14 34 
14 35 
14 36 
14 37 
14 40 
14 42 
14 44 
14 45 
14 54 
14 57 
14 59 
14 60 
14 63 
14 68 
14 73 
14 74 
14 78 
14 80 
14 82 
14 83 
14 84 
14 86 
14 88 
14 98 
14 102 
14 117 
14 134 
14 139 
14 150 
14 156 
14 157 
14 158 
14 173 
14 180 
14 182 
14 187 
15 3 
15 4 
15 11 
15 13 
15 14 
15 21 
15 22 
15 27 
15 30 
15 32 
15 35 
15 36 
15 37 
15 42 
15 44 
15 51 
15 52 
15 60 
15 63 
15 68 
15 69 
15 73 
15 74 
15 80 
15 82 
15 83 
15 84 
15 86 
15 87 
15 88 
15 90 
15 98 
15 102 
15 117 
15 121 
15 146 
15 212 
16 6 
16 45 
16 58 
16 79 
16 97 
17 34 
17 110 
17 134 
17 155 
17 158 
17 190 
17 212 
18 26 
18 34 
19 25 
19 28 
19 125 
19 134 
19 158 
21 15 
21 35 
21 44 
22 3 
22 4 
22 6 
22 7 
22 8 
22 11 
22 13 
22 14 
22 15 
22 21 
22 23 
22 25 
22 27 
22 30 
22 31 
22 32 
22 34 
22 35 
22 36 
22 37 
22 42 
22 44 
22 45 
22 48 
22 51 
22 52 
22 60 
22 62 
22 63 
22 68 
22 69 
22 73 
22 74 
22 78 
22 80 
22 82 
22 83 
22 84 
22 86 
22 87 
22 88 
22 90 
22 98 
22 102 
22 117 
22 121 
22 148 
23 7 
23 8 
23 10 
23 26 
23 32 
23 34 
23 140 
23 158 
25 14 
25 33 
25 44 
25 62 
25 125 
25 134 
25 146 
25 158 
26 7 
26 8 
26 18 
26 25 
26 34 
26 39 
26 212 
27 3 
27 4 
27 5 
27 6 
27 7 
27 8 
27 10 
27 11 
27 13 
27 14 
27 15 
27 21 
27 22 
27 23 
27 25 
27 26 
27 30 
27 31 
27 32 
27 33 
27 34 
27 35 
27 36 
27 37 
27 40 
27 42 
27 44 
27 45 
27 51 
27 52 
27 60 
27 62 
27 63 
27 68 
27 69 
27 70 
27 71 
27 73 
27 74 
27 78 
27 80 
27 82 
27 83 
27 84 
27 86 
27 87 
27 88 
27 90 
27 98 
27 100 
27 102 
27 109 
27 115 
27 117 
27 119 
27 121 
27 125 
27 127 
27 128 
27 130 
27 134 
27 146 
27 148 
27 150 
27 157 
27 158 
27 187 
28 134 
28 158 
30 3 
30 11 
30 13 
30 14 
30 15 
30 22 
30 32 
30 35 
30 42 
30 44 
30 51 
30 52 
30 60 
30 63 
30 68 
30 69 
30 73 
30 80 
30 84 
30 87 
31 6 
31 7 
31 8 
31 10 
31 44 
32 73 
32 117 
33 80 
33 102 
33 125 
33 134 
33 158 
34 18 
34 26 
34 139 
34 212 
35 3 
35 4 
35 6 
35 11 
35 13 
35 14 
35 15 
35 21 
35 22 
35 25 
35 27 
35 30 
35 32 
35 36 
35 37 
35 40 
35 42 
35 44 
35 45 
35 51 
35 52 
35 53 
35 60 
35 63 
35 68 
35 69 
35 73 
35 74 
35 78 
35 80 
35 82 
35 83 
35 84 
35 86 
35 87 
35 88 
35 90 
35 91 
35 98 
35 102 
35 117 
35 121 
35 148 
35 150 
35 157 
35 187 
36 11 
36 13 
36 22 
36 27 
36 30 
36 32 
36 35 
36 42 
36 51 
36 60 
36 73 
36 80 
36 86 
36 98 
36 121 
37 3 
37 4 
37 14 
37 15 
37 69 
39 7 
39 10 
39 15 
39 22 
39 25 
39 26 
39 28 
39 34 
39 77 
39 102 
39 139 
39 190 
39 212 
40 3 
40 11 
40 15 
40 27 
40 30 
40 32 
40 36 
40 37 
40 42 
40 44 
40 52 
40 63 
40 68 
40 69 
40 80 
40 83 
40 84 
40 87 
40 100 
40 117 
40 125 
40 133 
42 32 
43 125 
43 134 
43 158 
43 212 
44 14 
44 15 
44 21 
44 22 
44 27 
44 30 
44 34 
44 35 
44 36 
44 39 
44 51 
44 60 
44 63 
44 82 
44 87 
44 90 
44 128 
45 6 
45 7 
45 8 
45 9 
45 10 
45 14 
45 15 
45 16 
45 18 
45 21 
45 23 
45 26 
45 27 
45 31 
45 33 
45 34 
45 35 
45 36 
45 37 
45 44 
45 74 
45 76 
45 80 
45 97 
45 102 
45 103 
45 109 
45 112 
45 120 
45 125 
45 127 
45 128 
45 130 
45 136 
45 139 
45 158 
45 178 
45 182 
46 32 
47 7 
47 10 
47 26 
47 34 
47 102 
47 139 
48 11 
49 5 
49 14 
49 96 
51 60 
55 7 
55 8 
55 127 
58 6 
58 79 
60 51 
60 88 
62 34 
62 44 
63 4 
63 15 
63 27 
63 30 
63 32 
63 35 
63 69 
63 84 
63 87 
65 6 
65 45 
66 6 
68 3 
68 13 
68 15 
68 22 
68 27 
68 30 
68 44 
68 48 
68 52 
68 62 
68 84 
68 90 
68 102 
69 3 
69 13 
69 15 
69 22 
69 27 
69 30 
69 36 
69 60 
69 63 
69 80 
69 84 
69 87 
70 4 
70 7 
70 8 
70 14 
70 27 
70 32 
70 37 
70 42 
70 44 
70 45 
70 62 
70 73 
70 77 
70 83 
70 86 
70 102 
70 117 
71 7 
71 8 
71 44 
71 92 
71 158 
73 27 
73 44 
73 121 
74 4 
74 14 
74 15 
74 27 
76 6 
76 16 
76 23 
76 44 
76 45 
76 58 
76 79 
76 97 
76 128 
76 136 
78 14 
78 15 
78 35 
78 37 
79 83 
80 11 
80 36 
80 158 
81 127 
82 4 
82 14 
82 15 
82 21 
82 35 
82 36 
82 44 
82 53 
82 74 
82 80 
82 102 
84 4 
84 22 
84 27 
84 30 
84 52 
84 69 
84 83 
86 3 
86 30 
86 60 
86 77 
86 84 
87 3 
87 63 
87 69 
87 88 
88 3 
88 4 
88 22 
88 35 
88 60 
88 84 
88 87 
89 25 
89 33 
89 40 
89 125 
89 134 
89 158 
90 37 
90 52 
90 60 
90 68 
90 77 
90 86 
91 14 
91 15 
91 22 
91 27 
91 30 
91 32 
91 37 
91 44 
91 69 
91 117 
92 159 
93 14 
93 27 
93 28 
93 33 
93 36 
93 77 
93 127 
96 6 
96 14 
96 22 
96 27 
96 90 
98 13 
98 32 
98 73 
98 121 
101 6 
101 79 
101 97 
105 2 
105 7 
105 8 
105 26 
105 99 
105 156 
105 165 
105 166 
105 182 
108 6 
108 45 
108 77 
109 32 
109 44 
109 57 
109 59 
109 75 
109 90 
109 115 
109 138 
109 150 
109 168 
110 212 
119 25 
120 127 
121 73 
121 98 
125 158 
128 14 
135 28 
136 6 
140 8 
146 11 
146 25 
146 40 
146 44 
146 89 
146 125 
146 134 
146 158 
148 15 
148 22 
187 14 
204 59 
