2 6 
2 7 
2 9 
2 25 
2 34 
2 105 
2 156 
2 158 
2 212 
3 2 
4 11 
4 25 
4 27 
4 74 
4 121 
5 6 
5 25 
5 42 
5 51 
5 77 
5 90 
5 96 
5 102 
5 117 
6 34 
7 2 
7 6 
7 18 
7 34 
7 156 
8 34 
8 140 
9 6 
9 8 
9 9 
9 18 
9 34 
9 140 
9 156 
10 2 
10 6 
10 8 
10 9 
10 34 
11 27 
11 36 
12 6 
12 25 
12 34 
12 158 
12 212 
14 22 
14 25 
14 34 
14 35 
14 121 
15 3 
15 11 
15 14 
15 27 
15 42 
15 121 
15 212 
16 6 
16 42 
16 117 
17 2 
17 6 
17 7 
17 9 
17 34 
17 105 
17 158 
17 212 
18 7 
18 8 
18 9 
18 15 
18 25 
18 34 
18 42 
18 158 
22 14 
22 25 
22 48 
22 88 
22 158 
23 34 
25 25 
25 158 
26 2 
26 7 
26 8 
26 9 
26 18 
26 34 
26 42 
26 117 
26 212 
27 4 
27 11 
27 14 
27 15 
27 22 
27 25 
27 34 
27 36 
27 44 
27 63 
27 71 
27 102 
27 121 
28 6 
28 7 
28 9 
28 34 
28 109 
28 117 
28 158 
28 212 
29 2 
29 6 
29 7 
29 8 
29 9 
29 25 
29 96 
29 105 
29 109 
30 117 
30 121 
31 34 
31 158 
33 158 
34 18 
34 105 
34 212 
35 6 
35 11 
35 22 
35 25 
35 27 
35 34 
35 42 
35 53 
35 102 
35 117 
35 121 
35 187 
37 6 
39 2 
39 3 
39 6 
39 7 
39 8 
39 9 
39 10 
39 11 
39 14 
39 15 
39 18 
39 22 
39 23 
39 25 
39 26 
39 27 
39 31 
39 32 
39 34 
39 36 
39 37 
39 39 
39 42 
39 44 
39 45 
39 48 
39 63 
39 70 
39 80 
39 96 
39 102 
39 105 
39 117 
39 139 
39 150 
39 158 
39 212 
40 70 
43 212 
44 2 
44 71 
45 2 
45 6 
45 7 
45 9 
45 34 
45 102 
45 105 
45 128 
45 182 
47 3 
47 6 
47 7 
47 8 
47 9 
47 10 
47 14 
47 15 
47 27 
47 34 
47 42 
47 44 
47 63 
47 139 
49 6 
49 25 
55 6 
55 34 
55 42 
58 6 
58 25 
58 42 
58 77 
58 102 
58 117 
59 42 
59 102 
59 117 
65 6 
65 102 
66 6 
66 34 
66 96 
66 105 
68 6 
68 48 
70 6 
70 34 
70 42 
70 77 
70 102 
70 109 
73 121 
76 2 
76 6 
76 16 
76 25 
76 42 
76 45 
76 102 
76 105 
79 6 
79 42 
79 102 
92 159 
93 33 
93 96 
96 6 
96 45 
97 34 
99 2 
99 105 
101 6 
101 16 
103 6 
104 158 
105 2 
105 6 
105 7 
105 9 
105 34 
105 156 
108 6 
108 7 
108 9 
108 25 
108 42 
108 51 
108 90 
108 95 
108 96 
108 102 
108 105 
108 117 
109 2 
109 34 
109 42 
109 45 
109 71 
109 105 
110 2 
110 6 
110 105 
110 158 
110 212 
112 6 
113 109 
119 25 
120 6 
122 42 
122 102 
122 117 
124 157 
126 6 
135 33 
135 109 
136 6 
146 212 
152 109 
153 7 
153 9 
156 105 
160 6 
167 25 
170 42 
170 102 
170 157 
171 6 
178 6 
184 6 
184 45 
187 102 
187 213 
