2 4 
2 5 
2 6 
2 7 
2 10 
2 14 
2 15 
2 17 
2 18 
2 23 
2 26 
2 27 
2 28 
2 35 
2 45 
2 49 
2 96 
2 99 
2 109 
2 155 
3 4 
3 14 
3 15 
3 22 
3 28 
3 30 
3 32 
3 37 
3 42 
3 52 
3 63 
3 69 
3 73 
3 84 
3 87 
3 88 
3 121 
4 3 
4 11 
4 14 
4 15 
4 22 
4 27 
4 35 
4 44 
4 52 
4 69 
4 70 
4 73 
4 74 
4 82 
4 88 
4 121 
4 134 
5 49 
6 2 
6 4 
6 6 
6 7 
6 9 
6 10 
6 14 
6 15 
6 18 
6 23 
6 25 
6 28 
6 29 
6 35 
6 42 
6 45 
6 55 
6 58 
6 66 
6 76 
6 82 
6 94 
6 96 
6 158 
7 18 
7 23 
7 27 
7 28 
7 31 
7 99 
7 155 
7 158 
8 99 
9 10 
9 18 
9 23 
9 27 
9 28 
9 31 
9 158 
10 23 
10 155 
11 4 
11 13 
11 14 
11 15 
11 23 
11 27 
11 36 
11 44 
11 73 
11 84 
11 98 
11 109 
11 115 
11 121 
11 168 
12 33 
12 158 
13 27 
13 36 
13 80 
14 3 
14 4 
14 6 
14 7 
14 10 
14 11 
14 15 
14 19 
14 22 
14 23 
14 27 
14 30 
14 32 
14 35 
14 36 
14 37 
14 40 
14 42 
14 44 
14 45 
14 49 
14 51 
14 52 
14 60 
14 63 
14 68 
14 69 
14 73 
14 74 
14 82 
14 83 
14 84 
14 86 
14 87 
14 88 
14 96 
14 105 
14 109 
14 116 
14 117 
14 121 
14 155 
14 182 
15 2 
15 3 
15 4 
15 6 
15 11 
15 13 
15 14 
15 19 
15 21 
15 22 
15 27 
15 30 
15 32 
15 35 
15 36 
15 37 
15 40 
15 42 
15 44 
15 45 
15 49 
15 52 
15 60 
15 63 
15 68 
15 69 
15 70 
15 73 
15 74 
15 80 
15 82 
15 83 
15 84 
15 86 
15 87 
15 88 
15 96 
15 98 
15 109 
15 117 
15 121 
15 158 
17 18 
17 19 
17 31 
17 34 
17 110 
17 155 
17 158 
19 158 
21 35 
21 44 
21 105 
22 3 
22 4 
22 11 
22 14 
22 15 
22 23 
22 27 
22 31 
22 35 
22 36 
22 37 
22 49 
22 51 
22 52 
22 68 
22 80 
22 83 
22 84 
22 87 
22 121 
23 27 
23 44 
24 13 
24 15 
24 27 
24 32 
24 36 
24 73 
24 121 
25 158 
26 28 
27 3 
27 4 
27 7 
27 10 
27 11 
27 13 
27 14 
27 15 
27 21 
27 22 
27 26 
27 31 
27 35 
27 37 
27 44 
27 45 
27 63 
27 68 
27 69 
27 70 
27 73 
27 74 
27 82 
27 87 
27 88 
27 96 
27 102 
27 105 
27 127 
28 7 
28 10 
30 3 
30 11 
30 14 
30 15 
30 22 
30 23 
30 27 
30 32 
30 63 
30 69 
30 73 
30 80 
30 84 
30 87 
30 121 
31 23 
31 27 
31 35 
31 155 
32 4 
32 13 
32 15 
32 27 
32 40 
32 44 
32 68 
32 73 
32 117 
32 121 
32 155 
35 14 
35 28 
35 44 
35 52 
35 82 
35 96 
36 11 
36 13 
36 14 
36 15 
36 32 
36 73 
36 80 
36 98 
36 121 
37 14 
37 15 
37 19 
37 60 
37 70 
40 4 
40 14 
40 27 
40 52 
40 109 
42 3 
42 4 
42 6 
42 11 
42 14 
42 15 
42 25 
42 27 
42 28 
42 30 
42 40 
42 44 
42 63 
42 68 
42 69 
42 73 
42 82 
42 98 
42 121 
42 155 
43 19 
43 125 
43 155 
44 4 
44 11 
44 14 
44 15 
44 21 
44 27 
44 36 
44 49 
44 70 
44 80 
44 148 
44 155 
44 158 
44 168 
45 2 
45 6 
45 23 
45 28 
45 29 
45 33 
45 35 
45 40 
45 76 
45 96 
45 116 
45 158 
49 4 
49 5 
49 15 
49 27 
49 32 
49 35 
49 45 
49 158 
52 3 
52 4 
52 14 
52 15 
52 22 
52 23 
52 27 
52 28 
52 40 
52 68 
52 73 
52 84 
52 155 
59 170 
60 3 
60 14 
60 22 
60 32 
60 40 
60 51 
60 69 
60 83 
60 84 
60 87 
60 88 
63 3 
63 4 
63 14 
63 15 
63 22 
63 27 
63 30 
63 36 
63 42 
63 69 
63 84 
63 87 
63 121 
67 70 
68 14 
68 52 
69 2 
69 3 
69 4 
69 14 
69 15 
69 22 
69 27 
69 30 
69 31 
69 32 
69 35 
69 37 
69 40 
69 42 
69 51 
69 52 
69 60 
69 63 
69 83 
69 84 
69 87 
69 88 
69 117 
69 121 
73 4 
73 11 
73 13 
73 14 
73 15 
73 22 
73 27 
73 30 
73 44 
73 80 
73 98 
73 121 
74 4 
74 14 
74 15 
74 27 
75 168 
82 35 
83 14 
83 22 
83 30 
83 40 
83 84 
83 87 
84 3 
84 4 
84 13 
84 14 
84 15 
84 22 
84 27 
84 28 
84 30 
84 40 
84 42 
84 52 
84 63 
84 68 
84 69 
84 70 
84 82 
86 3 
86 84 
86 88 
86 90 
87 3 
87 15 
87 22 
87 30 
87 52 
87 63 
87 69 
87 84 
87 88 
88 3 
88 14 
88 15 
88 22 
93 33 
93 96 
96 2 
96 6 
96 14 
96 15 
96 23 
96 27 
96 36 
96 45 
96 55 
98 4 
98 11 
98 13 
98 15 
98 27 
98 30 
98 73 
98 121 
105 2 
105 14 
105 15 
105 23 
105 27 
105 36 
105 42 
105 44 
105 45 
105 96 
107 5 
109 14 
109 42 
109 138 
115 168 
117 15 
117 27 
117 30 
117 73 
117 121 
119 170 
121 4 
121 11 
121 13 
121 14 
121 15 
121 27 
121 30 
121 44 
121 73 
121 80 
121 98 
124 109 
151 7 
151 9 
152 168 
172 33 
