1 44 
2 2 
2 7 
2 8 
2 15 
2 18 
2 26 
2 30 
2 31 
2 34 
2 99 
2 105 
2 140 
2 156 
2 165 
2 166 
2 182 
3 4 
3 6 
3 15 
3 22 
3 23 
3 25 
3 27 
3 35 
3 36 
3 37 
3 51 
3 63 
3 69 
3 77 
3 87 
3 98 
3 109 
4 2 
4 3 
4 11 
4 14 
4 15 
4 21 
4 22 
4 23 
4 27 
4 30 
4 35 
4 37 
4 42 
4 44 
4 57 
4 62 
4 63 
4 68 
4 70 
4 73 
4 74 
4 78 
4 80 
4 82 
4 83 
4 84 
4 104 
4 109 
4 117 
4 121 
4 134 
4 146 
4 148 
4 158 
5 1 
5 6 
5 15 
5 30 
5 40 
5 57 
5 96 
5 109 
5 127 
5 213 
6 3 
6 6 
6 15 
6 23 
6 30 
6 37 
6 45 
6 70 
6 76 
6 78 
6 136 
7 1 
7 2 
7 4 
7 6 
7 11 
7 14 
7 15 
7 17 
7 18 
7 23 
7 26 
7 28 
7 29 
7 30 
7 31 
7 34 
7 36 
7 37 
7 39 
7 44 
7 45 
7 54 
7 59 
7 67 
7 68 
7 71 
7 75 
7 79 
7 83 
7 84 
7 92 
7 95 
7 96 
7 99 
7 103 
7 105 
7 108 
7 109 
7 110 
7 112 
7 113 
7 115 
7 119 
7 125 
7 130 
7 136 
7 139 
7 150 
7 157 
7 158 
7 165 
7 166 
7 180 
7 187 
7 212 
8 1 
8 2 
8 6 
8 9 
8 10 
8 17 
8 18 
8 23 
8 26 
8 30 
8 31 
8 34 
8 39 
8 45 
8 54 
8 95 
8 105 
8 110 
8 139 
8 140 
8 158 
8 165 
8 212 
9 1 
9 2 
9 4 
9 6 
9 8 
9 9 
9 10 
9 11 
9 14 
9 15 
9 17 
9 18 
9 23 
9 26 
9 28 
9 29 
9 31 
9 34 
9 36 
9 37 
9 39 
9 44 
9 45 
9 54 
9 59 
9 67 
9 68 
9 71 
9 75 
9 79 
9 83 
9 84 
9 92 
9 95 
9 96 
9 99 
9 103 
9 105 
9 108 
9 109 
9 110 
9 112 
9 113 
9 115 
9 119 
9 125 
9 130 
9 136 
9 139 
9 140 
9 150 
9 157 
9 158 
9 165 
9 166 
9 180 
9 187 
10 2 
10 6 
10 8 
10 9 
10 15 
10 18 
10 23 
10 26 
10 30 
10 31 
10 36 
10 109 
10 140 
11 3 
11 4 
11 6 
11 7 
11 8 
11 13 
11 14 
11 15 
11 18 
11 27 
11 30 
11 34 
11 35 
11 36 
11 39 
11 44 
11 45 
11 60 
11 62 
11 63 
11 68 
11 69 
11 70 
11 73 
11 80 
11 91 
11 98 
11 102 
11 103 
11 109 
11 117 
11 121 
11 125 
11 134 
11 158 
12 33 
12 40 
12 109 
12 158 
13 15 
13 27 
13 36 
13 98 
13 117 
14 3 
14 4 
14 5 
14 6 
14 13 
14 15 
14 17 
14 18 
14 22 
14 23 
14 25 
14 26 
14 27 
14 30 
14 32 
14 33 
14 34 
14 35 
14 37 
14 39 
14 42 
14 44 
14 45 
14 48 
14 49 
14 57 
14 59 
14 63 
14 68 
14 70 
14 71 
14 76 
14 80 
14 82 
14 83 
14 89 
14 91 
14 97 
14 103 
14 104 
14 109 
14 116 
14 125 
14 128 
14 134 
14 146 
14 148 
14 150 
14 156 
14 158 
14 182 
14 187 
14 213 
15 1 
15 2 
15 3 
15 4 
15 5 
15 6 
15 7 
15 8 
15 9 
15 10 
15 11 
15 13 
15 14 
15 17 
15 18 
15 19 
15 21 
15 22 
15 23 
15 25 
15 26 
15 27 
15 28 
15 29 
15 30 
15 31 
15 32 
15 33 
15 34 
15 35 
15 36 
15 37 
15 39 
15 40 
15 42 
15 44 
15 45 
15 48 
15 49 
15 51 
15 52 
15 59 
15 60 
15 62 
15 63 
15 67 
15 68 
15 69 
15 70 
15 71 
15 72 
15 73 
15 74 
15 76 
15 77 
15 78 
15 80 
15 82 
15 83 
15 84 
15 86 
15 87 
15 88 
15 89 
15 90 
15 91 
15 95 
15 98 
15 100 
15 102 
15 103 
15 105 
15 109 
15 116 
15 117 
15 121 
15 125 
15 128 
15 133 
15 134 
15 136 
15 139 
15 146 
15 148 
15 150 
15 158 
15 170 
15 182 
15 187 
15 193 
16 28 
16 30 
16 55 
16 79 
16 97 
17 1 
17 2 
17 3 
17 6 
17 7 
17 8 
17 10 
17 18 
17 26 
17 27 
17 29 
17 31 
17 32 
17 33 
17 34 
17 37 
17 39 
17 45 
17 62 
17 84 
17 88 
17 92 
17 96 
17 104 
17 105 
17 109 
17 110 
17 125 
17 134 
17 136 
17 139 
17 150 
17 157 
17 158 
17 193 
17 212 
18 2 
18 3 
18 6 
18 7 
18 8 
18 10 
18 14 
18 15 
18 17 
18 23 
18 25 
18 26 
18 27 
18 30 
18 31 
18 32 
18 33 
18 34 
18 35 
18 37 
18 39 
18 44 
18 63 
18 69 
18 84 
18 100 
18 105 
18 108 
18 109 
18 130 
18 134 
18 139 
18 140 
18 150 
18 158 
19 1 
19 15 
19 109 
19 125 
21 34 
21 44 
21 45 
21 69 
21 89 
21 102 
21 109 
21 125 
21 158 
22 7 
22 8 
22 14 
22 15 
22 23 
22 27 
22 34 
22 35 
22 37 
22 44 
22 45 
22 48 
22 59 
22 60 
22 82 
22 87 
23 1 
23 2 
23 3 
23 4 
23 6 
23 7 
23 8 
23 9 
23 10 
23 15 
23 18 
23 26 
23 27 
23 28 
23 29 
23 30 
23 31 
23 32 
23 34 
23 37 
23 39 
23 40 
23 45 
23 92 
23 105 
23 109 
23 125 
23 134 
23 139 
23 158 
23 212 
24 1 
24 15 
24 30 
24 37 
24 72 
25 157 
26 2 
26 6 
26 7 
26 8 
26 9 
26 10 
26 15 
26 17 
26 18 
26 21 
26 23 
26 26 
26 28 
26 29 
26 30 
26 31 
26 33 
26 34 
26 36 
26 37 
26 39 
26 84 
26 105 
26 109 
26 110 
26 125 
26 134 
26 139 
26 150 
26 155 
26 158 
26 165 
26 182 
27 2 
27 3 
27 4 
27 7 
27 8 
27 9 
27 10 
27 11 
27 13 
27 14 
27 15 
27 18 
27 19 
27 21 
27 22 
27 23 
27 26 
27 30 
27 31 
27 32 
27 34 
27 35 
27 36 
27 37 
27 39 
27 40 
27 42 
27 44 
27 48 
27 52 
27 55 
27 57 
27 59 
27 60 
27 62 
27 63 
27 68 
27 69 
27 70 
27 71 
27 73 
27 74 
27 76 
27 80 
27 82 
27 83 
27 84 
27 86 
27 88 
27 89 
27 100 
27 102 
27 109 
27 117 
27 121 
27 125 
27 127 
27 128 
27 130 
27 133 
27 134 
27 136 
27 139 
27 146 
27 148 
27 156 
27 158 
28 1 
28 18 
28 30 
29 2 
29 7 
29 8 
29 9 
29 10 
29 15 
29 18 
29 26 
29 28 
29 30 
29 31 
29 33 
29 34 
29 39 
29 45 
29 70 
29 76 
29 134 
29 140 
29 158 
29 182 
30 2 
30 3 
30 4 
30 7 
30 8 
30 9 
30 11 
30 13 
30 14 
30 15 
30 21 
30 22 
30 23 
30 25 
30 27 
30 32 
30 34 
30 35 
30 36 
30 37 
30 40 
30 42 
30 44 
30 45 
30 48 
30 49 
30 51 
30 52 
30 59 
30 60 
30 62 
30 63 
30 67 
30 68 
30 69 
30 70 
30 71 
30 73 
30 74 
30 76 
30 77 
30 78 
30 80 
30 82 
30 83 
30 84 
30 86 
30 87 
30 88 
30 89 
30 90 
30 91 
30 98 
30 100 
30 102 
30 103 
30 109 
30 112 
30 116 
30 117 
30 121 
30 125 
30 128 
30 133 
30 134 
30 146 
30 148 
30 150 
30 156 
30 158 
30 182 
31 1 
31 2 
31 7 
31 8 
31 9 
31 10 
31 14 
31 15 
31 17 
31 18 
31 19 
31 23 
31 26 
31 29 
31 30 
31 32 
31 34 
31 37 
31 39 
31 42 
31 45 
31 72 
31 95 
31 100 
31 105 
31 109 
31 116 
31 119 
31 139 
32 4 
32 7 
32 10 
32 15 
32 22 
32 23 
32 30 
32 31 
32 34 
32 37 
32 42 
32 63 
32 68 
32 70 
32 72 
32 77 
32 78 
32 83 
32 84 
32 86 
32 100 
32 102 
32 116 
32 117 
32 133 
32 139 
33 1 
33 108 
33 134 
34 2 
34 7 
34 8 
34 9 
34 10 
34 15 
34 17 
34 18 
34 23 
34 26 
34 27 
34 28 
34 29 
34 30 
34 31 
34 32 
34 39 
34 45 
34 55 
34 105 
34 109 
34 110 
34 134 
34 139 
34 140 
34 150 
34 155 
34 182 
34 212 
35 3 
35 14 
35 15 
35 22 
35 23 
35 27 
35 29 
35 37 
35 45 
35 49 
35 52 
35 63 
35 76 
35 78 
35 82 
35 89 
35 134 
35 146 
35 150 
35 187 
35 213 
36 6 
36 11 
36 13 
36 15 
36 30 
36 32 
36 35 
36 80 
36 82 
36 98 
36 117 
36 134 
36 158 
37 1 
37 2 
37 3 
37 4 
37 7 
37 8 
37 9 
37 10 
37 14 
37 15 
37 17 
37 18 
37 19 
37 23 
37 25 
37 26 
37 27 
37 28 
37 30 
37 31 
37 32 
37 33 
37 34 
37 35 
37 40 
37 42 
37 45 
37 48 
37 49 
37 51 
37 55 
37 59 
37 62 
37 63 
37 67 
37 70 
37 71 
37 76 
37 78 
37 80 
37 82 
37 83 
37 84 
37 89 
37 91 
37 92 
37 94 
37 96 
37 102 
37 103 
37 104 
37 105 
37 109 
37 112 
37 116 
37 117 
37 125 
37 128 
37 130 
37 133 
37 134 
37 150 
37 158 
37 165 
37 181 
37 187 
37 193 
37 212 
38 72 
39 18 
39 34 
39 36 
39 70 
39 80 
39 139 
39 193 
40 1 
40 4 
40 7 
40 9 
40 10 
40 15 
40 19 
40 23 
40 25 
40 30 
40 32 
40 33 
40 34 
40 37 
40 42 
40 45 
40 48 
40 63 
40 68 
40 70 
40 73 
40 77 
40 78 
40 82 
40 83 
40 89 
40 91 
40 109 
40 117 
40 125 
40 133 
40 134 
40 150 
40 158 
40 187 
40 193 
40 213 
41 134 
42 15 
42 25 
42 30 
42 32 
42 37 
42 45 
42 69 
42 82 
42 83 
42 100 
42 116 
42 133 
43 1 
43 2 
43 7 
43 8 
43 15 
43 17 
43 19 
43 26 
43 27 
43 30 
43 31 
43 34 
43 39 
43 54 
43 59 
43 67 
43 71 
43 72 
43 75 
43 76 
43 84 
43 92 
43 109 
43 110 
43 113 
43 115 
43 119 
43 125 
43 134 
43 136 
43 139 
43 146 
43 150 
43 158 
43 168 
43 170 
43 173 
43 180 
43 193 
43 212 
44 1 
44 2 
44 3 
44 4 
44 5 
44 6 
44 7 
44 8 
44 9 
44 10 
44 11 
44 14 
44 15 
44 17 
44 18 
44 21 
44 22 
44 23 
44 25 
44 26 
44 27 
44 28 
44 29 
44 30 
44 31 
44 32 
44 34 
44 35 
44 36 
44 37 
44 39 
44 40 
44 42 
44 45 
44 49 
44 52 
44 59 
44 62 
44 63 
44 68 
44 69 
44 70 
44 71 
44 72 
44 73 
44 76 
44 78 
44 80 
44 82 
44 83 
44 84 
44 86 
44 87 
44 91 
44 94 
44 97 
44 100 
44 103 
44 105 
44 109 
44 117 
44 120 
44 121 
44 125 
44 127 
44 128 
44 133 
44 134 
44 146 
44 148 
44 150 
44 155 
44 158 
44 168 
44 173 
44 178 
44 213 
45 2 
45 3 
45 4 
45 5 
45 6 
45 7 
45 8 
45 9 
45 10 
45 14 
45 15 
45 16 
45 17 
45 18 
45 23 
45 25 
45 26 
45 27 
45 28 
45 29 
45 30 
45 31 
45 32 
45 33 
45 34 
45 35 
45 36 
45 37 
45 39 
45 44 
45 49 
45 59 
45 62 
45 68 
45 69 
45 70 
45 72 
45 76 
45 78 
45 80 
45 83 
45 84 
45 97 
45 102 
45 103 
45 105 
45 109 
45 112 
45 115 
45 116 
45 117 
45 120 
45 125 
45 127 
45 128 
45 130 
45 133 
45 134 
45 136 
45 139 
45 140 
45 146 
45 150 
45 158 
45 166 
45 193 
45 212 
45 213 
46 72 
47 7 
47 8 
47 9 
47 10 
47 15 
47 18 
47 26 
47 29 
47 34 
47 37 
47 39 
47 45 
47 54 
47 59 
47 108 
47 112 
47 118 
47 119 
47 136 
47 139 
47 157 
47 168 
47 173 
47 213 
49 6 
49 7 
49 9 
49 15 
49 30 
49 34 
49 35 
49 37 
49 70 
49 76 
49 78 
49 84 
49 96 
49 108 
51 77 
51 86 
51 90 
52 3 
52 4 
52 7 
52 10 
52 22 
52 23 
52 27 
52 35 
52 37 
52 40 
52 48 
52 51 
52 62 
52 63 
52 68 
52 69 
52 70 
52 71 
52 77 
52 86 
52 87 
52 90 
52 100 
55 6 
55 30 
55 45 
55 66 
55 76 
55 95 
55 96 
55 108 
55 127 
57 78 
57 168 
58 16 
58 17 
58 30 
58 127 
58 146 
59 78 
59 157 
59 173 
59 180 
60 3 
60 15 
60 19 
60 22 
60 35 
60 40 
60 51 
60 63 
60 77 
60 83 
60 84 
60 86 
60 88 
60 90 
61 5 
61 7 
61 8 
61 23 
61 35 
61 48 
61 57 
61 76 
61 125 
61 134 
61 136 
61 158 
62 2 
62 4 
62 7 
62 8 
62 27 
62 35 
62 52 
62 70 
62 84 
63 3 
63 4 
63 7 
63 10 
63 11 
63 13 
63 14 
63 15 
63 21 
63 22 
63 23 
63 27 
63 30 
63 32 
63 36 
63 37 
63 40 
63 44 
63 48 
63 51 
63 52 
63 59 
63 60 
63 62 
63 68 
63 69 
63 73 
63 74 
63 80 
63 84 
63 87 
63 88 
63 100 
63 121 
64 112 
64 130 
64 146 
65 29 
65 30 
65 45 
65 91 
65 103 
65 128 
65 148 
65 158 
65 178 
66 32 
66 95 
67 168 
68 4 
68 7 
68 8 
68 10 
68 13 
68 14 
68 15 
68 22 
68 25 
68 27 
68 30 
68 32 
68 34 
68 35 
68 36 
68 40 
68 42 
68 44 
68 45 
68 48 
68 51 
68 52 
68 60 
68 62 
68 63 
68 69 
68 70 
68 73 
68 74 
68 77 
68 82 
68 83 
68 84 
68 86 
68 87 
68 90 
68 91 
68 100 
68 110 
68 116 
68 133 
68 148 
68 157 
68 158 
68 212 
68 213 
69 3 
69 4 
69 11 
69 15 
69 22 
69 23 
69 27 
69 32 
69 35 
69 37 
69 48 
69 52 
69 60 
69 62 
69 63 
69 68 
69 80 
69 83 
69 84 
69 87 
69 88 
69 109 
69 117 
69 125 
69 128 
69 134 
69 139 
69 148 
69 150 
69 158 
70 4 
70 37 
70 39 
71 67 
71 75 
71 92 
71 104 
71 113 
71 115 
71 150 
71 181 
72 15 
73 6 
73 11 
73 13 
73 15 
73 23 
73 30 
73 32 
73 34 
73 36 
73 37 
73 42 
73 44 
73 67 
73 69 
73 71 
73 76 
73 78 
73 80 
73 83 
73 86 
73 91 
73 97 
73 98 
73 103 
73 109 
73 113 
73 117 
73 121 
73 128 
73 133 
73 134 
73 150 
73 158 
73 187 
74 2 
74 3 
74 4 
74 11 
74 14 
74 15 
74 22 
74 27 
74 30 
74 35 
74 36 
74 37 
74 48 
74 70 
74 82 
74 84 
74 88 
74 105 
75 168 
76 6 
76 15 
76 16 
76 30 
76 44 
76 45 
76 49 
76 55 
76 79 
76 94 
76 97 
76 109 
76 136 
78 15 
79 45 
80 2 
80 36 
80 45 
81 2 
81 6 
81 7 
81 8 
81 16 
81 34 
81 76 
81 96 
81 97 
81 103 
81 127 
81 136 
82 3 
82 4 
82 11 
82 13 
82 14 
82 15 
82 22 
82 27 
82 35 
82 36 
82 37 
82 44 
82 63 
82 67 
82 68 
82 73 
82 74 
82 76 
82 109 
82 113 
82 134 
82 148 
82 150 
82 158 
83 42 
84 3 
84 4 
84 7 
84 8 
84 11 
84 13 
84 15 
84 22 
84 23 
84 27 
84 30 
84 32 
84 33 
84 34 
84 35 
84 37 
84 39 
84 40 
84 44 
84 45 
84 48 
84 51 
84 52 
84 62 
84 63 
84 68 
84 69 
84 70 
84 73 
84 80 
84 83 
84 86 
84 87 
84 88 
84 89 
84 94 
84 98 
84 102 
84 109 
84 117 
84 121 
84 125 
84 133 
84 134 
84 158 
86 15 
86 30 
86 37 
86 51 
86 60 
86 63 
86 68 
86 69 
86 77 
86 90 
89 40 
89 193 
90 15 
90 48 
90 51 
90 60 
90 77 
90 86 
91 40 
91 180 
93 7 
93 10 
93 14 
93 19 
93 28 
93 30 
93 31 
93 32 
93 33 
93 59 
93 63 
93 68 
93 76 
93 82 
93 83 
93 84 
93 87 
93 89 
93 96 
93 99 
93 116 
93 127 
93 146 
93 157 
94 30 
94 49 
94 127 
96 5 
96 6 
96 16 
96 27 
96 34 
96 45 
96 49 
96 55 
96 76 
96 79 
96 80 
96 94 
96 97 
96 103 
96 108 
96 109 
96 136 
96 158 
98 121 
100 11 
100 109 
101 16 
101 55 
101 79 
101 97 
101 103 
101 127 
101 128 
101 136 
101 158 
102 15 
104 78 
105 2 
105 31 
105 34 
105 99 
105 105 
105 156 
105 165 
105 166 
106 34 
106 99 
106 182 
107 37 
107 45 
107 49 
107 76 
107 95 
107 96 
107 108 
107 127 
107 136 
108 6 
108 96 
108 136 
109 15 
109 23 
109 27 
109 33 
109 37 
109 40 
109 45 
109 54 
109 57 
109 71 
109 75 
109 76 
109 78 
109 80 
109 104 
109 109 
109 113 
109 115 
109 125 
109 134 
109 138 
109 150 
109 158 
109 168 
109 187 
109 193 
109 213 
110 26 
110 155 
110 212 
112 103 
112 120 
112 127 
112 128 
112 130 
112 178 
113 15 
113 75 
113 115 
113 159 
113 168 
114 7 
114 8 
114 23 
114 30 
114 45 
114 49 
114 55 
114 109 
114 127 
114 130 
114 139 
115 168 
116 7 
116 8 
116 10 
116 11 
116 23 
116 32 
116 36 
116 45 
116 70 
116 72 
116 83 
116 109 
117 15 
121 32 
121 35 
121 45 
121 73 
121 83 
121 91 
121 98 
122 2 
122 59 
122 78 
122 170 
124 37 
124 54 
124 59 
124 119 
124 157 
124 173 
124 180 
124 187 
129 127 
130 120 
134 34 
135 18 
135 26 
135 34 
135 134 
138 168 
139 2 
139 7 
139 8 
139 10 
139 18 
139 26 
139 34 
139 39 
139 105 
140 2 
140 8 
140 9 
140 10 
140 26 
140 34 
140 109 
141 7 
141 9 
141 10 
142 168 
146 15 
146 19 
146 70 
146 78 
146 109 
147 15 
147 17 
147 39 
147 139 
147 158 
148 6 
150 14 
150 104 
151 31 
151 34 
152 168 
153 26 
153 34 
154 168 
157 2 
160 128 
163 71 
163 112 
163 168 
163 193 
165 165 
167 33 
168 109 
168 115 
168 130 
168 138 
169 15 
169 40 
169 78 
169 109 
172 37 
172 109 
173 118 
173 180 
179 109 
179 168 
180 37 
180 59 
180 187 
181 159 
183 54 
183 78 
187 30 
187 40 
187 53 
187 54 
187 59 
187 78 
187 157 
187 170 
187 173 
187 180 
187 193 
188 136 
196 78 
196 118 
203 37 
203 76 
204 40 
204 168 
207 99 
209 99 
212 110 
