1 28 
2 6 
2 7 
2 9 
2 10 
2 15 
2 17 
2 22 
2 23 
2 35 
2 45 
2 49 
2 105 
3 4 
3 15 
3 22 
3 27 
3 36 
3 37 
3 40 
3 63 
4 7 
4 9 
4 14 
4 17 
4 22 
4 44 
4 63 
4 82 
4 88 
5 17 
5 22 
6 4 
6 7 
6 9 
6 45 
7 15 
7 17 
7 18 
7 21 
7 26 
7 40 
7 44 
7 45 
7 79 
7 110 
7 125 
7 155 
8 110 
9 8 
9 10 
9 15 
9 17 
9 18 
9 21 
9 26 
9 44 
9 45 
9 79 
9 110 
9 125 
10 9 
10 17 
10 18 
10 40 
10 155 
11 4 
11 44 
12 17 
12 28 
13 36 
14 4 
14 7 
14 9 
14 15 
14 17 
14 21 
14 22 
14 25 
14 35 
14 37 
14 40 
14 44 
14 60 
14 63 
15 3 
15 4 
15 7 
15 9 
15 14 
15 17 
15 22 
15 26 
15 27 
15 28 
15 30 
15 35 
15 37 
15 44 
15 45 
15 52 
15 63 
15 74 
15 80 
15 82 
15 84 
15 88 
15 105 
17 116 
17 155 
17 158 
17 168 
18 26 
19 17 
20 17 
21 4 
21 7 
21 9 
21 17 
21 40 
21 44 
22 3 
22 4 
22 7 
22 8 
22 9 
22 14 
22 15 
22 17 
22 30 
22 35 
22 37 
22 44 
22 45 
22 52 
22 60 
22 68 
22 69 
22 73 
22 82 
22 86 
22 91 
23 11 
23 17 
23 18 
23 26 
23 37 
24 7 
24 9 
24 32 
24 117 
25 40 
26 17 
27 3 
27 4 
27 7 
27 9 
27 14 
27 15 
27 17 
27 22 
27 35 
27 37 
27 44 
27 68 
27 78 
28 17 
28 27 
30 13 
30 15 
30 27 
31 18 
31 66 
32 7 
32 9 
32 15 
32 17 
32 52 
32 72 
32 87 
32 117 
33 17 
33 28 
33 82 
34 18 
34 26 
35 3 
35 4 
35 7 
35 9 
35 14 
35 17 
35 22 
35 30 
35 40 
35 44 
35 82 
36 40 
37 3 
37 4 
37 14 
37 15 
37 44 
38 17 
38 40 
39 17 
39 18 
40 4 
40 14 
40 17 
40 37 
40 44 
41 116 
41 117 
42 4 
42 22 
43 17 
44 4 
44 7 
44 9 
44 15 
44 17 
44 21 
44 22 
44 23 
44 30 
44 37 
44 40 
44 63 
44 80 
44 83 
44 110 
44 155 
45 6 
45 7 
45 9 
45 15 
45 17 
45 22 
45 34 
45 37 
45 44 
45 76 
45 82 
45 110 
47 80 
47 139 
48 40 
49 7 
49 9 
49 15 
49 17 
49 22 
49 108 
49 109 
51 40 
52 4 
52 15 
52 22 
52 40 
60 40 
60 69 
62 17 
62 40 
63 4 
63 15 
63 22 
63 30 
63 35 
63 44 
63 87 
68 17 
68 35 
68 40 
68 44 
69 4 
69 7 
69 9 
69 15 
69 17 
69 22 
69 30 
69 40 
69 44 
69 87 
69 117 
70 17 
70 27 
71 17 
71 22 
71 44 
72 7 
72 9 
72 40 
73 22 
73 121 
74 4 
76 45 
78 14 
78 17 
78 22 
78 35 
80 7 
80 9 
80 11 
80 17 
80 36 
80 40 
80 44 
82 3 
82 4 
82 35 
82 84 
83 40 
83 87 
84 4 
84 7 
84 8 
84 14 
84 17 
84 22 
84 35 
84 40 
84 52 
84 83 
84 87 
86 4 
86 14 
86 22 
86 27 
86 35 
86 44 
86 52 
86 69 
86 87 
87 4 
87 30 
87 44 
87 84 
88 4 
88 15 
88 87 
89 15 
89 17 
89 22 
89 28 
89 35 
89 40 
89 44 
89 82 
90 14 
90 22 
90 40 
90 52 
90 68 
90 69 
90 82 
90 86 
91 4 
91 17 
93 7 
93 9 
93 17 
93 40 
93 44 
94 17 
95 17 
96 7 
96 9 
96 15 
96 17 
96 49 
100 40 
100 133 
102 40 
102 44 
105 2 
105 6 
105 7 
105 9 
105 10 
105 15 
105 17 
105 19 
105 22 
105 23 
105 28 
105 30 
105 35 
105 40 
105 44 
105 45 
105 83 
105 89 
105 99 
105 109 
105 155 
105 165 
108 22 
108 44 
108 66 
108 95 
109 4 
109 7 
109 8 
109 9 
109 15 
109 17 
109 22 
109 40 
109 45 
109 82 
109 138 
109 155 
109 168 
113 28 
114 7 
114 9 
114 15 
114 17 
117 17 
146 22 
146 40 
146 82 
148 17 
155 113 
169 40 
172 17 
174 15 
174 17 
180 170 
192 17 
203 11 
204 17 
204 40 
