2 2 
2 6 
2 7 
2 8 
2 9 
2 10 
2 11 
2 21 
2 22 
2 23 
2 25 
2 27 
2 28 
2 29 
2 31 
2 33 
2 34 
2 35 
2 39 
2 44 
2 45 
2 60 
2 62 
2 63 
2 71 
2 78 
2 84 
2 99 
2 105 
2 110 
2 125 
2 134 
2 139 
2 146 
2 155 
2 156 
2 158 
2 165 
2 166 
2 182 
2 212 
3 15 
3 17 
3 22 
3 25 
3 27 
3 29 
3 30 
3 32 
3 33 
3 36 
3 37 
3 42 
3 44 
3 45 
3 51 
3 52 
3 55 
3 60 
3 63 
3 68 
3 69 
3 70 
3 72 
3 73 
3 77 
3 83 
3 84 
3 87 
3 88 
3 89 
3 98 
3 109 
3 110 
3 116 
3 117 
3 121 
3 146 
3 155 
4 2 
4 3 
4 6 
4 7 
4 8 
4 9 
4 11 
4 13 
4 14 
4 15 
4 17 
4 21 
4 22 
4 23 
4 25 
4 27 
4 28 
4 29 
4 30 
4 31 
4 32 
4 33 
4 34 
4 35 
4 36 
4 37 
4 39 
4 42 
4 44 
4 45 
4 52 
4 53 
4 54 
4 57 
4 59 
4 62 
4 63 
4 68 
4 70 
4 71 
4 73 
4 74 
4 76 
4 78 
4 80 
4 82 
4 83 
4 84 
4 87 
4 89 
4 91 
4 96 
4 102 
4 105 
4 109 
4 110 
4 116 
4 118 
4 119 
4 121 
4 125 
4 130 
4 134 
4 146 
4 148 
4 156 
4 157 
4 158 
4 180 
4 181 
4 187 
4 193 
4 213 
5 1 
5 2 
5 3 
5 4 
5 6 
5 7 
5 9 
5 10 
5 11 
5 14 
5 15 
5 17 
5 21 
5 22 
5 23 
5 25 
5 26 
5 27 
5 28 
5 29 
5 30 
5 31 
5 32 
5 33 
5 34 
5 35 
5 36 
5 37 
5 44 
5 45 
5 48 
5 49 
5 51 
5 53 
5 54 
5 55 
5 59 
5 60 
5 62 
5 66 
5 67 
5 68 
5 70 
5 71 
5 73 
5 76 
5 77 
5 82 
5 88 
5 89 
5 90 
5 91 
5 92 
5 96 
5 102 
5 103 
5 104 
5 105 
5 108 
5 109 
5 110 
5 112 
5 113 
5 116 
5 118 
5 119 
5 121 
5 128 
5 130 
5 134 
5 139 
5 146 
5 148 
5 150 
5 156 
5 157 
5 158 
5 170 
5 173 
5 180 
5 182 
5 187 
5 193 
5 213 
6 1 
6 5 
6 6 
6 7 
6 10 
6 14 
6 17 
6 28 
6 31 
6 32 
6 34 
6 45 
6 71 
6 75 
6 76 
6 78 
6 103 
6 104 
6 119 
6 120 
6 127 
6 128 
6 134 
6 178 
6 212 
7 1 
7 2 
7 3 
7 4 
7 5 
7 6 
7 11 
7 14 
7 15 
7 17 
7 18 
7 21 
7 22 
7 23 
7 25 
7 26 
7 27 
7 28 
7 31 
7 32 
7 33 
7 34 
7 35 
7 36 
7 37 
7 39 
7 44 
7 45 
7 48 
7 51 
7 52 
7 54 
7 55 
7 67 
7 70 
7 72 
7 76 
7 80 
7 82 
7 89 
7 92 
7 96 
7 99 
7 100 
7 103 
7 104 
7 105 
7 108 
7 109 
7 110 
7 115 
7 116 
7 119 
7 125 
7 128 
7 134 
7 139 
7 146 
7 150 
7 156 
7 157 
7 158 
7 165 
7 166 
7 168 
7 170 
7 173 
7 180 
7 187 
7 193 
8 2 
8 6 
8 31 
8 34 
8 36 
8 44 
8 45 
8 105 
8 110 
8 128 
8 134 
8 139 
8 140 
8 193 
9 1 
9 2 
9 3 
9 4 
9 5 
9 6 
9 8 
9 10 
9 11 
9 14 
9 15 
9 17 
9 18 
9 21 
9 22 
9 23 
9 25 
9 26 
9 27 
9 28 
9 31 
9 32 
9 33 
9 34 
9 35 
9 36 
9 37 
9 39 
9 44 
9 45 
9 48 
9 51 
9 52 
9 54 
9 55 
9 67 
9 70 
9 72 
9 76 
9 80 
9 82 
9 89 
9 92 
9 96 
9 99 
9 100 
9 103 
9 104 
9 105 
9 108 
9 109 
9 115 
9 116 
9 119 
9 125 
9 134 
9 139 
9 140 
9 146 
9 150 
9 156 
9 157 
9 158 
9 166 
9 168 
9 170 
9 173 
9 180 
9 187 
10 2 
10 6 
10 8 
10 9 
10 15 
10 26 
10 34 
10 45 
10 105 
10 140 
10 165 
10 166 
11 3 
11 4 
11 13 
11 14 
11 15 
11 21 
11 22 
11 25 
11 30 
11 32 
11 33 
11 35 
11 36 
11 39 
11 42 
11 44 
11 45 
11 63 
11 68 
11 69 
11 70 
11 71 
11 73 
11 74 
11 80 
11 82 
11 87 
11 89 
11 98 
11 102 
11 110 
11 119 
11 121 
11 125 
11 134 
11 146 
11 170 
11 187 
12 25 
12 26 
12 33 
12 44 
12 48 
12 71 
12 89 
12 91 
12 92 
12 104 
12 113 
12 146 
12 159 
13 6 
13 11 
13 32 
13 36 
13 37 
13 44 
13 45 
13 70 
13 73 
13 80 
13 98 
13 121 
13 133 
13 134 
14 2 
14 3 
14 4 
14 5 
14 6 
14 7 
14 8 
14 9 
14 10 
14 11 
14 13 
14 15 
14 17 
14 21 
14 22 
14 23 
14 25 
14 26 
14 27 
14 30 
14 31 
14 32 
14 33 
14 34 
14 35 
14 36 
14 37 
14 39 
14 40 
14 42 
14 44 
14 45 
14 51 
14 52 
14 53 
14 54 
14 55 
14 57 
14 59 
14 60 
14 62 
14 63 
14 67 
14 68 
14 69 
14 70 
14 71 
14 74 
14 76 
14 78 
14 80 
14 82 
14 83 
14 84 
14 87 
14 88 
14 89 
14 91 
14 98 
14 100 
14 102 
14 104 
14 105 
14 110 
14 113 
14 117 
14 119 
14 125 
14 127 
14 134 
14 139 
14 146 
14 148 
14 150 
14 156 
14 157 
14 158 
14 170 
14 173 
14 180 
14 182 
14 187 
14 193 
14 212 
14 213 
15 1 
15 2 
15 3 
15 4 
15 5 
15 6 
15 7 
15 9 
15 10 
15 11 
15 13 
15 14 
15 17 
15 19 
15 21 
15 22 
15 23 
15 25 
15 26 
15 27 
15 28 
15 30 
15 31 
15 32 
15 33 
15 34 
15 35 
15 36 
15 37 
15 39 
15 40 
15 42 
15 44 
15 45 
15 48 
15 49 
15 51 
15 52 
15 53 
15 55 
15 59 
15 60 
15 62 
15 63 
15 67 
15 68 
15 69 
15 70 
15 73 
15 74 
15 76 
15 78 
15 80 
15 82 
15 83 
15 84 
15 86 
15 87 
15 88 
15 89 
15 90 
15 91 
15 92 
15 94 
15 96 
15 98 
15 100 
15 102 
15 105 
15 108 
15 109 
15 110 
15 116 
15 117 
15 119 
15 121 
15 125 
15 133 
15 134 
15 146 
15 148 
15 155 
15 158 
15 168 
15 187 
15 193 
15 212 
16 6 
16 7 
16 10 
16 17 
16 23 
16 29 
16 40 
16 45 
16 55 
16 66 
16 76 
16 77 
16 79 
16 89 
16 94 
16 96 
16 103 
16 108 
16 110 
16 112 
16 127 
16 128 
16 130 
16 146 
16 178 
17 1 
17 2 
17 4 
17 6 
17 7 
17 9 
17 15 
17 22 
17 27 
17 28 
17 29 
17 32 
17 33 
17 34 
17 35 
17 37 
17 44 
17 45 
17 48 
17 51 
17 54 
17 67 
17 68 
17 70 
17 71 
17 72 
17 80 
17 90 
17 92 
17 99 
17 104 
17 105 
17 109 
17 110 
17 113 
17 115 
17 116 
17 119 
17 125 
17 134 
17 139 
17 146 
17 148 
17 150 
17 155 
17 158 
17 187 
17 190 
17 193 
17 212 
18 2 
18 6 
18 7 
18 9 
18 10 
18 31 
18 34 
18 39 
18 45 
18 80 
18 105 
18 156 
18 165 
18 166 
19 1 
19 2 
19 6 
19 15 
19 27 
19 36 
19 44 
19 45 
19 105 
19 134 
19 158 
20 19 
20 40 
21 2 
21 11 
21 14 
21 35 
21 44 
21 48 
21 73 
21 84 
21 105 
22 2 
22 3 
22 4 
22 5 
22 6 
22 7 
22 8 
22 9 
22 10 
22 11 
22 13 
22 14 
22 15 
22 21 
22 23 
22 25 
22 27 
22 29 
22 30 
22 31 
22 32 
22 34 
22 35 
22 37 
22 44 
22 48 
22 51 
22 52 
22 53 
22 57 
22 59 
22 60 
22 62 
22 63 
22 66 
22 67 
22 68 
22 69 
22 70 
22 73 
22 74 
22 76 
22 77 
22 78 
22 80 
22 82 
22 83 
22 84 
22 86 
22 87 
22 88 
22 90 
22 98 
22 100 
22 102 
22 104 
22 105 
22 109 
22 116 
22 117 
22 119 
22 121 
22 125 
22 134 
22 146 
22 148 
22 156 
22 170 
22 173 
22 182 
22 212 
23 2 
23 6 
23 7 
23 8 
23 9 
23 10 
23 14 
23 15 
23 17 
23 21 
23 27 
23 28 
23 31 
23 32 
23 34 
23 37 
23 39 
23 40 
23 44 
23 45 
23 62 
23 70 
23 82 
23 105 
23 108 
23 140 
23 157 
24 1 
24 32 
24 72 
25 6 
25 119 
25 125 
25 146 
25 158 
25 170 
26 1 
26 2 
26 6 
26 7 
26 8 
26 9 
26 10 
26 17 
26 28 
26 29 
26 31 
26 32 
26 34 
26 44 
26 91 
26 99 
26 105 
26 110 
26 113 
26 139 
26 150 
26 158 
26 165 
26 212 
27 2 
27 3 
27 4 
27 5 
27 6 
27 7 
27 8 
27 9 
27 11 
27 13 
27 14 
27 15 
27 17 
27 21 
27 22 
27 23 
27 25 
27 28 
27 29 
27 30 
27 31 
27 32 
27 33 
27 34 
27 35 
27 36 
27 37 
27 44 
27 45 
27 53 
27 54 
27 57 
27 59 
27 60 
27 62 
27 63 
27 67 
27 68 
27 69 
27 70 
27 71 
27 73 
27 74 
27 76 
27 78 
27 80 
27 82 
27 83 
27 84 
27 87 
27 88 
27 89 
27 90 
27 91 
27 98 
27 100 
27 102 
27 105 
27 109 
27 110 
27 113 
27 118 
27 119 
27 125 
27 127 
27 130 
27 134 
27 146 
27 148 
27 156 
27 158 
27 159 
27 182 
27 187 
27 193 
27 213 
28 1 
28 26 
28 44 
28 72 
29 2 
29 6 
29 21 
29 25 
29 26 
29 28 
29 34 
29 39 
29 45 
29 62 
29 134 
29 146 
30 3 
30 4 
30 6 
30 7 
30 8 
30 9 
30 11 
30 13 
30 14 
30 15 
30 17 
30 21 
30 22 
30 32 
30 36 
30 42 
30 44 
30 45 
30 52 
30 63 
30 68 
30 69 
30 72 
30 73 
30 82 
30 83 
30 84 
30 87 
30 88 
30 98 
30 100 
30 102 
30 109 
30 110 
30 117 
30 121 
30 134 
30 148 
30 150 
31 2 
31 6 
31 7 
31 8 
31 9 
31 10 
31 17 
31 23 
31 27 
31 29 
31 34 
31 35 
31 45 
31 59 
31 105 
31 110 
31 139 
31 140 
32 1 
32 6 
32 42 
32 70 
32 72 
32 80 
32 83 
32 100 
32 116 
32 117 
32 121 
32 133 
33 1 
33 6 
33 21 
33 22 
33 25 
33 28 
33 35 
33 40 
33 60 
33 71 
33 78 
33 91 
33 92 
33 110 
33 113 
33 119 
33 134 
33 146 
33 158 
34 2 
34 6 
34 7 
34 8 
34 9 
34 10 
34 14 
34 17 
34 18 
34 26 
34 29 
34 33 
34 44 
34 104 
34 105 
34 110 
34 125 
34 139 
34 157 
34 158 
34 166 
34 212 
35 4 
35 7 
35 10 
35 13 
35 14 
35 15 
35 17 
35 22 
35 25 
35 26 
35 27 
35 32 
35 33 
35 37 
35 44 
35 45 
35 53 
35 54 
35 55 
35 62 
35 68 
35 73 
35 76 
35 78 
35 82 
35 84 
35 88 
35 89 
35 91 
35 103 
35 119 
35 121 
35 128 
35 130 
35 146 
35 148 
35 150 
35 156 
35 158 
35 180 
35 182 
35 187 
35 212 
36 7 
36 10 
36 11 
36 13 
36 14 
36 15 
36 17 
36 27 
36 30 
36 32 
36 33 
36 35 
36 37 
36 44 
36 45 
36 51 
36 63 
36 69 
36 73 
36 74 
36 80 
36 82 
36 84 
36 87 
36 88 
36 90 
36 91 
36 98 
36 102 
36 121 
36 148 
36 157 
37 3 
37 4 
37 5 
37 6 
37 7 
37 9 
37 11 
37 14 
37 15 
37 22 
37 25 
37 27 
37 31 
37 32 
37 34 
37 36 
37 44 
37 45 
37 54 
37 62 
37 63 
37 68 
37 69 
37 76 
37 78 
37 80 
37 82 
37 83 
37 96 
37 103 
37 109 
37 110 
37 117 
37 119 
37 134 
37 157 
37 158 
37 180 
37 187 
39 1 
39 2 
39 4 
39 5 
39 6 
39 7 
39 8 
39 9 
39 10 
39 11 
39 14 
39 15 
39 17 
39 18 
39 21 
39 22 
39 23 
39 25 
39 26 
39 27 
39 28 
39 29 
39 31 
39 33 
39 34 
39 35 
39 39 
39 44 
39 45 
39 48 
39 60 
39 67 
39 70 
39 71 
39 77 
39 80 
39 86 
39 90 
39 92 
39 99 
39 100 
39 102 
39 104 
39 105 
39 109 
39 110 
39 113 
39 119 
39 125 
39 128 
39 134 
39 139 
39 146 
39 150 
39 155 
39 156 
39 157 
39 158 
39 166 
39 180 
39 182 
39 190 
39 212 
40 1 
40 2 
40 6 
40 15 
40 17 
40 22 
40 23 
40 25 
40 34 
40 45 
40 48 
40 51 
40 70 
40 71 
40 72 
40 76 
40 100 
40 102 
40 109 
40 128 
40 133 
42 1 
42 6 
42 32 
42 51 
42 70 
42 72 
42 100 
42 117 
43 1 
43 4 
43 6 
43 7 
43 8 
43 9 
43 10 
43 11 
43 17 
43 19 
43 21 
43 22 
43 25 
43 27 
43 33 
43 34 
43 35 
43 39 
43 54 
43 59 
43 67 
43 71 
43 75 
43 78 
43 89 
43 92 
43 109 
43 110 
43 113 
43 119 
43 125 
43 133 
43 134 
43 146 
43 158 
43 159 
43 180 
43 187 
43 212 
44 2 
44 3 
44 4 
44 6 
44 7 
44 8 
44 9 
44 10 
44 11 
44 13 
44 14 
44 15 
44 17 
44 21 
44 22 
44 23 
44 25 
44 26 
44 27 
44 28 
44 29 
44 30 
44 31 
44 32 
44 34 
44 35 
44 36 
44 37 
44 39 
44 40 
44 42 
44 45 
44 52 
44 53 
44 62 
44 63 
44 67 
44 68 
44 70 
44 73 
44 76 
44 78 
44 80 
44 82 
44 84 
44 87 
44 88 
44 91 
44 92 
44 98 
44 102 
44 103 
44 105 
44 109 
44 110 
44 113 
44 119 
44 120 
44 121 
44 125 
44 127 
44 128 
44 130 
44 134 
44 146 
44 148 
44 158 
44 178 
44 181 
44 187 
44 193 
45 1 
45 2 
45 3 
45 4 
45 5 
45 6 
45 7 
45 8 
45 9 
45 10 
45 11 
45 13 
45 14 
45 15 
45 16 
45 17 
45 21 
45 22 
45 23 
45 25 
45 26 
45 27 
45 28 
45 30 
45 31 
45 32 
45 33 
45 34 
45 35 
45 37 
45 39 
45 40 
45 42 
45 44 
45 48 
45 49 
45 54 
45 55 
45 58 
45 62 
45 66 
45 67 
45 68 
45 70 
45 76 
45 78 
45 79 
45 80 
45 84 
45 95 
45 96 
45 97 
45 99 
45 102 
45 103 
45 105 
45 108 
45 109 
45 110 
45 112 
45 116 
45 119 
45 120 
45 121 
45 125 
45 127 
45 128 
45 130 
45 134 
45 136 
45 146 
45 157 
45 158 
45 165 
45 168 
45 170 
45 178 
45 182 
45 187 
45 193 
47 1 
47 6 
47 7 
47 10 
47 14 
47 45 
47 63 
47 80 
47 139 
49 4 
49 6 
49 7 
49 9 
49 11 
49 15 
49 23 
49 26 
49 27 
49 28 
49 29 
49 33 
49 34 
49 35 
49 36 
49 37 
49 45 
49 48 
49 51 
49 95 
49 96 
49 104 
49 105 
49 119 
49 125 
49 134 
49 157 
49 187 
50 100 
51 2 
51 6 
51 25 
51 36 
51 45 
51 48 
51 60 
51 77 
51 86 
51 88 
51 89 
51 90 
51 146 
52 3 
52 4 
52 15 
52 22 
52 25 
52 30 
52 35 
52 67 
52 68 
52 84 
52 87 
52 121 
52 158 
52 173 
54 57 
54 121 
55 1 
55 2 
55 4 
55 6 
55 7 
55 9 
55 10 
55 14 
55 15 
55 17 
55 22 
55 25 
55 27 
55 28 
55 31 
55 35 
55 36 
55 42 
55 44 
55 45 
55 49 
55 51 
55 60 
55 66 
55 68 
55 70 
55 76 
55 77 
55 83 
55 86 
55 89 
55 92 
55 96 
55 100 
55 103 
55 104 
55 108 
55 109 
55 110 
55 112 
55 116 
55 117 
55 120 
55 127 
55 128 
55 130 
55 139 
55 178 
55 187 
57 54 
57 118 
58 4 
58 6 
58 15 
58 22 
58 27 
58 35 
58 37 
58 45 
58 76 
58 79 
58 103 
58 105 
58 127 
58 128 
58 130 
59 57 
59 157 
59 170 
60 2 
60 3 
60 6 
60 15 
60 22 
60 33 
60 45 
60 48 
60 51 
60 52 
60 68 
60 69 
60 70 
60 77 
60 84 
60 86 
60 88 
60 89 
60 90 
60 110 
60 116 
60 146 
61 35 
61 37 
61 80 
62 68 
62 148 
63 3 
63 4 
63 6 
63 7 
63 9 
63 14 
63 15 
63 22 
63 25 
63 27 
63 30 
63 32 
63 33 
63 34 
63 39 
63 44 
63 52 
63 54 
63 60 
63 68 
63 69 
63 73 
63 80 
63 83 
63 84 
63 87 
63 88 
63 89 
63 100 
63 121 
63 134 
63 146 
63 156 
64 127 
64 130 
65 45 
65 103 
65 127 
66 6 
66 22 
66 35 
66 45 
66 108 
68 27 
68 32 
68 45 
68 48 
68 52 
68 62 
68 84 
68 86 
68 90 
68 92 
68 104 
69 3 
69 4 
69 6 
69 11 
69 14 
69 15 
69 22 
69 27 
69 30 
69 36 
69 42 
69 44 
69 51 
69 52 
69 60 
69 63 
69 68 
69 70 
69 84 
69 86 
69 87 
69 88 
69 89 
69 90 
69 92 
70 3 
70 4 
70 6 
70 7 
70 9 
70 14 
70 15 
70 37 
70 39 
70 45 
70 62 
70 68 
70 100 
71 67 
71 92 
71 113 
71 115 
73 3 
73 13 
73 15 
73 21 
73 30 
73 32 
73 35 
73 36 
73 44 
73 69 
73 98 
73 110 
73 121 
74 4 
74 14 
74 15 
74 21 
74 22 
74 27 
75 6 
75 14 
75 36 
75 44 
75 45 
75 70 
75 80 
75 91 
75 168 
76 6 
76 16 
76 22 
76 45 
76 63 
76 66 
76 108 
76 120 
76 125 
76 128 
76 136 
78 4 
78 6 
78 14 
78 35 
78 54 
78 91 
78 213 
79 7 
79 10 
79 22 
79 45 
79 66 
79 76 
79 96 
79 108 
80 11 
80 36 
80 102 
81 35 
81 150 
82 4 
82 6 
82 7 
82 14 
82 15 
82 22 
82 33 
82 35 
82 37 
82 44 
82 45 
82 48 
82 53 
82 62 
82 74 
82 76 
82 78 
82 89 
82 140 
82 146 
82 156 
82 187 
83 32 
83 48 
83 84 
84 3 
84 15 
84 22 
84 30 
84 33 
84 35 
84 44 
84 52 
84 60 
84 63 
84 68 
84 69 
84 72 
84 83 
84 87 
84 89 
84 116 
84 146 
86 3 
86 22 
86 32 
86 45 
86 51 
86 52 
86 60 
86 68 
86 69 
86 77 
86 84 
86 87 
86 88 
86 90 
86 116 
87 3 
87 11 
87 14 
87 15 
87 22 
87 30 
87 44 
87 60 
87 63 
87 69 
87 73 
87 84 
87 88 
88 3 
88 15 
88 22 
88 27 
88 30 
88 51 
88 52 
88 60 
88 63 
88 68 
88 69 
88 70 
88 87 
89 25 
89 51 
89 53 
89 116 
89 119 
89 146 
89 158 
89 213 
90 2 
90 48 
90 60 
90 68 
90 86 
90 105 
91 25 
91 57 
91 59 
91 170 
91 180 
92 181 
93 14 
93 27 
93 28 
93 33 
93 48 
93 59 
93 63 
93 68 
93 77 
93 84 
93 89 
93 91 
93 96 
93 100 
93 110 
93 213 
94 76 
95 32 
95 55 
95 70 
95 108 
96 45 
96 100 
96 128 
97 6 
97 7 
97 10 
97 45 
97 66 
97 76 
97 79 
97 96 
97 103 
98 11 
98 13 
98 36 
98 42 
98 73 
98 117 
98 121 
98 148 
99 105 
99 165 
99 166 
101 45 
101 76 
101 79 
101 103 
101 112 
101 130 
101 178 
103 45 
103 120 
104 22 
105 2 
105 7 
105 9 
105 29 
105 34 
105 44 
105 45 
105 99 
105 156 
105 165 
105 182 
106 37 
107 2 
107 6 
107 14 
107 15 
107 22 
107 23 
107 26 
107 27 
107 29 
107 31 
107 34 
107 35 
107 37 
107 39 
107 45 
107 70 
107 76 
107 80 
107 91 
107 102 
107 105 
108 6 
108 32 
108 45 
108 55 
108 66 
108 96 
109 2 
109 4 
109 6 
109 11 
109 14 
109 15 
109 17 
109 22 
109 34 
109 35 
109 37 
109 44 
109 49 
109 53 
109 54 
109 70 
109 71 
109 75 
109 92 
109 104 
109 113 
109 115 
109 119 
109 134 
109 138 
109 150 
109 168 
109 187 
110 2 
110 6 
110 22 
110 23 
110 27 
110 37 
110 44 
110 80 
110 105 
110 119 
110 212 
112 103 
112 120 
112 128 
112 130 
112 178 
113 71 
113 75 
113 92 
113 125 
114 187 
115 44 
115 181 
117 42 
117 72 
117 73 
117 83 
117 100 
117 116 
117 121 
119 157 
119 173 
120 6 
120 14 
120 45 
120 112 
120 128 
120 130 
121 13 
121 30 
121 36 
121 73 
121 87 
121 98 
122 156 
124 157 
124 180 
125 134 
125 158 
129 103 
129 127 
130 14 
131 165 
133 1 
133 72 
134 45 
135 6 
137 157 
138 168 
140 8 
141 28 
141 110 
142 45 
145 193 
146 78 
148 52 
150 2 
150 3 
150 4 
150 6 
150 7 
150 8 
150 9 
150 14 
150 22 
150 23 
150 25 
150 27 
150 32 
150 34 
150 35 
150 42 
150 44 
150 45 
150 48 
150 60 
150 63 
150 68 
150 70 
150 71 
150 80 
150 83 
150 86 
150 92 
150 102 
150 105 
150 109 
150 113 
150 116 
150 146 
152 104 
152 113 
152 181 
153 28 
153 34 
153 92 
153 110 
155 27 
156 166 
158 134 
159 181 
162 166 
163 4 
163 14 
163 15 
163 22 
163 31 
163 44 
163 52 
163 54 
163 62 
163 68 
163 71 
163 84 
163 92 
163 104 
163 110 
163 113 
163 168 
169 6 
169 17 
169 22 
169 25 
169 28 
169 32 
169 33 
169 35 
169 37 
169 48 
169 51 
169 88 
169 89 
169 91 
169 109 
169 113 
169 125 
169 134 
169 146 
169 150 
169 157 
170 119 
172 125 
172 158 
172 193 
173 119 
173 157 
173 180 
180 157 
180 173 
186 100 
187 173 
187 213 
188 6 
193 187 
195 139 
202 193 
204 59 
213 70 
213 76 
213 83 
