2 2 
2 7 
2 9 
2 10 
2 16 
2 17 
2 18 
2 23 
2 25 
2 26 
2 28 
2 29 
2 31 
2 33 
2 34 
2 39 
2 44 
2 99 
2 105 
2 110 
2 140 
2 155 
2 156 
2 158 
2 166 
3 2 
3 4 
3 6 
3 7 
3 9 
3 11 
3 13 
3 17 
3 21 
3 22 
3 23 
3 25 
3 26 
3 28 
3 30 
3 31 
3 32 
3 34 
3 35 
3 36 
3 37 
3 44 
3 48 
3 52 
3 60 
3 62 
3 63 
3 68 
3 69 
3 76 
3 84 
3 86 
3 87 
3 88 
3 90 
3 98 
3 110 
3 136 
3 148 
4 7 
4 9 
4 11 
4 21 
4 22 
4 29 
4 33 
4 34 
4 35 
4 36 
4 44 
4 68 
4 84 
4 181 
5 6 
5 7 
5 10 
5 29 
5 34 
5 55 
5 66 
5 108 
5 119 
6 2 
6 33 
6 34 
7 23 
7 29 
7 31 
7 34 
7 39 
8 29 
8 31 
8 140 
9 23 
9 34 
9 39 
10 9 
11 2 
11 3 
11 6 
11 7 
11 9 
11 10 
11 13 
11 17 
11 23 
11 25 
11 26 
11 28 
11 29 
11 30 
11 31 
11 32 
11 33 
11 34 
11 35 
11 36 
11 44 
11 59 
11 63 
11 68 
11 73 
11 80 
11 82 
11 90 
11 98 
11 100 
11 102 
11 148 
11 156 
11 158 
12 17 
12 25 
12 28 
12 33 
12 48 
12 57 
12 59 
12 78 
12 91 
12 92 
12 110 
12 119 
12 158 
12 193 
13 6 
13 7 
13 9 
13 11 
13 25 
13 32 
13 36 
13 70 
13 83 
13 98 
13 100 
13 116 
13 133 
14 2 
14 3 
14 4 
14 5 
14 6 
14 7 
14 9 
14 10 
14 11 
14 13 
14 17 
14 18 
14 21 
14 22 
14 23 
14 25 
14 26 
14 28 
14 29 
14 30 
14 31 
14 32 
14 33 
14 34 
14 35 
14 36 
14 37 
14 39 
14 40 
14 44 
14 48 
14 52 
14 54 
14 55 
14 57 
14 59 
14 60 
14 62 
14 63 
14 66 
14 67 
14 68 
14 69 
14 70 
14 71 
14 73 
14 75 
14 76 
14 78 
14 80 
14 82 
14 83 
14 84 
14 86 
14 88 
14 90 
14 102 
14 103 
14 105 
14 108 
14 113 
14 116 
14 127 
14 139 
14 140 
14 148 
14 156 
14 157 
14 158 
14 166 
14 170 
14 178 
14 180 
15 2 
15 3 
15 4 
15 6 
15 7 
15 9 
15 10 
15 11 
15 13 
15 17 
15 19 
15 21 
15 22 
15 23 
15 25 
15 26 
15 28 
15 30 
15 31 
15 32 
15 33 
15 34 
15 35 
15 36 
15 37 
15 39 
15 40 
15 44 
15 48 
15 52 
15 54 
15 59 
15 60 
15 62 
15 63 
15 68 
15 69 
15 70 
15 73 
15 78 
15 80 
15 82 
15 83 
15 84 
15 86 
15 87 
15 88 
15 90 
15 98 
15 100 
15 102 
15 110 
15 116 
15 119 
15 133 
15 148 
15 156 
15 193 
16 97 
17 2 
17 34 
17 71 
17 105 
17 110 
17 158 
17 190 
18 7 
18 9 
18 26 
18 34 
18 39 
21 3 
21 4 
21 7 
21 9 
21 11 
21 22 
21 30 
21 31 
21 34 
21 35 
21 36 
21 44 
21 87 
21 89 
22 2 
22 3 
22 4 
22 6 
22 7 
22 9 
22 10 
22 11 
22 13 
22 17 
22 18 
22 21 
22 23 
22 25 
22 26 
22 29 
22 30 
22 31 
22 32 
22 34 
22 35 
22 36 
22 37 
22 39 
22 44 
22 48 
22 52 
22 53 
22 54 
22 60 
22 62 
22 63 
22 68 
22 69 
22 71 
22 73 
22 82 
22 84 
22 87 
22 88 
22 90 
22 98 
22 102 
22 105 
22 116 
22 148 
22 156 
23 7 
23 9 
23 10 
23 29 
23 31 
23 34 
23 39 
25 33 
25 105 
25 118 
25 158 
25 180 
26 34 
27 2 
27 3 
27 4 
27 5 
27 6 
27 7 
27 9 
27 10 
27 11 
27 13 
27 17 
27 18 
27 21 
27 22 
27 23 
27 25 
27 26 
27 29 
27 30 
27 31 
27 32 
27 33 
27 34 
27 35 
27 36 
27 39 
27 40 
27 44 
27 52 
27 60 
27 62 
27 63 
27 68 
27 69 
27 70 
27 73 
27 76 
27 78 
27 80 
27 82 
27 84 
27 86 
27 88 
27 90 
27 100 
27 102 
27 105 
27 108 
27 130 
27 136 
27 148 
27 156 
27 158 
27 193 
29 7 
29 10 
29 18 
29 34 
30 2 
30 4 
30 6 
30 7 
30 9 
30 10 
30 11 
30 17 
30 21 
30 23 
30 25 
30 31 
30 32 
30 33 
30 34 
30 36 
30 39 
30 44 
30 52 
30 59 
30 63 
30 69 
30 70 
30 73 
30 83 
30 84 
30 87 
30 88 
30 98 
30 100 
30 105 
30 116 
30 133 
30 158 
31 7 
31 9 
31 10 
32 70 
32 72 
32 83 
32 100 
32 116 
32 133 
33 25 
33 28 
33 89 
33 158 
34 7 
34 9 
34 10 
34 18 
34 26 
34 29 
34 31 
34 39 
34 110 
35 2 
35 4 
35 6 
35 7 
35 9 
35 11 
35 31 
35 34 
35 39 
35 44 
35 76 
35 80 
35 82 
35 102 
35 105 
35 148 
36 4 
36 7 
36 9 
36 11 
36 13 
36 30 
36 35 
36 37 
36 40 
36 44 
36 62 
36 63 
36 69 
36 80 
36 84 
36 87 
36 178 
37 2 
37 3 
37 4 
37 5 
37 6 
37 7 
37 9 
37 10 
37 17 
37 22 
37 25 
37 26 
37 29 
37 31 
37 32 
37 34 
37 35 
37 44 
37 60 
37 63 
37 83 
37 84 
37 102 
37 156 
39 34 
39 190 
40 25 
40 33 
40 72 
40 78 
40 100 
40 133 
40 158 
42 32 
42 83 
42 100 
42 116 
42 133 
43 17 
43 92 
43 105 
43 113 
43 119 
43 158 
44 2 
44 4 
44 7 
44 9 
44 10 
44 11 
44 13 
44 17 
44 21 
44 25 
44 26 
44 28 
44 30 
44 31 
44 33 
44 34 
44 35 
44 36 
44 37 
44 39 
44 59 
44 62 
44 68 
44 69 
44 71 
44 73 
44 80 
44 82 
44 102 
44 105 
44 113 
44 148 
44 158 
44 168 
44 178 
45 2 
45 6 
45 7 
45 9 
45 10 
45 16 
45 17 
45 18 
45 21 
45 23 
45 25 
45 26 
45 29 
45 31 
45 33 
45 34 
45 35 
45 39 
45 44 
45 55 
45 66 
45 70 
45 76 
45 79 
45 97 
45 103 
45 105 
45 108 
45 110 
45 116 
45 127 
45 136 
45 158 
45 178 
47 193 
49 5 
49 7 
49 9 
49 10 
49 18 
49 34 
49 45 
51 48 
51 60 
51 86 
52 25 
52 68 
52 84 
52 88 
55 127 
58 16 
58 79 
60 36 
60 48 
60 86 
60 88 
60 90 
62 33 
62 34 
62 44 
62 68 
62 84 
62 86 
62 158 
63 3 
63 22 
63 30 
63 33 
63 44 
63 52 
63 59 
63 69 
63 73 
63 76 
63 84 
63 87 
63 88 
63 158 
68 7 
68 9 
68 13 
68 21 
68 22 
68 34 
68 48 
68 62 
68 84 
68 90 
69 25 
69 31 
69 33 
69 52 
69 60 
69 63 
69 84 
69 86 
69 87 
69 88 
69 90 
70 4 
70 6 
71 113 
73 11 
73 21 
73 22 
73 30 
73 32 
73 35 
73 44 
73 70 
73 133 
74 4 
74 22 
76 16 
78 2 
78 25 
78 28 
78 33 
78 54 
78 59 
78 119 
78 158 
78 170 
78 180 
79 97 
80 4 
80 6 
80 11 
80 34 
80 35 
80 36 
80 39 
80 60 
80 105 
81 16 
81 103 
82 7 
82 37 
82 44 
82 53 
82 69 
82 140 
84 22 
84 33 
84 37 
84 44 
84 69 
84 87 
84 116 
86 60 
86 90 
87 2 
87 4 
87 7 
87 9 
87 10 
87 25 
87 32 
87 63 
87 69 
87 84 
87 88 
87 105 
88 52 
88 60 
89 25 
89 33 
89 158 
90 60 
90 86 
91 78 
92 159 
93 21 
93 30 
93 33 
93 48 
93 84 
93 91 
93 110 
94 127 
96 100 
97 16 
97 79 
98 13 
98 30 
98 32 
98 52 
98 73 
98 80 
98 100 
101 97 
103 6 
103 136 
103 178 
105 2 
105 7 
105 9 
105 10 
105 18 
105 23 
105 26 
105 28 
105 29 
105 31 
105 33 
105 34 
105 39 
105 71 
105 89 
105 99 
105 103 
105 108 
105 110 
105 113 
105 156 
105 158 
105 165 
105 166 
108 55 
109 75 
109 92 
109 113 
109 115 
109 119 
109 138 
109 168 
112 178 
114 5 
114 34 
114 55 
114 108 
115 168 
117 83 
117 133 
121 21 
121 22 
121 32 
121 44 
121 73 
121 89 
121 98 
125 113 
126 105 
127 29 
129 2 
134 2 
134 6 
134 25 
134 33 
134 89 
134 158 
146 33 
146 158 
150 29 
150 67 
156 166 
169 157 
186 158 
187 78 
195 178 
204 59 
