2 2 
2 5 
2 6 
2 7 
2 8 
2 9 
2 10 
2 11 
2 14 
2 15 
2 17 
2 18 
2 19 
2 22 
2 23 
2 26 
2 27 
2 29 
2 31 
2 34 
2 36 
2 44 
2 45 
2 62 
2 76 
2 88 
2 96 
2 99 
2 105 
2 109 
2 119 
2 121 
2 150 
2 166 
2 182 
2 212 
3 2 
3 6 
3 7 
3 9 
3 10 
3 11 
3 13 
3 14 
3 15 
3 22 
3 23 
3 27 
3 30 
3 31 
3 32 
3 34 
3 37 
3 42 
3 45 
3 60 
3 63 
3 68 
3 69 
3 73 
3 74 
3 80 
3 84 
3 87 
3 88 
3 102 
3 105 
3 109 
3 117 
3 121 
4 2 
4 3 
4 7 
4 10 
4 11 
4 13 
4 14 
4 15 
4 19 
4 21 
4 22 
4 23 
4 26 
4 27 
4 29 
4 30 
4 31 
4 32 
4 35 
4 36 
4 37 
4 40 
4 44 
4 49 
4 52 
4 54 
4 59 
4 60 
4 63 
4 68 
4 69 
4 70 
4 74 
4 76 
4 78 
4 80 
4 82 
4 83 
4 84 
4 87 
4 91 
4 96 
4 102 
4 104 
4 109 
4 113 
4 121 
4 125 
4 157 
4 187 
4 213 
5 2 
5 4 
5 6 
5 7 
5 9 
5 14 
5 15 
5 18 
5 22 
5 23 
5 27 
5 30 
5 31 
5 32 
5 34 
5 35 
5 36 
5 37 
5 42 
5 44 
5 45 
5 49 
5 55 
5 66 
5 70 
5 76 
5 82 
5 96 
5 98 
5 105 
5 108 
5 109 
5 173 
5 182 
6 6 
6 7 
6 8 
6 9 
6 10 
6 11 
6 13 
6 14 
6 15 
6 17 
6 19 
6 22 
6 23 
6 25 
6 27 
6 29 
6 31 
6 34 
6 36 
6 44 
6 45 
6 54 
6 55 
6 59 
6 63 
6 76 
6 92 
6 97 
6 103 
6 105 
6 109 
6 112 
6 119 
6 120 
6 125 
6 127 
6 128 
6 134 
6 157 
7 2 
7 4 
7 5 
7 6 
7 14 
7 15 
7 17 
7 18 
7 19 
7 21 
7 22 
7 23 
7 26 
7 27 
7 28 
7 29 
7 30 
7 31 
7 32 
7 34 
7 35 
7 36 
7 37 
7 40 
7 42 
7 44 
7 45 
7 49 
7 52 
7 54 
7 55 
7 58 
7 59 
7 62 
7 63 
7 66 
7 67 
7 69 
7 70 
7 71 
7 76 
7 78 
7 80 
7 82 
7 84 
7 92 
7 96 
7 99 
7 102 
7 105 
7 109 
7 110 
7 113 
7 115 
7 119 
7 121 
7 130 
7 134 
7 139 
7 150 
7 166 
7 170 
7 173 
7 187 
7 212 
8 2 
8 6 
8 17 
8 19 
8 23 
8 27 
8 34 
8 44 
8 71 
8 76 
8 99 
8 105 
8 109 
8 115 
8 166 
9 2 
9 4 
9 5 
9 6 
9 8 
9 9 
9 10 
9 14 
9 15 
9 17 
9 18 
9 21 
9 22 
9 23 
9 26 
9 27 
9 28 
9 29 
9 30 
9 31 
9 32 
9 34 
9 35 
9 36 
9 37 
9 40 
9 42 
9 44 
9 45 
9 49 
9 52 
9 54 
9 55 
9 59 
9 62 
9 63 
9 66 
9 67 
9 69 
9 70 
9 76 
9 78 
9 80 
9 82 
9 84 
9 92 
9 96 
9 99 
9 102 
9 105 
9 109 
9 110 
9 113 
9 115 
9 119 
9 121 
9 134 
9 139 
9 150 
9 166 
9 170 
9 173 
9 187 
9 212 
10 2 
10 5 
10 6 
10 8 
10 9 
10 22 
10 26 
10 27 
10 29 
10 31 
10 34 
10 45 
10 58 
10 70 
10 76 
10 99 
10 105 
10 109 
10 130 
11 3 
11 6 
11 7 
11 9 
11 10 
11 13 
11 14 
11 15 
11 18 
11 21 
11 22 
11 26 
11 27 
11 30 
11 31 
11 32 
11 35 
11 36 
11 37 
11 40 
11 42 
11 44 
11 45 
11 51 
11 60 
11 63 
11 69 
11 76 
11 80 
11 82 
11 84 
11 89 
11 102 
11 108 
11 119 
12 3 
12 4 
12 6 
12 11 
12 14 
12 15 
12 27 
12 33 
12 37 
12 42 
12 44 
12 45 
12 51 
12 52 
12 60 
12 72 
12 89 
12 134 
12 146 
12 150 
12 158 
12 180 
13 14 
13 15 
13 22 
13 27 
13 31 
13 32 
13 36 
13 44 
13 45 
13 60 
13 73 
13 98 
13 121 
14 2 
14 3 
14 4 
14 5 
14 6 
14 7 
14 8 
14 9 
14 10 
14 11 
14 13 
14 15 
14 16 
14 17 
14 18 
14 19 
14 21 
14 22 
14 23 
14 25 
14 26 
14 27 
14 30 
14 31 
14 32 
14 34 
14 35 
14 36 
14 37 
14 40 
14 42 
14 44 
14 45 
14 49 
14 51 
14 52 
14 54 
14 55 
14 57 
14 58 
14 59 
14 60 
14 62 
14 63 
14 66 
14 68 
14 69 
14 70 
14 71 
14 73 
14 74 
14 76 
14 78 
14 80 
14 82 
14 83 
14 84 
14 86 
14 88 
14 91 
14 95 
14 96 
14 98 
14 100 
14 102 
14 104 
14 105 
14 109 
14 116 
14 117 
14 121 
14 125 
14 134 
14 146 
14 150 
14 157 
14 158 
14 166 
14 170 
14 173 
14 180 
14 182 
14 187 
15 2 
15 3 
15 4 
15 5 
15 6 
15 7 
15 8 
15 9 
15 10 
15 11 
15 13 
15 14 
15 16 
15 18 
15 19 
15 21 
15 22 
15 23 
15 25 
15 26 
15 27 
15 28 
15 30 
15 31 
15 32 
15 34 
15 35 
15 36 
15 37 
15 40 
15 42 
15 44 
15 45 
15 49 
15 51 
15 52 
15 54 
15 55 
15 58 
15 59 
15 60 
15 62 
15 63 
15 66 
15 68 
15 69 
15 70 
15 71 
15 73 
15 74 
15 76 
15 77 
15 78 
15 80 
15 82 
15 83 
15 84 
15 86 
15 87 
15 88 
15 90 
15 91 
15 95 
15 96 
15 98 
15 100 
15 102 
15 105 
15 108 
15 109 
15 116 
15 117 
15 121 
15 148 
15 150 
15 157 
15 187 
15 212 
16 5 
16 7 
16 10 
16 14 
16 15 
16 31 
16 35 
16 45 
16 76 
16 79 
16 136 
17 2 
17 3 
17 4 
17 5 
17 6 
17 7 
17 8 
17 9 
17 10 
17 11 
17 14 
17 15 
17 16 
17 22 
17 23 
17 25 
17 26 
17 27 
17 29 
17 30 
17 31 
17 33 
17 34 
17 35 
17 36 
17 37 
17 40 
17 42 
17 44 
17 45 
17 49 
17 55 
17 60 
17 67 
17 68 
17 69 
17 70 
17 71 
17 75 
17 76 
17 78 
17 80 
17 84 
17 86 
17 87 
17 91 
17 92 
17 96 
17 99 
17 105 
17 109 
17 110 
17 113 
17 115 
17 119 
17 125 
17 134 
17 146 
17 150 
17 155 
17 157 
17 158 
17 190 
17 212 
18 2 
18 6 
18 7 
18 9 
18 10 
18 14 
18 15 
18 23 
18 26 
18 27 
18 29 
18 31 
18 33 
18 40 
18 45 
18 76 
18 89 
18 99 
18 105 
18 109 
18 113 
18 118 
18 119 
18 134 
18 157 
18 165 
18 166 
18 173 
18 180 
18 212 
19 116 
19 157 
21 6 
21 14 
21 22 
21 44 
22 2 
22 3 
22 4 
22 5 
22 6 
22 7 
22 8 
22 9 
22 10 
22 11 
22 13 
22 14 
22 15 
22 17 
22 18 
22 19 
22 21 
22 23 
22 25 
22 26 
22 27 
22 29 
22 30 
22 31 
22 32 
22 33 
22 34 
22 35 
22 36 
22 37 
22 40 
22 42 
22 44 
22 45 
22 48 
22 49 
22 51 
22 52 
22 54 
22 55 
22 58 
22 60 
22 63 
22 68 
22 69 
22 70 
22 71 
22 73 
22 76 
22 77 
22 78 
22 80 
22 82 
22 83 
22 84 
22 86 
22 87 
22 88 
22 90 
22 91 
22 92 
22 96 
22 98 
22 100 
22 105 
22 108 
22 109 
22 110 
22 112 
22 116 
22 117 
22 118 
22 119 
22 121 
22 128 
22 134 
22 146 
22 148 
22 150 
22 155 
22 157 
22 168 
22 170 
22 187 
22 212 
23 2 
23 5 
23 6 
23 7 
23 8 
23 9 
23 10 
23 14 
23 15 
23 17 
23 18 
23 22 
23 27 
23 29 
23 30 
23 31 
23 32 
23 34 
23 37 
23 44 
23 45 
23 63 
23 76 
23 96 
23 105 
23 117 
23 146 
25 2 
25 118 
25 119 
25 125 
25 134 
26 2 
26 5 
26 6 
26 7 
26 8 
26 9 
26 15 
26 17 
26 18 
26 21 
26 22 
26 23 
26 27 
26 29 
26 31 
26 33 
26 34 
26 36 
26 40 
26 42 
26 44 
26 45 
26 71 
26 84 
26 89 
26 99 
26 100 
26 104 
26 105 
26 109 
26 113 
26 115 
26 119 
26 125 
26 134 
26 146 
26 150 
26 155 
26 157 
26 158 
26 166 
26 170 
26 173 
26 212 
27 2 
27 3 
27 4 
27 5 
27 6 
27 7 
27 8 
27 9 
27 10 
27 11 
27 13 
27 14 
27 15 
27 17 
27 18 
27 19 
27 21 
27 22 
27 23 
27 26 
27 30 
27 31 
27 32 
27 34 
27 35 
27 36 
27 37 
27 40 
27 44 
27 45 
27 51 
27 55 
27 59 
27 60 
27 62 
27 63 
27 68 
27 69 
27 70 
27 73 
27 74 
27 76 
27 78 
27 80 
27 82 
27 84 
27 86 
27 87 
27 88 
27 96 
27 102 
27 105 
27 108 
27 109 
27 117 
27 119 
27 127 
27 130 
27 134 
27 148 
27 187 
28 2 
28 25 
28 33 
28 44 
28 45 
28 80 
28 91 
28 105 
28 109 
28 146 
29 7 
29 9 
29 17 
29 158 
30 3 
30 4 
30 6 
30 11 
30 14 
30 15 
30 21 
30 22 
30 27 
30 36 
30 44 
30 45 
30 63 
30 69 
30 70 
30 73 
30 84 
30 87 
30 88 
30 100 
30 121 
31 2 
31 5 
31 6 
31 7 
31 9 
31 10 
31 15 
31 18 
31 23 
31 26 
31 27 
31 30 
31 32 
31 45 
31 63 
31 96 
31 99 
31 105 
31 112 
32 6 
32 7 
32 10 
32 13 
32 15 
32 30 
32 37 
32 42 
32 45 
32 63 
32 69 
32 70 
32 72 
32 73 
32 77 
32 83 
32 84 
32 86 
32 88 
32 98 
32 116 
32 117 
32 121 
32 133 
33 2 
33 4 
33 134 
33 146 
33 158 
34 2 
34 4 
34 7 
34 10 
34 17 
34 18 
34 26 
34 28 
34 29 
34 33 
34 45 
34 70 
34 89 
34 92 
34 99 
34 105 
34 109 
34 110 
34 113 
34 119 
34 134 
34 166 
34 170 
34 173 
34 212 
35 2 
35 3 
35 4 
35 5 
35 6 
35 7 
35 8 
35 9 
35 10 
35 11 
35 13 
35 14 
35 15 
35 17 
35 18 
35 19 
35 21 
35 22 
35 23 
35 25 
35 26 
35 27 
35 28 
35 29 
35 30 
35 31 
35 32 
35 34 
35 37 
35 40 
35 42 
35 44 
35 45 
35 49 
35 51 
35 52 
35 53 
35 54 
35 55 
35 60 
35 68 
35 69 
35 70 
35 71 
35 73 
35 76 
35 77 
35 78 
35 80 
35 82 
35 83 
35 84 
35 86 
35 87 
35 88 
35 90 
35 91 
35 96 
35 98 
35 102 
35 105 
35 108 
35 109 
35 110 
35 117 
35 121 
35 134 
35 146 
35 148 
35 150 
35 157 
35 158 
35 170 
35 173 
35 180 
35 212 
36 2 
36 3 
36 4 
36 5 
36 6 
36 7 
36 9 
36 11 
36 13 
36 14 
36 15 
36 18 
36 22 
36 23 
36 27 
36 30 
36 31 
36 32 
36 33 
36 35 
36 37 
36 44 
36 45 
36 49 
36 63 
36 70 
36 76 
36 80 
36 84 
36 87 
36 89 
36 98 
36 109 
37 2 
37 3 
37 5 
37 6 
37 7 
37 9 
37 10 
37 13 
37 14 
37 15 
37 16 
37 18 
37 22 
37 23 
37 27 
37 30 
37 31 
37 32 
37 35 
37 36 
37 40 
37 44 
37 45 
37 49 
37 58 
37 69 
37 70 
37 72 
37 76 
37 88 
37 91 
37 96 
37 105 
37 109 
37 116 
37 117 
37 133 
37 150 
37 212 
39 2 
39 4 
39 6 
39 7 
39 8 
39 9 
39 10 
39 11 
39 14 
39 15 
39 17 
39 19 
39 21 
39 22 
39 23 
39 26 
39 27 
39 29 
39 30 
39 31 
39 34 
39 36 
39 37 
39 44 
39 45 
39 48 
39 52 
39 60 
39 62 
39 63 
39 69 
39 70 
39 76 
39 80 
39 96 
39 99 
39 102 
39 105 
39 109 
39 150 
39 212 
40 2 
40 3 
40 4 
40 6 
40 7 
40 8 
40 9 
40 10 
40 11 
40 14 
40 15 
40 17 
40 19 
40 22 
40 23 
40 25 
40 27 
40 32 
40 34 
40 35 
40 37 
40 44 
40 45 
40 51 
40 55 
40 60 
40 68 
40 70 
40 86 
40 89 
40 91 
40 100 
40 113 
40 128 
40 133 
40 158 
40 212 
42 6 
42 15 
42 30 
42 32 
42 45 
42 63 
42 69 
42 70 
42 72 
42 83 
42 100 
42 116 
42 117 
43 4 
43 17 
43 19 
43 21 
43 33 
43 54 
43 59 
43 71 
43 92 
43 104 
43 109 
43 110 
43 113 
43 125 
43 134 
43 158 
43 173 
43 187 
43 193 
43 212 
44 2 
44 3 
44 4 
44 5 
44 6 
44 7 
44 8 
44 9 
44 10 
44 11 
44 13 
44 14 
44 15 
44 17 
44 18 
44 19 
44 21 
44 22 
44 23 
44 25 
44 26 
44 27 
44 28 
44 30 
44 31 
44 32 
44 34 
44 35 
44 36 
44 37 
44 40 
44 45 
44 49 
44 52 
44 54 
44 55 
44 59 
44 60 
44 62 
44 63 
44 66 
44 68 
44 69 
44 70 
44 73 
44 76 
44 78 
44 80 
44 82 
44 83 
44 84 
44 88 
44 90 
44 96 
44 102 
44 105 
44 109 
44 110 
44 113 
44 119 
44 121 
44 125 
44 128 
44 146 
44 148 
44 150 
44 158 
45 2 
45 3 
45 4 
45 5 
45 6 
45 7 
45 8 
45 9 
45 10 
45 11 
45 13 
45 14 
45 15 
45 16 
45 17 
45 18 
45 21 
45 22 
45 23 
45 25 
45 26 
45 27 
45 28 
45 29 
45 30 
45 31 
45 32 
45 33 
45 34 
45 35 
45 36 
45 37 
45 40 
45 42 
45 44 
45 49 
45 51 
45 52 
45 54 
45 55 
45 58 
45 59 
45 60 
45 63 
45 66 
45 68 
45 69 
45 70 
45 71 
45 73 
45 75 
45 76 
45 78 
45 79 
45 80 
45 82 
45 86 
45 88 
45 94 
45 96 
45 97 
45 102 
45 103 
45 104 
45 105 
45 108 
45 109 
45 110 
45 112 
45 117 
45 118 
45 119 
45 120 
45 121 
45 125 
45 127 
45 128 
45 130 
45 134 
45 136 
45 139 
45 146 
45 157 
45 158 
45 170 
45 178 
45 182 
45 212 
47 7 
47 9 
47 10 
47 17 
47 18 
47 45 
47 166 
48 45 
48 150 
49 4 
49 5 
49 6 
49 7 
49 8 
49 9 
49 10 
49 14 
49 15 
49 16 
49 18 
49 22 
49 23 
49 26 
49 27 
49 28 
49 31 
49 32 
49 34 
49 40 
49 42 
49 44 
49 45 
49 55 
49 66 
49 76 
49 80 
49 91 
49 96 
49 105 
49 108 
49 112 
49 117 
49 119 
49 146 
49 178 
51 60 
52 2 
52 6 
52 30 
52 31 
52 35 
52 68 
52 84 
55 5 
55 45 
55 108 
57 14 
59 14 
59 37 
59 45 
59 157 
59 187 
60 3 
60 36 
60 51 
60 77 
60 88 
62 193 
63 3 
63 6 
63 15 
63 22 
63 30 
63 31 
63 36 
63 44 
63 48 
63 87 
65 22 
65 27 
65 42 
66 5 
66 22 
66 27 
66 45 
66 76 
66 80 
68 3 
68 6 
68 18 
68 30 
68 35 
68 40 
68 44 
68 45 
68 52 
68 62 
68 84 
68 86 
68 90 
68 104 
69 3 
69 7 
69 9 
69 27 
69 42 
69 63 
69 77 
69 84 
69 87 
69 88 
70 2 
70 3 
70 4 
70 6 
70 7 
70 9 
70 10 
70 14 
70 15 
70 22 
70 23 
70 27 
70 29 
70 31 
70 32 
70 35 
70 36 
70 37 
70 42 
70 44 
70 45 
70 55 
70 60 
70 68 
70 71 
70 108 
70 109 
70 117 
71 3 
71 6 
71 7 
71 9 
71 10 
71 14 
71 15 
71 23 
71 27 
71 31 
71 32 
71 44 
71 45 
71 60 
71 80 
71 105 
71 113 
73 3 
73 30 
73 98 
73 121 
74 3 
74 4 
74 14 
74 22 
74 35 
75 2 
76 2 
76 3 
76 5 
76 6 
76 7 
76 9 
76 10 
76 14 
76 15 
76 16 
76 23 
76 27 
76 28 
76 30 
76 31 
76 32 
76 35 
76 40 
76 42 
76 44 
76 45 
76 55 
76 58 
76 59 
76 78 
76 108 
78 2 
78 3 
78 4 
78 5 
78 6 
78 7 
78 9 
78 10 
78 14 
78 15 
78 21 
78 22 
78 23 
78 27 
78 31 
78 32 
78 35 
78 36 
78 37 
78 42 
78 44 
78 45 
78 55 
78 60 
78 63 
78 76 
78 86 
78 88 
78 91 
78 105 
78 117 
78 119 
80 36 
80 102 
80 157 
81 16 
81 136 
82 6 
82 14 
82 15 
82 27 
82 35 
82 37 
82 44 
82 45 
82 53 
82 74 
82 96 
83 3 
83 6 
83 42 
83 45 
84 3 
84 37 
84 52 
84 68 
84 86 
84 87 
84 157 
86 3 
86 37 
86 44 
86 51 
86 60 
86 77 
86 88 
86 90 
87 3 
87 63 
87 69 
87 121 
88 2 
88 3 
88 6 
88 15 
88 22 
88 30 
88 32 
88 45 
88 48 
88 51 
88 60 
88 69 
88 86 
88 87 
88 109 
89 6 
89 15 
89 26 
89 48 
90 2 
90 51 
90 77 
91 6 
91 14 
91 35 
91 45 
91 63 
91 105 
92 7 
92 9 
92 15 
92 23 
92 45 
92 113 
93 14 
93 19 
93 27 
93 28 
93 30 
93 33 
93 34 
93 58 
93 59 
93 77 
93 91 
93 96 
95 14 
95 108 
96 2 
96 3 
96 4 
96 5 
96 6 
96 7 
96 9 
96 10 
96 11 
96 14 
96 15 
96 18 
96 22 
96 23 
96 26 
96 30 
96 31 
96 32 
96 34 
96 35 
96 36 
96 40 
96 42 
96 44 
96 45 
96 49 
96 52 
96 55 
96 60 
96 66 
96 70 
96 76 
96 78 
96 95 
96 100 
96 105 
96 108 
97 16 
97 76 
98 13 
98 36 
98 37 
98 73 
98 121 
99 6 
99 105 
100 14 
100 22 
100 42 
101 45 
102 6 
102 31 
103 6 
104 2 
104 4 
104 6 
104 14 
104 32 
104 45 
104 60 
104 73 
104 109 
105 2 
105 6 
105 7 
105 8 
105 9 
105 10 
105 11 
105 13 
105 15 
105 18 
105 23 
105 26 
105 27 
105 31 
105 34 
105 36 
105 37 
105 44 
105 45 
105 52 
105 99 
105 105 
105 134 
105 165 
105 182 
106 18 
107 2 
107 4 
107 5 
107 6 
107 7 
107 9 
107 10 
107 15 
107 23 
107 27 
107 35 
107 40 
107 45 
107 49 
107 55 
107 76 
107 96 
107 105 
107 108 
108 2 
108 5 
108 6 
108 7 
108 9 
108 10 
108 14 
108 15 
108 22 
108 23 
108 26 
108 32 
108 34 
108 35 
108 36 
108 37 
108 44 
108 45 
108 60 
108 63 
108 76 
108 91 
108 95 
108 105 
108 108 
108 109 
109 2 
109 5 
109 6 
109 7 
109 9 
109 10 
109 11 
109 14 
109 15 
109 22 
109 23 
109 27 
109 30 
109 31 
109 32 
109 34 
109 37 
109 42 
109 44 
109 45 
109 49 
109 55 
109 59 
109 70 
109 71 
109 73 
109 75 
109 76 
109 80 
109 105 
109 109 
109 113 
109 115 
109 117 
109 119 
109 138 
109 150 
109 168 
110 2 
110 15 
110 17 
110 26 
110 27 
110 32 
110 44 
110 45 
110 105 
110 212 
113 27 
113 115 
115 14 
117 45 
118 6 
118 25 
119 2 
119 6 
119 7 
119 9 
119 10 
119 14 
119 15 
119 17 
119 21 
119 22 
119 23 
119 26 
119 27 
119 31 
119 32 
119 44 
119 45 
119 60 
119 76 
119 78 
119 109 
119 112 
119 121 
121 14 
121 73 
121 98 
122 14 
122 27 
124 15 
124 45 
124 157 
125 33 
125 113 
125 134 
125 158 
128 178 
129 127 
133 15 
135 17 
135 45 
135 158 
140 8 
140 45 
141 7 
141 9 
142 159 
145 14 
145 37 
145 193 
146 45 
146 125 
146 134 
151 6 
151 63 
153 23 
153 31 
154 14 
155 17 
155 31 
156 166 
159 6 
163 14 
163 31 
163 45 
166 2 
166 27 
166 45 
167 14 
167 33 
167 37 
169 25 
169 32 
170 4 
170 7 
170 10 
170 14 
170 15 
170 22 
170 23 
170 27 
170 45 
170 78 
170 150 
170 187 
173 45 
173 170 
173 180 
180 14 
180 17 
180 23 
180 27 
180 37 
180 78 
180 173 
182 6 
182 14 
182 31 
184 14 
186 15 
186 18 
187 14 
187 22 
187 23 
187 27 
187 59 
187 157 
213 44 
