1 28 
2 6 
2 7 
2 8 
2 17 
2 18 
2 26 
2 29 
2 32 
2 33 
2 34 
2 35 
2 39 
2 44 
2 99 
2 110 
2 134 
2 139 
2 156 
2 158 
2 166 
2 182 
2 212 
3 4 
3 14 
3 15 
3 22 
3 27 
3 30 
3 37 
3 63 
3 69 
3 84 
3 87 
3 88 
4 3 
4 6 
4 11 
4 13 
4 14 
4 15 
4 22 
4 27 
4 30 
4 36 
4 44 
4 63 
4 73 
4 74 
4 80 
4 82 
4 98 
4 119 
4 121 
5 49 
6 6 
6 18 
6 32 
6 34 
6 45 
6 112 
6 178 
7 17 
7 26 
7 32 
7 34 
7 35 
7 39 
7 45 
7 72 
7 110 
7 127 
7 128 
7 150 
7 158 
8 140 
9 8 
9 17 
9 26 
9 32 
9 34 
9 35 
9 39 
9 45 
9 72 
9 110 
9 127 
9 128 
9 140 
9 150 
9 158 
10 8 
10 34 
11 15 
11 27 
11 36 
11 68 
12 33 
12 158 
13 4 
13 11 
13 98 
14 3 
14 4 
14 6 
14 11 
14 13 
14 15 
14 21 
14 22 
14 25 
14 27 
14 30 
14 32 
14 34 
14 35 
14 36 
14 37 
14 42 
14 44 
14 54 
14 57 
14 59 
14 63 
14 68 
14 73 
14 74 
14 80 
14 82 
14 83 
14 84 
14 87 
14 88 
14 98 
14 102 
14 117 
14 121 
14 156 
14 157 
14 180 
14 182 
14 187 
15 3 
15 4 
15 11 
15 13 
15 14 
15 21 
15 22 
15 27 
15 30 
15 35 
15 36 
15 37 
15 44 
15 63 
15 68 
15 69 
15 73 
15 74 
15 87 
15 88 
15 98 
15 212 
16 6 
16 45 
16 79 
16 97 
17 125 
17 158 
17 212 
18 80 
19 6 
19 28 
19 32 
19 125 
19 134 
21 27 
21 44 
21 148 
22 3 
22 4 
22 5 
22 6 
22 7 
22 8 
22 11 
22 13 
22 14 
22 15 
22 17 
22 21 
22 25 
22 26 
22 27 
22 30 
22 32 
22 33 
22 34 
22 35 
22 36 
22 37 
22 42 
22 44 
22 48 
22 51 
22 52 
22 53 
22 55 
22 58 
22 60 
22 62 
22 63 
22 66 
22 68 
22 69 
22 73 
22 74 
22 78 
22 80 
22 82 
22 83 
22 84 
22 86 
22 87 
22 88 
22 90 
22 98 
22 102 
22 117 
22 121 
22 134 
22 146 
22 148 
22 150 
22 156 
22 158 
23 7 
23 8 
23 26 
23 34 
25 33 
25 44 
25 89 
25 125 
25 134 
25 146 
25 158 
26 18 
26 26 
26 34 
26 212 
27 3 
27 4 
27 11 
27 13 
27 14 
27 15 
27 21 
27 22 
27 26 
27 30 
27 32 
27 34 
27 35 
27 36 
27 37 
27 44 
27 51 
27 52 
27 62 
27 63 
27 68 
27 69 
27 71 
27 73 
27 74 
27 80 
27 82 
27 84 
27 87 
27 88 
27 98 
27 100 
27 115 
27 121 
27 127 
27 134 
27 148 
27 158 
28 109 
28 212 
29 19 
29 134 
30 3 
30 4 
30 13 
30 15 
30 32 
30 36 
30 42 
30 44 
30 63 
30 73 
30 84 
30 87 
30 98 
30 117 
30 121 
31 7 
31 8 
32 68 
32 69 
32 86 
33 26 
33 71 
33 134 
33 158 
34 18 
34 26 
34 99 
34 139 
35 3 
35 4 
35 5 
35 6 
35 11 
35 13 
35 14 
35 15 
35 17 
35 18 
35 21 
35 22 
35 25 
35 26 
35 27 
35 30 
35 32 
35 33 
35 34 
35 36 
35 37 
35 42 
35 44 
35 51 
35 52 
35 53 
35 55 
35 58 
35 59 
35 60 
35 62 
35 63 
35 68 
35 69 
35 71 
35 73 
35 74 
35 78 
35 80 
35 82 
35 83 
35 84 
35 86 
35 87 
35 88 
35 94 
35 98 
35 102 
35 109 
35 117 
35 119 
35 121 
35 134 
35 148 
35 150 
35 156 
35 158 
35 180 
35 187 
36 11 
36 13 
36 27 
37 3 
37 6 
37 14 
37 22 
37 25 
38 32 
39 15 
39 34 
39 212 
40 3 
40 4 
40 11 
40 14 
40 15 
40 19 
40 25 
40 27 
40 30 
40 32 
40 33 
40 34 
40 36 
40 37 
40 42 
40 44 
40 52 
40 63 
40 68 
40 77 
40 80 
40 83 
40 84 
40 86 
40 88 
40 100 
40 117 
40 125 
40 133 
40 134 
40 158 
42 32 
42 117 
43 19 
43 125 
43 212 
44 14 
44 15 
44 21 
44 22 
44 26 
44 27 
44 34 
44 35 
44 128 
45 5 
45 6 
45 7 
45 8 
45 9 
45 10 
45 16 
45 17 
45 18 
45 26 
45 29 
45 32 
45 33 
45 34 
45 39 
45 44 
45 49 
45 55 
45 58 
45 66 
45 76 
45 79 
45 94 
45 96 
45 97 
45 102 
45 103 
45 105 
45 108 
45 110 
45 112 
45 120 
45 127 
45 128 
45 139 
45 140 
45 156 
45 158 
45 178 
45 182 
46 32 
47 15 
48 77 
48 90 
49 4 
49 5 
49 6 
49 14 
49 15 
49 22 
49 27 
49 32 
49 35 
49 36 
49 37 
49 44 
49 45 
49 51 
49 60 
49 77 
49 80 
49 82 
49 84 
49 95 
49 102 
49 158 
51 3 
51 14 
51 15 
51 27 
51 30 
51 42 
51 60 
51 86 
51 88 
52 22 
52 27 
52 32 
52 44 
52 63 
52 121 
55 7 
55 8 
55 127 
58 6 
60 32 
60 51 
60 73 
60 88 
60 90 
62 3 
62 27 
63 3 
63 15 
63 30 
63 35 
63 87 
64 45 
65 45 
66 55 
68 6 
68 11 
68 15 
68 17 
68 21 
68 27 
68 30 
68 32 
68 36 
68 42 
68 44 
68 48 
68 52 
68 62 
68 73 
68 80 
68 83 
68 84 
68 88 
68 90 
68 116 
68 117 
68 121 
68 146 
68 158 
69 3 
69 13 
69 15 
69 30 
69 32 
69 36 
69 37 
69 60 
69 63 
69 73 
69 80 
69 84 
69 87 
69 88 
69 98 
69 121 
70 4 
70 14 
70 22 
70 32 
70 44 
70 62 
70 71 
70 88 
70 102 
70 109 
70 110 
70 150 
72 32 
73 30 
73 121 
74 4 
74 14 
74 27 
76 6 
76 17 
76 79 
76 105 
76 136 
78 59 
82 5 
82 14 
82 15 
82 35 
82 37 
82 44 
82 53 
82 58 
82 74 
83 32 
83 42 
83 63 
83 117 
84 3 
84 13 
84 15 
84 27 
84 32 
84 35 
84 63 
84 68 
84 80 
84 83 
84 117 
86 3 
86 11 
86 14 
86 15 
86 22 
86 30 
86 32 
86 37 
86 51 
86 52 
86 60 
86 63 
86 69 
86 77 
86 83 
86 84 
86 87 
86 88 
86 117 
87 30 
87 63 
87 69 
87 73 
87 88 
88 22 
88 87 
89 22 
89 25 
89 32 
89 33 
89 36 
89 125 
89 134 
89 146 
89 158 
90 3 
90 15 
90 22 
90 27 
90 30 
90 32 
90 42 
90 44 
90 51 
90 52 
90 60 
90 63 
90 68 
90 84 
90 86 
90 88 
90 98 
90 117 
90 121 
91 14 
91 22 
91 146 
91 158 
93 14 
93 33 
93 77 
93 83 
96 4 
96 5 
96 6 
96 7 
96 8 
96 9 
96 10 
96 11 
96 14 
96 15 
96 16 
96 17 
96 19 
96 21 
96 22 
96 25 
96 26 
96 27 
96 32 
96 33 
96 34 
96 35 
96 36 
96 37 
96 40 
96 42 
96 44 
96 45 
96 49 
96 51 
96 55 
96 58 
96 60 
96 62 
96 63 
96 66 
96 68 
96 74 
96 76 
96 77 
96 78 
96 79 
96 80 
96 82 
96 83 
96 84 
96 86 
96 90 
96 95 
96 97 
96 102 
96 103 
96 105 
96 108 
96 112 
96 117 
96 128 
96 139 
96 156 
96 158 
96 178 
96 182 
97 45 
98 13 
98 82 
98 121 
100 116 
100 133 
101 6 
103 6 
105 6 
105 7 
105 8 
105 18 
105 26 
105 29 
105 34 
105 45 
105 99 
105 156 
105 166 
105 182 
108 6 
109 4 
109 7 
109 8 
109 11 
109 14 
109 15 
109 18 
109 21 
109 22 
109 25 
109 26 
109 27 
109 32 
109 33 
109 34 
109 35 
109 37 
109 40 
109 42 
109 44 
109 51 
109 53 
109 59 
109 60 
109 62 
109 67 
109 68 
109 71 
109 73 
109 75 
109 77 
109 78 
109 80 
109 82 
109 83 
109 86 
109 90 
109 91 
109 102 
109 115 
109 117 
109 119 
109 121 
109 125 
109 134 
109 138 
109 150 
109 157 
109 158 
109 168 
109 170 
109 180 
109 187 
109 212 
110 212 
113 71 
114 5 
115 60 
116 32 
117 32 
117 90 
121 22 
121 73 
121 98 
124 158 
133 32 
136 6 
146 15 
146 36 
146 44 
146 134 
146 158 
148 15 
154 27 
160 6 
167 33 
171 6 
178 45 
178 128 
204 59 
