1 28 
2 2 
2 26 
2 34 
2 44 
2 45 
2 99 
2 105 
2 109 
2 150 
2 158 
2 166 
2 212 
3 4 
3 14 
3 15 
3 22 
3 30 
3 37 
3 51 
3 52 
3 60 
3 63 
3 68 
3 69 
3 77 
3 84 
3 87 
3 88 
3 102 
4 2 
4 3 
4 5 
4 6 
4 11 
4 13 
4 14 
4 15 
4 17 
4 21 
4 22 
4 23 
4 25 
4 26 
4 27 
4 30 
4 32 
4 33 
4 34 
4 35 
4 36 
4 37 
4 44 
4 45 
4 49 
4 51 
4 52 
4 54 
4 60 
4 62 
4 63 
4 68 
4 69 
4 70 
4 73 
4 74 
4 78 
4 82 
4 84 
4 86 
4 87 
4 88 
4 94 
4 96 
4 98 
4 102 
4 103 
4 104 
4 105 
4 112 
4 119 
4 121 
4 125 
4 128 
4 130 
4 133 
4 134 
4 146 
4 148 
4 150 
4 158 
4 182 
4 193 
5 6 
5 45 
5 120 
5 134 
5 158 
6 5 
6 6 
6 7 
6 9 
6 13 
6 14 
6 23 
6 25 
6 26 
6 33 
6 34 
6 44 
6 45 
6 54 
6 55 
6 58 
6 66 
6 76 
6 79 
6 102 
6 103 
6 105 
6 108 
6 112 
6 125 
6 127 
6 128 
6 134 
6 146 
6 150 
6 158 
7 2 
7 3 
7 4 
7 6 
7 11 
7 14 
7 15 
7 17 
7 21 
7 22 
7 23 
7 26 
7 27 
7 28 
7 29 
7 31 
7 32 
7 33 
7 34 
7 35 
7 36 
7 37 
7 39 
7 42 
7 44 
7 45 
7 52 
7 58 
7 60 
7 62 
7 70 
7 71 
7 76 
7 78 
7 82 
7 86 
7 96 
7 99 
7 103 
7 104 
7 105 
7 109 
7 112 
7 119 
7 120 
7 130 
7 134 
7 136 
7 139 
7 146 
7 150 
7 155 
7 158 
7 168 
7 173 
7 180 
7 182 
7 193 
7 212 
7 213 
8 31 
8 34 
8 71 
8 109 
8 112 
8 119 
9 2 
9 3 
9 4 
9 6 
9 8 
9 9 
9 10 
9 11 
9 14 
9 15 
9 17 
9 21 
9 22 
9 23 
9 26 
9 27 
9 28 
9 29 
9 31 
9 32 
9 33 
9 34 
9 35 
9 36 
9 37 
9 39 
9 42 
9 44 
9 45 
9 52 
9 60 
9 62 
9 70 
9 76 
9 78 
9 82 
9 86 
9 96 
9 99 
9 103 
9 104 
9 105 
9 109 
9 120 
9 130 
9 134 
9 139 
9 146 
9 150 
9 158 
9 168 
9 173 
9 180 
9 182 
9 193 
9 212 
9 213 
10 2 
10 6 
10 9 
10 23 
10 26 
10 27 
10 29 
10 31 
10 34 
10 35 
10 37 
10 39 
10 42 
10 58 
10 105 
10 109 
10 136 
10 150 
10 155 
11 3 
11 4 
11 5 
11 7 
11 10 
11 13 
11 14 
11 15 
11 22 
11 26 
11 27 
11 36 
11 37 
11 44 
11 45 
11 70 
11 102 
11 133 
11 150 
11 212 
12 4 
12 6 
12 14 
12 15 
12 22 
12 25 
12 27 
12 33 
12 36 
12 37 
12 44 
12 45 
12 68 
12 78 
12 84 
12 91 
12 105 
12 113 
12 125 
12 134 
12 146 
12 150 
12 158 
12 182 
13 4 
13 36 
13 98 
14 3 
14 4 
14 5 
14 6 
14 7 
14 10 
14 11 
14 13 
14 15 
14 18 
14 21 
14 22 
14 23 
14 25 
14 27 
14 30 
14 31 
14 33 
14 34 
14 35 
14 36 
14 37 
14 39 
14 44 
14 45 
14 52 
14 54 
14 55 
14 60 
14 63 
14 68 
14 69 
14 73 
14 74 
14 78 
14 80 
14 82 
14 84 
14 86 
14 88 
14 104 
14 119 
14 125 
14 134 
14 146 
14 150 
14 158 
14 166 
14 173 
14 180 
14 182 
14 187 
14 212 
14 213 
15 3 
15 4 
15 7 
15 9 
15 10 
15 11 
15 13 
15 14 
15 16 
15 21 
15 22 
15 25 
15 27 
15 30 
15 31 
15 32 
15 34 
15 35 
15 36 
15 37 
15 39 
15 40 
15 44 
15 52 
15 60 
15 62 
15 63 
15 68 
15 69 
15 70 
15 72 
15 73 
15 74 
15 80 
15 82 
15 83 
15 84 
15 87 
15 88 
15 98 
15 100 
15 102 
15 109 
15 121 
15 133 
15 157 
15 158 
15 182 
15 193 
15 212 
16 45 
16 97 
17 2 
17 4 
17 6 
17 21 
17 22 
17 27 
17 33 
17 34 
17 36 
17 37 
17 44 
17 45 
17 62 
17 84 
17 105 
17 109 
17 125 
17 134 
17 138 
17 150 
17 155 
17 158 
17 212 
18 3 
18 6 
18 23 
18 26 
18 27 
18 34 
18 134 
19 2 
19 3 
19 6 
19 15 
19 28 
19 36 
19 44 
20 40 
21 15 
21 27 
21 44 
21 45 
21 87 
21 148 
22 2 
22 3 
22 4 
22 5 
22 6 
22 7 
22 10 
22 11 
22 14 
22 15 
22 17 
22 21 
22 23 
22 25 
22 27 
22 30 
22 32 
22 33 
22 34 
22 35 
22 36 
22 37 
22 40 
22 44 
22 45 
22 48 
22 51 
22 52 
22 53 
22 60 
22 62 
22 63 
22 68 
22 71 
22 73 
22 74 
22 77 
22 78 
22 80 
22 82 
22 83 
22 84 
22 86 
22 87 
22 88 
22 90 
22 91 
22 92 
22 98 
22 102 
22 104 
22 109 
22 121 
22 148 
22 157 
22 158 
22 168 
22 182 
22 187 
22 212 
23 2 
23 4 
23 5 
23 6 
23 7 
23 8 
23 9 
23 10 
23 14 
23 15 
23 17 
23 18 
23 22 
23 26 
23 27 
23 29 
23 31 
23 32 
23 34 
23 35 
23 37 
23 39 
23 42 
23 44 
23 45 
23 76 
23 105 
23 158 
25 4 
25 6 
25 11 
25 14 
25 15 
25 21 
25 27 
25 36 
25 44 
25 45 
25 76 
25 105 
25 158 
25 193 
26 2 
26 17 
26 18 
26 25 
26 28 
26 34 
26 40 
26 44 
26 45 
26 67 
26 158 
26 193 
27 2 
27 3 
27 4 
27 5 
27 6 
27 7 
27 8 
27 11 
27 13 
27 14 
27 15 
27 17 
27 18 
27 21 
27 22 
27 30 
27 31 
27 32 
27 33 
27 35 
27 36 
27 37 
27 39 
27 40 
27 42 
27 44 
27 45 
27 48 
27 49 
27 51 
27 52 
27 53 
27 60 
27 62 
27 63 
27 68 
27 69 
27 73 
27 74 
27 82 
27 83 
27 84 
27 87 
27 88 
27 94 
27 98 
27 100 
27 102 
27 103 
27 108 
27 109 
27 112 
27 117 
27 121 
27 125 
27 127 
27 128 
27 130 
27 134 
27 146 
27 148 
27 150 
27 182 
27 193 
28 6 
28 23 
28 34 
28 36 
28 44 
28 45 
28 80 
28 150 
29 2 
29 6 
29 36 
29 45 
29 105 
29 158 
30 2 
30 6 
30 11 
30 13 
30 14 
30 15 
30 21 
30 22 
30 23 
30 27 
30 32 
30 33 
30 35 
30 36 
30 37 
30 42 
30 44 
30 45 
30 48 
30 51 
30 52 
30 60 
30 63 
30 68 
30 69 
30 73 
30 77 
30 83 
30 84 
30 86 
30 87 
30 88 
30 98 
30 100 
30 102 
30 116 
30 117 
30 121 
31 2 
31 3 
31 5 
31 6 
31 7 
31 10 
31 15 
31 17 
31 23 
31 27 
31 34 
31 44 
31 45 
31 63 
31 87 
31 105 
31 116 
31 158 
32 45 
32 117 
32 133 
33 134 
33 158 
34 2 
34 17 
34 27 
34 29 
34 31 
34 109 
34 158 
34 212 
35 3 
35 4 
35 6 
35 7 
35 10 
35 11 
35 13 
35 14 
35 15 
35 16 
35 21 
35 22 
35 25 
35 26 
35 27 
35 28 
35 30 
35 32 
35 33 
35 36 
35 37 
35 40 
35 42 
35 44 
35 45 
35 49 
35 52 
35 53 
35 60 
35 63 
35 68 
35 73 
35 79 
35 82 
35 87 
35 94 
35 119 
35 133 
35 134 
35 146 
35 148 
35 150 
35 158 
35 182 
35 213 
36 2 
36 4 
36 7 
36 8 
36 11 
36 13 
36 14 
36 15 
36 22 
36 23 
36 25 
36 30 
36 35 
36 37 
36 45 
36 62 
36 63 
36 67 
36 69 
36 74 
36 80 
36 82 
36 84 
36 87 
36 102 
36 105 
36 148 
37 3 
37 4 
37 15 
37 35 
37 90 
37 125 
39 2 
39 6 
39 11 
39 13 
39 14 
39 15 
39 17 
39 21 
39 22 
39 23 
39 26 
39 27 
39 28 
39 34 
39 35 
39 36 
39 37 
39 40 
39 44 
39 45 
39 63 
39 70 
39 78 
39 80 
39 82 
39 98 
39 99 
39 102 
39 105 
39 109 
39 133 
39 134 
39 155 
39 158 
39 212 
40 2 
40 4 
40 6 
40 11 
40 14 
40 15 
40 27 
40 36 
40 44 
40 45 
40 48 
40 52 
40 60 
40 68 
40 90 
40 100 
40 109 
40 133 
40 148 
40 158 
43 17 
43 23 
43 71 
43 113 
43 125 
43 134 
43 146 
43 158 
43 193 
43 212 
44 3 
44 4 
44 7 
44 9 
44 11 
44 13 
44 14 
44 15 
44 17 
44 21 
44 22 
44 23 
44 25 
44 26 
44 27 
44 28 
44 29 
44 30 
44 31 
44 32 
44 34 
44 35 
44 36 
44 37 
44 39 
44 62 
44 63 
44 68 
44 69 
44 70 
44 74 
44 82 
44 84 
44 86 
44 87 
44 100 
44 102 
44 113 
44 121 
44 125 
44 128 
44 134 
44 148 
44 150 
44 158 
44 193 
45 2 
45 5 
45 6 
45 7 
45 8 
45 9 
45 10 
45 14 
45 16 
45 17 
45 18 
45 23 
45 25 
45 26 
45 27 
45 28 
45 29 
45 31 
45 32 
45 33 
45 34 
45 36 
45 37 
45 39 
45 40 
45 44 
45 49 
45 55 
45 58 
45 62 
45 66 
45 71 
45 76 
45 79 
45 94 
45 95 
45 96 
45 97 
45 102 
45 103 
45 105 
45 108 
45 109 
45 112 
45 120 
45 125 
45 127 
45 128 
45 130 
45 134 
45 136 
45 139 
45 146 
45 158 
45 165 
45 173 
45 178 
45 182 
47 2 
47 4 
47 6 
47 7 
47 9 
47 10 
47 11 
47 14 
47 23 
47 26 
47 27 
47 34 
47 45 
47 63 
47 105 
49 5 
49 35 
49 44 
49 96 
49 109 
49 158 
51 37 
51 77 
52 3 
52 6 
52 14 
52 22 
52 44 
52 62 
52 68 
52 73 
52 84 
52 121 
52 133 
54 4 
54 6 
54 14 
54 37 
55 14 
55 35 
55 44 
55 45 
55 66 
55 108 
58 16 
58 45 
58 158 
59 4 
59 14 
60 3 
60 36 
60 51 
60 77 
60 88 
60 90 
63 3 
63 4 
63 14 
63 22 
63 30 
63 37 
63 44 
63 52 
63 60 
63 69 
63 80 
63 84 
63 87 
63 88 
65 27 
65 45 
66 6 
66 35 
66 45 
66 103 
68 3 
68 4 
68 11 
68 13 
68 14 
68 15 
68 17 
68 22 
68 35 
68 36 
68 44 
68 45 
68 48 
68 52 
68 62 
68 84 
68 90 
68 158 
69 3 
69 4 
69 22 
69 27 
69 30 
69 33 
69 44 
69 52 
69 60 
69 63 
69 68 
69 84 
69 87 
69 121 
69 133 
69 146 
70 2 
70 3 
70 4 
70 6 
70 13 
70 14 
70 15 
70 27 
70 37 
70 44 
70 45 
70 62 
70 63 
71 14 
71 67 
73 44 
73 52 
73 60 
73 98 
73 121 
74 4 
74 14 
76 2 
76 6 
76 14 
76 16 
76 25 
76 35 
76 45 
76 70 
76 79 
76 112 
76 116 
76 146 
76 182 
78 4 
78 14 
78 22 
78 27 
78 35 
78 45 
78 158 
79 16 
80 11 
80 14 
80 15 
80 36 
81 112 
82 4 
82 6 
82 14 
82 15 
82 22 
82 35 
82 37 
82 44 
82 45 
82 53 
82 74 
84 3 
84 4 
84 22 
84 35 
84 44 
84 52 
84 68 
86 3 
86 51 
86 52 
86 77 
86 88 
87 3 
87 4 
87 13 
87 14 
87 52 
87 63 
87 69 
87 84 
88 3 
88 69 
89 2 
89 4 
89 25 
89 36 
89 44 
89 62 
89 80 
89 91 
89 158 
90 3 
90 51 
90 52 
90 77 
90 86 
90 88 
90 105 
91 4 
91 14 
91 44 
92 71 
92 113 
92 159 
93 14 
93 28 
93 33 
93 36 
93 48 
93 77 
93 100 
96 23 
96 94 
96 125 
96 182 
97 6 
97 16 
97 45 
98 60 
98 63 
98 69 
98 73 
98 121 
98 133 
99 2 
99 105 
101 16 
101 45 
103 45 
103 112 
104 158 
105 2 
105 17 
105 23 
105 26 
105 34 
105 99 
105 150 
105 165 
105 182 
108 6 
108 45 
108 76 
108 96 
108 97 
108 158 
109 15 
109 44 
109 45 
109 70 
109 71 
109 92 
109 113 
109 115 
109 119 
109 138 
109 150 
109 168 
110 105 
110 212 
115 168 
116 32 
120 130 
121 44 
121 73 
121 98 
125 28 
130 45 
130 127 
135 2 
135 6 
135 44 
135 45 
146 2 
147 39 
153 34 
153 158 
168 44 
169 14 
172 33 
172 134 
172 158 
187 53 
197 6 
203 37 
