2 27 
2 44 
2 99 
2 105 
2 150 
2 156 
2 166 
3 15 
3 22 
3 27 
3 30 
3 32 
3 37 
3 51 
3 52 
3 63 
3 68 
3 69 
3 73 
3 77 
3 86 
3 87 
3 88 
4 3 
4 7 
4 10 
4 13 
4 14 
4 15 
4 22 
4 26 
4 27 
4 35 
4 40 
4 44 
4 52 
4 53 
4 57 
4 59 
4 63 
4 68 
4 73 
4 74 
4 82 
4 84 
4 88 
4 91 
4 119 
4 130 
4 148 
5 37 
5 60 
5 82 
5 95 
5 104 
5 130 
6 25 
6 45 
6 103 
6 128 
7 2 
7 4 
7 6 
7 11 
7 13 
7 14 
7 15 
7 19 
7 21 
7 22 
7 23 
7 26 
7 27 
7 28 
7 30 
7 32 
7 34 
7 35 
7 36 
7 37 
7 40 
7 42 
7 44 
7 45 
7 49 
7 51 
7 58 
7 60 
7 62 
7 63 
7 67 
7 68 
7 69 
7 70 
7 73 
7 76 
7 77 
7 78 
7 80 
7 82 
7 83 
7 84 
7 87 
7 96 
7 97 
7 98 
7 100 
7 105 
7 109 
7 112 
7 117 
7 125 
7 128 
7 130 
7 133 
7 134 
7 146 
7 148 
7 150 
7 158 
7 168 
7 213 
8 6 
8 34 
8 45 
8 70 
8 130 
8 140 
9 2 
9 4 
9 6 
9 8 
9 10 
9 11 
9 13 
9 14 
9 15 
9 19 
9 21 
9 22 
9 23 
9 26 
9 27 
9 28 
9 30 
9 32 
9 34 
9 35 
9 36 
9 37 
9 40 
9 42 
9 44 
9 45 
9 49 
9 51 
9 58 
9 60 
9 62 
9 63 
9 67 
9 68 
9 69 
9 70 
9 73 
9 76 
9 77 
9 78 
9 80 
9 82 
9 83 
9 84 
9 87 
9 96 
9 97 
9 98 
9 100 
9 105 
9 109 
9 112 
9 117 
9 125 
9 128 
9 133 
9 134 
9 146 
9 148 
9 150 
9 158 
9 168 
9 213 
10 2 
10 6 
10 9 
10 45 
10 76 
10 134 
11 13 
11 14 
11 35 
11 36 
11 80 
11 102 
12 104 
13 36 
13 73 
13 98 
13 121 
14 3 
14 4 
14 6 
14 7 
14 10 
14 13 
14 15 
14 21 
14 22 
14 23 
14 27 
14 30 
14 31 
14 32 
14 34 
14 35 
14 36 
14 37 
14 40 
14 44 
14 45 
14 54 
14 57 
14 59 
14 60 
14 62 
14 63 
14 67 
14 68 
14 69 
14 70 
14 73 
14 74 
14 80 
14 82 
14 84 
14 88 
14 102 
14 104 
14 118 
14 150 
14 156 
14 157 
14 166 
14 182 
14 187 
15 3 
15 4 
15 7 
15 9 
15 11 
15 13 
15 14 
15 21 
15 22 
15 27 
15 30 
15 32 
15 35 
15 36 
15 37 
15 44 
15 51 
15 52 
15 62 
15 63 
15 68 
15 69 
15 70 
15 73 
15 74 
15 77 
15 80 
15 82 
15 83 
15 84 
15 87 
15 88 
15 98 
15 100 
15 102 
15 110 
15 121 
16 5 
16 27 
16 35 
16 76 
16 97 
16 112 
17 2 
17 6 
17 14 
17 15 
17 27 
17 32 
17 44 
17 45 
17 76 
17 80 
17 105 
17 115 
17 155 
18 2 
18 3 
18 4 
18 6 
18 7 
18 8 
18 9 
18 10 
18 11 
18 13 
18 14 
18 15 
18 21 
18 22 
18 23 
18 25 
18 26 
18 27 
18 28 
18 30 
18 31 
18 32 
18 33 
18 34 
18 35 
18 36 
18 37 
18 42 
18 44 
18 45 
18 48 
18 49 
18 51 
18 55 
18 60 
18 63 
18 68 
18 69 
18 70 
18 72 
18 76 
18 77 
18 79 
18 80 
18 84 
18 86 
18 88 
18 90 
18 91 
18 96 
18 98 
18 102 
18 105 
18 108 
18 116 
18 117 
18 125 
18 134 
18 146 
18 156 
18 158 
18 170 
18 178 
21 44 
21 51 
22 3 
22 4 
22 13 
22 14 
22 15 
22 25 
22 27 
22 32 
22 35 
22 37 
22 42 
22 44 
22 45 
22 48 
22 49 
22 52 
22 53 
22 60 
22 62 
22 63 
22 68 
22 77 
22 80 
22 82 
22 84 
22 88 
22 100 
22 110 
22 117 
22 148 
22 193 
25 94 
26 2 
26 4 
26 6 
26 7 
26 9 
26 10 
26 14 
26 15 
26 19 
26 22 
26 23 
26 27 
26 28 
26 34 
26 35 
26 36 
26 37 
26 40 
26 45 
26 60 
26 68 
26 76 
26 78 
26 80 
26 99 
26 134 
26 150 
26 212 
27 3 
27 4 
27 7 
27 8 
27 11 
27 13 
27 14 
27 15 
27 21 
27 22 
27 26 
27 30 
27 35 
27 36 
27 37 
27 44 
27 53 
27 57 
27 62 
27 63 
27 68 
27 69 
27 73 
27 74 
27 82 
27 84 
27 86 
27 87 
27 88 
27 100 
27 121 
27 127 
27 130 
27 148 
27 158 
29 2 
29 3 
29 4 
29 6 
29 7 
29 8 
29 9 
29 10 
29 11 
29 13 
29 14 
29 15 
29 17 
29 18 
29 19 
29 22 
29 23 
29 26 
29 27 
29 28 
29 30 
29 31 
29 32 
29 33 
29 34 
29 35 
29 36 
29 37 
29 42 
29 44 
29 45 
29 58 
29 60 
29 62 
29 68 
29 70 
29 76 
29 78 
29 79 
29 80 
29 82 
29 84 
29 89 
29 94 
29 96 
29 102 
29 103 
29 105 
29 112 
29 116 
29 125 
29 128 
29 134 
29 146 
29 157 
29 158 
29 166 
30 11 
30 14 
30 15 
30 21 
30 27 
30 32 
30 36 
30 42 
30 44 
30 45 
30 63 
30 68 
30 69 
30 73 
30 74 
30 84 
30 87 
30 88 
30 98 
30 117 
30 121 
31 100 
31 127 
34 2 
34 6 
34 18 
34 23 
34 26 
34 29 
34 45 
34 80 
34 99 
34 212 
35 4 
35 14 
35 21 
35 22 
35 27 
35 37 
35 44 
35 53 
35 62 
35 63 
35 77 
35 82 
35 87 
35 98 
35 103 
35 146 
35 148 
35 156 
35 158 
36 11 
36 13 
36 14 
36 15 
36 27 
36 80 
36 121 
37 3 
37 15 
37 42 
37 60 
37 69 
37 70 
37 80 
37 83 
39 2 
39 3 
39 4 
39 5 
39 6 
39 7 
39 8 
39 9 
39 10 
39 11 
39 13 
39 14 
39 15 
39 16 
39 17 
39 18 
39 19 
39 21 
39 22 
39 23 
39 25 
39 26 
39 27 
39 28 
39 29 
39 30 
39 31 
39 32 
39 33 
39 34 
39 35 
39 36 
39 37 
39 39 
39 40 
39 42 
39 44 
39 45 
39 48 
39 49 
39 51 
39 52 
39 53 
39 55 
39 58 
39 59 
39 60 
39 62 
39 63 
39 66 
39 67 
39 68 
39 69 
39 70 
39 72 
39 73 
39 76 
39 77 
39 78 
39 79 
39 80 
39 82 
39 83 
39 84 
39 86 
39 87 
39 88 
39 89 
39 90 
39 91 
39 94 
39 95 
39 96 
39 98 
39 99 
39 102 
39 103 
39 105 
39 108 
39 109 
39 110 
39 112 
39 116 
39 117 
39 120 
39 121 
39 125 
39 128 
39 130 
39 133 
39 134 
39 139 
39 140 
39 146 
39 148 
39 150 
39 156 
39 157 
39 158 
39 170 
39 178 
39 187 
39 212 
39 213 
40 100 
42 32 
42 83 
42 116 
42 117 
43 19 
43 67 
43 91 
43 110 
43 113 
43 125 
43 212 
43 213 
44 4 
44 11 
44 13 
44 14 
44 15 
44 21 
44 27 
44 30 
44 31 
44 34 
44 35 
44 36 
44 63 
44 68 
44 80 
44 82 
44 102 
44 113 
44 121 
44 148 
45 4 
45 6 
45 7 
45 8 
45 9 
45 10 
45 14 
45 16 
45 23 
45 25 
45 29 
45 31 
45 34 
45 39 
45 44 
45 55 
45 58 
45 70 
45 76 
45 79 
45 80 
45 94 
45 96 
45 97 
45 99 
45 102 
45 103 
45 105 
45 108 
45 112 
45 120 
45 125 
45 127 
45 128 
45 130 
45 136 
45 158 
45 165 
45 178 
47 2 
47 3 
47 4 
47 6 
47 7 
47 9 
47 10 
47 14 
47 15 
47 22 
47 23 
47 27 
47 28 
47 31 
47 32 
47 36 
47 37 
47 40 
47 44 
47 45 
47 52 
47 63 
47 68 
47 69 
47 72 
47 73 
47 76 
47 78 
47 82 
47 83 
47 84 
47 98 
47 100 
47 116 
47 117 
47 133 
51 86 
52 84 
52 133 
55 6 
55 15 
55 31 
55 45 
58 4 
58 6 
58 14 
58 23 
58 27 
58 45 
58 76 
58 80 
58 97 
60 40 
60 51 
60 77 
62 119 
63 3 
63 27 
63 30 
63 52 
63 69 
63 73 
63 84 
63 87 
63 88 
63 98 
63 121 
66 27 
66 35 
66 45 
68 13 
68 14 
68 15 
68 22 
68 27 
68 30 
68 44 
68 48 
68 51 
68 60 
68 63 
68 69 
68 77 
68 84 
68 88 
69 3 
69 30 
69 52 
69 63 
69 72 
69 73 
69 84 
69 87 
69 98 
69 121 
70 100 
71 3 
71 4 
71 6 
71 11 
71 13 
71 14 
71 15 
71 22 
71 27 
71 30 
71 32 
71 35 
71 36 
71 37 
71 42 
71 44 
71 45 
71 52 
71 60 
71 67 
71 68 
71 78 
71 80 
71 82 
71 88 
71 92 
71 102 
71 109 
71 148 
71 156 
73 13 
73 30 
73 68 
73 98 
73 100 
73 121 
74 4 
74 14 
75 168 
76 45 
76 55 
76 136 
76 156 
80 36 
82 6 
82 14 
82 15 
82 35 
82 37 
82 53 
82 74 
84 52 
84 63 
84 69 
86 51 
86 52 
86 77 
86 88 
86 90 
87 3 
87 15 
87 30 
87 52 
87 63 
87 69 
88 48 
88 52 
88 60 
88 90 
91 156 
92 71 
93 14 
93 19 
93 27 
93 33 
93 48 
93 157 
95 4 
95 22 
95 49 
96 95 
98 73 
98 121 
105 99 
105 165 
108 14 
109 4 
109 15 
109 22 
109 27 
109 44 
109 75 
109 80 
109 113 
109 115 
109 119 
109 138 
109 150 
109 168 
110 6 
110 14 
110 15 
110 27 
110 45 
110 63 
110 80 
110 212 
112 120 
112 130 
119 15 
120 14 
120 112 
121 32 
121 73 
121 98 
135 44 
137 70 
147 14 
150 6 
156 166 
163 2 
163 14 
163 15 
163 21 
163 27 
163 44 
163 82 
163 150 
193 187 
196 51 
