2 6 
2 7 
2 10 
2 34 
2 45 
2 80 
2 105 
2 156 
2 166 
2 173 
3 15 
3 22 
3 36 
3 37 
3 60 
3 63 
3 68 
3 74 
3 88 
4 2 
4 3 
4 11 
4 14 
4 15 
4 21 
4 22 
4 27 
4 30 
4 35 
4 36 
4 37 
4 44 
4 52 
4 63 
4 68 
4 73 
4 74 
4 82 
4 84 
4 88 
4 98 
4 148 
5 4 
5 6 
5 15 
5 35 
5 37 
5 44 
5 45 
5 53 
5 95 
5 103 
5 109 
5 112 
5 128 
6 25 
6 44 
6 45 
6 54 
6 80 
6 96 
6 103 
6 112 
6 156 
7 6 
7 15 
7 23 
7 27 
7 31 
7 32 
7 34 
7 44 
7 45 
7 48 
7 51 
7 52 
7 54 
7 59 
7 60 
7 67 
7 71 
7 72 
7 89 
7 103 
7 105 
7 109 
7 110 
7 112 
7 120 
7 130 
7 136 
7 146 
7 170 
7 173 
7 180 
7 193 
8 112 
8 140 
9 6 
9 8 
9 10 
9 15 
9 23 
9 27 
9 31 
9 32 
9 34 
9 44 
9 45 
9 48 
9 51 
9 52 
9 54 
9 59 
9 60 
9 67 
9 71 
9 72 
9 89 
9 103 
9 112 
9 120 
9 136 
9 146 
9 170 
9 173 
9 180 
9 193 
10 6 
10 8 
10 27 
10 34 
10 44 
10 45 
10 105 
10 109 
10 110 
10 130 
11 3 
11 4 
11 13 
11 15 
11 22 
11 27 
11 36 
11 44 
11 68 
11 80 
12 25 
12 45 
12 48 
12 78 
12 83 
12 89 
12 100 
12 116 
12 158 
13 27 
13 37 
14 4 
14 5 
14 6 
14 11 
14 13 
14 15 
14 21 
14 22 
14 25 
14 27 
14 30 
14 34 
14 35 
14 37 
14 44 
14 45 
14 57 
14 59 
14 67 
14 68 
14 74 
14 82 
14 83 
14 84 
14 88 
14 89 
14 100 
14 104 
14 156 
14 180 
14 182 
14 187 
15 3 
15 4 
15 11 
15 13 
15 14 
15 21 
15 22 
15 27 
15 30 
15 34 
15 35 
15 36 
15 37 
15 44 
15 48 
15 51 
15 52 
15 60 
15 62 
15 63 
15 68 
15 69 
15 73 
15 74 
15 77 
15 80 
15 82 
15 83 
15 84 
15 86 
15 87 
15 88 
15 98 
15 100 
15 102 
15 121 
15 134 
17 2 
17 3 
17 4 
17 6 
17 11 
17 13 
17 14 
17 15 
17 21 
17 22 
17 25 
17 27 
17 30 
17 33 
17 35 
17 36 
17 37 
17 39 
17 44 
17 45 
17 48 
17 49 
17 60 
17 62 
17 63 
17 68 
17 70 
17 72 
17 80 
17 82 
17 84 
17 86 
17 89 
17 100 
17 102 
17 103 
17 105 
17 109 
17 112 
17 116 
17 120 
17 128 
17 130 
17 134 
17 146 
17 150 
17 155 
17 156 
17 158 
17 190 
18 26 
18 34 
19 6 
21 44 
22 3 
22 4 
22 5 
22 6 
22 11 
22 13 
22 14 
22 15 
22 25 
22 27 
22 30 
22 32 
22 34 
22 35 
22 36 
22 37 
22 40 
22 44 
22 45 
22 48 
22 51 
22 52 
22 60 
22 62 
22 63 
22 67 
22 68 
22 69 
22 70 
22 73 
22 74 
22 76 
22 77 
22 80 
22 82 
22 83 
22 84 
22 86 
22 87 
22 88 
22 89 
22 90 
22 95 
22 96 
22 102 
22 105 
22 109 
22 113 
22 116 
22 121 
22 128 
22 134 
22 148 
22 156 
22 158 
22 181 
22 182 
23 6 
23 7 
23 8 
23 10 
23 11 
23 14 
23 34 
23 37 
23 44 
23 45 
23 60 
23 139 
23 181 
24 22 
24 72 
25 15 
25 84 
25 158 
26 22 
26 34 
26 105 
26 130 
27 3 
27 4 
27 6 
27 11 
27 13 
27 14 
27 15 
27 21 
27 22 
27 30 
27 35 
27 36 
27 37 
27 44 
27 51 
27 52 
27 54 
27 60 
27 62 
27 63 
27 68 
27 80 
27 82 
27 84 
27 88 
27 103 
27 105 
27 109 
27 127 
27 130 
27 148 
28 3 
28 4 
28 6 
28 11 
28 14 
28 15 
28 21 
28 22 
28 26 
28 27 
28 30 
28 31 
28 32 
28 33 
28 35 
28 36 
28 37 
28 44 
28 45 
28 48 
28 49 
28 62 
28 67 
28 68 
28 69 
28 72 
28 75 
28 80 
28 82 
28 83 
28 89 
28 96 
28 100 
28 103 
28 109 
28 112 
28 116 
28 125 
28 134 
28 146 
28 150 
28 157 
28 158 
28 170 
28 173 
28 180 
29 6 
29 62 
30 15 
30 27 
30 44 
30 48 
30 63 
30 68 
30 73 
30 80 
30 84 
30 87 
30 121 
31 6 
31 14 
31 15 
31 23 
31 45 
31 96 
31 105 
31 112 
31 139 
32 6 
32 15 
32 45 
32 100 
32 116 
32 117 
32 133 
33 2 
33 15 
33 44 
33 213 
34 27 
34 99 
34 139 
34 170 
34 173 
35 2 
35 4 
35 11 
35 13 
35 14 
35 15 
35 21 
35 22 
35 27 
35 37 
35 42 
35 44 
35 45 
35 51 
35 60 
35 70 
35 82 
35 87 
35 89 
35 113 
35 187 
36 11 
36 13 
36 27 
36 80 
36 178 
37 4 
37 15 
37 80 
37 83 
37 117 
38 72 
39 2 
39 3 
39 4 
39 5 
39 6 
39 7 
39 8 
39 9 
39 10 
39 11 
39 13 
39 14 
39 15 
39 22 
39 25 
39 26 
39 27 
39 28 
39 30 
39 31 
39 32 
39 33 
39 34 
39 35 
39 36 
39 37 
39 39 
39 40 
39 42 
39 44 
39 45 
39 49 
39 51 
39 52 
39 60 
39 62 
39 67 
39 68 
39 69 
39 70 
39 73 
39 80 
39 82 
39 83 
39 84 
39 86 
39 89 
39 99 
39 100 
39 102 
39 103 
39 105 
39 109 
39 112 
39 116 
39 128 
39 130 
39 133 
39 146 
39 156 
39 157 
39 158 
39 166 
39 170 
39 173 
39 180 
40 3 
40 6 
40 15 
40 22 
40 25 
40 37 
40 44 
40 100 
40 133 
42 83 
43 14 
43 27 
43 37 
43 44 
43 45 
43 92 
43 113 
43 115 
43 119 
43 125 
43 159 
43 173 
43 181 
43 187 
43 212 
44 2 
44 3 
44 4 
44 7 
44 8 
44 11 
44 13 
44 14 
44 15 
44 21 
44 22 
44 25 
44 27 
44 35 
44 36 
44 37 
44 52 
44 62 
44 68 
44 80 
44 82 
44 102 
44 112 
44 119 
44 128 
44 146 
44 148 
44 158 
45 2 
45 3 
45 5 
45 6 
45 7 
45 8 
45 10 
45 14 
45 15 
45 16 
45 23 
45 25 
45 27 
45 30 
45 31 
45 32 
45 34 
45 36 
45 37 
45 40 
45 42 
45 44 
45 48 
45 54 
45 55 
45 58 
45 60 
45 67 
45 70 
45 76 
45 79 
45 80 
45 89 
45 96 
45 97 
45 102 
45 103 
45 105 
45 109 
45 112 
45 116 
45 120 
45 125 
45 127 
45 128 
45 130 
45 134 
45 136 
45 139 
45 156 
45 158 
45 178 
45 182 
47 6 
47 7 
47 8 
47 10 
47 14 
47 15 
47 18 
47 22 
47 27 
47 30 
47 36 
47 42 
47 44 
47 45 
47 48 
47 52 
47 60 
47 67 
47 70 
47 80 
47 83 
47 86 
47 89 
47 99 
47 100 
47 102 
47 109 
47 116 
47 156 
47 173 
49 5 
49 6 
49 11 
49 15 
49 32 
49 44 
49 45 
49 70 
49 96 
49 121 
52 40 
52 68 
52 84 
52 121 
55 136 
58 79 
59 57 
59 170 
60 22 
60 51 
62 52 
62 68 
63 30 
63 87 
66 35 
66 45 
68 15 
68 27 
68 30 
68 35 
68 44 
68 48 
68 52 
68 62 
68 84 
69 35 
69 63 
69 80 
69 84 
69 87 
70 45 
72 32 
73 11 
73 30 
73 98 
73 121 
74 4 
74 14 
75 44 
76 6 
76 45 
76 136 
78 35 
82 4 
82 14 
82 15 
82 30 
82 35 
82 48 
82 53 
82 74 
82 89 
84 40 
84 52 
84 62 
84 68 
86 51 
86 90 
87 44 
87 63 
88 27 
88 60 
88 77 
89 35 
90 15 
90 51 
90 77 
90 86 
92 181 
93 14 
93 33 
93 180 
95 48 
97 79 
98 121 
101 79 
105 45 
107 5 
107 112 
109 6 
109 45 
109 75 
109 92 
109 113 
109 115 
109 138 
109 168 
110 4 
110 6 
110 11 
110 14 
110 15 
110 22 
110 25 
110 34 
110 37 
110 44 
110 45 
110 62 
110 80 
110 105 
110 134 
110 158 
112 103 
112 120 
112 128 
112 130 
113 181 
114 4 
114 5 
114 14 
114 15 
114 30 
114 32 
114 35 
114 42 
114 44 
114 45 
114 62 
114 70 
114 73 
114 82 
114 83 
114 116 
114 117 
114 128 
114 133 
119 6 
120 4 
120 14 
120 15 
120 27 
120 30 
120 82 
120 103 
120 112 
120 128 
120 130 
120 178 
121 13 
121 73 
121 98 
122 170 
129 27 
130 4 
130 14 
130 15 
130 27 
130 82 
130 103 
130 112 
135 6 
135 22 
135 25 
135 44 
135 45 
136 112 
139 26 
139 35 
147 7 
147 9 
147 36 
153 48 
153 116 
153 173 
177 178 
178 103 
204 213 
