1 19 
1 28 
1 80 
1 134 
2 2 
2 6 
2 7 
2 10 
2 14 
2 15 
2 17 
2 18 
2 23 
2 25 
2 26 
2 28 
2 29 
2 31 
2 34 
2 39 
2 40 
2 44 
2 45 
2 80 
2 99 
2 105 
2 109 
2 110 
2 125 
2 134 
2 150 
2 158 
2 166 
3 15 
3 22 
3 26 
3 37 
3 40 
3 60 
3 63 
3 69 
3 74 
3 84 
3 87 
3 110 
3 134 
4 3 
4 14 
4 15 
4 22 
4 27 
4 28 
4 30 
4 35 
4 37 
4 52 
4 59 
4 74 
4 80 
4 158 
5 6 
5 17 
6 2 
6 3 
6 4 
6 5 
6 6 
6 7 
6 10 
6 11 
6 14 
6 15 
6 16 
6 17 
6 19 
6 22 
6 23 
6 25 
6 26 
6 27 
6 28 
6 30 
6 31 
6 32 
6 33 
6 34 
6 35 
6 36 
6 37 
6 39 
6 40 
6 42 
6 44 
6 45 
6 48 
6 49 
6 51 
6 52 
6 53 
6 54 
6 55 
6 58 
6 59 
6 60 
6 62 
6 63 
6 66 
6 68 
6 69 
6 70 
6 73 
6 76 
6 78 
6 79 
6 80 
6 82 
6 83 
6 86 
6 87 
6 90 
6 91 
6 94 
6 95 
6 96 
6 99 
6 102 
6 103 
6 105 
6 108 
6 109 
6 110 
6 112 
6 116 
6 117 
6 125 
6 128 
6 133 
6 134 
6 146 
6 150 
6 156 
6 158 
6 178 
6 182 
7 4 
7 6 
7 14 
7 15 
7 19 
7 22 
7 26 
7 27 
7 30 
7 32 
7 35 
7 36 
7 39 
7 40 
7 44 
7 45 
7 52 
7 54 
7 55 
7 60 
7 69 
7 82 
7 90 
7 95 
7 96 
7 105 
7 109 
7 110 
7 116 
7 117 
7 133 
7 134 
7 146 
7 156 
7 158 
7 180 
7 182 
7 187 
8 110 
8 140 
9 4 
9 6 
9 8 
9 14 
9 15 
9 19 
9 22 
9 26 
9 27 
9 30 
9 32 
9 35 
9 36 
9 39 
9 40 
9 44 
9 45 
9 52 
9 54 
9 55 
9 60 
9 69 
9 82 
9 90 
9 95 
9 96 
9 105 
9 109 
9 110 
9 116 
9 117 
9 133 
9 134 
9 140 
9 146 
9 156 
9 158 
9 180 
9 182 
9 187 
10 26 
11 14 
11 27 
11 36 
11 59 
11 80 
12 3 
12 6 
12 14 
12 25 
12 27 
12 36 
12 40 
12 44 
12 45 
12 51 
12 62 
12 89 
12 91 
12 125 
12 134 
12 146 
12 158 
13 32 
13 37 
13 98 
13 121 
14 3 
14 4 
14 5 
14 6 
14 7 
14 9 
14 11 
14 13 
14 15 
14 22 
14 23 
14 25 
14 26 
14 27 
14 31 
14 34 
14 35 
14 36 
14 37 
14 44 
14 45 
14 54 
14 57 
14 59 
14 63 
14 69 
14 74 
14 80 
14 82 
14 83 
14 84 
14 87 
14 88 
14 104 
14 105 
14 109 
14 139 
14 150 
14 156 
14 157 
14 166 
14 180 
14 182 
14 187 
15 2 
15 3 
15 4 
15 11 
15 13 
15 14 
15 21 
15 22 
15 27 
15 30 
15 32 
15 35 
15 36 
15 37 
15 44 
15 51 
15 52 
15 60 
15 63 
15 68 
15 69 
15 70 
15 73 
15 74 
15 80 
15 82 
15 83 
15 84 
15 87 
15 88 
15 98 
15 100 
15 109 
15 121 
16 97 
17 2 
17 4 
17 6 
17 7 
17 8 
17 10 
17 11 
17 14 
17 15 
17 18 
17 19 
17 22 
17 23 
17 25 
17 28 
17 31 
17 34 
17 37 
17 44 
17 45 
17 48 
17 54 
17 68 
17 70 
17 80 
17 83 
17 90 
17 91 
17 99 
17 105 
17 109 
17 110 
17 113 
17 119 
17 125 
17 134 
17 138 
17 146 
17 155 
17 158 
17 190 
19 2 
19 3 
19 6 
19 15 
19 28 
19 29 
19 36 
19 44 
22 2 
22 3 
22 4 
22 6 
22 7 
22 8 
22 11 
22 13 
22 14 
22 15 
22 23 
22 26 
22 27 
22 29 
22 30 
22 32 
22 34 
22 35 
22 36 
22 37 
22 44 
22 45 
22 48 
22 51 
22 60 
22 63 
22 70 
22 71 
22 74 
22 80 
22 84 
22 88 
22 105 
22 109 
22 148 
23 39 
25 2 
25 3 
25 4 
25 5 
25 11 
25 14 
25 15 
25 26 
25 27 
25 36 
25 37 
25 44 
25 52 
25 57 
25 62 
25 84 
25 94 
25 119 
25 146 
25 158 
25 180 
25 187 
25 193 
26 2 
26 6 
26 34 
26 45 
26 158 
27 3 
27 4 
27 11 
27 13 
27 14 
27 15 
27 22 
27 30 
27 34 
27 35 
27 36 
27 37 
27 44 
27 59 
27 60 
27 63 
27 68 
27 69 
27 70 
27 73 
27 78 
27 80 
27 82 
27 87 
27 88 
27 98 
27 148 
28 6 
28 15 
28 80 
28 125 
28 134 
28 157 
28 158 
30 15 
30 73 
30 148 
32 15 
32 17 
32 42 
32 73 
32 83 
32 88 
32 90 
32 100 
32 116 
32 117 
32 121 
32 133 
32 146 
32 155 
33 110 
33 146 
34 6 
34 7 
34 8 
34 11 
34 17 
34 28 
34 29 
34 44 
34 45 
34 99 
34 110 
34 125 
34 134 
35 4 
35 13 
35 14 
35 15 
35 16 
35 22 
35 27 
35 29 
35 34 
35 36 
35 37 
35 44 
35 48 
35 53 
35 59 
35 80 
35 82 
35 87 
35 88 
36 11 
36 13 
36 80 
36 121 
37 15 
38 32 
39 2 
39 6 
39 7 
39 8 
39 15 
39 34 
39 44 
39 45 
39 55 
39 59 
39 80 
39 99 
39 105 
39 109 
39 110 
39 125 
39 134 
39 158 
40 2 
40 3 
40 4 
40 6 
40 7 
40 9 
40 10 
40 11 
40 13 
40 14 
40 15 
40 17 
40 18 
40 19 
40 21 
40 22 
40 23 
40 25 
40 26 
40 27 
40 28 
40 29 
40 30 
40 32 
40 33 
40 34 
40 35 
40 36 
40 37 
40 39 
40 42 
40 44 
40 45 
40 48 
40 49 
40 51 
40 52 
40 59 
40 60 
40 63 
40 68 
40 69 
40 70 
40 72 
40 73 
40 80 
40 83 
40 84 
40 86 
40 87 
40 89 
40 90 
40 91 
40 96 
40 98 
40 99 
40 100 
40 102 
40 105 
40 109 
40 110 
40 117 
40 121 
40 125 
40 133 
40 134 
40 146 
40 148 
40 150 
40 155 
40 156 
40 158 
40 182 
43 2 
43 6 
43 7 
43 8 
43 10 
43 11 
43 14 
43 15 
43 19 
43 25 
43 26 
43 29 
43 33 
43 34 
43 36 
43 44 
43 45 
43 57 
43 59 
43 68 
43 92 
43 104 
43 105 
43 110 
43 113 
43 119 
43 125 
43 134 
43 150 
43 158 
43 180 
43 187 
43 212 
44 3 
44 6 
44 11 
44 13 
44 14 
44 15 
44 21 
44 22 
44 27 
44 30 
44 32 
44 34 
44 35 
44 36 
44 37 
44 39 
44 45 
44 59 
44 62 
44 63 
44 68 
44 70 
44 73 
44 80 
44 102 
44 113 
44 119 
44 128 
44 134 
44 180 
45 2 
45 4 
45 5 
45 6 
45 7 
45 8 
45 10 
45 14 
45 15 
45 16 
45 17 
45 22 
45 23 
45 25 
45 26 
45 27 
45 28 
45 30 
45 31 
45 32 
45 34 
45 35 
45 36 
45 39 
45 40 
45 44 
45 55 
45 58 
45 60 
45 62 
45 63 
45 66 
45 67 
45 68 
45 70 
45 76 
45 78 
45 79 
45 80 
45 82 
45 87 
45 96 
45 97 
45 102 
45 103 
45 105 
45 108 
45 110 
45 112 
45 116 
45 120 
45 128 
45 133 
45 146 
45 150 
45 155 
45 156 
45 157 
45 158 
45 170 
45 178 
45 182 
45 187 
45 213 
47 39 
47 44 
47 158 
49 4 
49 5 
49 52 
49 55 
49 80 
49 90 
49 96 
49 133 
49 158 
51 86 
52 14 
52 30 
52 37 
52 44 
52 84 
52 86 
52 87 
52 90 
54 44 
54 94 
57 44 
62 44 
63 30 
63 69 
63 83 
63 84 
63 87 
66 22 
66 45 
67 19 
67 28 
67 33 
67 40 
67 109 
68 6 
68 15 
68 44 
68 45 
68 48 
68 52 
68 62 
68 84 
68 92 
68 104 
68 109 
69 3 
69 27 
69 60 
69 84 
69 87 
70 39 
70 45 
70 63 
70 80 
71 92 
72 4 
72 15 
72 52 
73 98 
73 121 
75 6 
75 26 
75 44 
75 45 
75 99 
75 105 
76 22 
76 45 
76 80 
76 90 
81 66 
81 94 
82 22 
82 35 
82 53 
84 22 
86 37 
86 51 
86 77 
87 27 
87 44 
87 63 
87 69 
87 84 
88 27 
89 4 
89 5 
89 7 
89 8 
89 15 
89 25 
89 33 
89 44 
89 62 
89 68 
89 84 
89 91 
89 134 
89 146 
89 158 
90 77 
93 14 
93 17 
93 33 
93 48 
93 100 
94 55 
95 49 
96 36 
96 39 
98 13 
98 36 
103 44 
104 14 
104 80 
105 109 
108 6 
108 23 
108 44 
108 45 
108 90 
108 158 
109 70 
109 71 
109 75 
109 92 
109 104 
109 113 
109 115 
109 119 
109 138 
109 168 
110 2 
110 4 
110 6 
110 11 
110 15 
110 19 
110 25 
110 26 
110 27 
110 31 
110 33 
110 34 
110 36 
110 37 
110 44 
110 62 
110 80 
110 105 
110 109 
110 125 
110 134 
110 146 
110 150 
110 212 
112 178 
113 28 
113 44 
113 45 
113 59 
113 134 
114 44 
119 44 
121 73 
121 98 
124 44 
126 44 
129 27 
133 4 
133 15 
134 19 
135 6 
135 34 
135 44 
135 45 
135 146 
136 45 
140 8 
150 44 
150 104 
152 34 
153 2 
153 4 
153 7 
153 9 
153 15 
153 25 
153 26 
153 28 
153 31 
153 33 
153 34 
153 39 
153 44 
153 68 
153 71 
153 99 
153 105 
153 125 
153 134 
153 158 
155 6 
155 15 
155 26 
155 31 
155 33 
155 34 
155 44 
155 158 
167 40 
180 157 
203 37 
204 59 
212 17 
213 25 
