1 28 
2 18 
2 26 
2 34 
2 99 
2 105 
2 110 
2 150 
2 156 
2 166 
2 212 
3 4 
3 22 
3 27 
3 52 
3 60 
3 63 
3 69 
3 87 
3 88 
4 2 
4 3 
4 11 
4 13 
4 14 
4 15 
4 21 
4 22 
4 27 
4 36 
4 37 
4 44 
4 57 
4 62 
4 63 
4 68 
4 73 
4 74 
4 78 
4 82 
4 109 
4 121 
6 6 
6 18 
6 26 
6 39 
6 45 
6 60 
6 79 
6 108 
6 113 
6 119 
6 158 
7 2 
7 4 
7 6 
7 14 
7 18 
7 23 
7 26 
7 27 
7 28 
7 29 
7 34 
7 36 
7 39 
7 44 
7 45 
7 67 
7 74 
7 80 
7 99 
7 110 
7 120 
7 155 
7 187 
8 26 
8 140 
9 2 
9 4 
9 6 
9 8 
9 14 
9 18 
9 23 
9 26 
9 27 
9 28 
9 29 
9 34 
9 36 
9 39 
9 44 
9 45 
9 74 
9 80 
9 99 
9 110 
9 120 
9 140 
9 187 
10 27 
10 67 
10 155 
11 4 
11 13 
11 14 
11 27 
11 36 
11 80 
11 212 
12 3 
12 4 
12 6 
12 14 
12 15 
12 22 
12 25 
12 27 
12 32 
12 37 
12 44 
12 62 
12 80 
12 89 
12 91 
12 102 
12 109 
12 146 
12 150 
12 158 
13 36 
14 3 
14 4 
14 11 
14 15 
14 21 
14 22 
14 25 
14 27 
14 34 
14 35 
14 37 
14 44 
14 63 
14 68 
14 69 
14 74 
14 78 
14 84 
14 119 
14 134 
14 180 
14 187 
15 3 
15 4 
15 11 
15 13 
15 14 
15 22 
15 27 
15 30 
15 32 
15 35 
15 36 
15 42 
15 52 
15 63 
15 74 
15 80 
15 82 
15 87 
15 150 
15 212 
16 4 
16 6 
16 14 
16 15 
16 27 
16 32 
16 35 
16 37 
16 42 
16 44 
16 45 
16 79 
16 80 
16 97 
16 102 
17 2 
17 6 
17 25 
17 26 
17 27 
17 34 
17 44 
17 155 
17 190 
17 212 
18 7 
18 10 
18 23 
18 26 
18 34 
19 125 
21 44 
22 3 
22 4 
22 11 
22 13 
22 14 
22 15 
22 21 
22 27 
22 36 
22 37 
22 44 
22 48 
22 60 
22 63 
22 67 
22 68 
22 73 
22 74 
22 80 
22 84 
22 87 
22 88 
22 92 
22 98 
22 121 
22 146 
22 148 
22 155 
22 193 
23 7 
23 8 
23 16 
23 34 
23 39 
26 18 
26 34 
26 212 
27 3 
27 4 
27 7 
27 8 
27 11 
27 13 
27 14 
27 15 
27 21 
27 22 
27 30 
27 32 
27 35 
27 36 
27 37 
27 44 
27 63 
27 68 
27 69 
27 73 
27 74 
27 80 
27 82 
27 84 
27 87 
27 98 
27 102 
27 120 
27 121 
27 127 
27 148 
27 158 
27 168 
28 6 
28 11 
28 15 
28 33 
28 158 
29 23 
30 11 
30 22 
30 35 
30 44 
30 45 
30 73 
31 26 
32 117 
33 59 
34 18 
34 212 
35 4 
35 13 
35 14 
35 15 
35 22 
35 27 
35 36 
35 37 
35 44 
35 60 
35 63 
35 80 
35 82 
35 87 
35 102 
35 193 
36 11 
36 13 
36 30 
39 2 
39 3 
39 6 
39 7 
39 10 
39 15 
39 23 
39 25 
39 26 
39 32 
39 37 
39 80 
39 158 
39 212 
40 2 
40 3 
40 68 
40 133 
40 155 
40 187 
42 18 
42 26 
43 92 
43 113 
43 125 
43 158 
43 187 
43 212 
44 4 
44 11 
44 14 
44 15 
44 18 
44 21 
44 22 
44 26 
44 27 
44 35 
44 82 
44 119 
44 128 
44 148 
44 168 
45 6 
45 16 
45 18 
45 23 
45 26 
45 29 
45 34 
45 37 
45 39 
45 44 
45 71 
45 76 
45 103 
45 109 
45 112 
45 127 
45 128 
45 130 
45 136 
45 155 
45 158 
45 178 
45 182 
47 3 
47 7 
47 10 
47 23 
47 34 
52 82 
52 84 
55 45 
55 127 
58 6 
58 45 
62 14 
63 3 
63 15 
63 30 
63 52 
63 84 
63 87 
63 121 
65 6 
65 14 
67 4 
67 27 
67 44 
67 109 
68 52 
68 80 
68 84 
69 3 
69 13 
69 22 
69 63 
69 84 
69 87 
69 98 
71 3 
71 4 
71 7 
71 8 
71 14 
71 15 
71 21 
71 25 
71 27 
71 32 
71 34 
71 36 
71 37 
71 42 
71 44 
71 67 
71 80 
71 92 
71 102 
71 109 
71 158 
73 15 
73 30 
73 98 
73 121 
74 4 
74 14 
76 6 
76 44 
76 45 
78 4 
78 14 
78 27 
78 35 
78 44 
78 59 
78 102 
82 35 
82 44 
82 53 
83 22 
84 22 
86 90 
87 63 
87 69 
88 3 
89 25 
89 33 
89 125 
89 134 
89 158 
91 14 
91 22 
92 44 
92 159 
93 33 
93 104 
93 110 
96 6 
96 27 
96 32 
96 134 
98 13 
98 15 
98 121 
99 105 
99 166 
101 6 
104 14 
104 150 
104 156 
105 2 
105 18 
105 39 
105 99 
105 109 
105 156 
108 4 
108 6 
108 14 
108 15 
108 27 
108 35 
108 44 
108 45 
108 80 
109 4 
109 14 
109 15 
109 27 
109 32 
109 37 
109 44 
109 59 
109 67 
109 75 
109 105 
109 115 
109 138 
109 150 
109 168 
110 212 
113 4 
113 27 
113 37 
113 44 
113 71 
113 80 
115 15 
115 27 
115 44 
115 45 
115 80 
115 105 
115 109 
119 37 
119 44 
120 6 
121 73 
121 98 
135 26 
136 120 
146 44 
146 134 
150 119 
152 44 
168 2 
168 4 
168 15 
168 27 
168 32 
168 37 
168 44 
168 80 
168 102 
168 105 
168 109 
169 14 
169 22 
169 157 
172 158 
175 6 
175 37 
184 45 
187 27 
204 59 
