2 23 
3 22 
3 63 
4 35 
4 76 
5 76 
6 45 
7 45 
9 10 
9 45 
12 62 
14 4 
14 11 
14 13 
14 15 
14 44 
14 76 
15 3 
15 4 
15 7 
15 10 
15 11 
15 14 
15 22 
15 27 
15 35 
15 44 
15 63 
15 73 
15 74 
21 44 
22 11 
22 14 
22 27 
23 7 
23 10 
23 44 
24 72 
27 4 
27 7 
27 10 
27 11 
27 14 
27 15 
27 22 
27 35 
27 44 
27 45 
32 45 
35 76 
35 96 
37 22 
40 44 
44 4 
44 7 
44 10 
44 21 
44 178 
45 7 
45 10 
45 14 
45 23 
45 27 
45 36 
45 49 
45 76 
45 178 
49 27 
49 76 
52 68 
68 62 
69 30 
69 73 
76 15 
76 23 
76 27 
76 45 
87 63 
109 168 
113 15 
114 76 
