2 7 
2 8 
2 18 
2 26 
2 110 
2 155 
2 166 
2 212 
3 15 
3 22 
3 35 
3 37 
3 52 
3 63 
3 68 
3 69 
3 87 
3 88 
4 3 
4 7 
4 8 
4 14 
4 15 
4 21 
4 22 
4 23 
4 27 
4 35 
4 39 
4 44 
4 53 
4 62 
4 74 
4 82 
4 91 
4 98 
4 104 
4 110 
4 116 
4 119 
4 158 
4 173 
4 181 
5 7 
5 8 
5 23 
5 25 
5 33 
5 53 
5 91 
5 95 
5 96 
5 125 
5 133 
5 146 
5 158 
5 173 
5 193 
6 7 
6 8 
6 10 
6 23 
6 45 
6 55 
6 103 
6 128 
6 182 
7 23 
7 31 
7 34 
7 72 
7 134 
7 173 
8 140 
9 8 
9 72 
9 134 
9 140 
9 173 
10 23 
10 31 
10 34 
11 13 
11 14 
11 15 
11 22 
11 26 
11 36 
11 44 
11 59 
11 62 
11 63 
11 68 
11 73 
11 80 
11 87 
11 102 
11 212 
12 7 
12 8 
12 158 
13 98 
14 3 
14 4 
14 5 
14 6 
14 7 
14 8 
14 11 
14 13 
14 15 
14 21 
14 22 
14 23 
14 25 
14 27 
14 29 
14 32 
14 33 
14 34 
14 35 
14 36 
14 37 
14 39 
14 40 
14 42 
14 44 
14 49 
14 52 
14 54 
14 57 
14 59 
14 60 
14 62 
14 63 
14 67 
14 68 
14 74 
14 80 
14 82 
14 84 
14 88 
14 90 
14 91 
14 96 
14 102 
14 109 
14 117 
14 119 
14 121 
14 125 
14 134 
14 146 
14 148 
14 156 
14 157 
14 158 
14 170 
14 173 
14 180 
14 182 
14 187 
14 212 
15 3 
15 4 
15 7 
15 8 
15 11 
15 13 
15 14 
15 21 
15 22 
15 27 
15 30 
15 32 
15 35 
15 36 
15 37 
15 44 
15 60 
15 62 
15 63 
15 68 
15 69 
15 73 
15 74 
15 82 
15 83 
15 84 
15 87 
15 88 
15 100 
15 102 
15 121 
15 133 
15 148 
15 212 
16 136 
17 134 
17 158 
19 158 
21 7 
21 8 
21 11 
21 14 
21 44 
22 3 
22 7 
22 8 
22 14 
22 15 
22 21 
22 27 
22 37 
22 48 
22 68 
22 84 
22 88 
22 148 
22 173 
23 7 
23 10 
25 146 
26 18 
26 158 
26 212 
27 3 
27 4 
27 7 
27 8 
27 11 
27 13 
27 14 
27 15 
27 21 
27 22 
27 26 
27 30 
27 33 
27 35 
27 36 
27 37 
27 44 
27 53 
27 62 
27 63 
27 68 
27 73 
27 74 
27 80 
27 82 
27 84 
27 98 
27 102 
27 121 
27 125 
27 127 
27 130 
27 148 
27 173 
27 193 
27 212 
29 158 
30 7 
30 8 
30 14 
30 15 
30 22 
30 27 
30 32 
30 44 
30 63 
30 73 
30 82 
30 84 
30 88 
30 98 
30 121 
30 173 
31 7 
31 8 
31 9 
31 23 
31 158 
33 28 
33 134 
33 155 
33 158 
34 7 
34 10 
34 212 
35 14 
35 52 
35 53 
35 82 
35 173 
36 11 
36 13 
36 35 
39 7 
39 8 
39 109 
39 187 
42 83 
43 125 
43 134 
43 158 
43 212 
44 4 
44 7 
44 8 
44 11 
44 14 
44 15 
44 21 
44 22 
44 27 
44 35 
44 36 
44 37 
44 68 
44 71 
44 82 
44 148 
44 158 
45 6 
45 7 
45 8 
45 9 
45 10 
45 16 
45 18 
45 23 
45 25 
45 29 
45 31 
45 33 
45 34 
45 55 
45 58 
45 66 
45 79 
45 97 
45 103 
45 110 
45 112 
45 120 
45 127 
45 128 
45 130 
45 134 
45 136 
45 146 
45 156 
45 158 
45 165 
45 170 
45 182 
49 158 
52 14 
52 35 
63 7 
63 8 
63 69 
63 87 
68 52 
69 3 
69 4 
69 6 
69 7 
69 8 
69 10 
69 11 
69 14 
69 15 
69 22 
69 23 
69 27 
69 30 
69 32 
69 34 
69 35 
69 37 
69 44 
69 60 
69 63 
69 70 
69 73 
69 80 
69 84 
69 86 
69 87 
69 88 
69 98 
69 133 
69 148 
73 98 
73 121 
74 4 
74 14 
74 100 
78 91 
78 158 
82 14 
82 22 
82 35 
82 44 
82 53 
87 30 
87 63 
87 69 
88 3 
88 7 
88 8 
88 22 
88 27 
88 51 
88 70 
89 158 
93 14 
93 33 
105 99 
105 165 
105 166 
105 182 
108 45 
109 26 
109 119 
109 125 
110 158 
110 212 
119 173 
121 73 
121 98 
125 158 
126 193 
134 158 
140 8 
146 26 
146 33 
146 158 
156 166 
