1 40 
1 44 
1 80 
2 6 
2 18 
2 34 
2 44 
2 99 
2 105 
2 156 
2 158 
2 166 
2 212 
3 4 
3 11 
3 13 
3 14 
3 15 
3 22 
3 27 
3 30 
3 36 
3 37 
3 44 
3 45 
3 52 
3 63 
3 69 
3 74 
3 84 
3 87 
3 88 
4 6 
4 11 
4 14 
4 15 
4 17 
4 22 
4 27 
4 35 
4 36 
4 44 
4 63 
4 68 
4 74 
4 82 
4 87 
4 104 
4 156 
5 5 
5 80 
5 134 
5 158 
6 3 
6 112 
6 178 
7 4 
7 5 
7 6 
7 14 
7 15 
7 18 
7 21 
7 22 
7 23 
7 26 
7 27 
7 32 
7 34 
7 35 
7 37 
7 39 
7 44 
7 45 
7 62 
7 67 
7 80 
7 82 
7 105 
7 109 
7 112 
7 134 
7 158 
8 6 
8 26 
8 45 
8 140 
9 4 
9 5 
9 6 
9 8 
9 9 
9 10 
9 14 
9 15 
9 18 
9 21 
9 22 
9 23 
9 26 
9 27 
9 32 
9 34 
9 35 
9 37 
9 39 
9 44 
9 45 
9 62 
9 67 
9 80 
9 82 
9 105 
9 109 
9 112 
9 134 
9 140 
9 158 
10 8 
10 26 
11 3 
11 13 
11 15 
11 22 
11 30 
11 36 
11 80 
11 102 
13 27 
13 121 
14 3 
14 4 
14 7 
14 8 
14 11 
14 15 
14 22 
14 23 
14 27 
14 30 
14 35 
14 36 
14 37 
14 40 
14 44 
14 54 
14 57 
14 59 
14 62 
14 63 
14 68 
14 69 
14 74 
14 80 
14 82 
14 84 
14 86 
14 88 
14 91 
14 104 
14 156 
14 182 
15 3 
15 4 
15 7 
15 8 
15 11 
15 13 
15 14 
15 17 
15 21 
15 22 
15 27 
15 30 
15 32 
15 35 
15 36 
15 37 
15 42 
15 44 
15 52 
15 62 
15 63 
15 68 
15 69 
15 73 
15 74 
15 80 
15 82 
15 84 
15 87 
15 88 
15 98 
15 102 
15 121 
15 212 
17 3 
17 4 
17 6 
17 7 
17 8 
17 9 
17 10 
17 11 
17 14 
17 15 
17 22 
17 26 
17 27 
17 32 
17 35 
17 36 
17 37 
17 40 
17 44 
17 45 
17 49 
17 59 
17 62 
17 67 
17 68 
17 71 
17 73 
17 80 
17 82 
17 84 
17 86 
17 91 
17 102 
17 105 
17 112 
17 117 
17 121 
17 125 
17 133 
17 134 
17 155 
17 156 
17 158 
17 182 
18 36 
18 80 
19 6 
19 7 
19 8 
19 34 
19 40 
19 105 
19 134 
19 156 
19 158 
21 44 
22 3 
22 4 
22 13 
22 14 
22 15 
22 27 
22 30 
22 32 
22 35 
22 36 
22 37 
22 44 
22 48 
22 51 
22 68 
22 70 
22 74 
22 80 
22 82 
22 84 
22 88 
22 109 
22 148 
22 156 
23 7 
23 9 
25 146 
26 34 
26 158 
26 212 
27 3 
27 4 
27 11 
27 13 
27 14 
27 15 
27 22 
27 30 
27 35 
27 36 
27 37 
27 44 
27 53 
27 62 
27 63 
27 68 
27 69 
27 80 
27 82 
27 84 
27 87 
27 88 
27 98 
27 102 
27 109 
27 121 
27 148 
27 187 
28 7 
28 8 
28 44 
28 45 
28 80 
28 134 
28 158 
30 3 
30 4 
30 15 
30 27 
30 32 
30 40 
30 42 
30 44 
30 60 
30 63 
30 68 
30 73 
30 87 
30 117 
32 59 
32 117 
34 7 
34 8 
34 99 
34 110 
34 139 
34 212 
35 4 
35 11 
35 14 
35 15 
35 22 
35 23 
35 27 
35 30 
35 32 
35 44 
35 45 
35 53 
35 62 
35 68 
35 80 
35 82 
35 121 
36 11 
36 13 
36 30 
36 80 
37 5 
37 14 
37 15 
37 22 
37 32 
37 134 
37 158 
38 32 
39 80 
39 102 
39 158 
40 6 
40 7 
40 8 
40 14 
40 15 
40 22 
40 34 
40 35 
40 36 
40 44 
40 45 
40 51 
40 70 
40 80 
40 88 
40 91 
40 100 
40 109 
40 133 
40 156 
42 3 
42 4 
42 6 
42 7 
42 8 
42 9 
42 10 
42 14 
42 15 
42 22 
42 25 
42 27 
42 30 
42 32 
42 33 
42 35 
42 37 
42 40 
42 45 
42 48 
42 51 
42 52 
42 62 
42 63 
42 68 
42 69 
42 73 
42 78 
42 83 
42 84 
42 87 
42 89 
42 90 
42 91 
42 98 
42 100 
42 109 
42 116 
42 117 
42 121 
42 133 
42 134 
42 156 
42 158 
43 113 
43 125 
43 133 
43 158 
43 212 
44 3 
44 4 
44 7 
44 8 
44 13 
44 14 
44 15 
44 21 
44 22 
44 27 
44 34 
44 35 
44 36 
44 63 
44 70 
44 71 
44 80 
44 82 
44 84 
44 103 
44 109 
44 128 
44 158 
45 3 
45 4 
45 5 
45 6 
45 7 
45 8 
45 9 
45 10 
45 13 
45 14 
45 15 
45 16 
45 18 
45 22 
45 23 
45 25 
45 26 
45 27 
45 29 
45 31 
45 32 
45 33 
45 34 
45 35 
45 36 
45 37 
45 39 
45 40 
45 44 
45 49 
45 51 
45 55 
45 58 
45 60 
45 62 
45 66 
45 68 
45 70 
45 76 
45 78 
45 80 
45 82 
45 94 
45 96 
45 97 
45 99 
45 102 
45 103 
45 105 
45 109 
45 112 
45 117 
45 120 
45 121 
45 125 
45 127 
45 128 
45 134 
45 146 
45 148 
45 158 
45 178 
45 182 
46 3 
46 6 
46 14 
46 32 
46 40 
46 70 
46 83 
46 133 
47 33 
47 77 
47 80 
47 86 
49 5 
49 22 
51 40 
51 77 
52 3 
52 6 
52 22 
52 27 
52 30 
52 37 
52 40 
52 48 
52 51 
52 68 
52 84 
52 86 
52 88 
52 102 
60 15 
60 51 
60 88 
63 3 
63 14 
63 15 
63 22 
63 30 
63 60 
63 87 
63 88 
68 4 
68 14 
68 15 
68 22 
68 27 
68 30 
68 32 
68 35 
68 44 
68 48 
68 62 
68 84 
69 3 
69 4 
69 14 
69 15 
69 22 
69 27 
69 37 
69 44 
69 60 
69 63 
69 84 
69 87 
69 88 
69 109 
70 6 
70 14 
70 80 
72 7 
72 9 
72 32 
72 40 
73 13 
73 32 
73 98 
73 121 
74 4 
74 14 
76 45 
76 55 
76 66 
76 146 
78 134 
80 11 
80 36 
82 14 
82 35 
82 37 
82 53 
82 74 
83 3 
83 4 
83 14 
83 15 
83 22 
83 25 
83 27 
83 30 
83 32 
83 35 
83 37 
83 40 
83 44 
83 51 
83 62 
83 68 
83 73 
83 80 
83 84 
83 89 
83 98 
83 117 
83 121 
83 156 
84 3 
84 4 
84 7 
84 9 
84 14 
84 22 
84 25 
84 30 
84 34 
84 40 
84 45 
84 48 
84 51 
84 60 
84 68 
84 69 
84 77 
84 83 
84 86 
84 87 
84 88 
84 89 
84 90 
84 109 
86 14 
86 22 
86 51 
86 77 
86 90 
87 3 
87 14 
87 15 
87 30 
87 32 
87 51 
87 60 
87 63 
87 69 
87 86 
87 88 
88 3 
88 51 
88 52 
88 63 
88 87 
89 40 
89 146 
90 30 
90 48 
93 2 
93 14 
93 27 
93 33 
93 83 
95 22 
95 86 
96 3 
96 4 
96 5 
96 6 
96 7 
96 8 
96 9 
96 10 
96 11 
96 13 
96 14 
96 15 
96 22 
96 25 
96 27 
96 30 
96 32 
96 35 
96 37 
96 40 
96 44 
96 49 
96 55 
96 66 
96 80 
96 82 
96 83 
96 94 
96 95 
96 102 
96 108 
96 117 
96 133 
96 158 
98 13 
98 73 
98 121 
100 116 
105 34 
105 99 
105 156 
109 6 
109 14 
109 25 
109 44 
109 75 
109 115 
110 80 
110 158 
110 212 
113 80 
121 13 
121 73 
121 98 
131 117 
140 8 
153 7 
153 9 
153 158 
204 59 
