1 4 
1 15 
1 17 
1 19 
1 27 
1 28 
1 40 
1 44 
2 4 
2 6 
2 7 
2 8 
2 9 
2 10 
2 15 
2 17 
2 18 
2 22 
2 23 
2 26 
2 27 
2 28 
2 29 
2 34 
2 35 
2 36 
2 39 
2 44 
2 45 
2 51 
2 60 
2 68 
2 70 
2 96 
2 99 
2 105 
2 109 
2 110 
2 134 
2 150 
2 158 
2 166 
2 212 
3 15 
3 22 
3 37 
3 45 
3 60 
3 63 
3 68 
3 69 
3 84 
3 88 
4 3 
4 6 
4 14 
4 15 
4 22 
4 27 
4 30 
4 36 
4 37 
4 44 
4 52 
4 59 
4 63 
4 68 
4 69 
4 70 
4 73 
4 74 
4 78 
4 82 
4 84 
4 96 
4 112 
4 119 
4 158 
4 187 
5 6 
5 7 
5 10 
5 14 
5 15 
5 17 
5 21 
5 22 
5 23 
5 25 
5 27 
5 28 
5 35 
5 36 
5 37 
5 44 
5 45 
5 49 
5 53 
5 79 
5 80 
5 82 
5 94 
5 103 
5 130 
5 133 
5 136 
5 158 
6 2 
6 3 
6 4 
6 5 
6 6 
6 7 
6 8 
6 9 
6 10 
6 11 
6 14 
6 15 
6 16 
6 17 
6 21 
6 22 
6 23 
6 25 
6 26 
6 27 
6 28 
6 29 
6 31 
6 32 
6 33 
6 34 
6 35 
6 36 
6 37 
6 40 
6 44 
6 45 
6 51 
6 52 
6 53 
6 58 
6 60 
6 62 
6 63 
6 66 
6 68 
6 69 
6 70 
6 76 
6 77 
6 79 
6 80 
6 82 
6 86 
6 87 
6 88 
6 94 
6 96 
6 97 
6 99 
6 100 
6 103 
6 105 
6 108 
6 109 
6 112 
6 117 
6 127 
6 130 
6 133 
6 134 
6 148 
6 156 
6 157 
6 158 
6 178 
7 2 
7 3 
7 4 
7 5 
7 6 
7 11 
7 13 
7 14 
7 15 
7 16 
7 17 
7 18 
7 19 
7 21 
7 22 
7 23 
7 25 
7 26 
7 27 
7 28 
7 29 
7 30 
7 31 
7 32 
7 33 
7 34 
7 35 
7 36 
7 37 
7 39 
7 40 
7 42 
7 44 
7 45 
7 48 
7 49 
7 51 
7 52 
7 53 
7 54 
7 55 
7 57 
7 58 
7 60 
7 63 
7 67 
7 68 
7 69 
7 70 
7 73 
7 76 
7 77 
7 78 
7 79 
7 80 
7 82 
7 83 
7 84 
7 86 
7 87 
7 88 
7 89 
7 90 
7 94 
7 96 
7 98 
7 99 
7 100 
7 102 
7 103 
7 105 
7 108 
7 109 
7 110 
7 112 
7 116 
7 117 
7 120 
7 121 
7 127 
7 133 
7 134 
7 138 
7 139 
7 146 
7 148 
7 150 
7 155 
7 156 
7 157 
7 158 
7 166 
7 168 
7 182 
7 187 
7 212 
8 2 
8 6 
8 21 
8 26 
8 27 
8 34 
8 36 
8 44 
8 45 
8 70 
8 96 
8 99 
8 103 
8 105 
8 109 
8 110 
8 140 
8 166 
9 2 
9 3 
9 4 
9 5 
9 6 
9 8 
9 9 
9 10 
9 11 
9 13 
9 14 
9 15 
9 16 
9 17 
9 18 
9 19 
9 21 
9 22 
9 23 
9 25 
9 26 
9 27 
9 28 
9 29 
9 30 
9 31 
9 32 
9 33 
9 34 
9 35 
9 36 
9 37 
9 39 
9 40 
9 42 
9 44 
9 45 
9 48 
9 49 
9 51 
9 52 
9 53 
9 54 
9 55 
9 57 
9 58 
9 60 
9 63 
9 67 
9 68 
9 69 
9 70 
9 73 
9 76 
9 77 
9 78 
9 79 
9 80 
9 82 
9 83 
9 84 
9 86 
9 87 
9 88 
9 89 
9 90 
9 94 
9 96 
9 98 
9 99 
9 100 
9 102 
9 103 
9 105 
9 108 
9 109 
9 110 
9 112 
9 116 
9 117 
9 120 
9 121 
9 127 
9 133 
9 134 
9 138 
9 140 
9 146 
9 148 
9 150 
9 156 
9 157 
9 158 
9 166 
9 168 
9 182 
9 187 
9 212 
10 6 
10 8 
10 14 
10 18 
10 23 
10 26 
10 27 
10 30 
10 34 
10 39 
10 40 
10 44 
10 45 
10 105 
10 139 
10 140 
10 155 
11 3 
11 4 
11 27 
11 36 
11 44 
11 70 
11 80 
11 102 
11 187 
12 3 
12 6 
12 14 
12 15 
12 18 
12 22 
12 25 
12 26 
12 29 
12 32 
12 33 
12 35 
12 36 
12 37 
12 40 
12 44 
12 45 
12 48 
12 51 
12 52 
12 62 
12 70 
12 78 
12 84 
12 86 
12 88 
12 89 
12 90 
12 91 
12 109 
12 125 
12 134 
12 146 
12 158 
13 37 
13 98 
14 2 
14 3 
14 4 
14 6 
14 7 
14 8 
14 9 
14 10 
14 13 
14 15 
14 22 
14 23 
14 25 
14 26 
14 27 
14 30 
14 32 
14 34 
14 35 
14 36 
14 37 
14 40 
14 44 
14 45 
14 49 
14 54 
14 57 
14 59 
14 63 
14 68 
14 69 
14 70 
14 71 
14 74 
14 76 
14 78 
14 80 
14 82 
14 83 
14 84 
14 86 
14 91 
14 96 
14 104 
14 108 
14 109 
14 119 
14 127 
14 146 
14 156 
14 157 
14 168 
14 170 
14 182 
15 3 
15 4 
15 6 
15 7 
15 9 
15 11 
15 13 
15 14 
15 16 
15 21 
15 22 
15 27 
15 30 
15 32 
15 34 
15 35 
15 36 
15 37 
15 40 
15 42 
15 44 
15 45 
15 52 
15 59 
15 62 
15 63 
15 68 
15 69 
15 73 
15 74 
15 80 
15 82 
15 83 
15 84 
15 86 
15 87 
15 88 
15 98 
15 117 
15 121 
15 134 
15 193 
15 212 
16 6 
16 45 
16 58 
16 79 
16 97 
17 2 
17 4 
17 6 
17 11 
17 14 
17 22 
17 23 
17 25 
17 26 
17 27 
17 28 
17 29 
17 30 
17 34 
17 35 
17 37 
17 39 
17 44 
17 45 
17 54 
17 60 
17 68 
17 70 
17 71 
17 80 
17 92 
17 99 
17 100 
17 105 
17 110 
17 119 
17 125 
17 134 
17 155 
17 158 
17 212 
18 7 
18 9 
18 10 
18 17 
18 26 
18 29 
18 34 
18 39 
19 3 
19 6 
19 15 
19 17 
19 27 
19 36 
19 40 
19 134 
19 158 
20 17 
21 14 
21 44 
22 2 
22 3 
22 4 
22 6 
22 7 
22 8 
22 9 
22 11 
22 14 
22 15 
22 23 
22 25 
22 26 
22 27 
22 28 
22 29 
22 30 
22 31 
22 32 
22 34 
22 35 
22 36 
22 37 
22 40 
22 44 
22 45 
22 48 
22 49 
22 51 
22 52 
22 57 
22 59 
22 60 
22 62 
22 63 
22 67 
22 68 
22 69 
22 70 
22 71 
22 74 
22 75 
22 80 
22 82 
22 84 
22 86 
22 88 
22 90 
22 91 
22 96 
22 105 
22 109 
22 113 
22 134 
22 146 
22 148 
22 156 
22 170 
22 212 
23 3 
23 6 
23 7 
23 8 
23 9 
23 10 
23 14 
23 15 
23 22 
23 25 
23 26 
23 27 
23 29 
23 31 
23 34 
23 36 
23 37 
23 39 
23 44 
23 45 
23 63 
23 146 
24 19 
24 32 
24 100 
25 2 
25 3 
25 4 
25 5 
25 6 
25 11 
25 14 
25 15 
25 36 
25 37 
25 44 
25 54 
25 62 
25 80 
25 84 
25 94 
25 119 
25 134 
25 146 
25 157 
25 158 
25 170 
25 187 
26 2 
26 6 
26 7 
26 8 
26 17 
26 18 
26 27 
26 34 
26 39 
26 44 
26 45 
26 67 
26 105 
26 110 
26 134 
26 158 
27 3 
27 4 
27 5 
27 6 
27 7 
27 9 
27 11 
27 13 
27 14 
27 15 
27 16 
27 22 
27 23 
27 26 
27 30 
27 32 
27 34 
27 35 
27 36 
27 37 
27 40 
27 42 
27 44 
27 45 
27 49 
27 52 
27 53 
27 54 
27 60 
27 63 
27 67 
27 68 
27 69 
27 70 
27 73 
27 74 
27 77 
27 78 
27 80 
27 82 
27 83 
27 84 
27 86 
27 87 
27 88 
27 96 
27 102 
27 103 
27 105 
27 108 
27 109 
27 113 
27 121 
27 127 
27 130 
27 146 
27 148 
27 168 
27 187 
28 17 
28 19 
28 25 
28 26 
28 44 
28 45 
28 68 
28 80 
28 105 
28 110 
28 158 
29 4 
29 6 
29 18 
29 23 
29 25 
29 39 
29 45 
29 105 
29 134 
30 3 
30 4 
30 6 
30 14 
30 15 
30 21 
30 22 
30 27 
30 32 
30 35 
30 37 
30 42 
30 44 
30 45 
30 52 
30 63 
30 68 
30 73 
30 83 
30 84 
30 86 
30 87 
30 88 
30 102 
30 117 
30 121 
30 148 
31 3 
31 6 
31 34 
31 44 
31 45 
31 105 
31 110 
32 6 
32 14 
32 15 
32 72 
32 73 
32 83 
32 117 
32 121 
32 133 
33 4 
33 36 
33 110 
33 134 
33 146 
33 158 
34 2 
34 6 
34 11 
34 28 
34 29 
34 39 
34 44 
34 45 
34 99 
34 109 
34 110 
34 166 
34 212 
35 3 
35 4 
35 6 
35 13 
35 14 
35 15 
35 16 
35 22 
35 23 
35 25 
35 27 
35 29 
35 34 
35 36 
35 37 
35 40 
35 44 
35 45 
35 49 
35 51 
35 53 
35 59 
35 68 
35 69 
35 70 
35 76 
35 78 
35 80 
35 82 
35 84 
35 87 
35 88 
35 90 
35 97 
35 212 
36 4 
36 11 
36 13 
36 15 
36 27 
36 44 
36 80 
36 121 
37 14 
37 15 
37 94 
38 19 
38 32 
39 2 
39 3 
39 5 
39 6 
39 7 
39 8 
39 9 
39 10 
39 11 
39 13 
39 14 
39 15 
39 17 
39 18 
39 22 
39 23 
39 25 
39 26 
39 27 
39 28 
39 29 
39 30 
39 31 
39 34 
39 35 
39 36 
39 37 
39 40 
39 44 
39 45 
39 62 
39 63 
39 68 
39 70 
39 80 
39 87 
39 99 
39 102 
39 105 
39 109 
39 110 
39 112 
39 134 
39 146 
39 148 
39 150 
39 156 
39 212 
40 3 
40 4 
40 6 
40 11 
40 13 
40 14 
40 15 
40 19 
40 22 
40 23 
40 25 
40 26 
40 27 
40 34 
40 35 
40 36 
40 37 
40 42 
40 44 
40 45 
40 51 
40 52 
40 60 
40 63 
40 68 
40 69 
40 70 
40 77 
40 80 
40 84 
40 86 
40 87 
40 90 
40 100 
40 105 
40 109 
40 133 
40 146 
40 148 
40 158 
40 187 
42 25 
42 28 
42 30 
42 32 
42 40 
42 45 
42 51 
42 52 
42 60 
42 63 
42 69 
42 116 
42 117 
43 2 
43 6 
43 7 
43 10 
43 11 
43 17 
43 19 
43 29 
43 44 
43 45 
43 62 
43 68 
43 92 
43 105 
43 110 
43 113 
43 119 
43 125 
43 133 
43 134 
43 158 
43 187 
43 193 
43 212 
44 3 
44 4 
44 6 
44 7 
44 9 
44 11 
44 13 
44 14 
44 15 
44 21 
44 22 
44 26 
44 27 
44 30 
44 32 
44 34 
44 35 
44 36 
44 37 
44 40 
44 45 
44 59 
44 62 
44 63 
44 69 
44 70 
44 71 
44 73 
44 80 
44 82 
44 102 
44 112 
44 113 
44 119 
44 128 
44 148 
44 158 
44 168 
44 187 
44 193 
45 2 
45 4 
45 5 
45 6 
45 7 
45 8 
45 9 
45 10 
45 11 
45 14 
45 15 
45 16 
45 17 
45 18 
45 22 
45 23 
45 25 
45 26 
45 27 
45 28 
45 29 
45 30 
45 31 
45 32 
45 33 
45 34 
45 35 
45 36 
45 37 
45 39 
45 40 
45 44 
45 48 
45 49 
45 51 
45 53 
45 54 
45 55 
45 58 
45 60 
45 62 
45 66 
45 67 
45 68 
45 69 
45 70 
45 71 
45 76 
45 78 
45 79 
45 80 
45 82 
45 83 
45 86 
45 94 
45 95 
45 96 
45 97 
45 99 
45 102 
45 103 
45 105 
45 108 
45 109 
45 112 
45 116 
45 117 
45 118 
45 119 
45 120 
45 125 
45 127 
45 128 
45 130 
45 134 
45 136 
45 139 
45 146 
45 156 
45 157 
45 158 
45 159 
45 168 
45 178 
45 182 
45 187 
45 193 
45 212 
46 4 
46 11 
46 15 
46 17 
46 19 
46 25 
46 27 
46 31 
46 32 
46 36 
46 40 
46 42 
46 44 
46 51 
46 80 
46 86 
46 100 
46 116 
46 133 
47 3 
47 6 
47 7 
47 8 
47 10 
47 14 
47 15 
47 18 
47 23 
47 26 
47 27 
47 29 
47 30 
47 32 
47 34 
47 36 
47 39 
47 44 
47 45 
47 63 
47 80 
47 156 
47 158 
48 68 
48 90 
49 2 
49 4 
49 5 
49 6 
49 7 
49 10 
49 14 
49 15 
49 16 
49 22 
49 23 
49 25 
49 26 
49 27 
49 28 
49 30 
49 33 
49 35 
49 36 
49 37 
49 40 
49 44 
49 45 
49 48 
49 49 
49 51 
49 52 
49 55 
49 59 
49 60 
49 62 
49 63 
49 68 
49 69 
49 70 
49 77 
49 80 
49 82 
49 84 
49 86 
49 87 
49 88 
49 90 
49 94 
49 96 
49 103 
49 105 
49 108 
49 109 
49 112 
49 125 
49 134 
49 146 
49 150 
49 156 
49 158 
49 182 
52 14 
52 22 
52 37 
52 62 
52 63 
52 68 
52 83 
52 84 
52 86 
52 87 
52 88 
52 90 
54 14 
54 37 
54 57 
55 6 
55 27 
55 35 
55 37 
55 44 
55 45 
55 58 
55 76 
55 82 
55 127 
56 134 
58 45 
58 79 
58 97 
59 14 
59 57 
62 40 
62 44 
62 52 
62 68 
63 7 
63 9 
63 30 
63 32 
63 69 
63 83 
63 84 
63 87 
63 88 
63 98 
64 127 
65 37 
65 44 
65 45 
65 94 
65 103 
65 127 
66 14 
66 15 
66 22 
66 35 
66 45 
66 55 
66 58 
66 79 
66 80 
66 108 
67 3 
67 4 
67 6 
67 14 
67 15 
67 17 
67 18 
67 19 
67 22 
67 25 
67 26 
67 27 
67 28 
67 30 
67 32 
67 33 
67 34 
67 35 
67 40 
67 44 
67 45 
67 52 
67 59 
67 63 
67 68 
67 69 
67 70 
67 71 
67 73 
67 78 
67 84 
67 86 
67 87 
67 109 
67 125 
67 150 
67 156 
68 4 
68 6 
68 15 
68 22 
68 27 
68 30 
68 36 
68 44 
68 45 
68 48 
68 52 
68 62 
68 69 
68 80 
68 84 
68 90 
68 92 
68 103 
68 109 
69 3 
69 4 
69 14 
69 15 
69 22 
69 23 
69 27 
69 30 
69 35 
69 42 
69 51 
69 60 
69 84 
69 86 
69 87 
69 88 
69 96 
69 125 
70 45 
70 80 
71 4 
71 15 
71 17 
71 29 
71 36 
71 45 
71 80 
71 92 
71 104 
71 113 
71 134 
72 4 
72 11 
72 14 
72 15 
72 19 
72 22 
72 27 
72 30 
72 32 
72 36 
72 40 
72 42 
72 44 
72 48 
72 51 
72 52 
72 60 
72 68 
72 77 
72 80 
72 83 
72 84 
72 86 
72 88 
72 90 
72 91 
72 100 
72 109 
72 116 
72 117 
72 121 
72 133 
73 11 
73 15 
73 21 
73 44 
73 98 
73 121 
74 4 
74 14 
75 44 
75 109 
75 115 
75 168 
76 4 
76 6 
76 7 
76 8 
76 16 
76 22 
76 27 
76 34 
76 35 
76 44 
76 45 
76 58 
76 79 
76 80 
76 97 
76 105 
76 108 
76 136 
78 4 
78 27 
78 44 
78 158 
79 6 
79 16 
79 45 
79 58 
79 94 
79 97 
80 36 
80 63 
82 4 
82 6 
82 14 
82 15 
82 22 
82 27 
82 35 
82 37 
82 44 
82 45 
82 48 
82 53 
82 60 
82 74 
82 109 
83 86 
83 90 
84 44 
84 52 
84 69 
84 87 
86 37 
86 51 
86 69 
86 77 
86 88 
86 117 
87 27 
87 63 
87 69 
87 88 
87 117 
88 22 
88 27 
88 32 
88 51 
88 60 
88 77 
88 90 
89 4 
89 6 
89 25 
89 36 
89 44 
89 45 
89 80 
89 84 
89 134 
89 158 
90 6 
90 15 
90 37 
90 45 
90 51 
90 52 
90 86 
90 88 
91 119 
92 11 
92 44 
92 71 
92 113 
92 125 
92 159 
92 181 
93 17 
93 33 
93 77 
93 91 
93 96 
93 100 
93 109 
94 55 
95 5 
95 6 
95 22 
95 23 
95 35 
95 45 
95 55 
95 58 
95 82 
95 94 
95 108 
96 4 
96 6 
96 14 
96 16 
96 17 
96 22 
96 23 
96 25 
96 27 
96 32 
96 35 
96 36 
96 40 
96 42 
96 45 
96 49 
96 58 
96 69 
96 76 
96 78 
96 94 
96 108 
96 128 
96 187 
97 6 
97 16 
97 45 
98 71 
98 121 
101 35 
101 45 
101 58 
101 79 
101 97 
103 82 
103 136 
104 4 
104 6 
104 14 
104 15 
104 17 
104 25 
104 27 
104 28 
104 35 
104 36 
104 44 
104 45 
104 68 
104 80 
104 109 
104 134 
104 150 
104 158 
105 2 
105 4 
105 16 
105 26 
105 45 
105 80 
105 99 
105 156 
106 44 
106 105 
107 5 
107 23 
107 35 
107 45 
107 70 
108 4 
108 5 
108 6 
108 7 
108 8 
108 10 
108 11 
108 14 
108 15 
108 17 
108 22 
108 23 
108 25 
108 27 
108 30 
108 32 
108 34 
108 35 
108 36 
108 37 
108 40 
108 42 
108 44 
108 45 
108 49 
108 51 
108 53 
108 55 
108 60 
108 62 
108 66 
108 68 
108 70 
108 80 
108 82 
108 83 
108 86 
108 96 
108 103 
108 105 
108 109 
108 112 
108 125 
108 134 
108 146 
108 148 
108 158 
109 7 
109 10 
109 14 
109 17 
109 44 
109 71 
109 75 
109 109 
109 113 
109 115 
109 138 
109 150 
109 168 
110 6 
110 17 
110 26 
110 29 
110 37 
110 80 
110 105 
110 212 
112 178 
113 4 
113 7 
113 9 
113 15 
113 17 
113 22 
113 23 
113 25 
113 27 
113 32 
113 40 
113 42 
113 44 
113 60 
113 71 
113 75 
113 78 
113 86 
113 92 
113 109 
113 125 
113 159 
113 181 
114 40 
114 97 
115 168 
119 2 
119 6 
119 14 
119 44 
119 45 
120 6 
121 73 
121 98 
124 3 
124 6 
124 17 
124 21 
124 22 
124 27 
124 35 
124 37 
124 44 
124 45 
124 82 
124 109 
124 157 
124 180 
129 27 
129 127 
130 14 
135 39 
135 44 
136 4 
136 5 
136 14 
136 35 
136 36 
136 45 
136 82 
136 103 
136 112 
136 120 
136 128 
136 134 
136 178 
138 168 
139 39 
140 8 
141 7 
141 9 
142 37 
143 4 
143 15 
143 17 
143 18 
143 27 
143 63 
146 4 
147 36 
147 39 
147 44 
148 22 
150 44 
151 6 
152 17 
152 18 
152 34 
152 75 
152 82 
152 115 
152 168 
153 2 
153 4 
153 7 
153 8 
153 9 
153 10 
153 14 
153 15 
153 17 
153 18 
153 19 
153 22 
153 23 
153 26 
153 27 
153 28 
153 29 
153 30 
153 31 
153 32 
153 33 
153 34 
153 35 
153 37 
153 39 
153 42 
153 44 
153 63 
153 68 
153 73 
153 82 
153 99 
153 105 
153 109 
153 110 
153 117 
153 134 
153 150 
153 158 
154 17 
154 138 
155 44 
155 45 
157 119 
157 170 
159 92 
159 181 
167 44 
168 109 
168 115 
168 138 
169 14 
170 14 
170 59 
170 119 
170 157 
170 173 
172 134 
172 158 
173 14 
173 35 
173 59 
173 119 
176 17 
180 57 
181 158 
196 57 
204 59 
