1 6 
1 15 
1 19 
1 35 
1 36 
1 60 
2 3 
2 4 
2 6 
2 7 
2 8 
2 9 
2 14 
2 15 
2 17 
2 18 
2 25 
2 26 
2 27 
2 29 
2 34 
2 37 
2 39 
2 44 
2 45 
2 99 
2 105 
2 109 
2 110 
2 134 
2 156 
2 158 
2 165 
2 166 
2 182 
2 212 
3 5 
3 6 
3 7 
3 8 
3 9 
3 11 
3 13 
3 14 
3 15 
3 19 
3 21 
3 22 
3 23 
3 26 
3 27 
3 30 
3 32 
3 34 
3 35 
3 36 
3 37 
3 40 
3 42 
3 44 
3 45 
3 48 
3 51 
3 52 
3 60 
3 62 
3 63 
3 68 
3 69 
3 70 
3 73 
3 74 
3 80 
3 82 
3 83 
3 84 
3 86 
3 87 
3 88 
3 90 
3 98 
3 102 
3 109 
3 121 
3 133 
3 134 
3 146 
4 2 
4 3 
4 6 
4 7 
4 8 
4 9 
4 11 
4 14 
4 15 
4 19 
4 21 
4 22 
4 25 
4 26 
4 27 
4 30 
4 31 
4 32 
4 33 
4 34 
4 35 
4 36 
4 37 
4 44 
4 45 
4 48 
4 54 
4 58 
4 59 
4 60 
4 62 
4 63 
4 68 
4 69 
4 70 
4 73 
4 74 
4 78 
4 80 
4 82 
4 88 
4 92 
4 102 
4 105 
4 119 
4 146 
4 156 
4 158 
4 170 
4 180 
4 181 
4 182 
5 6 
5 14 
5 15 
5 25 
5 27 
5 32 
5 37 
5 45 
5 49 
5 53 
5 59 
5 76 
5 80 
5 82 
5 83 
5 108 
5 112 
5 130 
5 150 
5 156 
5 158 
6 6 
6 7 
6 9 
6 14 
6 15 
6 17 
6 21 
6 22 
6 23 
6 25 
6 29 
6 31 
6 33 
6 35 
6 44 
6 45 
6 51 
6 58 
6 63 
6 71 
6 82 
6 84 
6 97 
6 103 
6 104 
6 112 
6 119 
6 120 
6 128 
6 146 
6 158 
6 178 
7 2 
7 3 
7 4 
7 5 
7 6 
7 11 
7 14 
7 15 
7 16 
7 17 
7 19 
7 21 
7 22 
7 23 
7 25 
7 26 
7 27 
7 28 
7 29 
7 31 
7 32 
7 33 
7 34 
7 35 
7 36 
7 37 
7 39 
7 40 
7 42 
7 44 
7 45 
7 48 
7 49 
7 51 
7 52 
7 53 
7 54 
7 55 
7 57 
7 58 
7 59 
7 60 
7 67 
7 68 
7 70 
7 71 
7 73 
7 75 
7 76 
7 77 
7 78 
7 80 
7 82 
7 83 
7 86 
7 87 
7 90 
7 91 
7 92 
7 95 
7 96 
7 99 
7 100 
7 102 
7 103 
7 104 
7 105 
7 108 
7 109 
7 110 
7 112 
7 113 
7 115 
7 116 
7 119 
7 120 
7 127 
7 130 
7 134 
7 136 
7 138 
7 139 
7 146 
7 150 
7 155 
7 156 
7 157 
7 158 
7 165 
7 166 
7 168 
7 180 
7 181 
7 182 
7 187 
8 2 
8 6 
8 9 
8 14 
8 16 
8 27 
8 28 
8 29 
8 34 
8 36 
8 44 
8 45 
8 70 
8 80 
8 99 
8 102 
8 103 
8 104 
8 105 
8 109 
8 112 
8 119 
8 134 
8 140 
9 2 
9 3 
9 4 
9 5 
9 6 
9 8 
9 9 
9 10 
9 11 
9 14 
9 15 
9 17 
9 19 
9 21 
9 22 
9 23 
9 25 
9 26 
9 27 
9 28 
9 29 
9 31 
9 32 
9 33 
9 34 
9 35 
9 36 
9 37 
9 39 
9 40 
9 42 
9 44 
9 45 
9 48 
9 51 
9 52 
9 53 
9 54 
9 55 
9 57 
9 58 
9 59 
9 60 
9 67 
9 68 
9 70 
9 71 
9 73 
9 75 
9 76 
9 77 
9 78 
9 80 
9 82 
9 83 
9 86 
9 87 
9 90 
9 91 
9 92 
9 95 
9 99 
9 100 
9 102 
9 103 
9 104 
9 105 
9 108 
9 109 
9 110 
9 112 
9 113 
9 115 
9 116 
9 119 
9 120 
9 127 
9 130 
9 134 
9 138 
9 139 
9 140 
9 146 
9 150 
9 156 
9 157 
9 158 
9 165 
9 166 
9 168 
9 180 
9 181 
9 182 
9 187 
10 2 
10 3 
10 5 
10 6 
10 8 
10 9 
10 14 
10 15 
10 23 
10 26 
10 27 
10 29 
10 31 
10 34 
10 37 
10 39 
10 44 
10 45 
10 49 
10 76 
10 96 
10 105 
10 109 
10 136 
10 150 
10 155 
10 158 
11 3 
11 4 
11 6 
11 7 
11 8 
11 13 
11 14 
11 15 
11 22 
11 27 
11 30 
11 32 
11 33 
11 34 
11 35 
11 36 
11 37 
11 44 
11 45 
11 59 
11 63 
11 68 
11 69 
11 71 
11 73 
11 74 
11 80 
11 82 
11 84 
11 98 
11 102 
11 121 
11 158 
12 2 
12 3 
12 4 
12 5 
12 6 
12 7 
12 9 
12 10 
12 11 
12 13 
12 14 
12 15 
12 16 
12 17 
12 18 
12 22 
12 25 
12 26 
12 27 
12 30 
12 31 
12 32 
12 33 
12 35 
12 36 
12 39 
12 42 
12 44 
12 45 
12 48 
12 49 
12 51 
12 52 
12 60 
12 63 
12 68 
12 70 
12 73 
12 76 
12 78 
12 80 
12 84 
12 87 
12 88 
12 90 
12 91 
12 94 
12 103 
12 105 
12 109 
12 112 
12 117 
12 128 
12 146 
12 150 
12 156 
12 158 
12 182 
13 7 
13 8 
13 11 
13 15 
13 23 
13 33 
13 36 
13 80 
13 98 
13 121 
14 2 
14 3 
14 4 
14 5 
14 6 
14 7 
14 8 
14 9 
14 10 
14 11 
14 13 
14 15 
14 17 
14 19 
14 21 
14 22 
14 23 
14 25 
14 26 
14 27 
14 28 
14 30 
14 31 
14 32 
14 33 
14 34 
14 35 
14 36 
14 37 
14 39 
14 40 
14 42 
14 44 
14 45 
14 48 
14 49 
14 52 
14 53 
14 54 
14 55 
14 57 
14 59 
14 60 
14 62 
14 63 
14 68 
14 69 
14 70 
14 73 
14 74 
14 76 
14 78 
14 80 
14 82 
14 84 
14 88 
14 91 
14 94 
14 96 
14 98 
14 100 
14 102 
14 104 
14 105 
14 109 
14 112 
14 117 
14 118 
14 119 
14 121 
14 125 
14 134 
14 139 
14 146 
14 148 
14 150 
14 156 
14 157 
14 158 
14 166 
14 170 
14 173 
14 180 
14 182 
14 187 
14 212 
15 2 
15 3 
15 4 
15 5 
15 6 
15 7 
15 8 
15 9 
15 10 
15 11 
15 13 
15 14 
15 16 
15 17 
15 18 
15 19 
15 21 
15 22 
15 23 
15 25 
15 26 
15 27 
15 29 
15 30 
15 31 
15 32 
15 33 
15 34 
15 35 
15 36 
15 37 
15 39 
15 40 
15 42 
15 44 
15 45 
15 48 
15 49 
15 51 
15 52 
15 54 
15 55 
15 58 
15 59 
15 60 
15 62 
15 63 
15 66 
15 68 
15 69 
15 70 
15 71 
15 72 
15 73 
15 74 
15 75 
15 76 
15 78 
15 80 
15 82 
15 83 
15 84 
15 86 
15 87 
15 88 
15 90 
15 91 
15 94 
15 95 
15 96 
15 98 
15 100 
15 102 
15 105 
15 109 
15 110 
15 113 
15 116 
15 117 
15 119 
15 121 
15 125 
15 128 
15 130 
15 133 
15 134 
15 146 
15 150 
15 156 
15 158 
15 182 
15 212 
16 6 
16 15 
16 22 
16 25 
16 35 
16 39 
16 45 
16 58 
16 76 
16 79 
16 97 
16 134 
16 146 
17 2 
17 3 
17 4 
17 5 
17 6 
17 7 
17 8 
17 9 
17 10 
17 11 
17 13 
17 14 
17 15 
17 18 
17 19 
17 21 
17 22 
17 23 
17 25 
17 26 
17 27 
17 28 
17 29 
17 30 
17 31 
17 32 
17 33 
17 34 
17 35 
17 36 
17 37 
17 39 
17 40 
17 42 
17 44 
17 45 
17 48 
17 49 
17 51 
17 52 
17 54 
17 55 
17 58 
17 59 
17 60 
17 62 
17 63 
17 67 
17 68 
17 69 
17 70 
17 71 
17 72 
17 75 
17 76 
17 77 
17 78 
17 80 
17 82 
17 83 
17 84 
17 86 
17 88 
17 89 
17 90 
17 91 
17 92 
17 94 
17 96 
17 98 
17 99 
17 100 
17 102 
17 103 
17 104 
17 105 
17 108 
17 109 
17 110 
17 112 
17 113 
17 115 
17 116 
17 117 
17 119 
17 120 
17 121 
17 125 
17 128 
17 130 
17 133 
17 134 
17 138 
17 146 
17 148 
17 150 
17 155 
17 156 
17 158 
17 168 
17 180 
17 182 
17 187 
17 190 
17 212 
18 2 
18 4 
18 6 
18 7 
18 8 
18 10 
18 14 
18 15 
18 17 
18 19 
18 22 
18 23 
18 26 
18 27 
18 28 
18 30 
18 31 
18 32 
18 33 
18 34 
18 37 
18 39 
18 40 
18 42 
18 45 
18 48 
18 49 
18 54 
18 55 
18 59 
18 60 
18 76 
18 80 
18 94 
18 99 
18 105 
18 109 
18 110 
18 150 
18 158 
18 182 
19 2 
19 3 
19 4 
19 6 
19 7 
19 8 
19 9 
19 10 
19 11 
19 13 
19 14 
19 15 
19 17 
19 22 
19 23 
19 25 
19 27 
19 30 
19 33 
19 34 
19 35 
19 36 
19 37 
19 40 
19 42 
19 44 
19 45 
19 49 
19 51 
19 59 
19 60 
19 77 
19 86 
19 91 
19 96 
19 105 
19 109 
19 116 
19 117 
19 125 
19 133 
19 134 
19 146 
19 150 
19 156 
19 158 
19 182 
20 6 
21 14 
21 15 
21 35 
21 44 
21 45 
21 84 
22 2 
22 3 
22 4 
22 5 
22 6 
22 7 
22 8 
22 9 
22 10 
22 11 
22 13 
22 14 
22 15 
22 21 
22 23 
22 25 
22 27 
22 30 
22 31 
22 32 
22 34 
22 35 
22 36 
22 37 
22 39 
22 44 
22 45 
22 48 
22 49 
22 51 
22 52 
22 53 
22 57 
22 58 
22 60 
22 62 
22 63 
22 66 
22 67 
22 68 
22 69 
22 70 
22 71 
22 73 
22 74 
22 76 
22 77 
22 80 
22 82 
22 84 
22 86 
22 87 
22 88 
22 90 
22 96 
22 100 
22 102 
22 104 
22 105 
22 108 
22 109 
22 116 
22 121 
22 146 
22 148 
22 156 
22 158 
23 2 
23 3 
23 4 
23 5 
23 6 
23 7 
23 8 
23 9 
23 10 
23 11 
23 13 
23 14 
23 15 
23 17 
23 25 
23 26 
23 27 
23 29 
23 31 
23 34 
23 36 
23 37 
23 39 
23 44 
23 45 
23 49 
23 51 
23 55 
23 60 
23 62 
23 69 
23 70 
23 76 
23 80 
23 82 
23 99 
23 102 
23 104 
23 105 
23 109 
23 110 
23 119 
23 134 
23 140 
23 146 
23 158 
23 182 
23 190 
25 2 
25 3 
25 4 
25 5 
25 6 
25 7 
25 8 
25 11 
25 14 
25 15 
25 25 
25 33 
25 34 
25 35 
25 36 
25 37 
25 44 
25 45 
25 49 
25 54 
25 57 
25 63 
25 68 
25 76 
25 78 
25 80 
25 84 
25 87 
25 91 
25 92 
25 94 
25 105 
25 115 
25 117 
25 119 
25 125 
25 134 
25 139 
25 146 
25 157 
25 158 
25 170 
25 173 
25 180 
25 187 
26 2 
26 6 
26 7 
26 8 
26 9 
26 10 
26 11 
26 15 
26 17 
26 18 
26 21 
26 23 
26 25 
26 26 
26 27 
26 28 
26 29 
26 31 
26 33 
26 34 
26 36 
26 37 
26 39 
26 44 
26 45 
26 58 
26 80 
26 82 
26 99 
26 105 
26 109 
26 128 
26 133 
26 139 
26 150 
26 155 
26 158 
26 166 
26 212 
27 2 
27 3 
27 4 
27 5 
27 6 
27 7 
27 8 
27 9 
27 11 
27 13 
27 14 
27 15 
27 17 
27 18 
27 21 
27 22 
27 25 
27 26 
27 30 
27 31 
27 32 
27 34 
27 35 
27 36 
27 37 
27 39 
27 42 
27 44 
27 45 
27 51 
27 52 
27 58 
27 59 
27 60 
27 62 
27 63 
27 68 
27 69 
27 70 
27 73 
27 74 
27 78 
27 80 
27 82 
27 84 
27 86 
27 87 
27 88 
27 96 
27 98 
27 102 
27 105 
27 109 
27 112 
27 117 
27 119 
27 121 
27 125 
27 127 
27 130 
27 134 
27 146 
27 148 
27 156 
27 158 
27 181 
27 182 
28 2 
28 3 
28 4 
28 6 
28 7 
28 8 
28 9 
28 10 
28 11 
28 14 
28 15 
28 17 
28 18 
28 19 
28 21 
28 22 
28 23 
28 26 
28 27 
28 29 
28 31 
28 33 
28 34 
28 36 
28 37 
28 39 
28 44 
28 45 
28 68 
28 75 
28 80 
28 92 
28 99 
28 104 
28 105 
28 109 
28 110 
28 113 
28 115 
28 125 
28 134 
28 150 
28 158 
28 168 
28 173 
29 2 
29 3 
29 4 
29 6 
29 11 
29 25 
29 33 
29 34 
29 36 
29 44 
29 45 
29 62 
29 105 
29 134 
29 146 
29 158 
30 2 
30 3 
30 4 
30 5 
30 6 
30 7 
30 10 
30 11 
30 13 
30 14 
30 15 
30 21 
30 22 
30 25 
30 27 
30 32 
30 34 
30 35 
30 36 
30 37 
30 40 
30 42 
30 44 
30 45 
30 51 
30 59 
30 60 
30 63 
30 68 
30 69 
30 70 
30 72 
30 73 
30 80 
30 83 
30 84 
30 86 
30 87 
30 94 
30 98 
30 100 
30 102 
30 109 
30 117 
30 121 
30 125 
30 150 
30 156 
30 182 
31 2 
31 6 
31 7 
31 9 
31 14 
31 15 
31 17 
31 18 
31 21 
31 23 
31 26 
31 27 
31 34 
31 37 
31 45 
31 63 
31 95 
31 96 
31 105 
31 109 
31 110 
31 119 
31 134 
31 146 
31 158 
32 6 
32 14 
32 15 
32 42 
32 44 
32 45 
32 70 
32 72 
32 83 
32 88 
32 100 
32 116 
32 117 
32 133 
32 146 
33 6 
33 17 
33 19 
33 67 
33 105 
33 109 
33 119 
33 125 
33 134 
33 158 
33 173 
34 2 
34 6 
34 7 
34 8 
34 9 
34 10 
34 11 
34 14 
34 15 
34 18 
34 25 
34 26 
34 27 
34 28 
34 29 
34 31 
34 35 
34 37 
34 39 
34 40 
34 44 
34 45 
34 62 
34 99 
34 104 
34 105 
34 109 
34 110 
34 150 
34 166 
34 212 
35 2 
35 3 
35 4 
35 5 
35 6 
35 7 
35 8 
35 9 
35 10 
35 11 
35 13 
35 14 
35 15 
35 16 
35 17 
35 19 
35 21 
35 22 
35 23 
35 25 
35 26 
35 27 
35 29 
35 30 
35 31 
35 32 
35 33 
35 34 
35 36 
35 37 
35 39 
35 42 
35 44 
35 45 
35 48 
35 49 
35 51 
35 52 
35 53 
35 54 
35 55 
35 58 
35 59 
35 60 
35 63 
35 67 
35 68 
35 70 
35 74 
35 76 
35 78 
35 80 
35 82 
35 83 
35 84 
35 87 
35 91 
35 94 
35 95 
35 96 
35 98 
35 102 
35 103 
35 105 
35 108 
35 109 
35 125 
35 128 
35 134 
35 148 
35 150 
35 155 
35 156 
35 158 
35 173 
35 182 
35 187 
36 3 
36 4 
36 6 
36 7 
36 9 
36 11 
36 13 
36 14 
36 15 
36 19 
36 27 
36 30 
36 32 
36 35 
36 37 
36 40 
36 44 
36 51 
36 63 
36 73 
36 74 
36 80 
36 98 
36 102 
37 3 
37 4 
37 7 
37 8 
37 9 
37 11 
37 14 
37 15 
37 22 
37 27 
37 29 
37 30 
37 31 
37 32 
37 34 
37 35 
37 36 
37 44 
37 45 
37 63 
37 69 
37 70 
37 74 
37 80 
37 94 
37 102 
37 103 
37 105 
37 117 
37 146 
37 158 
38 32 
38 40 
39 2 
39 3 
39 4 
39 6 
39 7 
39 8 
39 9 
39 10 
39 11 
39 13 
39 14 
39 15 
39 17 
39 18 
39 21 
39 22 
39 23 
39 25 
39 26 
39 27 
39 28 
39 29 
39 30 
39 31 
39 32 
39 33 
39 34 
39 35 
39 36 
39 37 
39 39 
39 44 
39 45 
39 55 
39 59 
39 60 
39 62 
39 70 
39 78 
39 80 
39 91 
39 96 
39 99 
39 102 
39 104 
39 105 
39 109 
39 110 
39 115 
39 130 
39 133 
39 134 
39 139 
39 140 
39 146 
39 150 
39 156 
39 158 
39 166 
39 182 
39 190 
39 212 
40 2 
40 3 
40 4 
40 5 
40 6 
40 7 
40 8 
40 9 
40 10 
40 11 
40 13 
40 14 
40 15 
40 17 
40 18 
40 22 
40 23 
40 25 
40 26 
40 27 
40 29 
40 30 
40 31 
40 32 
40 34 
40 35 
40 36 
40 37 
40 39 
40 42 
40 44 
40 45 
40 48 
40 49 
40 51 
40 52 
40 54 
40 55 
40 58 
40 59 
40 60 
40 66 
40 68 
40 69 
40 70 
40 72 
40 73 
40 76 
40 77 
40 78 
40 79 
40 80 
40 82 
40 83 
40 84 
40 86 
40 87 
40 90 
40 91 
40 94 
40 96 
40 98 
40 100 
40 102 
40 105 
40 108 
40 109 
40 112 
40 117 
40 121 
40 125 
40 128 
40 133 
40 134 
40 146 
40 148 
40 150 
40 155 
40 156 
40 158 
40 182 
40 187 
42 6 
42 14 
42 15 
42 32 
42 45 
42 60 
42 70 
42 83 
42 117 
43 2 
43 4 
43 6 
43 7 
43 8 
43 10 
43 11 
43 14 
43 15 
43 17 
43 19 
43 25 
43 26 
43 33 
43 34 
43 35 
43 36 
43 37 
43 39 
43 44 
43 45 
43 54 
43 57 
43 59 
43 67 
43 71 
43 92 
43 104 
43 105 
43 110 
43 113 
43 115 
43 116 
43 119 
43 125 
43 133 
43 134 
43 146 
43 150 
43 155 
43 158 
43 168 
43 173 
43 181 
43 193 
43 212 
44 2 
44 3 
44 4 
44 6 
44 7 
44 9 
44 10 
44 11 
44 13 
44 14 
44 15 
44 17 
44 21 
44 22 
44 23 
44 25 
44 26 
44 27 
44 28 
44 30 
44 31 
44 32 
44 33 
44 34 
44 35 
44 36 
44 37 
44 39 
44 40 
44 45 
44 59 
44 62 
44 63 
44 68 
44 69 
44 71 
44 80 
44 82 
44 84 
44 87 
44 88 
44 90 
44 102 
44 103 
44 105 
44 108 
44 109 
44 112 
44 113 
44 115 
44 119 
44 120 
44 121 
44 125 
44 128 
44 134 
44 136 
44 146 
44 148 
44 158 
44 168 
44 178 
44 193 
45 2 
45 3 
45 4 
45 5 
45 6 
45 7 
45 8 
45 9 
45 10 
45 11 
45 13 
45 14 
45 15 
45 16 
45 17 
45 18 
45 21 
45 23 
45 25 
45 26 
45 27 
45 28 
45 29 
45 31 
45 33 
45 34 
45 35 
45 36 
45 37 
45 39 
45 40 
45 44 
45 49 
45 55 
45 58 
45 62 
45 63 
45 66 
45 67 
45 68 
45 70 
45 73 
45 76 
45 79 
45 80 
45 82 
45 94 
45 95 
45 96 
45 97 
45 99 
45 102 
45 103 
45 105 
45 108 
45 109 
45 112 
45 119 
45 120 
45 121 
45 125 
45 127 
45 128 
45 130 
45 134 
45 136 
45 139 
45 146 
45 158 
45 166 
45 168 
45 170 
45 178 
45 182 
46 42 
46 133 
47 2 
47 4 
47 6 
47 7 
47 8 
47 10 
47 11 
47 14 
47 15 
47 17 
47 18 
47 23 
47 25 
47 26 
47 27 
47 28 
47 29 
47 30 
47 31 
47 32 
47 33 
47 34 
47 35 
47 36 
47 37 
47 39 
47 42 
47 44 
47 45 
47 49 
47 60 
47 63 
47 70 
47 78 
47 80 
47 86 
47 87 
47 102 
47 105 
47 109 
47 116 
47 133 
47 146 
47 156 
47 158 
48 5 
48 6 
48 7 
48 9 
48 10 
48 11 
48 14 
48 15 
48 22 
48 26 
48 35 
48 37 
48 40 
48 45 
48 60 
48 63 
48 68 
48 76 
48 109 
48 117 
48 121 
48 156 
48 182 
49 6 
49 14 
49 22 
49 25 
49 35 
49 45 
49 55 
49 94 
49 95 
49 96 
49 108 
51 6 
51 36 
51 88 
51 90 
52 2 
52 6 
52 7 
52 9 
52 14 
52 15 
52 22 
52 32 
52 35 
52 37 
52 45 
52 51 
52 60 
52 62 
52 63 
52 68 
52 73 
52 83 
52 84 
52 90 
52 98 
52 100 
52 109 
54 6 
54 15 
54 17 
54 44 
54 45 
54 109 
55 6 
55 27 
55 37 
55 44 
55 45 
55 66 
55 94 
55 108 
55 127 
55 158 
58 6 
58 16 
58 45 
58 79 
58 97 
58 128 
59 4 
59 6 
59 14 
59 15 
59 22 
59 27 
59 45 
59 57 
59 158 
60 2 
60 3 
60 6 
60 15 
60 22 
60 36 
60 37 
60 45 
60 51 
60 77 
60 90 
62 4 
62 14 
62 15 
62 36 
62 44 
62 80 
62 130 
63 3 
63 4 
63 6 
63 7 
63 9 
63 10 
63 15 
63 23 
63 27 
63 30 
63 42 
63 44 
63 45 
63 55 
63 68 
63 69 
63 73 
63 80 
63 84 
63 87 
63 88 
63 98 
63 102 
63 117 
64 14 
64 44 
65 6 
65 22 
65 27 
65 45 
65 94 
65 127 
66 6 
66 14 
66 27 
66 44 
66 45 
66 55 
67 4 
67 6 
67 17 
67 26 
67 28 
67 32 
67 36 
67 37 
67 45 
67 70 
67 71 
67 80 
68 2 
68 4 
68 6 
68 11 
68 14 
68 15 
68 22 
68 25 
68 27 
68 29 
68 35 
68 36 
68 44 
68 45 
68 48 
68 52 
68 59 
68 62 
68 63 
68 73 
68 80 
68 83 
68 84 
68 86 
68 90 
68 102 
68 109 
68 128 
68 146 
68 158 
69 3 
69 4 
69 6 
69 11 
69 14 
69 15 
69 22 
69 27 
69 30 
69 32 
69 35 
69 40 
69 44 
69 45 
69 52 
69 60 
69 63 
69 73 
69 84 
69 86 
69 87 
69 88 
69 156 
69 182 
70 2 
70 3 
70 4 
70 6 
70 7 
70 9 
70 14 
70 15 
70 21 
70 22 
70 27 
70 30 
70 32 
70 34 
70 37 
70 40 
70 42 
70 44 
70 45 
70 52 
70 60 
70 63 
70 69 
70 73 
70 76 
70 78 
70 80 
70 84 
70 88 
70 102 
70 108 
70 109 
70 121 
71 3 
71 4 
71 6 
71 15 
71 27 
71 44 
71 45 
71 75 
71 92 
71 109 
71 113 
71 115 
71 134 
71 159 
71 181 
73 11 
73 15 
73 21 
73 22 
73 30 
73 32 
73 44 
73 45 
73 68 
73 87 
73 98 
73 102 
73 117 
73 121 
74 4 
74 14 
74 15 
74 27 
76 6 
76 7 
76 9 
76 14 
76 15 
76 16 
76 25 
76 27 
76 33 
76 34 
76 44 
76 45 
76 67 
76 79 
76 83 
76 84 
76 91 
76 97 
76 103 
76 108 
76 112 
76 128 
76 136 
76 146 
76 158 
78 2 
78 4 
78 5 
78 6 
78 7 
78 9 
78 10 
78 11 
78 14 
78 15 
78 17 
78 22 
78 23 
78 27 
78 30 
78 31 
78 32 
78 34 
78 35 
78 37 
78 39 
78 40 
78 44 
78 45 
78 54 
78 58 
78 59 
78 68 
78 76 
78 80 
78 105 
78 109 
78 119 
78 128 
78 156 
78 182 
78 213 
79 58 
80 11 
80 27 
80 36 
80 44 
80 63 
80 96 
80 102 
81 16 
81 45 
82 3 
82 4 
82 6 
82 7 
82 8 
82 14 
82 15 
82 35 
82 36 
82 37 
82 44 
82 45 
82 53 
82 69 
82 74 
82 109 
82 140 
84 3 
84 6 
84 22 
84 35 
84 44 
84 45 
84 52 
84 62 
84 63 
84 68 
84 69 
86 2 
86 15 
86 30 
86 51 
86 60 
86 77 
86 90 
86 109 
87 3 
87 30 
87 44 
87 52 
87 54 
87 60 
87 63 
87 69 
87 84 
87 88 
87 105 
88 2 
88 3 
88 14 
88 15 
88 22 
88 27 
88 30 
88 35 
88 48 
88 51 
88 60 
88 77 
88 90 
88 105 
89 2 
89 4 
89 5 
89 6 
89 7 
89 8 
89 11 
89 14 
89 15 
89 18 
89 19 
89 21 
89 25 
89 27 
89 32 
89 33 
89 36 
89 40 
89 44 
89 45 
89 49 
89 62 
89 69 
89 78 
89 80 
89 84 
89 105 
89 113 
89 116 
89 125 
89 134 
89 146 
89 158 
89 182 
90 2 
90 6 
90 15 
90 45 
90 51 
90 77 
91 4 
91 6 
91 14 
91 15 
91 22 
91 37 
91 78 
91 156 
91 182 
91 187 
92 6 
92 11 
92 44 
93 14 
93 27 
93 28 
93 32 
93 33 
93 34 
93 36 
93 39 
93 40 
93 48 
93 58 
93 59 
93 77 
93 91 
93 96 
93 157 
93 213 
94 55 
94 127 
95 44 
95 45 
95 49 
96 6 
96 14 
96 15 
96 31 
96 36 
96 45 
96 76 
96 80 
96 100 
96 158 
97 6 
97 16 
97 45 
97 58 
97 79 
98 4 
98 11 
98 13 
98 32 
98 36 
98 42 
98 68 
98 73 
98 80 
98 121 
99 2 
99 6 
99 23 
99 45 
99 105 
99 165 
99 166 
100 7 
100 9 
100 15 
100 29 
100 30 
100 32 
100 35 
100 37 
100 40 
100 42 
100 45 
100 73 
100 83 
100 116 
100 117 
100 121 
100 133 
101 6 
101 7 
101 10 
101 16 
101 25 
101 45 
101 79 
101 97 
101 136 
102 6 
102 17 
102 28 
102 44 
102 134 
103 6 
103 26 
103 44 
103 45 
103 60 
103 136 
104 4 
104 6 
104 7 
104 9 
104 14 
104 22 
104 27 
104 31 
104 37 
104 109 
105 2 
105 3 
105 6 
105 15 
105 34 
105 45 
105 99 
105 109 
105 156 
105 165 
105 166 
105 182 
106 7 
106 9 
107 35 
108 4 
108 5 
108 6 
108 15 
108 22 
108 27 
108 32 
108 34 
108 35 
108 44 
108 45 
108 49 
108 55 
108 76 
108 82 
108 94 
108 95 
108 96 
108 109 
108 112 
109 2 
109 3 
109 4 
109 5 
109 6 
109 7 
109 8 
109 9 
109 11 
109 13 
109 14 
109 15 
109 21 
109 23 
109 26 
109 27 
109 28 
109 33 
109 34 
109 37 
109 40 
109 44 
109 45 
109 49 
109 62 
109 67 
109 70 
109 71 
109 75 
109 76 
109 82 
109 84 
109 88 
109 92 
109 96 
109 102 
109 104 
109 105 
109 109 
109 113 
109 115 
109 119 
109 125 
109 134 
109 138 
109 150 
109 158 
109 168 
109 187 
110 2 
110 3 
110 4 
110 6 
110 7 
110 9 
110 11 
110 14 
110 15 
110 22 
110 23 
110 25 
110 26 
110 27 
110 31 
110 36 
110 37 
110 44 
110 45 
110 59 
110 62 
110 63 
110 80 
110 99 
110 105 
110 109 
110 125 
110 128 
110 134 
110 138 
110 146 
110 158 
110 212 
111 6 
112 6 
112 45 
112 103 
112 120 
112 127 
112 128 
112 178 
113 15 
113 37 
113 75 
113 92 
113 115 
113 158 
113 159 
114 2 
114 35 
114 76 
114 158 
115 168 
116 6 
116 32 
116 42 
116 45 
117 100 
119 4 
119 6 
119 15 
119 27 
119 44 
119 45 
119 75 
119 109 
119 170 
119 173 
120 6 
120 45 
120 112 
120 128 
120 130 
120 178 
121 15 
121 30 
121 32 
121 73 
121 98 
122 14 
122 27 
122 170 
122 173 
124 3 
124 4 
124 6 
124 17 
124 21 
124 27 
124 44 
124 45 
124 62 
124 68 
124 80 
124 109 
124 119 
124 134 
124 157 
125 4 
125 21 
125 27 
126 2 
126 45 
126 105 
128 14 
128 44 
128 45 
128 178 
129 27 
130 4 
130 14 
130 17 
130 27 
130 127 
133 32 
133 121 
134 33 
134 125 
134 130 
134 158 
135 2 
135 6 
135 22 
135 23 
135 25 
135 26 
135 31 
135 33 
135 34 
135 35 
135 36 
135 44 
135 45 
135 62 
135 68 
135 109 
135 134 
135 146 
135 158 
138 168 
139 14 
140 2 
140 6 
140 8 
140 15 
143 17 
143 44 
145 27 
146 2 
146 4 
146 6 
146 11 
146 14 
146 15 
146 26 
146 27 
146 33 
146 36 
146 37 
146 44 
146 45 
146 80 
146 105 
146 125 
146 134 
146 158 
147 23 
147 36 
147 44 
150 2 
150 4 
150 6 
150 14 
150 15 
150 27 
150 104 
150 180 
152 168 
153 2 
153 7 
153 9 
153 10 
153 17 
153 23 
153 26 
153 28 
153 29 
153 31 
153 33 
153 34 
153 39 
153 99 
153 109 
153 110 
153 134 
153 150 
153 158 
155 15 
155 17 
155 23 
155 37 
156 166 
157 58 
157 170 
158 39 
158 109 
160 120 
160 128 
167 18 
167 45 
167 125 
168 44 
168 115 
170 14 
170 119 
170 173 
172 37 
172 134 
172 158 
175 6 
180 17 
182 11 
184 6 
184 15 
184 45 
186 4 
186 14 
186 15 
186 27 
186 37 
186 44 
186 45 
186 146 
186 158 
187 4 
187 14 
187 27 
187 55 
187 57 
187 170 
188 37 
203 37 
204 59 
205 105 
