1 6 
1 27 
1 28 
2 6 
2 14 
2 15 
2 17 
2 18 
2 22 
2 23 
2 25 
2 26 
2 28 
2 29 
2 31 
2 33 
2 34 
2 36 
2 39 
2 44 
2 45 
2 68 
2 70 
2 80 
2 91 
2 99 
2 105 
2 109 
2 110 
2 112 
2 134 
2 146 
2 150 
2 155 
2 158 
2 166 
3 15 
3 45 
3 52 
3 63 
3 84 
3 110 
4 11 
4 14 
4 15 
4 22 
4 27 
4 30 
4 59 
4 74 
4 158 
5 28 
5 49 
6 3 
6 4 
6 6 
6 7 
6 10 
6 13 
6 14 
6 15 
6 16 
6 17 
6 19 
6 22 
6 23 
6 25 
6 26 
6 28 
6 29 
6 30 
6 32 
6 33 
6 35 
6 36 
6 37 
6 40 
6 44 
6 45 
6 51 
6 55 
6 58 
6 59 
6 60 
6 62 
6 63 
6 66 
6 68 
6 70 
6 79 
6 82 
6 86 
6 91 
6 94 
6 103 
6 104 
6 109 
6 112 
6 116 
6 120 
6 130 
6 134 
6 139 
6 146 
6 150 
6 155 
6 156 
6 158 
6 170 
6 178 
7 4 
7 6 
7 26 
7 27 
7 28 
7 29 
7 34 
7 35 
7 36 
7 44 
7 45 
7 55 
7 80 
7 133 
7 158 
7 187 
8 140 
9 4 
9 26 
9 27 
9 28 
9 29 
9 34 
9 35 
9 36 
9 44 
9 45 
9 55 
9 80 
9 133 
9 158 
9 187 
10 6 
10 8 
10 26 
11 15 
11 36 
11 102 
11 139 
12 2 
12 3 
12 25 
12 27 
12 33 
12 36 
12 37 
12 45 
12 62 
12 89 
12 125 
12 146 
12 158 
14 3 
14 4 
14 7 
14 9 
14 11 
14 15 
14 22 
14 27 
14 28 
14 31 
14 35 
14 37 
14 44 
14 45 
14 57 
14 63 
14 74 
14 82 
14 88 
14 156 
14 157 
14 182 
14 187 
14 212 
15 3 
15 4 
15 7 
15 8 
15 11 
15 14 
15 21 
15 22 
15 27 
15 30 
15 35 
15 36 
15 37 
15 44 
15 62 
15 63 
15 68 
15 69 
15 73 
15 74 
15 80 
15 82 
15 84 
15 88 
15 102 
15 121 
16 97 
17 2 
17 4 
17 6 
17 7 
17 8 
17 9 
17 10 
17 11 
17 14 
17 15 
17 22 
17 23 
17 25 
17 26 
17 27 
17 28 
17 29 
17 31 
17 32 
17 33 
17 34 
17 35 
17 36 
17 37 
17 39 
17 40 
17 44 
17 45 
17 54 
17 62 
17 68 
17 70 
17 75 
17 80 
17 82 
17 89 
17 91 
17 92 
17 96 
17 99 
17 105 
17 109 
17 110 
17 112 
17 113 
17 116 
17 117 
17 120 
17 125 
17 133 
17 134 
17 146 
17 148 
17 150 
17 155 
17 158 
17 190 
17 212 
18 28 
18 31 
18 134 
19 2 
19 3 
19 6 
19 15 
19 27 
19 28 
19 33 
19 34 
19 36 
19 37 
19 44 
19 86 
19 116 
19 133 
19 134 
19 150 
19 158 
21 44 
22 2 
22 3 
22 4 
22 6 
22 7 
22 9 
22 11 
22 14 
22 15 
22 21 
22 23 
22 25 
22 27 
22 28 
22 30 
22 32 
22 33 
22 34 
22 35 
22 36 
22 37 
22 44 
22 45 
22 48 
22 60 
22 67 
22 68 
22 69 
22 71 
22 74 
22 84 
22 88 
22 99 
22 102 
22 105 
22 109 
22 125 
22 148 
22 158 
24 44 
25 2 
25 3 
25 11 
25 14 
25 15 
25 21 
25 25 
25 26 
25 36 
25 37 
25 44 
25 57 
25 84 
25 109 
25 119 
25 139 
25 146 
25 158 
25 180 
25 187 
26 28 
26 34 
26 44 
26 75 
26 120 
26 134 
26 158 
27 3 
27 4 
27 6 
27 11 
27 13 
27 14 
27 15 
27 22 
27 28 
27 30 
27 35 
27 36 
27 37 
27 44 
27 59 
27 60 
27 63 
27 68 
27 70 
27 73 
27 80 
27 82 
27 84 
27 87 
27 88 
27 102 
27 109 
27 134 
28 15 
28 19 
28 44 
28 45 
28 68 
28 80 
28 158 
29 6 
29 25 
30 14 
30 44 
30 102 
30 148 
32 15 
32 22 
32 25 
32 27 
32 28 
32 33 
32 40 
32 42 
32 44 
32 45 
32 70 
32 88 
32 121 
32 146 
33 158 
34 11 
34 28 
34 29 
34 99 
34 105 
34 155 
35 4 
35 11 
35 14 
35 15 
35 16 
35 22 
35 33 
35 36 
35 37 
35 44 
35 53 
35 54 
35 59 
35 63 
35 80 
35 82 
35 87 
35 88 
35 158 
35 212 
36 13 
36 27 
36 80 
36 102 
38 32 
39 23 
39 25 
39 26 
39 28 
39 44 
39 45 
39 80 
39 99 
39 110 
39 212 
40 2 
40 3 
40 4 
40 6 
40 7 
40 9 
40 10 
40 11 
40 13 
40 14 
40 15 
40 17 
40 18 
40 19 
40 22 
40 23 
40 25 
40 26 
40 27 
40 28 
40 30 
40 31 
40 32 
40 33 
40 34 
40 35 
40 36 
40 37 
40 42 
40 44 
40 45 
40 48 
40 51 
40 52 
40 60 
40 63 
40 68 
40 69 
40 70 
40 72 
40 80 
40 83 
40 84 
40 86 
40 87 
40 89 
40 90 
40 91 
40 100 
40 102 
40 105 
40 109 
40 110 
40 112 
40 117 
40 121 
40 133 
40 134 
40 146 
40 148 
40 156 
40 158 
42 14 
42 25 
42 26 
42 28 
42 44 
42 70 
42 84 
42 116 
42 146 
43 2 
43 6 
43 11 
43 14 
43 17 
43 18 
43 19 
43 23 
43 25 
43 26 
43 29 
43 33 
43 34 
43 36 
43 44 
43 45 
43 92 
43 104 
43 110 
43 113 
43 119 
43 125 
43 133 
43 134 
43 158 
43 187 
43 212 
44 4 
44 6 
44 11 
44 13 
44 14 
44 15 
44 17 
44 21 
44 22 
44 26 
44 27 
44 30 
44 32 
44 34 
44 35 
44 37 
44 39 
44 40 
44 45 
44 63 
44 68 
44 70 
44 80 
45 2 
45 6 
45 7 
45 8 
45 10 
45 14 
45 15 
45 16 
45 17 
45 22 
45 23 
45 25 
45 26 
45 27 
45 28 
45 29 
45 34 
45 35 
45 36 
45 39 
45 40 
45 44 
45 53 
45 55 
45 58 
45 63 
45 70 
45 71 
45 76 
45 79 
45 97 
45 102 
45 103 
45 104 
45 108 
45 112 
45 119 
45 120 
45 128 
45 130 
45 134 
45 136 
45 146 
45 155 
45 158 
45 178 
46 4 
46 32 
46 42 
46 133 
46 146 
47 6 
47 158 
49 4 
49 5 
49 14 
49 17 
49 22 
49 25 
49 28 
49 35 
49 44 
49 45 
49 49 
49 55 
49 62 
49 63 
49 80 
49 82 
49 96 
49 109 
49 112 
49 133 
49 134 
49 146 
49 156 
52 37 
52 68 
52 70 
52 84 
57 17 
62 68 
62 70 
63 30 
63 83 
63 84 
63 87 
67 2 
67 4 
67 6 
67 19 
67 28 
67 33 
67 36 
67 37 
67 42 
67 45 
67 70 
67 71 
67 146 
67 158 
68 15 
68 35 
68 44 
68 45 
68 48 
68 52 
68 62 
68 67 
68 84 
68 109 
69 27 
69 84 
70 4 
70 45 
70 80 
70 84 
70 121 
71 75 
71 104 
72 32 
73 15 
73 30 
74 4 
75 26 
75 109 
75 113 
75 150 
75 168 
76 4 
76 5 
76 6 
76 7 
76 10 
76 11 
76 14 
76 15 
76 16 
76 17 
76 22 
76 23 
76 25 
76 27 
76 28 
76 33 
76 35 
76 36 
76 40 
76 44 
76 45 
76 48 
76 55 
76 58 
76 59 
76 60 
76 62 
76 66 
76 68 
76 70 
76 82 
76 86 
76 91 
76 94 
76 96 
76 97 
76 108 
76 110 
76 112 
76 120 
76 130 
76 133 
76 134 
76 146 
76 158 
78 11 
78 13 
78 14 
78 15 
78 22 
78 25 
78 27 
78 33 
78 35 
78 36 
78 82 
78 89 
78 91 
78 134 
78 146 
78 158 
82 4 
82 14 
82 15 
82 33 
82 35 
82 37 
82 44 
82 53 
82 74 
83 70 
84 25 
84 146 
86 37 
87 63 
87 69 
87 84 
88 3 
89 15 
89 27 
89 36 
89 40 
89 44 
89 52 
89 84 
89 158 
91 119 
91 133 
93 28 
93 33 
93 91 
93 97 
95 6 
96 133 
97 17 
104 158 
105 26 
105 28 
105 99 
108 27 
108 109 
109 17 
109 75 
109 115 
109 138 
109 150 
109 168 
110 4 
110 6 
110 11 
110 14 
110 37 
110 212 
112 6 
112 45 
113 6 
113 17 
113 22 
113 26 
113 44 
113 45 
113 71 
113 125 
113 134 
113 155 
113 158 
120 130 
121 73 
121 98 
124 21 
125 134 
143 15 
143 28 
146 40 
146 44 
146 125 
152 168 
153 2 
153 4 
153 17 
153 22 
153 26 
153 28 
153 34 
153 39 
153 44 
153 105 
153 134 
153 158 
155 6 
155 34 
157 170 
168 109 
168 138 
169 14 
172 33 
172 45 
172 134 
172 158 
201 27 
204 59 
213 158 
