2 29 
3 11 
3 14 
3 15 
3 22 
3 30 
3 35 
3 36 
3 37 
3 44 
3 63 
3 68 
3 69 
3 73 
3 84 
3 87 
3 88 
3 121 
4 3 
4 14 
4 15 
4 21 
4 22 
4 26 
4 27 
4 29 
4 30 
4 33 
4 35 
4 37 
4 39 
4 44 
4 58 
4 70 
4 74 
4 87 
6 2 
6 3 
6 23 
6 27 
6 39 
6 44 
6 45 
6 105 
6 112 
7 18 
7 19 
7 23 
7 25 
7 27 
7 28 
7 31 
7 34 
7 39 
7 42 
7 45 
7 97 
7 104 
7 146 
9 8 
9 18 
9 19 
9 23 
9 25 
9 27 
9 28 
9 31 
9 34 
9 39 
9 42 
9 45 
9 97 
9 104 
9 146 
10 8 
10 23 
11 2 
11 3 
11 7 
11 10 
11 13 
11 15 
11 16 
11 21 
11 26 
11 29 
11 30 
11 31 
11 32 
11 33 
11 34 
11 35 
11 36 
11 37 
11 39 
11 44 
11 52 
11 60 
11 68 
11 73 
11 78 
11 82 
11 84 
11 86 
11 87 
11 90 
11 91 
11 95 
11 105 
11 109 
11 110 
13 98 
14 3 
14 4 
14 11 
14 13 
14 15 
14 21 
14 22 
14 25 
14 26 
14 27 
14 30 
14 34 
14 35 
14 36 
14 37 
14 39 
14 40 
14 42 
14 44 
14 57 
14 59 
14 68 
14 69 
14 73 
14 74 
14 78 
14 82 
14 84 
14 86 
14 91 
14 100 
14 104 
14 109 
14 112 
14 125 
14 156 
15 2 
15 3 
15 4 
15 11 
15 14 
15 16 
15 22 
15 23 
15 26 
15 27 
15 29 
15 30 
15 32 
15 35 
15 36 
15 37 
15 39 
15 40 
15 44 
15 52 
15 63 
15 68 
15 69 
15 70 
15 73 
15 82 
15 84 
15 87 
15 88 
15 109 
15 121 
17 7 
17 10 
17 11 
17 18 
17 23 
17 26 
17 27 
17 29 
17 30 
17 33 
17 39 
17 105 
17 110 
19 116 
21 35 
21 44 
22 3 
22 4 
22 7 
22 10 
22 11 
22 14 
22 15 
22 30 
22 31 
22 33 
22 35 
22 37 
22 39 
22 40 
22 44 
22 48 
22 51 
22 52 
22 62 
22 63 
22 68 
22 69 
22 78 
22 82 
22 84 
22 86 
22 88 
22 90 
22 96 
22 109 
22 133 
23 7 
23 8 
23 9 
23 15 
23 31 
23 39 
23 105 
26 7 
26 8 
27 3 
27 4 
27 11 
27 13 
27 14 
27 15 
27 21 
27 22 
27 26 
27 29 
27 30 
27 32 
27 35 
27 36 
27 37 
27 44 
27 63 
27 68 
27 69 
27 73 
27 74 
27 80 
27 84 
27 87 
27 88 
27 90 
27 148 
27 158 
27 193 
27 213 
30 14 
30 15 
30 22 
30 27 
30 35 
30 36 
30 42 
30 44 
30 52 
30 63 
30 69 
30 73 
30 84 
30 86 
30 87 
30 98 
30 100 
30 116 
30 121 
31 7 
31 10 
32 117 
33 158 
34 7 
34 8 
34 158 
35 15 
35 22 
35 27 
35 44 
35 53 
35 68 
35 82 
36 4 
36 7 
36 10 
36 11 
36 13 
36 15 
36 30 
36 32 
36 37 
36 40 
36 44 
36 52 
36 63 
36 73 
36 90 
36 98 
36 117 
36 121 
37 14 
37 15 
37 103 
39 7 
39 8 
42 7 
42 9 
42 18 
42 19 
42 31 
42 32 
42 33 
42 39 
42 40 
42 83 
42 116 
42 117 
42 125 
42 133 
42 146 
43 158 
44 4 
44 14 
44 21 
44 22 
44 27 
44 30 
44 35 
44 37 
44 109 
44 148 
45 2 
45 3 
45 4 
45 6 
45 7 
45 8 
45 10 
45 11 
45 14 
45 15 
45 16 
45 18 
45 22 
45 23 
45 27 
45 29 
45 30 
45 31 
45 33 
45 34 
45 36 
45 37 
45 39 
45 44 
45 49 
45 55 
45 58 
45 70 
45 76 
45 96 
45 103 
45 105 
45 108 
45 112 
45 156 
49 3 
49 4 
49 11 
49 14 
49 15 
49 22 
49 23 
49 25 
49 27 
49 32 
49 39 
49 40 
49 51 
49 52 
49 55 
49 60 
49 86 
49 90 
49 91 
49 94 
49 95 
49 96 
49 108 
49 193 
52 11 
52 35 
52 68 
52 84 
52 90 
60 27 
60 51 
60 88 
60 90 
63 14 
63 15 
63 44 
63 69 
63 87 
68 52 
68 62 
69 3 
69 52 
69 63 
69 84 
69 87 
70 11 
70 15 
70 35 
73 11 
73 14 
73 30 
73 52 
73 98 
73 121 
74 4 
74 44 
76 193 
78 213 
80 36 
82 35 
84 30 
84 69 
86 51 
87 30 
87 63 
93 33 
98 13 
98 36 
98 73 
98 121 
105 27 
105 158 
108 66 
121 11 
121 13 
121 15 
121 23 
121 30 
121 98 
121 117 
123 193 
129 127 
133 42 
150 104 
