2 1 
2 2 
2 3 
2 4 
2 6 
2 7 
2 8 
2 9 
2 10 
2 14 
2 15 
2 17 
2 18 
2 19 
2 22 
2 23 
2 25 
2 26 
2 27 
2 28 
2 29 
2 30 
2 31 
2 32 
2 34 
2 35 
2 36 
2 37 
2 39 
2 44 
2 45 
2 57 
2 60 
2 62 
2 68 
2 75 
2 79 
2 80 
2 87 
2 94 
2 99 
2 105 
2 109 
2 110 
2 113 
2 119 
2 120 
2 125 
2 134 
2 139 
2 150 
2 155 
2 156 
2 158 
2 165 
2 166 
2 170 
2 173 
2 182 
2 212 
3 1 
3 2 
3 4 
3 5 
3 6 
3 7 
3 8 
3 9 
3 10 
3 11 
3 13 
3 14 
3 15 
3 16 
3 17 
3 18 
3 19 
3 21 
3 22 
3 23 
3 25 
3 26 
3 27 
3 28 
3 30 
3 31 
3 32 
3 33 
3 34 
3 35 
3 36 
3 37 
3 40 
3 42 
3 44 
3 45 
3 48 
3 49 
3 51 
3 52 
3 54 
3 55 
3 57 
3 58 
3 59 
3 60 
3 62 
3 63 
3 66 
3 67 
3 68 
3 69 
3 70 
3 71 
3 72 
3 73 
3 74 
3 75 
3 76 
3 77 
3 78 
3 79 
3 80 
3 82 
3 83 
3 84 
3 86 
3 87 
3 88 
3 89 
3 90 
3 91 
3 92 
3 94 
3 95 
3 96 
3 97 
3 98 
3 99 
3 102 
3 103 
3 105 
3 108 
3 109 
3 110 
3 112 
3 113 
3 116 
3 117 
3 119 
3 121 
3 125 
3 128 
3 130 
3 133 
3 134 
3 136 
3 146 
3 148 
3 150 
3 156 
3 157 
3 158 
3 166 
3 170 
3 173 
3 178 
3 180 
3 182 
3 187 
3 193 
3 212 
4 3 
4 5 
4 6 
4 7 
4 8 
4 9 
4 10 
4 11 
4 13 
4 14 
4 15 
4 17 
4 18 
4 19 
4 21 
4 22 
4 23 
4 25 
4 26 
4 27 
4 29 
4 30 
4 31 
4 32 
4 33 
4 34 
4 35 
4 36 
4 37 
4 39 
4 40 
4 42 
4 44 
4 45 
4 49 
4 51 
4 52 
4 53 
4 54 
4 57 
4 58 
4 60 
4 62 
4 63 
4 67 
4 68 
4 69 
4 70 
4 73 
4 74 
4 78 
4 80 
4 82 
4 84 
4 86 
4 87 
4 88 
4 90 
4 98 
4 102 
4 103 
4 104 
4 109 
4 112 
4 113 
4 116 
4 119 
4 120 
4 125 
4 128 
4 130 
4 134 
4 148 
4 150 
4 156 
4 158 
4 170 
4 173 
4 180 
4 181 
4 182 
4 187 
4 193 
4 212 
5 2 
5 3 
5 4 
5 6 
5 14 
5 15 
5 21 
5 22 
5 23 
5 25 
5 27 
5 29 
5 30 
5 31 
5 34 
5 37 
5 44 
5 45 
5 49 
5 53 
5 55 
5 58 
5 67 
5 74 
5 76 
5 80 
5 82 
5 95 
5 96 
5 97 
5 104 
5 105 
5 108 
5 109 
5 119 
5 120 
5 128 
5 130 
5 150 
5 158 
5 193 
6 1 
6 2 
6 3 
6 6 
6 7 
6 8 
6 9 
6 10 
6 14 
6 15 
6 17 
6 18 
6 21 
6 23 
6 25 
6 27 
6 29 
6 30 
6 31 
6 32 
6 34 
6 36 
6 37 
6 39 
6 44 
6 45 
6 49 
6 58 
6 59 
6 63 
6 68 
6 69 
6 70 
6 76 
6 79 
6 90 
6 94 
6 96 
6 97 
6 103 
6 104 
6 108 
6 112 
6 113 
6 119 
6 120 
6 128 
6 134 
6 136 
6 146 
6 150 
6 156 
6 178 
6 182 
6 212 
7 1 
7 2 
7 3 
7 4 
7 5 
7 6 
7 11 
7 13 
7 14 
7 15 
7 16 
7 17 
7 18 
7 21 
7 22 
7 23 
7 25 
7 26 
7 27 
7 28 
7 29 
7 30 
7 31 
7 32 
7 33 
7 34 
7 35 
7 36 
7 37 
7 39 
7 40 
7 42 
7 44 
7 45 
7 48 
7 49 
7 52 
7 54 
7 55 
7 57 
7 58 
7 59 
7 60 
7 62 
7 63 
7 68 
7 69 
7 70 
7 72 
7 73 
7 75 
7 76 
7 79 
7 80 
7 82 
7 84 
7 86 
7 87 
7 88 
7 90 
7 92 
7 94 
7 95 
7 96 
7 99 
7 102 
7 103 
7 104 
7 105 
7 108 
7 109 
7 110 
7 112 
7 113 
7 115 
7 116 
7 117 
7 119 
7 120 
7 125 
7 127 
7 128 
7 130 
7 134 
7 136 
7 138 
7 139 
7 146 
7 150 
7 155 
7 156 
7 157 
7 158 
7 165 
7 166 
7 168 
7 170 
7 173 
7 178 
7 180 
7 181 
7 182 
7 187 
7 193 
7 212 
8 1 
8 2 
8 4 
8 5 
8 6 
8 9 
8 10 
8 14 
8 15 
8 16 
8 17 
8 21 
8 22 
8 25 
8 26 
8 27 
8 29 
8 31 
8 33 
8 34 
8 36 
8 39 
8 44 
8 45 
8 59 
8 75 
8 76 
8 80 
8 92 
8 96 
8 105 
8 109 
8 112 
8 119 
8 127 
8 130 
8 134 
8 139 
8 140 
8 150 
8 156 
8 166 
8 173 
8 193 
9 1 
9 2 
9 3 
9 4 
9 5 
9 6 
9 8 
9 9 
9 10 
9 11 
9 14 
9 15 
9 16 
9 17 
9 18 
9 21 
9 22 
9 23 
9 25 
9 26 
9 27 
9 28 
9 29 
9 31 
9 32 
9 34 
9 35 
9 36 
9 37 
9 39 
9 42 
9 44 
9 45 
9 48 
9 49 
9 52 
9 54 
9 55 
9 57 
9 58 
9 59 
9 60 
9 62 
9 63 
9 68 
9 69 
9 70 
9 72 
9 73 
9 75 
9 76 
9 79 
9 80 
9 82 
9 84 
9 87 
9 88 
9 92 
9 94 
9 95 
9 96 
9 99 
9 102 
9 103 
9 104 
9 105 
9 108 
9 109 
9 110 
9 112 
9 113 
9 115 
9 116 
9 117 
9 119 
9 120 
9 125 
9 127 
9 128 
9 130 
9 134 
9 136 
9 138 
9 139 
9 140 
9 146 
9 150 
9 156 
9 157 
9 158 
9 165 
9 166 
9 168 
9 170 
9 173 
9 178 
9 180 
9 181 
9 182 
9 187 
9 193 
9 212 
10 1 
10 2 
10 4 
10 5 
10 6 
10 8 
10 9 
10 13 
10 14 
10 15 
10 17 
10 18 
10 22 
10 23 
10 26 
10 27 
10 29 
10 30 
10 31 
10 32 
10 34 
10 35 
10 36 
10 37 
10 39 
10 40 
10 44 
10 45 
10 49 
10 52 
10 54 
10 55 
10 57 
10 58 
10 59 
10 62 
10 63 
10 70 
10 73 
10 76 
10 80 
10 82 
10 86 
10 87 
10 88 
10 90 
10 96 
10 105 
10 108 
10 109 
10 113 
10 116 
10 119 
10 136 
10 138 
10 140 
10 146 
10 150 
10 155 
10 156 
10 157 
10 165 
10 170 
10 182 
10 212 
11 2 
11 3 
11 4 
11 6 
11 7 
11 9 
11 10 
11 13 
11 14 
11 15 
11 18 
11 21 
11 22 
11 27 
11 28 
11 30 
11 32 
11 34 
11 35 
11 36 
11 37 
11 40 
11 44 
11 45 
11 51 
11 53 
11 58 
11 59 
11 60 
11 62 
11 66 
11 70 
11 73 
11 74 
11 75 
11 76 
11 80 
11 82 
11 84 
11 88 
11 98 
11 102 
11 103 
11 105 
11 109 
11 112 
11 113 
11 119 
11 125 
11 127 
11 130 
11 138 
11 148 
11 150 
11 156 
11 157 
11 170 
11 178 
11 182 
11 187 
11 193 
11 212 
12 2 
12 3 
12 4 
12 6 
12 7 
12 9 
12 14 
12 15 
12 21 
12 22 
12 25 
12 26 
12 27 
12 33 
12 34 
12 35 
12 36 
12 37 
12 44 
12 45 
12 54 
12 57 
12 62 
12 68 
12 70 
12 71 
12 78 
12 80 
12 84 
12 92 
12 104 
12 109 
12 110 
12 113 
12 118 
12 119 
12 120 
12 125 
12 134 
12 146 
12 150 
12 158 
12 170 
12 187 
12 193 
12 212 
13 1 
13 4 
13 6 
13 7 
13 8 
13 11 
13 23 
13 27 
13 32 
13 34 
13 35 
13 36 
13 37 
13 45 
13 58 
13 73 
13 74 
13 79 
13 80 
13 95 
13 96 
13 98 
13 109 
13 121 
13 146 
14 1 
14 2 
14 3 
14 4 
14 5 
14 6 
14 7 
14 8 
14 9 
14 10 
14 11 
14 13 
14 15 
14 16 
14 17 
14 18 
14 21 
14 22 
14 23 
14 25 
14 26 
14 27 
14 28 
14 29 
14 30 
14 31 
14 32 
14 33 
14 34 
14 35 
14 36 
14 37 
14 39 
14 40 
14 42 
14 44 
14 45 
14 48 
14 49 
14 51 
14 52 
14 53 
14 54 
14 55 
14 57 
14 58 
14 59 
14 60 
14 62 
14 63 
14 67 
14 68 
14 69 
14 70 
14 71 
14 72 
14 73 
14 74 
14 76 
14 78 
14 79 
14 80 
14 82 
14 83 
14 84 
14 86 
14 87 
14 88 
14 91 
14 94 
14 96 
14 98 
14 100 
14 102 
14 103 
14 104 
14 105 
14 109 
14 112 
14 113 
14 116 
14 117 
14 118 
14 119 
14 120 
14 121 
14 125 
14 127 
14 128 
14 133 
14 134 
14 139 
14 146 
14 148 
14 150 
14 156 
14 157 
14 158 
14 166 
14 170 
14 173 
14 178 
14 180 
14 182 
14 187 
14 193 
14 212 
14 213 
15 1 
15 2 
15 3 
15 4 
15 5 
15 6 
15 7 
15 8 
15 9 
15 10 
15 11 
15 13 
15 14 
15 16 
15 17 
15 18 
15 19 
15 21 
15 22 
15 23 
15 25 
15 26 
15 27 
15 28 
15 29 
15 30 
15 31 
15 32 
15 33 
15 34 
15 35 
15 36 
15 37 
15 39 
15 40 
15 42 
15 44 
15 45 
15 48 
15 49 
15 51 
15 52 
15 53 
15 54 
15 55 
15 57 
15 58 
15 59 
15 60 
15 62 
15 63 
15 66 
15 68 
15 69 
15 70 
15 71 
15 72 
15 73 
15 74 
15 76 
15 77 
15 78 
15 79 
15 80 
15 82 
15 83 
15 84 
15 86 
15 87 
15 88 
15 89 
15 90 
15 91 
15 92 
15 94 
15 96 
15 97 
15 98 
15 100 
15 102 
15 103 
15 104 
15 105 
15 108 
15 109 
15 112 
15 113 
15 116 
15 117 
15 119 
15 121 
15 125 
15 127 
15 128 
15 130 
15 133 
15 134 
15 146 
15 148 
15 150 
15 156 
15 157 
15 158 
15 170 
15 173 
15 180 
15 182 
15 187 
15 193 
15 212 
16 6 
16 45 
16 58 
16 66 
16 76 
16 79 
16 97 
16 103 
16 108 
16 112 
16 120 
16 127 
16 136 
16 178 
17 1 
17 2 
17 4 
17 6 
17 7 
17 8 
17 14 
17 15 
17 21 
17 22 
17 23 
17 27 
17 29 
17 34 
17 36 
17 37 
17 39 
17 44 
17 45 
17 52 
17 71 
17 72 
17 80 
17 82 
17 92 
17 94 
17 96 
17 105 
17 109 
17 119 
17 134 
17 138 
17 150 
17 155 
17 158 
17 170 
17 180 
17 187 
17 190 
17 193 
17 212 
18 1 
18 2 
18 3 
18 6 
18 7 
18 8 
18 9 
18 10 
18 14 
18 17 
18 23 
18 26 
18 27 
18 28 
18 29 
18 31 
18 33 
18 34 
18 39 
18 44 
18 45 
18 52 
18 63 
18 71 
18 76 
18 77 
18 105 
18 119 
18 125 
18 130 
18 134 
18 146 
18 156 
18 158 
18 165 
18 166 
18 180 
18 193 
18 212 
19 1 
19 2 
19 6 
19 7 
19 9 
19 14 
19 15 
19 23 
19 25 
19 26 
19 27 
19 28 
19 34 
19 36 
19 37 
19 39 
19 40 
19 44 
19 45 
19 69 
19 71 
19 72 
19 100 
19 105 
19 125 
19 133 
19 134 
19 150 
19 158 
19 212 
20 21 
20 36 
20 40 
21 1 
21 2 
21 3 
21 4 
21 6 
21 7 
21 8 
21 9 
21 11 
21 13 
21 14 
21 15 
21 22 
21 25 
21 26 
21 27 
21 30 
21 33 
21 34 
21 35 
21 36 
21 37 
21 44 
21 45 
21 48 
21 52 
21 60 
21 62 
21 63 
21 68 
21 69 
21 70 
21 73 
21 80 
21 84 
21 87 
21 88 
21 102 
21 105 
21 109 
21 125 
21 134 
21 148 
21 182 
22 2 
22 3 
22 4 
22 5 
22 6 
22 7 
22 8 
22 9 
22 10 
22 11 
22 13 
22 14 
22 15 
22 16 
22 17 
22 18 
22 21 
22 23 
22 25 
22 26 
22 27 
22 29 
22 30 
22 31 
22 32 
22 33 
22 34 
22 35 
22 36 
22 37 
22 39 
22 40 
22 42 
22 44 
22 45 
22 48 
22 51 
22 52 
22 53 
22 54 
22 55 
22 57 
22 58 
22 59 
22 60 
22 62 
22 63 
22 66 
22 67 
22 68 
22 69 
22 70 
22 71 
22 73 
22 74 
22 76 
22 77 
22 78 
22 79 
22 80 
22 82 
22 83 
22 84 
22 86 
22 87 
22 88 
22 90 
22 91 
22 92 
22 94 
22 96 
22 98 
22 100 
22 102 
22 103 
22 104 
22 105 
22 108 
22 109 
22 115 
22 116 
22 119 
22 121 
22 125 
22 127 
22 128 
22 134 
22 146 
22 148 
22 150 
22 156 
22 158 
22 170 
22 173 
22 178 
22 182 
22 187 
22 212 
23 1 
23 2 
23 3 
23 4 
23 5 
23 6 
23 7 
23 8 
23 9 
23 10 
23 11 
23 13 
23 14 
23 15 
23 17 
23 18 
23 21 
23 22 
23 26 
23 27 
23 29 
23 30 
23 31 
23 32 
23 33 
23 34 
23 35 
23 36 
23 37 
23 39 
23 40 
23 42 
23 44 
23 45 
23 60 
23 62 
23 63 
23 70 
23 73 
23 76 
23 80 
23 82 
23 92 
23 105 
23 109 
23 125 
23 134 
23 140 
23 146 
23 156 
23 158 
24 4 
24 17 
24 32 
24 72 
24 100 
24 133 
25 2 
25 3 
25 4 
25 5 
25 6 
25 11 
25 14 
25 15 
25 19 
25 21 
25 22 
25 25 
25 27 
25 28 
25 30 
25 33 
25 34 
25 35 
25 36 
25 37 
25 44 
25 45 
25 54 
25 57 
25 62 
25 63 
25 68 
25 76 
25 84 
25 87 
25 89 
25 94 
25 96 
25 105 
25 115 
25 116 
25 118 
25 119 
25 125 
25 130 
25 134 
25 146 
25 157 
25 158 
25 170 
25 173 
25 180 
25 187 
25 193 
26 1 
26 2 
26 3 
26 5 
26 6 
26 7 
26 8 
26 9 
26 10 
26 14 
26 15 
26 17 
26 18 
26 19 
26 21 
26 22 
26 23 
26 25 
26 26 
26 27 
26 28 
26 29 
26 32 
26 33 
26 34 
26 35 
26 36 
26 37 
26 39 
26 44 
26 45 
26 48 
26 54 
26 55 
26 59 
26 62 
26 63 
26 69 
26 70 
26 75 
26 76 
26 80 
26 92 
26 96 
26 99 
26 103 
26 104 
26 105 
26 109 
26 110 
26 112 
26 119 
26 120 
26 121 
26 125 
26 128 
26 130 
26 134 
26 139 
26 146 
26 148 
26 150 
26 155 
26 156 
26 158 
26 166 
26 180 
26 182 
26 187 
26 193 
26 212 
27 1 
27 2 
27 3 
27 4 
27 5 
27 6 
27 7 
27 8 
27 9 
27 10 
27 11 
27 13 
27 14 
27 15 
27 16 
27 17 
27 19 
27 21 
27 22 
27 23 
27 25 
27 26 
27 28 
27 29 
27 30 
27 31 
27 32 
27 33 
27 34 
27 35 
27 36 
27 37 
27 39 
27 40 
27 42 
27 44 
27 45 
27 48 
27 49 
27 51 
27 52 
27 53 
27 54 
27 55 
27 57 
27 58 
27 59 
27 60 
27 62 
27 63 
27 67 
27 68 
27 69 
27 70 
27 71 
27 72 
27 73 
27 74 
27 77 
27 78 
27 80 
27 82 
27 83 
27 84 
27 86 
27 87 
27 88 
27 90 
27 91 
27 94 
27 95 
27 96 
27 97 
27 98 
27 100 
27 102 
27 105 
27 108 
27 109 
27 112 
27 113 
27 116 
27 119 
27 120 
27 121 
27 125 
27 127 
27 128 
27 130 
27 133 
27 134 
27 136 
27 146 
27 148 
27 150 
27 155 
27 156 
27 158 
27 170 
27 173 
27 178 
27 180 
27 182 
27 187 
27 193 
27 212 
28 1 
28 2 
28 4 
28 6 
28 11 
28 15 
28 21 
28 33 
28 34 
28 36 
28 39 
28 44 
28 45 
28 68 
28 92 
28 105 
28 109 
28 125 
28 134 
28 150 
28 158 
29 2 
29 4 
29 6 
29 7 
29 8 
29 9 
29 10 
29 13 
29 14 
29 15 
29 21 
29 22 
29 23 
29 25 
29 26 
29 27 
29 30 
29 31 
29 32 
29 34 
29 35 
29 36 
29 37 
29 39 
29 44 
29 45 
29 52 
29 62 
29 67 
29 68 
29 70 
29 80 
29 99 
29 105 
29 110 
29 116 
29 127 
29 130 
29 134 
29 139 
29 146 
29 158 
29 165 
29 166 
29 182 
30 1 
30 2 
30 3 
30 4 
30 5 
30 6 
30 7 
30 9 
30 10 
30 11 
30 13 
30 14 
30 15 
30 17 
30 21 
30 22 
30 25 
30 27 
30 28 
30 31 
30 32 
30 33 
30 34 
30 35 
30 36 
30 37 
30 40 
30 42 
30 44 
30 45 
30 48 
30 51 
30 52 
30 60 
30 62 
30 63 
30 68 
30 69 
30 70 
30 71 
30 72 
30 73 
30 77 
30 78 
30 80 
30 82 
30 83 
30 84 
30 87 
30 88 
30 90 
30 92 
30 96 
30 98 
30 100 
30 102 
30 104 
30 105 
30 109 
30 112 
30 116 
30 117 
30 119 
30 121 
30 130 
30 133 
30 146 
30 148 
30 150 
30 180 
30 212 
31 1 
31 2 
31 3 
31 4 
31 5 
31 6 
31 7 
31 8 
31 9 
31 10 
31 14 
31 15 
31 16 
31 17 
31 18 
31 19 
31 21 
31 22 
31 23 
31 25 
31 26 
31 27 
31 29 
31 30 
31 32 
31 34 
31 35 
31 36 
31 37 
31 39 
31 40 
31 42 
31 44 
31 45 
31 48 
31 49 
31 51 
31 52 
31 54 
31 55 
31 58 
31 59 
31 62 
31 63 
31 69 
31 70 
31 71 
31 72 
31 73 
31 76 
31 79 
31 80 
31 82 
31 84 
31 86 
31 87 
31 88 
31 90 
31 94 
31 95 
31 96 
31 97 
31 98 
31 99 
31 100 
31 103 
31 104 
31 105 
31 108 
31 109 
31 110 
31 112 
31 116 
31 117 
31 119 
31 121 
31 127 
31 128 
31 134 
31 139 
31 146 
31 155 
31 158 
31 166 
31 168 
31 170 
31 173 
31 182 
31 187 
31 212 
32 2 
32 3 
32 4 
32 6 
32 7 
32 9 
32 14 
32 15 
32 21 
32 22 
32 27 
32 35 
32 40 
32 42 
32 44 
32 45 
32 52 
32 62 
32 63 
32 68 
32 70 
32 72 
32 73 
32 76 
32 78 
32 80 
32 82 
32 83 
32 98 
32 100 
32 105 
32 113 
32 116 
32 117 
32 121 
32 133 
33 1 
33 2 
33 6 
33 7 
33 9 
33 14 
33 15 
33 19 
33 21 
33 22 
33 25 
33 26 
33 27 
33 28 
33 34 
33 36 
33 40 
33 44 
33 45 
33 54 
33 59 
33 62 
33 67 
33 71 
33 78 
33 87 
33 89 
33 91 
33 92 
33 105 
33 109 
33 113 
33 116 
33 119 
33 125 
33 134 
33 146 
33 150 
33 158 
33 170 
33 180 
33 187 
33 193 
33 212 
34 2 
34 6 
34 7 
34 8 
34 9 
34 10 
34 13 
34 14 
34 15 
34 17 
34 18 
34 21 
34 22 
34 23 
34 25 
34 26 
34 27 
34 28 
34 29 
34 30 
34 31 
34 32 
34 36 
34 37 
34 39 
34 40 
34 42 
34 44 
34 45 
34 48 
34 52 
34 55 
34 62 
34 69 
34 70 
34 75 
34 76 
34 80 
34 90 
34 92 
34 100 
34 104 
34 105 
34 109 
34 110 
34 119 
34 120 
34 134 
34 139 
34 146 
34 150 
34 155 
34 156 
34 165 
34 166 
34 170 
34 182 
34 212 
35 2 
35 3 
35 4 
35 6 
35 7 
35 8 
35 9 
35 10 
35 11 
35 13 
35 14 
35 15 
35 16 
35 17 
35 21 
35 22 
35 23 
35 25 
35 26 
35 27 
35 29 
35 30 
35 31 
35 32 
35 34 
35 36 
35 37 
35 39 
35 40 
35 42 
35 44 
35 45 
35 48 
35 51 
35 53 
35 54 
35 55 
35 57 
35 58 
35 59 
35 60 
35 62 
35 63 
35 67 
35 68 
35 69 
35 70 
35 73 
35 74 
35 76 
35 78 
35 80 
35 82 
35 83 
35 84 
35 87 
35 88 
35 94 
35 96 
35 97 
35 98 
35 100 
35 102 
35 103 
35 105 
35 108 
35 109 
35 112 
35 113 
35 116 
35 119 
35 121 
35 125 
35 127 
35 128 
35 130 
35 146 
35 148 
35 150 
35 156 
35 157 
35 158 
35 170 
35 173 
35 180 
35 182 
35 187 
35 193 
35 213 
36 2 
36 4 
36 6 
36 7 
36 8 
36 9 
36 10 
36 11 
36 13 
36 14 
36 15 
36 22 
36 27 
36 30 
36 31 
36 32 
36 34 
36 35 
36 37 
36 40 
36 44 
36 45 
36 51 
36 52 
36 60 
36 62 
36 63 
36 69 
36 73 
36 74 
36 80 
36 82 
36 84 
36 87 
36 98 
36 102 
36 105 
36 117 
36 119 
36 121 
36 178 
37 2 
37 3 
37 4 
37 5 
37 6 
37 7 
37 8 
37 9 
37 10 
37 11 
37 13 
37 14 
37 15 
37 17 
37 22 
37 23 
37 25 
37 27 
37 31 
37 32 
37 33 
37 34 
37 35 
37 36 
37 40 
37 42 
37 44 
37 45 
37 49 
37 51 
37 52 
37 54 
37 55 
37 60 
37 62 
37 63 
37 68 
37 69 
37 70 
37 74 
37 76 
37 77 
37 80 
37 82 
37 83 
37 84 
37 86 
37 87 
37 88 
37 102 
37 103 
37 105 
37 109 
37 121 
37 125 
37 130 
37 133 
37 134 
37 136 
37 146 
37 156 
37 158 
37 165 
37 182 
38 32 
39 1 
39 2 
39 3 
39 4 
39 5 
39 6 
39 7 
39 8 
39 9 
39 10 
39 11 
39 13 
39 14 
39 15 
39 17 
39 18 
39 21 
39 22 
39 23 
39 26 
39 27 
39 28 
39 29 
39 30 
39 31 
39 32 
39 33 
39 34 
39 35 
39 36 
39 37 
39 39 
39 40 
39 44 
39 45 
39 48 
39 49 
39 51 
39 52 
39 53 
39 54 
39 55 
39 58 
39 59 
39 60 
39 62 
39 63 
39 68 
39 69 
39 70 
39 71 
39 73 
39 76 
39 77 
39 80 
39 82 
39 84 
39 87 
39 88 
39 91 
39 92 
39 96 
39 102 
39 103 
39 104 
39 105 
39 108 
39 109 
39 110 
39 112 
39 113 
39 116 
39 117 
39 119 
39 121 
39 125 
39 128 
39 130 
39 134 
39 136 
39 139 
39 140 
39 146 
39 148 
39 150 
39 155 
39 156 
39 158 
39 165 
39 166 
39 170 
39 180 
39 182 
39 187 
39 190 
39 212 
40 1 
40 2 
40 3 
40 4 
40 6 
40 7 
40 8 
40 9 
40 11 
40 14 
40 15 
40 17 
40 21 
40 22 
40 23 
40 25 
40 27 
40 28 
40 29 
40 31 
40 32 
40 33 
40 34 
40 36 
40 37 
40 39 
40 44 
40 45 
40 48 
40 51 
40 52 
40 53 
40 54 
40 59 
40 60 
40 68 
40 69 
40 70 
40 71 
40 72 
40 73 
40 78 
40 80 
40 83 
40 84 
40 87 
40 88 
40 90 
40 92 
40 96 
40 98 
40 100 
40 104 
40 109 
40 113 
40 119 
40 120 
40 125 
40 133 
40 134 
40 146 
40 148 
40 158 
40 178 
40 180 
40 187 
40 193 
41 44 
42 2 
42 4 
42 6 
42 15 
42 22 
42 30 
42 32 
42 35 
42 37 
42 44 
42 45 
42 48 
42 52 
42 62 
42 63 
42 67 
42 68 
42 69 
42 70 
42 72 
42 73 
42 82 
42 83 
42 87 
42 98 
42 100 
42 116 
42 117 
42 121 
42 133 
42 146 
42 187 
43 1 
43 2 
43 4 
43 6 
43 7 
43 8 
43 9 
43 10 
43 14 
43 15 
43 17 
43 18 
43 19 
43 21 
43 23 
43 25 
43 26 
43 27 
43 29 
43 31 
43 33 
43 34 
43 36 
43 37 
43 39 
43 40 
43 44 
43 45 
43 54 
43 57 
43 59 
43 62 
43 63 
43 66 
43 67 
43 68 
43 69 
43 71 
43 75 
43 78 
43 89 
43 92 
43 104 
43 105 
43 109 
43 110 
43 113 
43 115 
43 116 
43 118 
43 119 
43 125 
43 133 
43 134 
43 138 
43 139 
43 146 
43 150 
43 155 
43 158 
43 166 
43 168 
43 170 
43 173 
43 180 
43 181 
43 187 
43 193 
43 212 
43 213 
44 1 
44 2 
44 3 
44 4 
44 6 
44 7 
44 8 
44 9 
44 10 
44 11 
44 13 
44 14 
44 15 
44 17 
44 21 
44 22 
44 23 
44 25 
44 26 
44 27 
44 28 
44 29 
44 30 
44 31 
44 32 
44 34 
44 35 
44 36 
44 37 
44 39 
44 40 
44 42 
44 45 
44 48 
44 49 
44 52 
44 53 
44 54 
44 59 
44 60 
44 62 
44 63 
44 67 
44 68 
44 69 
44 70 
44 71 
44 72 
44 73 
44 74 
44 75 
44 77 
44 78 
44 80 
44 82 
44 83 
44 84 
44 87 
44 88 
44 92 
44 95 
44 96 
44 97 
44 98 
44 99 
44 102 
44 103 
44 104 
44 105 
44 108 
44 109 
44 110 
44 112 
44 113 
44 116 
44 119 
44 120 
44 121 
44 125 
44 128 
44 133 
44 134 
44 136 
44 138 
44 146 
44 148 
44 150 
44 155 
44 158 
44 168 
44 170 
44 173 
44 178 
44 180 
44 182 
44 187 
44 193 
44 212 
45 1 
45 2 
45 3 
45 4 
45 5 
45 6 
45 7 
45 8 
45 9 
45 10 
45 11 
45 13 
45 14 
45 15 
45 16 
45 17 
45 18 
45 21 
45 22 
45 23 
45 25 
45 26 
45 27 
45 28 
45 29 
45 30 
45 31 
45 32 
45 33 
45 34 
45 35 
45 36 
45 37 
45 39 
45 40 
45 42 
45 44 
45 48 
45 49 
45 51 
45 52 
45 53 
45 54 
45 55 
45 58 
45 59 
45 60 
45 62 
45 63 
45 66 
45 67 
45 68 
45 69 
45 70 
45 71 
45 72 
45 73 
45 76 
45 78 
45 79 
45 80 
45 82 
45 83 
45 84 
45 86 
45 87 
45 88 
45 90 
45 92 
45 94 
45 95 
45 96 
45 97 
45 99 
45 100 
45 102 
45 103 
45 105 
45 108 
45 109 
45 110 
45 112 
45 113 
45 115 
45 117 
45 119 
45 120 
45 121 
45 125 
45 127 
45 128 
45 130 
45 133 
45 134 
45 136 
45 138 
45 139 
45 140 
45 146 
45 148 
45 150 
45 155 
45 156 
45 157 
45 158 
45 165 
45 168 
45 173 
45 178 
45 180 
45 182 
45 187 
45 193 
45 212 
46 1 
46 32 
46 72 
47 1 
47 2 
47 3 
47 6 
47 7 
47 8 
47 9 
47 10 
47 13 
47 14 
47 15 
47 17 
47 22 
47 23 
47 26 
47 27 
47 30 
47 31 
47 32 
47 34 
47 36 
47 37 
47 39 
47 44 
47 45 
47 51 
47 59 
47 60 
47 62 
47 63 
47 69 
47 80 
47 82 
47 86 
47 87 
47 88 
47 96 
47 102 
47 105 
47 110 
47 119 
47 125 
47 139 
47 150 
47 155 
47 158 
48 52 
48 53 
48 60 
48 68 
48 88 
48 90 
48 178 
48 193 
49 3 
49 5 
49 14 
49 15 
49 22 
49 29 
49 34 
49 35 
49 45 
49 55 
49 58 
49 66 
49 76 
49 84 
49 95 
49 96 
49 103 
49 108 
49 119 
49 125 
49 127 
49 128 
49 134 
49 156 
51 2 
51 3 
51 27 
51 36 
51 37 
51 45 
51 48 
51 60 
51 63 
51 77 
51 86 
51 87 
51 88 
51 90 
52 2 
52 3 
52 6 
52 7 
52 9 
52 14 
52 22 
52 23 
52 25 
52 27 
52 28 
52 30 
52 31 
52 34 
52 35 
52 40 
52 44 
52 45 
52 48 
52 53 
52 62 
52 68 
52 69 
52 73 
52 74 
52 76 
52 78 
52 83 
52 84 
52 86 
52 87 
52 100 
52 104 
52 105 
52 116 
52 119 
52 146 
52 148 
52 150 
52 180 
54 4 
54 6 
54 14 
54 37 
54 44 
54 45 
54 57 
55 2 
55 6 
55 7 
55 8 
55 15 
55 17 
55 22 
55 35 
55 37 
55 44 
55 45 
55 49 
55 55 
55 58 
55 66 
55 76 
55 82 
55 94 
55 95 
55 96 
55 108 
55 112 
55 127 
55 130 
55 136 
55 155 
58 6 
58 16 
58 45 
58 55 
58 70 
58 79 
58 97 
58 103 
58 112 
58 128 
58 130 
58 136 
58 173 
59 14 
59 170 
59 180 
60 2 
60 3 
60 6 
60 34 
60 36 
60 37 
60 45 
60 48 
60 51 
60 52 
60 63 
60 69 
60 70 
60 73 
60 77 
60 80 
60 84 
60 86 
60 88 
60 90 
61 22 
62 2 
62 4 
62 7 
62 8 
62 9 
62 10 
62 11 
62 13 
62 14 
62 15 
62 21 
62 25 
62 26 
62 27 
62 30 
62 34 
62 35 
62 36 
62 40 
62 44 
62 52 
62 54 
62 68 
62 69 
62 70 
62 78 
62 80 
62 84 
62 87 
62 98 
62 119 
62 146 
62 148 
62 150 
62 178 
62 212 
63 3 
63 4 
63 6 
63 11 
63 13 
63 14 
63 15 
63 17 
63 22 
63 27 
63 30 
63 32 
63 36 
63 37 
63 40 
63 42 
63 44 
63 45 
63 51 
63 52 
63 60 
63 62 
63 68 
63 69 
63 70 
63 73 
63 74 
63 76 
63 80 
63 83 
63 84 
63 86 
63 87 
63 88 
63 94 
63 98 
63 100 
63 102 
63 105 
63 109 
63 116 
63 117 
63 121 
63 146 
63 148 
63 150 
63 156 
64 14 
64 70 
64 112 
64 128 
64 130 
64 178 
65 6 
65 14 
65 15 
65 35 
65 37 
65 45 
65 55 
65 58 
65 70 
65 76 
65 112 
65 120 
65 127 
65 178 
66 6 
66 14 
66 21 
66 35 
66 45 
66 55 
66 58 
66 96 
66 97 
66 108 
68 2 
68 6 
68 14 
68 15 
68 22 
68 27 
68 30 
68 35 
68 36 
68 40 
68 45 
68 48 
68 52 
68 62 
68 70 
68 84 
68 86 
68 90 
68 148 
69 2 
69 3 
69 7 
69 9 
69 11 
69 14 
69 15 
69 22 
69 25 
69 27 
69 30 
69 32 
69 35 
69 36 
69 37 
69 40 
69 42 
69 44 
69 48 
69 51 
69 52 
69 60 
69 62 
69 63 
69 68 
69 73 
69 77 
69 83 
69 84 
69 86 
69 87 
69 88 
69 90 
69 98 
69 100 
69 103 
69 116 
69 117 
69 121 
69 133 
69 134 
69 148 
69 158 
70 2 
70 3 
70 4 
70 6 
70 7 
70 8 
70 9 
70 10 
70 11 
70 14 
70 15 
70 22 
70 27 
70 31 
70 32 
70 34 
70 36 
70 37 
70 44 
70 45 
70 49 
70 62 
70 69 
70 73 
70 75 
70 76 
70 80 
70 84 
70 88 
70 98 
70 121 
70 156 
71 4 
71 75 
71 78 
71 92 
71 109 
71 113 
71 150 
71 158 
71 159 
71 181 
72 32 
73 4 
73 6 
73 11 
73 13 
73 14 
73 15 
73 21 
73 22 
73 27 
73 30 
73 32 
73 34 
73 35 
73 36 
73 44 
73 45 
73 52 
73 62 
73 63 
73 68 
73 80 
73 82 
73 84 
73 86 
73 87 
73 98 
73 102 
73 117 
73 121 
74 4 
74 14 
74 15 
74 27 
74 30 
74 35 
74 37 
74 45 
74 53 
74 60 
74 70 
74 83 
75 115 
75 168 
76 2 
76 5 
76 6 
76 7 
76 9 
76 15 
76 16 
76 21 
76 22 
76 23 
76 27 
76 29 
76 32 
76 34 
76 35 
76 44 
76 45 
76 49 
76 53 
76 55 
76 58 
76 60 
76 66 
76 68 
76 79 
76 84 
76 88 
76 94 
76 95 
76 96 
76 97 
76 105 
76 108 
76 119 
76 127 
76 130 
76 134 
76 136 
76 146 
76 148 
76 158 
77 48 
77 51 
77 90 
78 4 
78 6 
78 14 
78 27 
78 35 
78 37 
78 40 
78 44 
78 119 
78 157 
78 187 
78 213 
79 16 
79 45 
79 58 
80 4 
80 6 
80 7 
80 8 
80 11 
80 13 
80 25 
80 26 
80 34 
80 36 
80 37 
80 44 
80 45 
80 98 
80 102 
80 150 
80 158 
81 5 
81 16 
81 27 
81 45 
81 58 
81 79 
81 94 
81 96 
81 97 
81 103 
81 112 
81 120 
81 127 
82 2 
82 3 
82 4 
82 5 
82 6 
82 7 
82 8 
82 9 
82 13 
82 14 
82 15 
82 21 
82 22 
82 27 
82 30 
82 34 
82 35 
82 36 
82 37 
82 39 
82 44 
82 45 
82 48 
82 53 
82 54 
82 57 
82 59 
82 62 
82 68 
82 70 
82 73 
82 74 
82 78 
82 80 
82 96 
82 98 
82 105 
82 109 
82 113 
82 119 
82 140 
82 146 
82 148 
82 182 
82 187 
82 212 
83 14 
83 15 
83 32 
83 68 
83 72 
83 73 
83 84 
83 98 
83 100 
83 117 
83 121 
84 2 
84 6 
84 14 
84 22 
84 27 
84 30 
84 32 
84 35 
84 40 
84 44 
84 45 
84 52 
84 58 
84 62 
84 63 
84 68 
84 69 
84 70 
84 83 
84 86 
84 87 
84 88 
84 100 
84 148 
85 48 
86 2 
86 3 
86 4 
86 6 
86 11 
86 14 
86 15 
86 27 
86 36 
86 37 
86 45 
86 51 
86 52 
86 60 
86 62 
86 63 
86 68 
86 69 
86 77 
86 84 
86 87 
86 88 
86 90 
86 148 
87 2 
87 3 
87 4 
87 6 
87 14 
87 15 
87 22 
87 30 
87 35 
87 36 
87 37 
87 44 
87 45 
87 52 
87 60 
87 62 
87 63 
87 69 
87 73 
87 82 
87 84 
87 86 
87 88 
87 98 
87 105 
87 148 
88 2 
88 3 
88 6 
88 7 
88 9 
88 11 
88 15 
88 22 
88 32 
88 34 
88 36 
88 37 
88 42 
88 45 
88 48 
88 51 
88 52 
88 60 
88 62 
88 63 
88 69 
88 73 
88 77 
88 80 
88 84 
88 86 
88 87 
88 90 
88 100 
88 105 
88 133 
88 148 
89 2 
89 6 
89 15 
89 21 
89 25 
89 36 
89 40 
89 44 
89 48 
89 62 
89 84 
89 94 
89 119 
89 125 
89 128 
89 146 
89 187 
90 2 
90 3 
90 6 
90 15 
90 36 
90 37 
90 45 
90 48 
90 51 
90 52 
90 60 
90 62 
90 63 
90 69 
90 77 
90 84 
90 86 
90 88 
90 102 
91 4 
91 6 
91 14 
91 15 
91 22 
91 27 
91 37 
91 44 
91 45 
91 54 
91 57 
91 59 
91 62 
91 78 
91 119 
91 170 
91 173 
91 180 
91 187 
92 4 
92 6 
92 44 
92 109 
92 113 
92 181 
93 14 
93 17 
93 19 
93 21 
93 25 
93 28 
93 32 
93 33 
93 34 
93 36 
93 40 
93 48 
93 49 
93 59 
93 63 
93 68 
93 77 
93 82 
93 89 
93 90 
93 91 
93 97 
93 100 
93 110 
93 116 
93 127 
93 146 
94 6 
94 22 
94 35 
94 45 
94 58 
94 76 
94 82 
94 127 
95 49 
95 96 
96 2 
96 5 
96 6 
96 16 
96 22 
96 35 
96 36 
96 45 
96 49 
96 55 
96 58 
96 66 
96 76 
96 94 
96 95 
96 97 
96 100 
96 103 
96 127 
96 136 
96 178 
97 6 
97 16 
97 45 
97 55 
97 58 
97 76 
97 79 
97 128 
97 136 
98 13 
98 21 
98 32 
98 36 
98 42 
98 73 
98 121 
98 148 
99 2 
99 6 
99 7 
99 9 
99 45 
99 105 
99 165 
99 166 
100 4 
100 14 
100 21 
100 27 
100 30 
100 35 
100 40 
100 42 
100 44 
100 45 
100 62 
100 68 
100 70 
100 72 
100 82 
100 83 
100 87 
100 88 
100 116 
100 117 
100 121 
100 133 
101 16 
101 35 
101 45 
101 58 
101 60 
101 76 
101 79 
101 97 
101 112 
101 136 
102 2 
102 4 
102 11 
102 13 
102 27 
102 36 
102 80 
103 6 
103 14 
103 27 
103 44 
103 45 
103 58 
103 112 
103 120 
103 127 
103 128 
103 130 
103 136 
103 178 
104 14 
104 37 
104 109 
105 2 
105 3 
105 4 
105 7 
105 8 
105 9 
105 10 
105 15 
105 17 
105 18 
105 21 
105 23 
105 26 
105 27 
105 29 
105 31 
105 34 
105 36 
105 39 
105 44 
105 55 
105 80 
105 99 
105 105 
105 109 
105 125 
105 134 
105 140 
105 156 
105 165 
105 166 
105 182 
106 7 
106 8 
107 5 
107 6 
107 15 
107 119 
108 4 
108 6 
108 14 
108 22 
108 23 
108 27 
108 35 
108 36 
108 37 
108 44 
108 45 
108 55 
108 58 
108 63 
108 66 
108 76 
108 80 
108 82 
108 94 
108 95 
108 96 
108 108 
108 127 
108 130 
109 2 
109 3 
109 4 
109 5 
109 6 
109 7 
109 8 
109 9 
109 10 
109 11 
109 14 
109 15 
109 17 
109 18 
109 21 
109 22 
109 23 
109 27 
109 28 
109 29 
109 32 
109 34 
109 36 
109 37 
109 39 
109 40 
109 44 
109 45 
109 49 
109 51 
109 54 
109 57 
109 59 
109 62 
109 68 
109 70 
109 71 
109 75 
109 80 
109 82 
109 84 
109 92 
109 103 
109 104 
109 105 
109 109 
109 112 
109 113 
109 115 
109 119 
109 120 
109 125 
109 128 
109 130 
109 138 
109 150 
109 158 
109 168 
109 178 
109 187 
109 193 
109 212 
110 2 
110 4 
110 6 
110 7 
110 9 
110 11 
110 14 
110 15 
110 17 
110 22 
110 23 
110 27 
110 31 
110 34 
110 37 
110 39 
110 44 
110 45 
110 52 
110 62 
110 68 
110 73 
110 80 
110 103 
110 105 
110 109 
110 150 
110 158 
110 212 
111 67 
112 6 
112 14 
112 27 
112 44 
112 45 
112 55 
112 58 
112 79 
112 97 
112 103 
112 112 
112 120 
112 127 
112 128 
112 130 
112 136 
112 178 
113 75 
113 115 
113 168 
113 181 
114 2 
114 29 
114 34 
115 75 
115 138 
115 168 
116 6 
116 14 
116 32 
116 42 
116 45 
116 69 
117 15 
117 30 
117 42 
117 63 
117 69 
117 72 
117 73 
117 83 
117 98 
117 116 
117 121 
117 133 
119 4 
119 6 
119 15 
119 22 
119 27 
119 37 
119 44 
119 45 
119 109 
119 170 
119 173 
119 180 
119 193 
120 6 
120 14 
120 44 
120 45 
120 103 
120 112 
120 128 
120 130 
120 178 
121 4 
121 6 
121 11 
121 13 
121 15 
121 21 
121 27 
121 29 
121 30 
121 32 
121 35 
121 44 
121 45 
121 52 
121 62 
121 68 
121 70 
121 73 
121 80 
121 87 
121 98 
121 100 
121 102 
121 117 
122 170 
124 2 
124 3 
124 4 
124 6 
124 15 
124 21 
124 22 
124 27 
124 37 
124 44 
124 45 
124 59 
124 62 
124 80 
124 105 
124 109 
124 119 
124 157 
124 170 
124 173 
124 180 
125 18 
125 54 
125 113 
125 134 
125 146 
125 158 
126 22 
127 27 
128 6 
128 44 
128 45 
128 103 
128 112 
128 120 
128 130 
128 136 
128 178 
129 27 
129 37 
129 112 
129 127 
130 14 
130 27 
130 112 
130 120 
130 128 
132 45 
132 128 
133 15 
133 32 
133 68 
133 83 
133 98 
133 117 
134 4 
134 17 
134 19 
134 25 
134 28 
134 32 
134 34 
134 125 
134 146 
134 158 
135 17 
135 34 
135 36 
135 45 
135 62 
135 134 
135 155 
135 157 
135 158 
135 170 
135 187 
135 190 
135 212 
136 58 
138 115 
138 168 
139 4 
139 7 
139 9 
139 110 
140 8 
141 14 
141 28 
141 42 
141 86 
141 94 
141 103 
141 130 
142 4 
142 37 
142 109 
142 115 
145 45 
146 2 
146 6 
146 14 
146 25 
146 33 
146 70 
146 89 
146 91 
146 119 
146 125 
146 134 
146 158 
146 212 
148 4 
148 6 
148 11 
148 21 
148 22 
148 27 
148 35 
148 36 
148 69 
148 70 
148 82 
150 4 
150 14 
150 44 
150 71 
150 75 
150 92 
150 104 
150 109 
150 113 
150 115 
150 119 
152 21 
152 109 
152 115 
152 168 
154 4 
154 27 
154 115 
154 118 
154 168 
155 17 
156 14 
156 166 
158 2 
158 27 
158 33 
158 109 
158 125 
158 134 
158 193 
159 4 
159 92 
159 181 
160 14 
160 27 
160 44 
160 45 
160 120 
160 128 
160 136 
160 178 
161 105 
167 2 
167 44 
167 67 
167 193 
168 44 
168 109 
169 4 
169 6 
169 14 
169 22 
169 27 
169 35 
169 44 
169 53 
169 63 
169 119 
169 157 
169 193 
170 157 
172 3 
172 19 
172 21 
172 25 
172 33 
172 71 
172 109 
172 134 
172 146 
172 158 
173 4 
173 7 
173 9 
173 14 
173 59 
173 119 
173 157 
173 170 
173 180 
175 7 
175 8 
177 45 
177 120 
177 128 
177 130 
177 178 
178 44 
178 128 
179 82 
180 173 
182 14 
182 100 
183 54 
184 14 
185 44 
186 146 
187 6 
187 27 
187 54 
187 180 
188 178 
190 17 
195 139 
201 120 
201 193 
202 26 
202 34 
204 59 
