1 28 
2 7 
2 8 
2 14 
2 18 
2 23 
2 26 
2 28 
2 32 
2 33 
2 34 
2 44 
2 99 
2 134 
2 146 
2 156 
2 158 
2 166 
2 182 
2 212 
3 4 
3 14 
3 15 
3 22 
3 37 
3 51 
3 52 
3 60 
3 63 
3 68 
3 69 
3 84 
3 86 
3 87 
3 88 
4 3 
4 5 
4 7 
4 8 
4 13 
4 14 
4 15 
4 21 
4 22 
4 25 
4 27 
4 30 
4 32 
4 34 
4 35 
4 36 
4 37 
4 42 
4 44 
4 52 
4 54 
4 57 
4 59 
4 60 
4 62 
4 63 
4 68 
4 69 
4 70 
4 73 
4 74 
4 77 
4 80 
4 82 
4 84 
4 86 
4 87 
4 88 
4 117 
4 119 
4 148 
4 158 
4 187 
4 213 
5 14 
5 49 
5 213 
6 6 
6 26 
6 34 
6 45 
6 112 
6 120 
6 128 
6 158 
6 178 
7 4 
7 6 
7 11 
7 14 
7 15 
7 18 
7 21 
7 23 
7 26 
7 27 
7 28 
7 31 
7 32 
7 33 
7 34 
7 44 
7 72 
7 99 
7 110 
7 117 
7 119 
7 130 
7 134 
7 146 
7 156 
7 158 
7 212 
8 6 
8 26 
8 140 
9 4 
9 6 
9 8 
9 11 
9 14 
9 15 
9 18 
9 21 
9 23 
9 26 
9 27 
9 28 
9 31 
9 32 
9 33 
9 34 
9 44 
9 72 
9 99 
9 110 
9 117 
9 119 
9 130 
9 134 
9 140 
9 146 
9 156 
9 158 
9 212 
10 6 
10 8 
10 23 
10 26 
10 34 
11 4 
11 13 
11 14 
11 15 
11 18 
11 22 
11 27 
11 35 
11 36 
11 44 
11 52 
11 63 
11 69 
11 74 
11 80 
11 98 
11 102 
11 113 
11 121 
11 212 
12 15 
12 32 
12 42 
12 59 
12 83 
12 134 
13 32 
13 98 
14 3 
14 4 
14 6 
14 7 
14 8 
14 11 
14 13 
14 15 
14 21 
14 22 
14 25 
14 27 
14 30 
14 32 
14 34 
14 35 
14 36 
14 37 
14 42 
14 44 
14 51 
14 52 
14 57 
14 59 
14 62 
14 63 
14 68 
14 69 
14 70 
14 73 
14 74 
14 78 
14 80 
14 82 
14 84 
14 87 
14 88 
14 98 
14 102 
14 117 
14 119 
14 121 
14 187 
15 3 
15 4 
15 11 
15 13 
15 14 
15 22 
15 27 
15 30 
15 32 
15 34 
15 35 
15 36 
15 37 
15 44 
15 52 
15 60 
15 63 
15 68 
15 69 
15 73 
15 74 
15 80 
15 82 
15 84 
15 86 
15 87 
15 88 
15 98 
15 121 
15 212 
16 4 
16 6 
16 44 
16 45 
16 58 
16 79 
16 97 
17 6 
17 15 
17 34 
17 134 
17 155 
17 158 
17 190 
17 212 
18 26 
18 34 
19 32 
19 134 
19 158 
21 14 
21 27 
21 35 
21 44 
22 3 
22 4 
22 11 
22 13 
22 14 
22 15 
22 21 
22 27 
22 30 
22 32 
22 35 
22 36 
22 37 
22 42 
22 44 
22 48 
22 51 
22 52 
22 57 
22 60 
22 62 
22 63 
22 68 
22 69 
22 70 
22 73 
22 74 
22 77 
22 80 
22 83 
22 84 
22 86 
22 87 
22 88 
22 98 
22 102 
22 117 
22 121 
22 148 
23 7 
23 8 
23 26 
23 32 
23 34 
24 32 
25 62 
25 119 
25 134 
26 34 
27 3 
27 4 
27 7 
27 8 
27 11 
27 13 
27 14 
27 15 
27 21 
27 22 
27 25 
27 26 
27 30 
27 32 
27 34 
27 35 
27 36 
27 37 
27 42 
27 44 
27 51 
27 52 
27 53 
27 59 
27 60 
27 62 
27 63 
27 68 
27 69 
27 70 
27 73 
27 74 
27 80 
27 82 
27 83 
27 84 
27 86 
27 87 
27 88 
27 90 
27 98 
27 102 
27 117 
27 121 
27 130 
27 146 
27 148 
27 158 
27 187 
27 213 
28 6 
28 11 
28 15 
28 33 
28 44 
28 80 
28 134 
28 158 
29 7 
29 8 
29 26 
30 3 
30 4 
30 14 
30 15 
30 22 
30 32 
30 42 
30 44 
30 52 
30 63 
30 68 
30 69 
30 73 
30 83 
30 84 
30 87 
30 88 
30 98 
30 117 
30 121 
31 18 
31 32 
31 34 
32 30 
32 73 
32 98 
32 117 
33 134 
33 158 
34 18 
34 26 
34 212 
35 4 
35 11 
35 13 
35 14 
35 15 
35 21 
35 22 
35 27 
35 30 
35 32 
35 34 
35 37 
35 42 
35 44 
35 51 
35 53 
35 59 
35 60 
35 63 
35 68 
35 69 
35 73 
35 80 
35 82 
35 88 
35 98 
35 117 
35 187 
35 213 
36 7 
36 8 
36 11 
36 13 
36 22 
36 27 
36 80 
36 121 
37 3 
37 14 
37 15 
37 212 
38 32 
39 26 
39 34 
39 190 
39 212 
40 3 
40 11 
40 22 
40 27 
40 30 
40 32 
40 33 
40 36 
40 42 
40 51 
40 52 
40 60 
40 63 
40 83 
40 84 
40 86 
40 90 
40 100 
40 133 
40 134 
40 146 
40 158 
41 32 
42 32 
42 73 
42 117 
43 134 
43 212 
44 4 
44 14 
44 15 
44 21 
44 22 
44 27 
44 35 
44 63 
44 68 
44 69 
44 74 
44 82 
44 84 
44 87 
44 102 
44 128 
44 148 
45 5 
45 6 
45 7 
45 8 
45 9 
45 14 
45 15 
45 18 
45 23 
45 26 
45 27 
45 33 
45 34 
45 44 
45 55 
45 76 
45 79 
45 80 
45 96 
45 102 
45 103 
45 112 
45 120 
45 128 
45 130 
45 136 
45 146 
45 158 
45 178 
45 182 
46 32 
46 72 
47 23 
47 26 
47 31 
47 34 
48 77 
48 90 
49 117 
52 22 
52 30 
52 68 
52 90 
55 7 
55 8 
55 178 
58 6 
58 14 
58 32 
58 45 
58 79 
58 97 
58 112 
58 120 
59 158 
60 27 
60 51 
63 3 
63 30 
63 69 
63 84 
63 87 
63 100 
68 3 
68 4 
68 22 
68 48 
68 52 
68 60 
68 62 
68 77 
68 83 
68 84 
68 86 
68 90 
68 112 
68 117 
69 4 
69 15 
69 30 
69 52 
69 63 
69 84 
69 87 
69 88 
70 4 
70 6 
70 14 
70 15 
70 21 
70 22 
70 27 
70 32 
70 35 
70 36 
70 42 
70 44 
70 45 
70 62 
70 73 
70 80 
70 88 
70 102 
70 117 
70 146 
71 4 
71 27 
71 37 
71 44 
71 92 
71 109 
71 113 
71 158 
72 32 
73 4 
73 11 
73 22 
73 30 
73 32 
73 42 
73 84 
73 98 
73 117 
73 121 
74 4 
74 14 
74 27 
76 6 
76 16 
76 45 
76 79 
76 97 
76 112 
76 136 
78 14 
78 27 
78 35 
78 44 
80 36 
82 4 
82 14 
82 15 
82 27 
82 30 
82 35 
82 44 
82 53 
82 74 
82 80 
82 121 
84 4 
84 15 
84 52 
84 69 
84 83 
86 51 
86 60 
86 69 
86 77 
86 84 
86 88 
86 90 
87 3 
87 30 
87 60 
87 63 
87 69 
87 88 
88 3 
88 15 
88 22 
88 30 
88 51 
88 60 
88 63 
88 84 
88 86 
89 25 
89 36 
89 42 
89 83 
89 84 
89 146 
89 158 
90 51 
90 52 
90 60 
91 14 
92 159 
93 14 
93 21 
93 33 
93 36 
93 77 
93 100 
96 6 
96 112 
98 13 
98 32 
98 121 
100 42 
100 133 
101 6 
101 97 
105 2 
105 7 
105 8 
105 23 
105 26 
105 34 
105 44 
105 99 
105 156 
105 158 
105 165 
105 166 
105 182 
108 5 
108 6 
108 45 
108 95 
109 14 
109 15 
109 25 
109 26 
109 27 
109 32 
109 35 
109 37 
109 44 
109 57 
109 59 
109 75 
109 115 
109 119 
109 134 
109 138 
109 158 
109 168 
109 212 
110 212 
112 178 
115 44 
117 42 
117 83 
121 32 
121 36 
121 73 
121 80 
121 82 
121 98 
122 213 
125 134 
125 158 
133 32 
133 42 
133 178 
146 40 
148 84 
163 27 
163 37 
169 14 
186 146 
187 213 
