2 39 
2 105 
3 15 
3 31 
3 37 
3 63 
3 84 
4 7 
4 10 
4 14 
4 44 
4 70 
4 74 
4 158 
5 2 
5 6 
5 7 
5 9 
5 10 
5 13 
5 14 
5 15 
5 22 
5 23 
5 31 
5 32 
5 35 
5 37 
5 40 
5 42 
5 44 
5 45 
5 49 
5 60 
5 66 
5 67 
5 76 
5 78 
5 80 
5 82 
5 86 
5 96 
5 109 
5 117 
5 158 
6 7 
6 10 
6 14 
6 36 
6 158 
7 26 
7 27 
7 36 
7 44 
7 45 
7 58 
7 79 
7 80 
7 105 
7 134 
9 27 
9 36 
9 44 
9 80 
9 134 
10 26 
10 45 
10 58 
10 79 
10 105 
12 55 
12 158 
14 4 
14 6 
14 15 
14 22 
14 35 
14 37 
14 60 
14 74 
14 158 
15 2 
15 3 
15 6 
15 11 
15 13 
15 14 
15 22 
15 27 
15 30 
15 31 
15 32 
15 35 
15 37 
15 40 
15 44 
15 45 
15 63 
15 69 
15 73 
15 74 
15 82 
15 84 
15 87 
15 88 
15 98 
15 121 
15 158 
17 6 
17 27 
17 36 
17 44 
17 80 
17 113 
17 125 
17 134 
17 155 
17 158 
18 29 
18 158 
18 165 
19 134 
22 11 
22 14 
22 15 
22 37 
22 68 
22 73 
22 158 
23 6 
23 36 
23 158 
25 4 
25 15 
25 36 
25 158 
26 7 
26 8 
26 158 
27 4 
27 14 
27 15 
27 35 
27 36 
27 134 
27 158 
28 44 
28 68 
28 158 
29 158 
30 98 
31 7 
31 10 
31 158 
32 98 
32 117 
32 133 
34 110 
34 134 
34 158 
34 166 
35 22 
35 37 
35 158 
37 158 
39 2 
39 7 
39 10 
39 67 
39 134 
39 158 
40 15 
40 88 
40 158 
43 92 
43 113 
43 158 
43 187 
43 193 
44 7 
44 10 
44 37 
44 62 
44 68 
44 125 
44 134 
44 158 
45 6 
45 27 
45 30 
45 31 
45 36 
45 58 
45 63 
45 66 
45 80 
45 95 
45 97 
45 120 
45 127 
45 134 
45 158 
49 2 
49 3 
49 4 
49 5 
49 6 
49 7 
49 9 
49 10 
49 14 
49 15 
49 22 
49 23 
49 25 
49 26 
49 30 
49 31 
49 32 
49 35 
49 36 
49 37 
49 40 
49 42 
49 44 
49 45 
49 52 
49 55 
49 60 
49 63 
49 66 
49 69 
49 70 
49 76 
49 80 
49 89 
49 94 
49 95 
49 96 
49 105 
49 108 
49 109 
49 158 
51 90 
52 62 
55 158 
58 97 
60 31 
60 51 
60 77 
63 30 
63 32 
65 45 
66 45 
66 158 
68 158 
69 84 
70 6 
73 98 
76 158 
78 193 
87 63 
89 4 
89 25 
89 36 
89 134 
90 77 
96 31 
97 127 
106 6 
107 5 
107 6 
107 7 
107 8 
107 10 
107 15 
107 23 
107 25 
107 27 
107 31 
107 35 
107 45 
107 95 
108 4 
108 6 
108 96 
109 6 
109 7 
109 9 
109 36 
109 75 
109 113 
109 115 
109 117 
109 138 
110 7 
110 10 
110 80 
110 134 
110 158 
114 2 
114 6 
114 15 
114 31 
114 35 
114 45 
114 66 
124 158 
132 31 
135 45 
146 158 
150 134 
150 158 
187 78 
