2 23 
2 31 
2 105 
3 22 
3 88 
4 14 
4 21 
7 23 
7 26 
7 31 
7 92 
7 170 
9 23 
9 26 
9 31 
9 92 
9 170 
15 3 
17 3 
17 7 
17 9 
17 23 
17 25 
17 31 
17 39 
17 109 
17 125 
17 148 
17 150 
17 155 
17 168 
18 7 
18 10 
22 3 
22 69 
24 15 
24 19 
26 109 
27 4 
27 14 
28 31 
28 158 
32 15 
34 168 
35 14 
35 82 
36 63 
40 213 
41 19 
43 19 
43 168 
45 3 
45 5 
45 6 
45 7 
45 9 
45 15 
45 22 
45 23 
45 31 
45 33 
45 63 
45 66 
45 69 
45 70 
45 76 
45 88 
49 96 
49 108 
58 79 
59 170 
62 40 
63 30 
68 22 
68 33 
68 148 
75 92 
75 109 
75 115 
82 53 
89 25 
92 71 
93 33 
108 66 
109 109 
109 138 
109 150 
109 159 
109 168 
113 28 
113 71 
113 92 
113 109 
113 125 
113 150 
113 181 
115 75 
115 109 
115 138 
119 170 
124 157 
133 19 
152 28 
152 75 
152 109 
154 168 
168 109 
173 59 
173 82 
173 109 
173 170 
180 59 
180 109 
180 119 
180 157 
180 187 
