2 2 
2 6 
2 7 
2 8 
2 9 
2 10 
2 14 
2 21 
2 23 
2 26 
2 31 
2 39 
2 44 
2 45 
2 84 
2 96 
2 99 
2 105 
2 128 
2 156 
2 166 
3 15 
3 22 
3 25 
3 27 
3 30 
3 36 
3 37 
3 45 
3 63 
3 69 
3 70 
3 73 
3 84 
3 87 
3 88 
3 98 
4 2 
4 3 
4 6 
4 7 
4 8 
4 9 
4 10 
4 13 
4 14 
4 15 
4 21 
4 22 
4 23 
4 26 
4 27 
4 30 
4 31 
4 32 
4 35 
4 36 
4 37 
4 39 
4 42 
4 44 
4 45 
4 48 
4 59 
4 62 
4 63 
4 69 
4 70 
4 73 
4 74 
4 78 
4 80 
4 82 
4 84 
4 87 
4 98 
4 119 
4 121 
4 148 
4 150 
4 159 
4 173 
4 180 
5 7 
5 8 
5 10 
5 23 
5 55 
5 94 
5 95 
5 96 
5 130 
6 2 
6 3 
6 4 
6 7 
6 9 
6 10 
6 11 
6 14 
6 15 
6 21 
6 23 
6 31 
6 32 
6 35 
6 36 
6 37 
6 44 
6 45 
6 76 
6 173 
7 2 
7 3 
7 4 
7 6 
7 11 
7 14 
7 15 
7 16 
7 21 
7 22 
7 23 
7 26 
7 27 
7 29 
7 30 
7 31 
7 32 
7 35 
7 36 
7 37 
7 39 
7 40 
7 42 
7 44 
7 45 
7 49 
7 58 
7 59 
7 63 
7 70 
7 73 
7 74 
7 82 
7 86 
7 87 
7 105 
7 108 
7 109 
7 119 
7 121 
7 127 
7 138 
7 139 
7 150 
7 168 
7 180 
7 182 
8 16 
8 27 
8 31 
8 109 
8 140 
8 182 
9 2 
9 3 
9 4 
9 6 
9 8 
9 11 
9 14 
9 15 
9 21 
9 22 
9 23 
9 26 
9 27 
9 29 
9 30 
9 31 
9 32 
9 35 
9 36 
9 37 
9 39 
9 40 
9 42 
9 44 
9 45 
9 49 
9 58 
9 59 
9 63 
9 70 
9 73 
9 74 
9 82 
9 86 
9 87 
9 105 
9 108 
9 109 
9 119 
9 121 
9 127 
9 138 
9 140 
9 150 
9 168 
9 180 
9 182 
10 4 
10 8 
10 9 
10 15 
10 23 
10 26 
10 27 
10 31 
10 35 
10 39 
10 44 
10 105 
10 139 
10 140 
11 2 
11 4 
11 6 
11 13 
11 15 
11 22 
11 27 
11 30 
11 35 
11 36 
11 37 
11 44 
11 45 
11 60 
11 68 
11 70 
11 80 
11 83 
11 98 
11 102 
13 2 
13 4 
13 7 
13 8 
13 9 
13 11 
13 15 
13 23 
13 27 
13 32 
13 35 
13 36 
13 37 
13 73 
13 74 
13 80 
13 98 
13 121 
14 2 
14 3 
14 4 
14 5 
14 6 
14 7 
14 8 
14 9 
14 10 
14 11 
14 13 
14 15 
14 21 
14 22 
14 23 
14 25 
14 27 
14 30 
14 31 
14 32 
14 35 
14 36 
14 37 
14 42 
14 44 
14 45 
14 52 
14 54 
14 55 
14 57 
14 59 
14 62 
14 63 
14 68 
14 69 
14 70 
14 73 
14 74 
14 78 
14 80 
14 82 
14 84 
14 86 
14 87 
14 88 
14 94 
14 98 
14 100 
14 104 
14 105 
14 109 
14 117 
14 119 
14 121 
14 134 
14 148 
14 150 
14 156 
14 157 
14 166 
14 170 
14 173 
14 180 
14 182 
14 187 
15 2 
15 3 
15 4 
15 5 
15 7 
15 8 
15 9 
15 11 
15 13 
15 14 
15 21 
15 22 
15 23 
15 25 
15 27 
15 30 
15 31 
15 32 
15 35 
15 36 
15 37 
15 39 
15 42 
15 44 
15 45 
15 52 
15 62 
15 63 
15 66 
15 68 
15 69 
15 73 
15 74 
15 76 
15 80 
15 82 
15 84 
15 86 
15 87 
15 88 
15 92 
15 95 
15 96 
15 98 
15 102 
15 109 
15 117 
15 119 
15 121 
15 148 
15 170 
15 173 
16 58 
16 79 
16 97 
17 15 
17 86 
18 22 
18 105 
21 2 
21 3 
21 4 
21 6 
21 7 
21 8 
21 9 
21 11 
21 13 
21 14 
21 15 
21 22 
21 23 
21 27 
21 35 
21 36 
21 37 
21 39 
21 44 
21 45 
21 52 
21 62 
21 63 
21 68 
21 70 
21 73 
21 80 
21 82 
21 105 
21 121 
21 148 
22 2 
22 3 
22 4 
22 5 
22 6 
22 7 
22 9 
22 11 
22 13 
22 14 
22 15 
22 16 
22 23 
22 27 
22 30 
22 32 
22 35 
22 36 
22 37 
22 42 
22 44 
22 45 
22 48 
22 52 
22 53 
22 55 
22 58 
22 62 
22 63 
22 68 
22 69 
22 70 
22 73 
22 74 
22 76 
22 80 
22 82 
22 88 
22 97 
22 98 
22 105 
22 108 
22 109 
22 112 
22 116 
22 119 
22 121 
22 128 
22 148 
22 156 
23 2 
23 3 
23 4 
23 5 
23 6 
23 7 
23 8 
23 9 
23 10 
23 11 
23 13 
23 14 
23 15 
23 21 
23 22 
23 26 
23 27 
23 29 
23 30 
23 31 
23 32 
23 35 
23 36 
23 37 
23 39 
23 42 
23 44 
23 45 
23 49 
23 60 
23 62 
23 63 
23 68 
23 70 
23 76 
23 80 
23 82 
23 96 
23 102 
23 105 
23 108 
23 109 
23 110 
23 117 
23 121 
23 133 
23 138 
23 150 
23 155 
23 156 
23 182 
25 19 
25 22 
25 57 
25 109 
25 158 
25 180 
26 7 
26 8 
26 44 
27 2 
27 3 
27 4 
27 6 
27 7 
27 8 
27 11 
27 13 
27 14 
27 15 
27 21 
27 22 
27 23 
27 26 
27 30 
27 35 
27 36 
27 37 
27 44 
27 45 
27 52 
27 55 
27 62 
27 63 
27 68 
27 69 
27 70 
27 73 
27 74 
27 80 
27 84 
27 88 
27 98 
27 100 
27 102 
27 121 
27 127 
27 134 
27 150 
27 156 
27 173 
29 11 
29 158 
30 3 
30 4 
30 6 
30 11 
30 14 
30 15 
30 21 
30 22 
30 32 
30 37 
30 44 
30 45 
30 63 
30 68 
30 73 
30 84 
30 87 
30 98 
30 121 
31 2 
31 3 
31 5 
31 6 
31 7 
31 8 
31 9 
31 14 
31 15 
31 21 
31 23 
31 26 
31 27 
31 29 
31 35 
31 37 
31 39 
31 44 
31 45 
31 63 
31 76 
31 96 
31 105 
31 109 
31 119 
31 139 
31 146 
32 7 
32 9 
32 14 
32 15 
32 22 
32 30 
32 44 
32 72 
32 82 
32 83 
32 98 
32 117 
32 121 
34 2 
34 7 
34 8 
34 26 
34 29 
34 110 
34 180 
35 2 
35 3 
35 4 
35 6 
35 7 
35 8 
35 9 
35 13 
35 14 
35 15 
35 16 
35 22 
35 23 
35 27 
35 30 
35 32 
35 36 
35 37 
35 44 
35 45 
35 49 
35 53 
35 58 
35 60 
35 62 
35 68 
35 73 
35 76 
35 79 
35 82 
35 94 
35 96 
35 97 
35 102 
35 105 
35 127 
35 168 
35 182 
36 2 
36 3 
36 4 
36 6 
36 7 
36 9 
36 11 
36 13 
36 14 
36 15 
36 22 
36 30 
36 32 
36 35 
36 37 
36 44 
36 45 
36 60 
36 62 
36 63 
36 68 
36 69 
36 75 
36 80 
36 82 
36 86 
36 87 
36 98 
36 102 
36 105 
37 3 
37 11 
37 14 
37 15 
37 26 
37 36 
37 44 
37 69 
39 2 
39 7 
39 8 
39 9 
39 23 
39 27 
39 36 
39 63 
39 105 
39 121 
39 139 
39 190 
40 14 
40 15 
40 52 
40 71 
42 15 
42 22 
42 30 
42 35 
42 63 
42 70 
42 73 
42 82 
42 87 
42 117 
43 7 
43 9 
43 17 
43 57 
43 71 
43 75 
43 113 
43 125 
43 134 
43 158 
43 173 
43 181 
43 187 
44 2 
44 3 
44 4 
44 5 
44 6 
44 7 
44 8 
44 9 
44 10 
44 11 
44 13 
44 14 
44 15 
44 21 
44 22 
44 23 
44 26 
44 27 
44 30 
44 32 
44 35 
44 36 
44 37 
44 39 
44 40 
44 42 
44 45 
44 51 
44 53 
44 60 
44 62 
44 63 
44 68 
44 70 
44 71 
44 73 
44 74 
44 76 
44 80 
44 82 
44 84 
44 87 
44 95 
44 96 
44 98 
44 102 
44 105 
44 108 
44 112 
44 113 
44 119 
44 121 
44 125 
44 128 
44 134 
44 139 
44 148 
44 150 
44 155 
44 158 
44 178 
45 2 
45 3 
45 4 
45 5 
45 6 
45 7 
45 8 
45 9 
45 10 
45 11 
45 13 
45 14 
45 15 
45 16 
45 21 
45 22 
45 23 
45 27 
45 28 
45 29 
45 31 
45 32 
45 35 
45 36 
45 37 
45 39 
45 40 
45 44 
45 49 
45 55 
45 58 
45 62 
45 63 
45 66 
45 68 
45 70 
45 76 
45 77 
45 79 
45 80 
45 82 
45 95 
45 96 
45 97 
45 100 
45 102 
45 103 
45 105 
45 108 
45 112 
45 119 
45 121 
45 127 
45 128 
45 136 
45 168 
45 173 
45 178 
47 2 
47 7 
47 8 
47 11 
47 23 
47 31 
47 32 
47 39 
47 102 
49 7 
49 9 
49 22 
49 45 
49 57 
49 79 
49 95 
49 96 
51 87 
52 4 
52 7 
52 9 
52 32 
52 73 
52 98 
52 121 
54 14 
55 76 
58 23 
58 31 
58 128 
60 2 
60 3 
60 51 
60 69 
60 88 
62 4 
62 27 
62 68 
63 4 
63 30 
63 37 
63 44 
63 87 
63 96 
63 98 
64 14 
65 14 
65 15 
65 45 
66 55 
66 127 
68 23 
68 27 
68 30 
68 62 
68 157 
69 3 
69 4 
69 37 
69 44 
69 63 
69 84 
69 87 
69 98 
69 121 
70 7 
70 8 
70 15 
70 27 
70 45 
70 105 
71 113 
73 7 
73 9 
73 11 
73 13 
73 21 
73 30 
73 32 
73 35 
73 36 
73 42 
73 44 
73 45 
73 80 
73 98 
73 121 
74 4 
74 14 
74 102 
75 113 
75 168 
76 2 
76 3 
76 7 
76 8 
76 16 
76 45 
76 58 
76 79 
76 97 
80 2 
80 11 
80 13 
80 27 
80 36 
81 44 
81 55 
82 4 
82 22 
82 30 
82 35 
82 53 
82 59 
82 74 
82 102 
82 109 
83 30 
83 32 
83 42 
83 45 
83 63 
83 70 
83 72 
83 73 
83 117 
84 22 
84 35 
84 52 
84 68 
84 83 
84 98 
84 121 
86 15 
86 32 
86 51 
86 68 
86 77 
86 88 
87 3 
87 30 
87 37 
87 63 
87 82 
87 84 
88 22 
88 37 
88 51 
88 60 
88 86 
88 90 
89 78 
90 88 
92 181 
93 14 
93 21 
93 27 
93 28 
93 116 
94 45 
95 35 
96 2 
96 6 
96 7 
96 9 
96 14 
96 15 
96 23 
96 32 
96 45 
96 97 
98 2 
98 11 
98 13 
98 73 
98 121 
100 117 
101 7 
101 9 
101 97 
103 14 
103 44 
103 45 
103 112 
103 128 
103 178 
105 2 
105 6 
105 7 
105 8 
105 9 
105 15 
105 21 
105 23 
105 99 
105 148 
108 35 
108 45 
108 112 
109 2 
109 4 
109 6 
109 7 
109 10 
109 11 
109 13 
109 15 
109 21 
109 23 
109 26 
109 27 
109 30 
109 44 
109 45 
109 54 
109 59 
109 70 
109 71 
109 75 
109 92 
109 104 
109 105 
109 109 
109 113 
109 115 
109 119 
109 138 
109 150 
109 159 
109 168 
110 15 
110 22 
110 27 
110 63 
112 45 
112 128 
112 178 
113 71 
115 75 
115 138 
115 168 
116 6 
116 7 
116 9 
116 15 
116 30 
116 31 
116 32 
116 42 
116 45 
116 52 
116 62 
116 73 
116 98 
116 121 
117 98 
117 121 
119 3 
119 4 
119 15 
119 23 
119 37 
119 44 
119 59 
120 112 
120 128 
120 130 
121 32 
121 73 
121 80 
121 98 
124 3 
124 22 
124 27 
124 44 
124 109 
128 44 
128 112 
128 136 
129 127 
133 23 
136 7 
136 9 
138 168 
140 8 
146 119 
150 14 
152 168 
154 115 
154 138 
159 4 
160 112 
160 128 
163 168 
165 23 
171 178 
173 180 
178 44 
180 14 
180 173 
182 23 
192 138 
206 23 
