1 40 
2 6 
2 7 
2 8 
2 18 
2 26 
2 34 
2 39 
2 44 
2 99 
2 105 
2 110 
2 140 
2 156 
2 158 
2 166 
2 212 
3 14 
3 15 
3 22 
3 27 
3 30 
3 35 
3 37 
3 63 
3 69 
3 84 
3 87 
3 88 
4 3 
4 6 
4 13 
4 14 
4 15 
4 21 
4 22 
4 27 
4 30 
4 32 
4 35 
4 36 
4 37 
4 42 
4 44 
4 45 
4 51 
4 52 
4 60 
4 63 
4 68 
4 69 
4 74 
4 80 
4 82 
4 87 
4 90 
4 102 
4 117 
4 121 
5 6 
5 14 
5 27 
5 35 
5 37 
5 80 
6 6 
6 45 
6 112 
6 178 
6 182 
7 6 
7 14 
7 18 
7 26 
7 32 
7 34 
7 36 
7 39 
7 45 
7 54 
7 72 
7 80 
7 105 
7 134 
7 150 
7 158 
8 140 
9 6 
9 8 
9 10 
9 14 
9 18 
9 26 
9 32 
9 34 
9 36 
9 39 
9 45 
9 54 
9 72 
9 80 
9 105 
9 134 
9 140 
9 150 
9 158 
10 18 
10 26 
10 34 
11 14 
11 15 
11 27 
11 30 
11 35 
11 36 
11 80 
12 3 
12 4 
12 6 
12 11 
12 14 
12 15 
12 21 
12 22 
12 25 
12 26 
12 27 
12 32 
12 33 
12 37 
12 42 
12 44 
12 51 
12 52 
12 60 
12 62 
12 63 
12 69 
12 77 
12 80 
12 84 
12 86 
12 88 
12 90 
12 116 
12 117 
12 125 
12 134 
12 146 
12 148 
12 150 
12 158 
12 212 
13 27 
14 3 
14 4 
14 11 
14 15 
14 21 
14 22 
14 27 
14 30 
14 32 
14 34 
14 35 
14 36 
14 37 
14 44 
14 54 
14 57 
14 59 
14 63 
14 68 
14 69 
14 73 
14 74 
14 80 
14 82 
14 84 
14 87 
14 88 
14 98 
14 121 
14 187 
14 212 
15 3 
15 4 
15 6 
15 11 
15 13 
15 14 
15 21 
15 22 
15 27 
15 30 
15 34 
15 35 
15 36 
15 37 
15 44 
15 45 
15 52 
15 63 
15 68 
15 69 
15 73 
15 74 
15 80 
15 82 
15 84 
15 87 
15 88 
15 121 
15 212 
16 6 
16 35 
16 45 
16 58 
16 79 
16 97 
17 3 
17 6 
17 7 
17 8 
17 14 
17 15 
17 18 
17 25 
17 26 
17 27 
17 33 
17 34 
17 36 
17 37 
17 44 
17 76 
17 80 
17 82 
17 102 
17 125 
17 134 
17 150 
17 155 
17 158 
17 190 
17 212 
18 26 
18 34 
19 32 
19 40 
19 100 
19 116 
19 125 
19 133 
19 134 
21 15 
21 27 
21 44 
22 3 
22 4 
22 6 
22 11 
22 13 
22 14 
22 15 
22 21 
22 27 
22 30 
22 32 
22 34 
22 35 
22 36 
22 37 
22 42 
22 44 
22 45 
22 48 
22 51 
22 52 
22 60 
22 62 
22 63 
22 68 
22 69 
22 73 
22 74 
22 80 
22 82 
22 83 
22 84 
22 86 
22 87 
22 88 
22 148 
23 7 
23 8 
23 10 
23 15 
23 26 
23 27 
23 34 
23 44 
23 140 
24 32 
25 15 
25 33 
25 125 
25 134 
25 158 
26 18 
26 26 
26 27 
26 32 
26 34 
26 39 
26 212 
27 3 
27 4 
27 6 
27 7 
27 8 
27 11 
27 13 
27 14 
27 15 
27 21 
27 22 
27 23 
27 25 
27 26 
27 29 
27 30 
27 32 
27 33 
27 34 
27 35 
27 36 
27 37 
27 42 
27 44 
27 45 
27 51 
27 52 
27 60 
27 62 
27 63 
27 68 
27 69 
27 73 
27 74 
27 77 
27 80 
27 82 
27 83 
27 84 
27 86 
27 87 
27 88 
27 90 
27 98 
27 100 
27 102 
27 109 
27 115 
27 117 
27 119 
27 121 
27 125 
27 148 
27 158 
27 187 
28 3 
28 6 
28 11 
28 15 
28 37 
28 44 
28 80 
28 134 
28 158 
30 3 
30 11 
30 13 
30 14 
30 15 
30 22 
30 27 
30 32 
30 35 
30 36 
30 42 
30 44 
30 51 
30 60 
30 63 
30 69 
30 73 
30 83 
30 84 
30 87 
30 88 
30 98 
30 117 
30 121 
31 6 
31 7 
31 8 
31 10 
31 23 
31 32 
31 34 
31 44 
32 73 
32 117 
32 121 
33 36 
33 44 
33 125 
33 134 
33 158 
34 7 
34 8 
34 26 
34 212 
35 3 
35 4 
35 6 
35 7 
35 8 
35 11 
35 13 
35 14 
35 15 
35 21 
35 22 
35 25 
35 27 
35 30 
35 32 
35 36 
35 37 
35 42 
35 44 
35 45 
35 51 
35 52 
35 53 
35 54 
35 55 
35 59 
35 60 
35 63 
35 68 
35 69 
35 73 
35 74 
35 77 
35 80 
35 82 
35 83 
35 84 
35 86 
35 87 
35 88 
35 90 
35 98 
35 102 
35 117 
35 121 
35 148 
35 187 
36 11 
36 13 
36 15 
36 21 
36 27 
36 30 
36 44 
36 63 
36 80 
37 6 
37 14 
39 3 
39 4 
39 6 
39 7 
39 8 
39 11 
39 14 
39 15 
39 18 
39 22 
39 25 
39 26 
39 27 
39 28 
39 30 
39 32 
39 33 
39 34 
39 35 
39 36 
39 37 
39 39 
39 42 
39 44 
39 63 
39 80 
39 102 
39 105 
39 125 
39 134 
39 140 
39 158 
39 212 
40 3 
40 4 
40 11 
40 14 
40 15 
40 27 
40 30 
40 32 
40 36 
40 37 
40 42 
40 44 
40 45 
40 48 
40 51 
40 52 
40 60 
40 63 
40 68 
40 69 
40 77 
40 80 
40 83 
40 84 
40 86 
40 87 
40 88 
40 90 
40 98 
40 100 
40 117 
40 121 
40 125 
40 133 
42 30 
42 32 
42 83 
42 87 
42 117 
42 121 
43 125 
43 134 
43 158 
43 187 
43 212 
44 4 
44 11 
44 13 
44 14 
44 15 
44 21 
44 22 
44 27 
44 34 
44 35 
44 36 
44 45 
44 63 
44 69 
44 87 
44 88 
44 128 
45 6 
45 14 
45 23 
45 26 
45 27 
45 34 
45 37 
45 39 
45 44 
45 55 
45 76 
45 80 
45 97 
45 102 
45 103 
45 112 
45 120 
45 125 
45 127 
45 128 
45 130 
45 134 
45 136 
45 158 
45 178 
45 182 
46 32 
47 3 
47 6 
47 11 
47 14 
47 15 
47 18 
47 26 
47 27 
47 32 
47 34 
47 36 
47 37 
47 44 
47 63 
47 80 
47 158 
48 51 
48 52 
48 68 
48 77 
48 90 
49 5 
49 6 
49 37 
51 60 
51 88 
52 3 
52 15 
52 21 
52 63 
52 68 
52 84 
52 90 
52 121 
54 4 
54 37 
55 37 
55 127 
58 6 
58 45 
58 79 
58 80 
59 4 
60 3 
60 51 
60 69 
60 86 
60 88 
61 6 
61 14 
62 3 
62 14 
62 15 
62 22 
62 37 
62 44 
62 68 
62 80 
63 3 
63 15 
63 27 
63 30 
63 35 
63 69 
63 84 
63 87 
63 88 
64 6 
64 44 
65 4 
65 6 
65 14 
65 15 
65 27 
65 35 
65 36 
65 37 
65 44 
65 45 
65 80 
65 82 
66 35 
66 37 
67 4 
67 27 
67 44 
68 3 
68 4 
68 11 
68 13 
68 14 
68 15 
68 21 
68 22 
68 30 
68 36 
68 45 
68 48 
68 52 
68 60 
68 62 
68 63 
68 77 
68 83 
68 84 
68 86 
68 87 
68 88 
68 90 
68 116 
68 117 
69 3 
69 4 
69 11 
69 13 
69 15 
69 22 
69 27 
69 30 
69 36 
69 37 
69 51 
69 60 
69 63 
69 73 
69 84 
69 87 
69 88 
69 121 
70 3 
70 4 
70 6 
70 14 
70 15 
70 21 
70 22 
70 27 
70 32 
70 37 
70 42 
70 44 
70 45 
70 51 
70 60 
70 62 
70 63 
70 68 
70 77 
70 80 
70 83 
70 86 
70 88 
70 90 
70 100 
70 102 
70 117 
70 146 
71 3 
71 4 
71 14 
71 15 
71 27 
71 44 
71 80 
71 82 
71 102 
72 32 
73 11 
73 30 
73 35 
73 121 
74 4 
74 14 
74 15 
75 44 
76 6 
76 13 
76 17 
76 27 
76 35 
76 44 
76 45 
76 58 
76 79 
77 51 
78 4 
78 6 
78 11 
78 14 
78 15 
78 22 
78 27 
78 30 
78 32 
78 35 
78 37 
78 42 
78 44 
78 51 
78 59 
78 60 
78 63 
78 69 
78 77 
78 80 
78 83 
78 84 
78 86 
78 87 
78 102 
78 117 
79 6 
79 35 
79 45 
79 58 
79 83 
79 97 
81 14 
81 27 
81 35 
82 6 
82 14 
82 30 
82 32 
82 35 
82 37 
82 44 
82 53 
82 73 
82 74 
82 90 
83 32 
83 117 
84 22 
84 35 
84 52 
84 63 
86 3 
86 14 
86 15 
86 30 
86 36 
86 37 
86 51 
86 52 
86 60 
86 63 
86 69 
86 77 
86 84 
86 88 
86 90 
87 3 
87 30 
87 63 
87 69 
87 84 
87 88 
88 3 
88 15 
88 22 
88 27 
88 30 
88 60 
88 63 
88 69 
88 73 
88 84 
88 87 
88 90 
89 11 
89 22 
89 25 
89 30 
89 32 
89 33 
89 36 
89 40 
89 42 
89 48 
89 52 
89 62 
89 69 
89 83 
89 84 
89 100 
89 116 
89 117 
89 125 
89 133 
89 134 
89 158 
90 3 
90 14 
90 15 
90 22 
90 30 
90 32 
90 36 
90 37 
90 44 
90 48 
90 51 
90 52 
90 60 
90 63 
90 68 
90 69 
90 77 
90 80 
90 84 
90 86 
90 87 
90 88 
90 121 
91 14 
91 22 
91 32 
92 4 
92 14 
92 15 
92 21 
92 27 
92 35 
92 36 
92 37 
92 44 
92 80 
92 102 
92 125 
93 14 
93 21 
93 28 
93 30 
93 33 
93 48 
93 77 
93 90 
93 127 
94 127 
95 35 
96 6 
96 32 
96 49 
96 105 
97 6 
97 16 
97 45 
98 3 
98 13 
98 27 
98 73 
98 82 
98 121 
99 6 
99 105 
100 116 
101 6 
101 16 
101 35 
101 45 
101 58 
101 79 
101 97 
103 6 
103 44 
103 45 
103 112 
104 14 
105 2 
105 6 
105 14 
105 23 
105 99 
105 156 
105 165 
105 182 
108 6 
108 27 
108 37 
108 44 
108 45 
108 80 
108 96 
109 6 
109 32 
109 37 
109 44 
109 115 
109 138 
109 150 
109 168 
110 14 
110 37 
110 44 
110 80 
110 158 
110 212 
112 6 
112 45 
112 128 
113 44 
113 125 
115 15 
115 27 
115 44 
115 168 
116 32 
117 102 
119 3 
119 4 
119 14 
119 15 
119 27 
119 44 
120 6 
120 127 
120 128 
121 27 
121 35 
121 73 
121 98 
124 157 
125 23 
125 33 
125 44 
125 134 
125 158 
130 27 
133 32 
135 21 
135 25 
135 26 
135 28 
135 34 
135 158 
136 6 
136 16 
142 4 
146 6 
146 11 
146 14 
146 15 
146 25 
146 27 
146 30 
146 32 
146 36 
146 37 
146 42 
146 44 
146 51 
146 52 
146 60 
146 68 
146 69 
146 83 
146 84 
146 89 
146 100 
146 117 
146 125 
146 133 
146 134 
146 158 
147 39 
148 4 
148 15 
148 84 
150 14 
152 44 
154 80 
160 44 
167 125 
168 27 
168 32 
168 44 
168 80 
169 14 
171 6 
171 44 
173 4 
173 14 
173 180 
181 4 
186 4 
186 27 
186 80 
186 146 
187 14 
187 27 
187 44 
194 82 
203 37 
204 37 
204 59 
