1 28 
2 6 
2 13 
2 18 
2 27 
2 36 
2 39 
2 45 
2 80 
2 105 
2 156 
2 212 
3 7 
3 8 
3 15 
3 22 
3 30 
3 37 
3 42 
3 44 
3 45 
3 52 
3 63 
3 69 
3 80 
3 84 
3 86 
3 88 
3 109 
4 14 
4 15 
4 22 
4 44 
4 62 
4 68 
4 74 
4 82 
6 44 
7 2 
7 3 
7 6 
7 15 
7 17 
7 23 
7 27 
7 31 
7 45 
7 51 
7 77 
7 80 
9 2 
9 3 
9 6 
9 15 
9 17 
9 23 
9 27 
9 31 
9 45 
9 51 
9 77 
9 80 
11 6 
11 15 
11 23 
11 36 
11 63 
11 80 
13 98 
14 3 
14 4 
14 15 
14 21 
14 22 
14 25 
14 30 
14 32 
14 37 
14 44 
14 59 
14 63 
14 68 
14 69 
14 74 
14 78 
14 82 
14 88 
14 117 
14 156 
14 182 
15 3 
15 4 
15 6 
15 7 
15 8 
15 13 
15 14 
15 16 
15 21 
15 22 
15 27 
15 30 
15 35 
15 36 
15 37 
15 44 
15 60 
15 63 
15 68 
15 69 
15 73 
15 74 
15 80 
15 82 
15 84 
15 88 
15 98 
15 121 
15 212 
17 2 
17 6 
17 14 
17 15 
17 23 
17 44 
17 45 
17 71 
17 77 
17 80 
17 92 
17 105 
17 109 
17 212 
21 27 
21 44 
22 3 
22 6 
22 14 
22 25 
22 44 
22 77 
22 82 
27 2 
27 3 
27 4 
27 6 
27 13 
27 14 
27 15 
27 21 
27 22 
27 30 
27 32 
27 35 
27 36 
27 37 
27 42 
27 44 
27 45 
27 51 
27 52 
27 60 
27 63 
27 68 
27 69 
27 73 
27 80 
27 82 
27 83 
27 84 
27 86 
27 87 
27 88 
27 98 
27 105 
27 109 
27 117 
27 182 
28 15 
28 26 
28 27 
28 80 
30 2 
30 3 
30 4 
30 6 
30 15 
30 21 
30 22 
30 32 
30 35 
30 42 
30 44 
30 45 
30 63 
30 69 
30 73 
30 82 
30 84 
30 88 
30 102 
30 117 
30 121 
32 30 
32 42 
32 105 
32 117 
35 6 
35 14 
35 27 
35 30 
35 32 
35 42 
35 44 
35 45 
35 53 
35 58 
35 63 
35 73 
35 84 
35 86 
35 117 
36 13 
36 15 
36 27 
36 30 
36 44 
36 73 
36 98 
40 2 
40 3 
40 4 
40 6 
40 7 
40 8 
40 14 
40 15 
40 17 
40 22 
40 23 
40 26 
40 27 
40 30 
40 32 
40 36 
40 37 
40 42 
40 44 
40 45 
40 49 
40 52 
40 60 
40 63 
40 68 
40 70 
40 80 
40 84 
40 87 
40 96 
40 105 
40 109 
40 117 
40 156 
42 51 
42 82 
42 83 
42 117 
44 4 
44 6 
44 14 
44 15 
44 21 
44 22 
44 27 
44 35 
44 36 
44 37 
44 45 
44 68 
44 71 
44 109 
45 6 
45 29 
45 31 
45 37 
45 55 
45 103 
45 128 
47 15 
49 22 
49 44 
52 30 
59 170 
60 3 
60 37 
60 77 
60 88 
63 3 
63 6 
63 15 
63 22 
63 27 
63 30 
63 32 
63 35 
63 42 
63 44 
63 45 
63 49 
63 51 
63 52 
63 58 
63 60 
63 68 
63 69 
63 70 
63 73 
63 80 
63 83 
63 84 
63 86 
63 87 
63 88 
63 98 
63 109 
63 117 
63 121 
66 96 
67 44 
69 3 
69 14 
69 15 
69 21 
69 22 
69 27 
69 32 
69 42 
69 51 
69 60 
69 63 
69 80 
69 84 
69 86 
69 87 
70 2 
73 44 
73 63 
73 98 
73 121 
80 15 
80 36 
82 35 
84 22 
84 52 
84 62 
84 69 
86 37 
86 51 
86 60 
86 77 
87 15 
87 30 
87 32 
87 44 
87 63 
87 69 
87 84 
88 3 
89 6 
90 77 
90 86 
93 27 
93 40 
93 63 
98 121 
105 182 
109 37 
109 75 
109 113 
109 115 
109 119 
109 138 
109 150 
109 168 
121 98 
157 6 
201 51 
