2 18 
2 26 
2 31 
2 34 
2 39 
2 44 
2 99 
2 105 
2 165 
2 166 
2 170 
2 212 
3 13 
3 14 
3 15 
3 21 
3 22 
3 26 
3 28 
3 29 
3 30 
3 33 
3 36 
3 44 
3 51 
3 62 
3 63 
3 68 
3 69 
3 77 
3 82 
3 83 
3 84 
3 86 
3 87 
3 88 
3 90 
3 121 
3 157 
4 11 
4 13 
4 14 
4 15 
4 21 
4 22 
4 26 
4 27 
4 34 
4 35 
4 36 
4 44 
4 54 
4 57 
4 62 
4 68 
4 69 
4 70 
4 74 
4 78 
4 86 
4 116 
4 119 
4 158 
5 5 
5 6 
5 7 
5 10 
5 16 
5 18 
5 19 
5 26 
5 28 
5 29 
5 31 
5 33 
5 34 
5 39 
5 42 
5 45 
5 49 
5 51 
5 53 
5 60 
5 69 
5 70 
5 76 
5 78 
5 79 
5 80 
5 86 
5 90 
5 91 
5 95 
5 127 
5 133 
5 146 
5 158 
6 2 
6 26 
6 29 
6 31 
6 34 
6 45 
6 68 
6 76 
6 97 
6 127 
6 178 
7 2 
7 6 
7 18 
7 22 
7 26 
7 28 
7 29 
7 31 
7 33 
7 34 
7 39 
7 54 
7 57 
7 71 
7 72 
7 99 
7 105 
7 119 
7 134 
7 155 
7 157 
7 158 
7 166 
7 170 
8 26 
8 34 
8 166 
9 2 
9 6 
9 10 
9 18 
9 22 
9 26 
9 28 
9 29 
9 31 
9 33 
9 34 
9 39 
9 54 
9 57 
9 71 
9 72 
9 99 
9 105 
9 119 
9 134 
9 157 
9 158 
9 170 
10 6 
10 26 
10 31 
10 34 
10 57 
10 105 
10 155 
10 170 
11 2 
11 15 
11 34 
11 36 
11 39 
11 44 
11 67 
11 73 
11 80 
11 99 
11 127 
11 133 
11 134 
12 2 
12 6 
12 26 
12 28 
12 33 
12 35 
12 44 
12 48 
12 67 
12 78 
12 89 
12 91 
12 92 
12 104 
12 125 
12 134 
12 170 
13 32 
13 36 
13 98 
14 3 
14 4 
14 15 
14 21 
14 22 
14 26 
14 31 
14 35 
14 36 
14 39 
14 42 
14 44 
14 48 
14 49 
14 52 
14 53 
14 54 
14 57 
14 68 
14 69 
14 74 
14 78 
14 82 
14 84 
14 88 
14 91 
14 104 
14 116 
14 121 
14 134 
14 157 
14 158 
14 166 
14 170 
15 2 
15 3 
15 4 
15 11 
15 13 
15 14 
15 19 
15 21 
15 22 
15 26 
15 27 
15 30 
15 31 
15 33 
15 34 
15 35 
15 36 
15 39 
15 40 
15 44 
15 51 
15 52 
15 53 
15 57 
15 60 
15 62 
15 63 
15 68 
15 69 
15 74 
15 76 
15 80 
15 82 
15 83 
15 84 
15 86 
15 87 
15 88 
15 119 
15 121 
16 79 
16 97 
17 2 
17 34 
17 99 
17 155 
17 158 
18 26 
18 34 
18 39 
18 99 
18 112 
18 165 
19 2 
19 26 
19 134 
21 2 
21 3 
21 44 
21 86 
22 2 
22 3 
22 4 
22 14 
22 15 
22 18 
22 21 
22 26 
22 27 
22 31 
22 33 
22 34 
22 35 
22 36 
22 39 
22 42 
22 44 
22 45 
22 48 
22 52 
22 53 
22 54 
22 58 
22 60 
22 68 
22 69 
22 74 
22 76 
22 77 
22 78 
22 84 
22 91 
22 127 
22 148 
22 158 
23 31 
23 34 
23 39 
23 67 
23 76 
25 2 
25 14 
25 44 
25 57 
25 78 
25 105 
25 116 
25 125 
25 134 
25 157 
25 158 
25 170 
26 18 
26 28 
26 29 
26 34 
26 39 
26 67 
26 71 
26 99 
26 157 
26 212 
27 3 
27 4 
27 7 
27 10 
27 11 
27 13 
27 14 
27 15 
27 18 
27 19 
27 21 
27 22 
27 26 
27 29 
27 30 
27 31 
27 33 
27 34 
27 35 
27 36 
27 39 
27 42 
27 44 
27 51 
27 57 
27 60 
27 62 
27 68 
27 69 
27 70 
27 71 
27 74 
27 78 
27 80 
27 82 
27 84 
27 86 
27 88 
27 90 
27 91 
27 102 
27 119 
27 121 
27 125 
27 127 
27 130 
27 133 
27 146 
28 19 
28 26 
29 26 
29 28 
29 105 
29 125 
29 127 
29 134 
29 158 
29 166 
30 11 
30 15 
30 21 
30 22 
30 36 
30 44 
30 52 
30 63 
30 69 
30 73 
30 84 
30 87 
30 98 
30 116 
30 121 
31 16 
31 18 
31 26 
31 29 
31 34 
31 49 
31 72 
31 105 
32 72 
32 83 
32 116 
32 133 
33 18 
33 22 
33 26 
33 28 
33 34 
33 48 
33 67 
33 91 
33 105 
33 125 
33 134 
33 157 
33 158 
34 2 
34 18 
34 26 
34 29 
34 39 
34 99 
34 155 
34 166 
34 212 
35 4 
35 13 
35 14 
35 15 
35 21 
35 22 
35 26 
35 28 
35 30 
35 31 
35 33 
35 34 
35 36 
35 44 
35 51 
35 53 
35 62 
35 63 
35 68 
35 70 
35 78 
35 82 
35 87 
35 91 
35 121 
35 134 
35 148 
35 157 
35 170 
36 13 
36 14 
36 26 
36 80 
36 178 
37 3 
37 4 
37 15 
37 26 
37 29 
37 31 
37 40 
37 51 
37 80 
37 158 
39 2 
39 18 
39 26 
39 28 
39 29 
39 34 
39 39 
39 53 
39 67 
39 99 
39 105 
39 125 
39 134 
39 157 
39 158 
39 212 
40 2 
40 6 
40 15 
40 19 
40 26 
40 27 
40 31 
40 33 
40 34 
40 39 
40 45 
40 51 
40 69 
40 86 
40 90 
40 91 
40 112 
40 133 
40 134 
40 178 
42 34 
42 72 
42 83 
42 116 
43 2 
43 6 
43 7 
43 10 
43 18 
43 19 
43 26 
43 33 
43 34 
43 44 
43 54 
43 57 
43 67 
43 68 
43 91 
43 92 
43 104 
43 105 
43 125 
43 133 
43 134 
43 158 
43 212 
44 4 
44 11 
44 13 
44 14 
44 15 
44 18 
44 21 
44 22 
44 26 
44 27 
44 28 
44 31 
44 34 
44 35 
44 39 
44 40 
44 62 
44 68 
44 78 
44 80 
44 87 
44 92 
44 104 
44 119 
44 125 
44 128 
44 134 
44 148 
44 158 
44 212 
45 4 
45 6 
45 7 
45 10 
45 16 
45 18 
45 21 
45 26 
45 28 
45 29 
45 31 
45 33 
45 34 
45 39 
45 44 
45 57 
45 58 
45 60 
45 67 
45 68 
45 70 
45 76 
45 79 
45 80 
45 97 
45 99 
45 105 
45 112 
45 119 
45 120 
45 127 
45 128 
45 134 
45 146 
45 158 
45 178 
47 102 
47 158 
49 6 
49 15 
49 31 
49 34 
49 78 
49 95 
49 127 
50 58 
51 36 
51 77 
52 2 
52 22 
52 53 
52 68 
52 69 
52 78 
52 84 
52 116 
52 157 
52 170 
54 57 
55 6 
55 45 
58 6 
58 16 
58 29 
58 45 
58 76 
58 79 
58 97 
60 3 
60 36 
60 51 
62 18 
62 19 
62 21 
62 26 
62 28 
62 29 
62 33 
62 34 
62 36 
62 39 
62 40 
62 54 
62 68 
62 73 
62 78 
62 104 
62 116 
62 134 
62 148 
62 170 
62 178 
63 44 
63 68 
63 69 
63 87 
65 14 
65 45 
65 127 
68 15 
68 33 
68 36 
68 44 
68 48 
68 52 
68 60 
68 62 
68 70 
68 78 
68 84 
68 90 
68 146 
69 3 
69 84 
69 87 
69 158 
70 7 
70 10 
70 22 
70 31 
70 34 
70 40 
70 42 
70 51 
70 60 
70 69 
70 83 
70 84 
70 86 
70 90 
70 116 
70 133 
71 104 
71 116 
73 44 
73 98 
73 121 
74 4 
74 14 
74 133 
76 6 
76 7 
76 10 
76 16 
76 33 
76 45 
76 49 
76 53 
76 60 
76 70 
76 97 
76 127 
76 130 
76 158 
78 6 
78 91 
78 157 
80 36 
81 16 
81 58 
81 127 
82 14 
82 15 
82 18 
82 21 
82 22 
82 26 
82 29 
82 35 
82 44 
82 53 
82 62 
82 70 
82 74 
82 78 
84 22 
84 26 
84 52 
84 69 
84 83 
86 51 
86 52 
86 77 
86 90 
87 52 
87 63 
87 69 
88 51 
88 60 
88 90 
89 2 
89 91 
89 170 
90 86 
93 14 
93 19 
93 28 
93 33 
93 34 
93 48 
93 58 
93 127 
93 157 
96 16 
96 53 
97 6 
97 16 
97 58 
98 69 
98 73 
98 121 
99 165 
99 166 
101 16 
101 45 
101 58 
101 97 
103 45 
103 112 
103 178 
105 2 
105 34 
105 99 
105 165 
105 166 
109 2 
109 7 
109 10 
109 26 
109 27 
109 28 
109 34 
109 44 
109 45 
109 53 
109 54 
109 57 
109 70 
109 104 
109 105 
109 125 
109 127 
109 134 
109 157 
110 22 
110 212 
112 120 
112 128 
112 130 
112 178 
114 70 
114 125 
119 53 
119 170 
120 178 
121 21 
121 44 
121 73 
121 98 
124 157 
124 170 
125 19 
125 158 
128 112 
128 178 
129 127 
129 130 
134 33 
134 34 
135 26 
135 34 
135 158 
136 16 
136 39 
136 45 
136 120 
136 128 
141 28 
142 57 
146 33 
146 158 
148 158 
150 104 
168 2 
168 44 
172 19 
172 33 
172 125 
172 134 
172 158 
173 119 
