2 7 
2 8 
2 15 
2 22 
2 23 
2 26 
2 29 
2 34 
2 99 
2 105 
2 109 
2 134 
2 150 
2 156 
2 158 
2 166 
2 182 
2 212 
3 11 
3 14 
3 15 
3 22 
3 27 
3 30 
3 32 
3 35 
3 37 
3 44 
3 48 
3 51 
3 52 
3 60 
3 63 
3 68 
3 69 
3 73 
3 77 
3 84 
3 87 
3 88 
3 90 
3 117 
4 3 
4 7 
4 8 
4 11 
4 13 
4 14 
4 15 
4 22 
4 26 
4 27 
4 29 
4 30 
4 32 
4 35 
4 36 
4 42 
4 44 
4 52 
4 57 
4 60 
4 62 
4 63 
4 68 
4 69 
4 73 
4 74 
4 77 
4 82 
4 83 
4 84 
4 87 
4 88 
4 90 
4 92 
4 98 
4 104 
4 109 
4 117 
4 119 
4 121 
4 158 
4 181 
4 187 
4 212 
5 7 
5 8 
5 25 
5 32 
5 34 
5 42 
5 48 
5 49 
5 53 
5 59 
5 66 
5 71 
5 83 
5 96 
5 116 
5 119 
5 133 
5 134 
5 187 
5 212 
6 2 
6 7 
6 8 
6 9 
6 10 
6 16 
6 23 
6 26 
6 29 
6 31 
6 32 
6 34 
6 42 
6 45 
6 48 
6 55 
6 58 
6 66 
6 76 
6 83 
6 90 
6 96 
6 100 
6 103 
6 105 
6 108 
6 109 
6 112 
6 116 
6 117 
6 119 
6 125 
6 127 
6 128 
6 133 
6 150 
6 182 
6 212 
7 4 
7 25 
7 26 
7 29 
7 34 
7 57 
7 67 
7 72 
7 116 
7 150 
7 212 
8 4 
8 140 
8 212 
9 8 
9 25 
9 26 
9 29 
9 34 
9 57 
9 67 
9 72 
9 116 
9 140 
10 8 
10 150 
11 2 
11 4 
11 7 
11 8 
11 9 
11 10 
11 13 
11 14 
11 15 
11 21 
11 22 
11 23 
11 26 
11 27 
11 29 
11 30 
11 32 
11 34 
11 35 
11 36 
11 37 
11 44 
11 45 
11 52 
11 60 
11 63 
11 68 
11 69 
11 73 
11 74 
11 80 
11 84 
11 87 
11 88 
11 98 
11 102 
11 105 
11 109 
11 119 
11 121 
11 133 
11 150 
11 212 
13 2 
13 7 
13 8 
13 10 
13 11 
13 15 
13 22 
13 30 
13 32 
13 36 
13 45 
13 68 
13 73 
13 82 
13 98 
13 105 
13 121 
13 156 
14 3 
14 4 
14 7 
14 8 
14 9 
14 11 
14 15 
14 21 
14 22 
14 23 
14 25 
14 27 
14 29 
14 30 
14 32 
14 34 
14 35 
14 36 
14 37 
14 44 
14 48 
14 52 
14 54 
14 57 
14 59 
14 62 
14 63 
14 68 
14 69 
14 73 
14 74 
14 78 
14 82 
14 84 
14 87 
14 88 
14 91 
14 98 
14 109 
14 117 
14 118 
14 119 
14 121 
14 148 
14 150 
14 157 
14 173 
14 182 
14 187 
14 193 
14 212 
15 3 
15 4 
15 7 
15 8 
15 9 
15 11 
15 13 
15 14 
15 21 
15 22 
15 26 
15 27 
15 29 
15 30 
15 32 
15 34 
15 35 
15 36 
15 37 
15 42 
15 44 
15 51 
15 52 
15 54 
15 59 
15 60 
15 62 
15 63 
15 68 
15 69 
15 71 
15 73 
15 74 
15 77 
15 82 
15 83 
15 84 
15 87 
15 88 
15 90 
15 98 
15 100 
15 109 
15 117 
15 119 
15 121 
15 125 
15 133 
15 134 
15 140 
15 148 
15 173 
15 193 
15 212 
16 97 
17 134 
17 158 
17 190 
17 193 
17 212 
19 109 
21 4 
21 7 
21 8 
21 9 
21 11 
21 14 
21 15 
21 22 
21 27 
21 30 
21 32 
21 36 
21 44 
21 45 
21 52 
21 68 
21 69 
21 73 
21 82 
21 87 
21 98 
21 109 
21 121 
22 2 
22 3 
22 4 
22 7 
22 8 
22 11 
22 14 
22 15 
22 17 
22 21 
22 23 
22 27 
22 30 
22 32 
22 35 
22 36 
22 37 
22 44 
22 48 
22 51 
22 52 
22 53 
22 54 
22 58 
22 63 
22 67 
22 68 
22 69 
22 71 
22 73 
22 74 
22 82 
22 83 
22 84 
22 87 
22 88 
22 90 
22 98 
22 116 
22 119 
22 121 
22 125 
22 127 
22 148 
22 150 
22 212 
23 7 
23 8 
25 158 
27 3 
27 4 
27 7 
27 8 
27 10 
27 11 
27 13 
27 14 
27 15 
27 21 
27 22 
27 26 
27 30 
27 32 
27 34 
27 35 
27 36 
27 37 
27 42 
27 44 
27 45 
27 51 
27 52 
27 53 
27 57 
27 60 
27 62 
27 63 
27 68 
27 69 
27 73 
27 74 
27 77 
27 80 
27 82 
27 83 
27 84 
27 86 
27 87 
27 88 
27 90 
27 98 
27 100 
27 102 
27 117 
27 119 
27 121 
27 125 
27 127 
27 134 
27 140 
27 148 
27 187 
27 193 
27 212 
30 3 
30 4 
30 7 
30 8 
30 11 
30 13 
30 14 
30 15 
30 21 
30 22 
30 27 
30 32 
30 35 
30 36 
30 42 
30 44 
30 45 
30 52 
30 54 
30 62 
30 63 
30 68 
30 69 
30 72 
30 73 
30 83 
30 84 
30 87 
30 88 
30 90 
30 98 
30 102 
30 116 
30 117 
30 121 
30 148 
31 14 
31 29 
31 119 
32 30 
32 117 
33 212 
34 212 
35 2 
35 3 
35 4 
35 5 
35 7 
35 8 
35 9 
35 11 
35 14 
35 15 
35 17 
35 21 
35 22 
35 23 
35 26 
35 27 
35 29 
35 30 
35 31 
35 32 
35 34 
35 36 
35 37 
35 44 
35 45 
35 52 
35 53 
35 54 
35 59 
35 60 
35 62 
35 63 
35 68 
35 69 
35 73 
35 74 
35 77 
35 78 
35 79 
35 80 
35 82 
35 84 
35 86 
35 87 
35 88 
35 90 
35 98 
35 99 
35 109 
35 117 
35 121 
35 134 
35 146 
35 148 
35 150 
35 180 
35 182 
35 212 
36 2 
36 4 
36 7 
36 8 
36 10 
36 11 
36 13 
36 15 
36 22 
36 27 
36 30 
36 32 
36 34 
36 44 
36 45 
36 68 
36 80 
36 84 
36 98 
36 105 
36 156 
37 15 
37 22 
37 82 
39 7 
39 8 
39 26 
39 134 
39 190 
39 212 
42 30 
42 32 
43 212 
44 4 
44 7 
44 8 
44 11 
44 14 
44 15 
44 21 
44 22 
44 27 
44 30 
44 34 
44 35 
44 36 
44 37 
44 45 
44 52 
44 68 
44 69 
44 82 
44 84 
44 87 
44 109 
44 121 
44 125 
44 134 
44 148 
44 178 
44 193 
45 2 
45 6 
45 7 
45 8 
45 9 
45 10 
45 15 
45 16 
45 18 
45 23 
45 25 
45 27 
45 29 
45 31 
45 32 
45 34 
45 37 
45 42 
45 48 
45 55 
45 58 
45 59 
45 66 
45 68 
45 76 
45 79 
45 80 
45 83 
45 90 
45 96 
45 97 
45 99 
45 100 
45 105 
45 108 
45 109 
45 112 
45 116 
45 120 
45 125 
45 127 
45 128 
45 130 
45 133 
45 134 
45 136 
45 165 
45 168 
45 178 
45 182 
45 193 
45 212 
47 7 
47 8 
47 26 
47 34 
47 112 
47 140 
49 7 
49 8 
49 187 
51 60 
52 3 
52 4 
52 14 
52 15 
52 27 
52 62 
52 68 
52 73 
52 84 
58 79 
58 97 
60 51 
60 69 
62 14 
62 25 
62 27 
62 30 
62 48 
62 52 
62 68 
62 84 
62 87 
62 121 
63 3 
63 11 
63 14 
63 15 
63 22 
63 27 
63 30 
63 32 
63 69 
63 84 
63 87 
63 88 
63 98 
68 15 
68 22 
68 27 
68 44 
68 48 
68 52 
68 62 
68 84 
69 3 
69 4 
69 7 
69 10 
69 11 
69 14 
69 15 
69 22 
69 27 
69 30 
69 32 
69 35 
69 37 
69 42 
69 48 
69 51 
69 52 
69 60 
69 63 
69 68 
69 73 
69 77 
69 83 
69 84 
69 86 
69 87 
69 88 
69 100 
69 109 
69 121 
70 7 
70 8 
71 92 
71 113 
71 119 
71 134 
71 212 
73 11 
73 13 
73 14 
73 15 
73 21 
73 22 
73 27 
73 30 
73 44 
73 52 
73 68 
73 88 
73 98 
73 102 
73 117 
73 121 
74 4 
74 14 
74 15 
74 30 
76 23 
76 45 
80 11 
80 27 
80 35 
80 42 
80 48 
80 100 
80 116 
82 4 
82 7 
82 8 
82 14 
82 15 
82 30 
82 35 
82 37 
82 44 
82 53 
82 54 
82 68 
82 74 
82 84 
82 109 
82 150 
84 4 
84 14 
84 22 
84 27 
84 30 
84 35 
84 52 
84 68 
84 69 
84 87 
86 51 
86 77 
86 90 
87 3 
87 11 
87 15 
87 30 
87 63 
87 69 
87 84 
88 3 
88 4 
88 7 
88 8 
88 14 
88 15 
88 22 
88 27 
88 36 
88 37 
88 44 
88 84 
88 87 
88 90 
90 86 
93 14 
93 21 
93 84 
94 112 
96 7 
96 8 
96 22 
96 23 
96 31 
96 34 
96 35 
96 45 
96 49 
96 55 
96 58 
96 66 
96 76 
96 108 
96 109 
98 13 
98 15 
98 21 
98 30 
98 32 
98 37 
98 73 
98 82 
98 121 
105 7 
105 8 
105 34 
105 119 
105 165 
105 166 
107 48 
109 75 
109 92 
109 109 
109 113 
109 115 
109 119 
109 138 
109 150 
109 168 
109 212 
110 212 
114 7 
114 8 
115 75 
117 30 
117 116 
121 30 
121 73 
121 98 
138 168 
140 8 
148 22 
148 68 
148 69 
155 190 
173 157 
186 100 
187 170 
187 193 
