2 7 
2 8 
2 9 
2 10 
2 23 
2 26 
2 29 
2 31 
2 34 
2 45 
2 96 
2 99 
2 105 
2 134 
2 140 
2 150 
2 158 
2 166 
2 182 
2 212 
3 4 
3 14 
3 15 
3 22 
3 27 
3 35 
3 36 
3 37 
3 44 
3 52 
3 63 
3 68 
3 69 
3 70 
3 84 
3 87 
3 88 
4 2 
4 3 
4 5 
4 7 
4 9 
4 10 
4 11 
4 13 
4 14 
4 15 
4 17 
4 21 
4 22 
4 23 
4 27 
4 30 
4 32 
4 34 
4 35 
4 36 
4 37 
4 42 
4 44 
4 52 
4 54 
4 57 
4 59 
4 60 
4 62 
4 63 
4 66 
4 68 
4 69 
4 70 
4 74 
4 78 
4 80 
4 82 
4 84 
4 87 
4 88 
4 90 
4 92 
4 98 
4 102 
4 104 
4 119 
4 121 
4 125 
4 127 
4 130 
4 134 
4 148 
4 150 
4 156 
4 173 
4 181 
4 182 
4 193 
5 15 
5 39 
5 53 
5 82 
5 96 
5 180 
6 2 
6 7 
6 8 
6 9 
6 18 
6 23 
6 25 
6 26 
6 31 
6 33 
6 39 
6 45 
6 52 
6 55 
6 66 
6 76 
6 103 
6 105 
6 112 
6 120 
6 127 
6 128 
6 134 
6 158 
6 182 
7 2 
7 4 
7 5 
7 6 
7 15 
7 23 
7 26 
7 27 
7 29 
7 31 
7 32 
7 34 
7 37 
7 44 
7 45 
7 59 
7 96 
7 105 
7 109 
7 134 
7 136 
7 165 
8 2 
8 9 
8 27 
8 29 
8 34 
8 37 
8 140 
9 2 
9 4 
9 5 
9 8 
9 23 
9 26 
9 29 
9 31 
9 32 
9 34 
9 45 
9 59 
9 105 
9 109 
9 134 
9 140 
9 165 
10 2 
10 5 
10 6 
10 8 
10 9 
10 15 
10 23 
10 26 
10 27 
10 31 
10 34 
10 44 
10 45 
10 96 
10 105 
10 109 
10 136 
11 13 
11 14 
11 15 
11 21 
11 27 
11 34 
11 35 
11 36 
11 37 
11 63 
11 70 
11 80 
11 82 
11 84 
11 88 
11 102 
11 150 
11 193 
11 212 
12 33 
12 146 
13 11 
13 27 
13 32 
13 36 
13 73 
13 80 
13 98 
13 121 
14 2 
14 3 
14 4 
14 5 
14 6 
14 7 
14 8 
14 9 
14 10 
14 11 
14 13 
14 15 
14 16 
14 17 
14 18 
14 21 
14 22 
14 23 
14 25 
14 26 
14 27 
14 28 
14 29 
14 30 
14 31 
14 32 
14 33 
14 34 
14 35 
14 36 
14 37 
14 39 
14 40 
14 42 
14 44 
14 45 
14 48 
14 49 
14 52 
14 54 
14 55 
14 57 
14 58 
14 59 
14 60 
14 62 
14 63 
14 68 
14 69 
14 70 
14 71 
14 73 
14 74 
14 76 
14 78 
14 79 
14 80 
14 82 
14 84 
14 86 
14 87 
14 88 
14 90 
14 94 
14 96 
14 97 
14 98 
14 102 
14 103 
14 104 
14 108 
14 109 
14 112 
14 113 
14 116 
14 119 
14 121 
14 125 
14 128 
14 133 
14 134 
14 146 
14 148 
14 150 
14 156 
14 157 
14 158 
14 170 
14 173 
14 180 
14 182 
14 187 
14 193 
14 212 
14 213 
15 2 
15 3 
15 4 
15 5 
15 6 
15 7 
15 9 
15 11 
15 13 
15 14 
15 21 
15 22 
15 25 
15 27 
15 29 
15 30 
15 32 
15 34 
15 35 
15 36 
15 37 
15 40 
15 42 
15 44 
15 51 
15 52 
15 54 
15 59 
15 60 
15 62 
15 63 
15 68 
15 69 
15 70 
15 72 
15 73 
15 74 
15 77 
15 78 
15 82 
15 83 
15 84 
15 86 
15 87 
15 88 
15 90 
15 100 
15 102 
15 121 
15 134 
15 148 
15 150 
15 156 
15 182 
15 193 
15 212 
16 58 
16 97 
17 34 
17 59 
17 105 
17 110 
17 125 
17 150 
17 155 
17 190 
17 212 
18 6 
18 26 
18 29 
18 34 
18 39 
18 212 
19 125 
19 134 
20 40 
21 2 
21 11 
21 13 
21 14 
21 27 
21 33 
21 35 
21 36 
21 44 
21 82 
21 134 
21 158 
22 2 
22 3 
22 4 
22 5 
22 6 
22 7 
22 8 
22 9 
22 11 
22 13 
22 14 
22 15 
22 17 
22 21 
22 23 
22 25 
22 26 
22 27 
22 28 
22 30 
22 31 
22 32 
22 34 
22 35 
22 36 
22 37 
22 39 
22 40 
22 42 
22 44 
22 45 
22 48 
22 51 
22 52 
22 54 
22 58 
22 59 
22 60 
22 62 
22 63 
22 67 
22 68 
22 69 
22 70 
22 71 
22 73 
22 74 
22 76 
22 78 
22 80 
22 82 
22 84 
22 86 
22 87 
22 88 
22 90 
22 91 
22 98 
22 102 
22 105 
22 109 
22 116 
22 119 
22 121 
22 134 
22 148 
22 150 
22 155 
22 156 
22 158 
22 159 
22 181 
22 182 
22 187 
23 2 
23 4 
23 5 
23 6 
23 7 
23 8 
23 9 
23 10 
23 15 
23 18 
23 27 
23 29 
23 31 
23 34 
23 37 
23 39 
23 45 
23 82 
23 105 
23 139 
24 72 
25 119 
25 134 
26 2 
26 6 
26 7 
26 8 
26 9 
26 10 
26 18 
26 29 
26 34 
26 105 
26 119 
26 134 
26 150 
26 212 
27 2 
27 3 
27 4 
27 11 
27 13 
27 14 
27 15 
27 21 
27 22 
27 23 
27 25 
27 26 
27 30 
27 35 
27 36 
27 37 
27 40 
27 44 
27 52 
27 53 
27 60 
27 62 
27 63 
27 68 
27 69 
27 73 
27 74 
27 80 
27 82 
27 84 
27 87 
27 88 
27 94 
27 98 
27 102 
27 105 
27 119 
27 121 
27 127 
27 130 
27 134 
27 148 
27 156 
27 187 
27 193 
27 212 
28 39 
28 40 
29 2 
29 6 
29 7 
29 9 
29 10 
29 22 
29 23 
29 26 
29 31 
29 33 
29 34 
29 39 
29 45 
29 125 
29 127 
29 134 
29 140 
29 158 
30 2 
30 3 
30 4 
30 6 
30 11 
30 13 
30 14 
30 15 
30 21 
30 22 
30 25 
30 27 
30 34 
30 35 
30 36 
30 37 
30 44 
30 45 
30 51 
30 52 
30 60 
30 63 
30 68 
30 69 
30 73 
30 82 
30 84 
30 86 
30 87 
30 88 
30 90 
30 102 
30 121 
30 148 
30 156 
30 193 
31 2 
31 3 
31 5 
31 6 
31 7 
31 8 
31 9 
31 10 
31 15 
31 18 
31 23 
31 26 
31 27 
31 29 
31 33 
31 34 
31 39 
31 44 
31 45 
31 49 
31 63 
31 96 
31 105 
31 134 
31 139 
32 7 
32 9 
32 22 
32 37 
32 42 
32 45 
32 68 
32 70 
32 72 
32 83 
32 98 
32 100 
32 116 
32 117 
32 133 
33 26 
33 28 
33 125 
33 134 
33 146 
33 158 
34 7 
34 8 
34 9 
34 17 
34 26 
34 31 
34 70 
34 103 
34 110 
34 119 
34 139 
34 212 
35 2 
35 3 
35 4 
35 5 
35 11 
35 13 
35 14 
35 15 
35 21 
35 22 
35 25 
35 27 
35 30 
35 31 
35 32 
35 33 
35 36 
35 37 
35 42 
35 44 
35 45 
35 52 
35 53 
35 54 
35 59 
35 60 
35 63 
35 67 
35 68 
35 69 
35 73 
35 74 
35 76 
35 78 
35 80 
35 82 
35 84 
35 87 
35 88 
35 90 
35 100 
35 102 
35 108 
35 119 
35 121 
35 134 
35 148 
35 150 
35 156 
35 158 
35 182 
35 187 
35 193 
35 212 
35 213 
36 2 
36 3 
36 4 
36 11 
36 13 
36 14 
36 15 
36 21 
36 22 
36 27 
36 35 
36 37 
36 40 
36 44 
36 59 
36 68 
36 69 
36 80 
36 82 
36 84 
36 98 
36 102 
36 105 
36 121 
37 2 
37 3 
37 4 
37 7 
37 8 
37 9 
37 10 
37 11 
37 13 
37 14 
37 15 
37 22 
37 25 
37 26 
37 27 
37 28 
37 32 
37 34 
37 35 
37 39 
37 40 
37 42 
37 44 
37 51 
37 63 
37 68 
37 80 
37 156 
37 158 
37 212 
39 2 
39 4 
39 6 
39 7 
39 8 
39 9 
39 10 
39 11 
39 14 
39 15 
39 17 
39 18 
39 23 
39 26 
39 27 
39 28 
39 29 
39 31 
39 34 
39 36 
39 37 
39 40 
39 45 
39 80 
39 96 
39 105 
39 110 
39 139 
39 212 
40 18 
40 27 
40 39 
40 48 
40 51 
40 59 
40 72 
40 78 
40 83 
40 84 
40 89 
40 90 
40 100 
40 109 
40 133 
40 146 
42 32 
42 70 
42 73 
42 83 
42 100 
42 119 
42 133 
42 187 
43 17 
43 25 
43 33 
43 59 
43 71 
43 91 
43 92 
43 104 
43 119 
43 125 
43 134 
43 146 
43 158 
43 193 
43 212 
44 3 
44 4 
44 7 
44 9 
44 11 
44 13 
44 14 
44 15 
44 18 
44 21 
44 22 
44 23 
44 25 
44 26 
44 27 
44 30 
44 31 
44 34 
44 35 
44 36 
44 37 
44 39 
44 40 
44 59 
44 62 
44 63 
44 67 
44 68 
44 69 
44 71 
44 74 
44 78 
44 80 
44 82 
44 84 
44 87 
44 102 
44 109 
44 113 
44 119 
44 128 
44 134 
44 146 
44 148 
44 150 
44 156 
44 158 
44 182 
44 193 
44 212 
45 2 
45 4 
45 6 
45 7 
45 8 
45 9 
45 10 
45 14 
45 15 
45 16 
45 17 
45 18 
45 23 
45 25 
45 26 
45 27 
45 28 
45 29 
45 31 
45 32 
45 33 
45 34 
45 36 
45 39 
45 42 
45 44 
45 53 
45 55 
45 58 
45 62 
45 66 
45 68 
45 70 
45 76 
45 79 
45 80 
45 82 
45 94 
45 95 
45 96 
45 97 
45 99 
45 103 
45 108 
45 112 
45 120 
45 125 
45 127 
45 128 
45 130 
45 134 
45 136 
45 146 
45 158 
45 165 
45 173 
45 178 
45 182 
45 212 
47 2 
47 80 
47 139 
49 5 
49 14 
49 45 
49 95 
49 96 
49 108 
52 44 
52 48 
52 62 
52 68 
52 84 
52 90 
52 156 
55 45 
55 66 
55 127 
58 16 
58 45 
58 79 
58 97 
58 103 
58 112 
59 170 
60 48 
60 51 
60 69 
60 88 
61 103 
62 68 
63 3 
63 4 
63 5 
63 14 
63 15 
63 27 
63 30 
63 35 
63 36 
63 37 
63 44 
63 52 
63 60 
63 69 
63 73 
63 82 
63 84 
63 87 
63 88 
63 98 
63 100 
63 121 
65 103 
65 128 
66 45 
66 94 
66 108 
68 3 
68 4 
68 14 
68 15 
68 21 
68 22 
68 27 
68 32 
68 35 
68 40 
68 44 
68 48 
68 52 
68 60 
68 62 
68 70 
68 84 
68 86 
68 90 
69 3 
69 4 
69 5 
69 11 
69 14 
69 15 
69 21 
69 22 
69 25 
69 27 
69 30 
69 35 
69 36 
69 37 
69 44 
69 48 
69 59 
69 60 
69 63 
69 68 
69 77 
69 82 
69 84 
69 86 
69 87 
69 88 
69 102 
69 116 
69 150 
69 156 
69 182 
70 2 
70 4 
70 6 
70 14 
70 15 
70 31 
70 37 
70 44 
70 45 
71 92 
71 113 
73 2 
73 6 
73 13 
73 15 
73 21 
73 22 
73 32 
73 35 
73 44 
73 45 
73 63 
73 68 
73 70 
73 80 
73 98 
73 121 
74 4 
74 11 
74 14 
74 15 
74 36 
74 52 
74 69 
74 80 
76 14 
76 16 
76 39 
76 45 
76 49 
76 96 
76 97 
76 108 
76 112 
76 134 
79 58 
79 97 
80 11 
80 13 
80 32 
80 36 
80 98 
82 3 
82 4 
82 11 
82 13 
82 14 
82 15 
82 21 
82 22 
82 25 
82 27 
82 32 
82 35 
82 36 
82 37 
82 44 
82 52 
82 53 
82 63 
82 68 
82 69 
82 74 
82 84 
82 121 
82 156 
83 42 
83 59 
83 119 
84 15 
84 30 
84 35 
84 40 
84 63 
84 68 
84 69 
84 77 
84 88 
86 3 
86 32 
86 51 
86 60 
86 77 
86 84 
86 90 
87 5 
87 30 
87 63 
87 84 
88 11 
88 15 
88 22 
88 37 
88 44 
88 48 
88 51 
88 52 
88 60 
88 63 
88 69 
88 70 
88 77 
88 82 
88 86 
88 90 
88 102 
88 121 
89 25 
89 40 
89 146 
90 3 
90 48 
90 51 
90 68 
90 77 
90 84 
90 86 
91 78 
91 170 
93 14 
93 28 
93 33 
93 48 
93 83 
93 100 
96 2 
96 16 
96 45 
96 66 
96 94 
96 97 
96 103 
96 108 
96 125 
97 16 
98 13 
98 15 
98 73 
98 121 
98 133 
99 166 
101 16 
105 2 
105 7 
105 8 
105 9 
105 10 
105 17 
105 18 
105 23 
105 26 
105 31 
105 34 
105 39 
105 44 
105 45 
105 99 
105 127 
105 150 
105 165 
105 166 
105 182 
108 45 
108 96 
109 6 
109 26 
109 27 
109 31 
109 32 
109 40 
109 44 
109 45 
109 67 
109 71 
109 75 
109 92 
109 96 
109 113 
109 115 
109 119 
109 138 
109 150 
109 168 
110 212 
112 103 
112 120 
112 128 
112 130 
112 136 
112 178 
113 71 
113 115 
114 5 
116 45 
117 42 
117 70 
121 15 
121 22 
121 27 
121 35 
121 45 
121 73 
121 98 
125 113 
128 120 
128 136 
129 127 
130 120 
133 40 
134 125 
134 146 
134 158 
138 168 
140 8 
146 25 
150 71 
152 168 
153 34 
156 166 
158 33 
163 17 
168 138 
172 33 
172 62 
172 125 
172 134 
172 146 
172 158 
173 157 
173 170 
173 180 
186 146 
187 22 
202 26 
204 91 
