2 7 
2 9 
2 10 
2 23 
2 26 
2 27 
2 44 
2 99 
2 105 
2 133 
2 139 
2 166 
2 212 
3 22 
3 69 
3 84 
3 88 
3 90 
4 3 
4 11 
4 14 
4 15 
4 21 
4 22 
4 27 
4 30 
4 32 
4 35 
4 36 
4 37 
4 44 
4 63 
4 69 
4 74 
4 78 
4 88 
4 102 
4 148 
5 23 
5 82 
6 6 
6 34 
6 44 
6 45 
6 158 
7 6 
7 11 
7 18 
7 19 
7 45 
7 105 
7 139 
8 19 
8 139 
9 11 
9 18 
9 45 
9 105 
10 6 
10 8 
11 4 
11 6 
11 13 
11 14 
11 15 
11 27 
11 30 
11 32 
11 36 
11 63 
11 73 
11 80 
11 98 
11 102 
12 6 
13 15 
13 98 
14 3 
14 4 
14 5 
14 6 
14 7 
14 9 
14 13 
14 15 
14 22 
14 27 
14 30 
14 31 
14 32 
14 35 
14 37 
14 44 
14 45 
14 70 
14 74 
14 76 
14 78 
14 91 
14 108 
14 121 
14 139 
14 187 
15 3 
15 4 
15 5 
15 6 
15 7 
15 10 
15 11 
15 13 
15 14 
15 18 
15 19 
15 21 
15 22 
15 27 
15 30 
15 32 
15 35 
15 36 
15 37 
15 40 
15 42 
15 44 
15 45 
15 49 
15 52 
15 60 
15 63 
15 66 
15 68 
15 69 
15 70 
15 73 
15 74 
15 78 
15 80 
15 82 
15 84 
15 86 
15 87 
15 88 
15 90 
15 91 
15 96 
15 98 
15 102 
15 108 
15 109 
15 117 
17 2 
17 3 
17 4 
17 6 
17 21 
17 23 
17 25 
17 26 
17 27 
17 28 
17 29 
17 33 
17 34 
17 36 
17 37 
17 44 
17 45 
17 67 
17 70 
17 80 
17 88 
17 92 
17 105 
17 109 
17 110 
17 113 
17 125 
17 134 
17 138 
17 155 
17 158 
17 190 
17 212 
18 2 
18 4 
18 6 
18 7 
18 9 
18 10 
18 11 
18 13 
18 14 
18 15 
18 17 
18 21 
18 22 
18 23 
18 26 
18 27 
18 28 
18 31 
18 32 
18 34 
18 36 
18 37 
18 39 
18 40 
18 42 
18 44 
18 45 
18 49 
18 52 
18 60 
18 63 
18 68 
18 70 
18 71 
18 73 
18 76 
18 78 
18 83 
18 84 
18 86 
18 88 
18 89 
18 91 
18 105 
18 109 
18 110 
18 116 
18 117 
18 121 
18 146 
21 14 
21 15 
21 52 
22 2 
22 3 
22 4 
22 14 
22 30 
22 35 
22 37 
22 44 
22 48 
22 52 
22 60 
22 63 
22 68 
22 76 
22 83 
22 84 
22 86 
22 88 
22 90 
22 91 
22 104 
22 105 
22 116 
22 148 
23 7 
23 9 
23 10 
23 21 
23 31 
23 63 
25 75 
25 119 
26 2 
26 6 
26 7 
26 8 
26 9 
26 10 
26 11 
26 14 
26 17 
26 18 
26 19 
26 21 
26 22 
26 23 
26 25 
26 27 
26 28 
26 30 
26 31 
26 32 
26 33 
26 34 
26 36 
26 39 
26 40 
26 42 
26 44 
26 45 
26 49 
26 52 
26 62 
26 67 
26 69 
26 71 
26 72 
26 73 
26 76 
26 83 
26 84 
26 86 
26 89 
26 91 
26 100 
26 104 
26 105 
26 108 
26 109 
26 110 
26 116 
26 117 
26 125 
26 133 
26 134 
26 139 
26 146 
26 150 
26 155 
26 156 
26 158 
26 170 
26 173 
27 2 
27 3 
27 4 
27 6 
27 11 
27 13 
27 14 
27 15 
27 21 
27 22 
27 25 
27 30 
27 31 
27 32 
27 35 
27 36 
27 37 
27 40 
27 42 
27 44 
27 45 
27 49 
27 52 
27 60 
27 63 
27 68 
27 69 
27 73 
27 78 
27 80 
27 82 
27 84 
27 86 
27 90 
27 95 
27 98 
27 102 
27 108 
27 117 
28 109 
29 2 
29 4 
29 5 
29 6 
29 7 
29 8 
29 9 
29 10 
29 11 
29 13 
29 14 
29 15 
29 17 
29 19 
29 21 
29 22 
29 23 
29 25 
29 26 
29 27 
29 28 
29 31 
29 32 
29 34 
29 35 
29 36 
29 37 
29 39 
29 40 
29 42 
29 44 
29 45 
29 49 
29 52 
29 60 
29 68 
29 70 
29 76 
29 78 
29 80 
29 86 
29 96 
29 98 
29 102 
29 105 
29 109 
29 133 
29 155 
29 212 
30 22 
30 63 
30 73 
30 83 
30 86 
30 88 
31 27 
32 117 
33 67 
33 158 
34 2 
34 6 
34 7 
34 8 
34 9 
34 10 
34 14 
34 18 
34 19 
34 25 
34 26 
34 28 
34 31 
34 32 
34 33 
34 39 
34 70 
34 71 
34 104 
34 105 
34 109 
34 110 
34 116 
34 125 
34 133 
34 134 
34 136 
34 139 
34 155 
34 156 
34 158 
35 5 
35 7 
35 8 
35 9 
35 14 
35 15 
35 22 
35 27 
35 30 
35 45 
35 49 
35 78 
35 82 
35 86 
35 91 
36 4 
36 6 
36 11 
36 13 
36 14 
36 15 
36 22 
36 30 
36 32 
36 39 
36 42 
36 44 
36 45 
36 62 
36 63 
36 68 
36 80 
36 84 
36 87 
36 91 
36 102 
39 2 
39 6 
39 7 
39 8 
39 9 
39 10 
39 11 
39 13 
39 21 
39 26 
39 27 
39 28 
39 34 
39 36 
39 45 
39 69 
39 105 
39 109 
39 212 
40 133 
40 158 
42 32 
42 83 
42 86 
42 100 
42 116 
42 117 
43 19 
43 26 
43 33 
43 34 
43 71 
43 92 
43 104 
43 109 
43 113 
43 125 
43 134 
43 158 
43 181 
43 212 
44 4 
44 6 
44 7 
44 10 
44 13 
44 14 
44 15 
44 18 
44 21 
44 22 
44 23 
44 27 
44 30 
44 32 
44 34 
44 35 
44 37 
44 39 
44 49 
44 70 
44 73 
44 80 
44 86 
44 102 
44 108 
44 109 
44 128 
44 148 
45 2 
45 5 
45 6 
45 7 
45 8 
45 9 
45 10 
45 11 
45 13 
45 14 
45 15 
45 16 
45 18 
45 21 
45 22 
45 23 
45 27 
45 28 
45 29 
45 30 
45 31 
45 34 
45 36 
45 37 
45 39 
45 40 
45 44 
45 49 
45 52 
45 55 
45 58 
45 63 
45 66 
45 69 
45 70 
45 71 
45 75 
45 76 
45 79 
45 80 
45 91 
45 95 
45 96 
45 97 
45 100 
45 102 
45 103 
45 105 
45 109 
45 112 
45 116 
45 117 
45 120 
45 127 
45 128 
45 133 
45 148 
45 156 
45 165 
47 2 
47 6 
47 7 
47 9 
47 10 
47 63 
47 88 
51 60 
52 29 
52 51 
52 68 
52 84 
55 2 
55 6 
55 76 
55 105 
58 79 
59 37 
59 157 
59 170 
59 187 
63 22 
63 37 
63 44 
63 87 
65 14 
65 22 
65 45 
66 45 
66 80 
68 48 
68 52 
68 84 
69 22 
69 86 
70 80 
70 100 
71 6 
71 44 
71 45 
71 92 
71 109 
73 30 
73 121 
75 115 
76 2 
76 4 
76 5 
76 6 
76 16 
76 45 
76 55 
76 70 
76 105 
76 108 
80 36 
82 35 
84 52 
85 82 
86 22 
87 30 
87 63 
88 27 
93 27 
93 33 
93 34 
93 76 
98 30 
98 121 
99 2 
99 6 
99 7 
99 10 
99 27 
99 45 
99 88 
99 105 
101 16 
101 79 
105 2 
106 2 
106 15 
106 26 
106 27 
106 28 
106 34 
106 42 
106 44 
106 105 
107 49 
107 96 
108 6 
109 71 
109 73 
109 75 
109 115 
109 138 
109 168 
110 4 
110 6 
110 7 
110 10 
110 15 
110 25 
110 26 
110 27 
110 28 
110 39 
110 44 
110 45 
110 52 
110 63 
110 80 
110 105 
110 109 
110 212 
112 45 
112 103 
112 128 
113 71 
119 44 
119 193 
120 112 
120 130 
121 73 
121 87 
121 98 
135 6 
135 36 
135 125 
136 6 
136 45 
139 7 
139 9 
139 27 
149 45 
150 104 
152 37 
152 71 
152 75 
152 109 
152 113 
152 115 
161 26 
161 34 
161 39 
161 44 
161 105 
162 2 
162 6 
162 15 
162 88 
162 105 
166 2 
166 14 
166 15 
166 27 
166 105 
166 156 
173 45 
173 180 
180 14 
182 14 
182 15 
182 23 
207 7 
207 10 
