2 18 
2 23 
2 26 
2 31 
2 34 
2 39 
2 44 
2 45 
2 99 
2 105 
2 125 
2 156 
2 158 
2 166 
3 2 
3 4 
3 7 
3 10 
3 15 
3 22 
3 23 
3 27 
3 30 
3 37 
3 60 
3 63 
3 69 
3 84 
3 87 
3 88 
4 6 
4 7 
4 9 
4 14 
4 15 
4 22 
4 27 
4 30 
4 34 
4 35 
4 37 
4 40 
4 44 
4 63 
4 70 
4 74 
4 82 
4 84 
4 121 
4 125 
5 14 
5 18 
5 40 
5 45 
5 51 
6 4 
6 14 
6 15 
6 25 
6 35 
6 36 
6 44 
6 45 
6 70 
6 109 
6 158 
7 4 
7 6 
7 11 
7 15 
7 18 
7 23 
7 26 
7 31 
7 35 
7 39 
7 40 
7 45 
7 55 
7 66 
7 76 
7 105 
7 139 
7 156 
8 66 
9 4 
9 6 
9 10 
9 11 
9 15 
9 18 
9 23 
9 26 
9 31 
9 35 
9 39 
9 40 
9 45 
9 55 
9 76 
9 105 
9 139 
9 156 
10 26 
10 31 
10 139 
11 7 
11 10 
11 14 
11 15 
11 26 
11 29 
11 36 
11 37 
11 44 
11 80 
11 109 
12 15 
12 17 
12 22 
12 31 
12 45 
12 62 
12 125 
12 134 
12 146 
12 158 
13 36 
13 80 
13 98 
13 148 
14 3 
14 4 
14 11 
14 15 
14 21 
14 22 
14 23 
14 27 
14 35 
14 36 
14 37 
14 44 
14 45 
14 60 
14 63 
14 69 
14 74 
14 82 
14 84 
14 87 
14 130 
14 134 
14 158 
15 2 
15 3 
15 4 
15 6 
15 7 
15 10 
15 11 
15 13 
15 14 
15 17 
15 21 
15 22 
15 23 
15 26 
15 27 
15 30 
15 34 
15 35 
15 36 
15 37 
15 39 
15 40 
15 44 
15 45 
15 52 
15 60 
15 63 
15 68 
15 69 
15 70 
15 73 
15 74 
15 76 
15 80 
15 82 
15 84 
15 86 
15 87 
15 88 
15 109 
15 116 
15 121 
16 76 
17 2 
17 4 
17 6 
17 7 
17 9 
17 10 
17 14 
17 15 
17 22 
17 26 
17 29 
17 30 
17 31 
17 34 
17 39 
17 44 
17 63 
17 108 
17 110 
17 139 
17 158 
18 2 
18 23 
18 26 
18 31 
18 34 
18 39 
18 156 
19 31 
21 39 
21 44 
22 3 
22 11 
22 14 
22 15 
22 26 
22 27 
22 30 
22 31 
22 32 
22 35 
22 37 
22 40 
22 44 
22 48 
22 52 
22 60 
22 62 
22 63 
22 68 
22 69 
22 82 
22 84 
22 87 
22 98 
22 104 
22 121 
22 148 
23 7 
23 10 
23 14 
23 18 
23 22 
23 26 
23 39 
23 45 
26 2 
26 7 
26 9 
26 10 
26 28 
26 34 
27 3 
27 4 
27 11 
27 13 
27 14 
27 15 
27 21 
27 22 
27 30 
27 35 
27 36 
27 37 
27 44 
27 51 
27 63 
27 68 
27 69 
27 73 
27 74 
27 80 
27 82 
27 87 
27 90 
27 104 
27 109 
27 121 
27 130 
27 158 
28 26 
28 31 
28 134 
28 158 
29 15 
29 23 
29 31 
30 3 
30 11 
30 13 
30 14 
30 15 
30 22 
30 23 
30 27 
30 42 
30 49 
30 60 
30 63 
30 73 
30 76 
30 84 
30 87 
30 88 
30 100 
30 117 
30 121 
31 7 
31 10 
31 14 
31 139 
32 11 
32 15 
32 21 
32 117 
34 7 
34 10 
34 17 
34 18 
34 23 
34 26 
34 39 
34 139 
35 4 
35 11 
35 14 
35 15 
35 21 
35 22 
35 26 
35 27 
35 44 
35 63 
35 82 
35 84 
35 100 
36 11 
36 13 
36 14 
36 22 
36 26 
36 30 
36 44 
37 14 
37 15 
37 18 
37 45 
37 84 
39 7 
39 10 
39 11 
39 15 
39 18 
39 23 
39 26 
39 31 
39 35 
39 40 
39 45 
39 63 
39 105 
39 139 
40 4 
40 14 
40 15 
40 25 
40 37 
42 23 
42 30 
42 63 
43 26 
43 125 
43 139 
43 158 
44 13 
44 14 
44 19 
44 21 
44 22 
44 25 
44 26 
44 27 
44 29 
44 34 
44 36 
44 45 
44 62 
44 63 
44 68 
44 69 
44 80 
44 84 
44 88 
44 134 
44 148 
44 158 
45 2 
45 3 
45 4 
45 6 
45 7 
45 9 
45 10 
45 11 
45 13 
45 14 
45 15 
45 16 
45 21 
45 22 
45 23 
45 26 
45 27 
45 29 
45 31 
45 34 
45 35 
45 36 
45 39 
45 40 
45 44 
45 52 
45 55 
45 66 
45 69 
45 76 
45 78 
45 80 
45 90 
45 96 
45 103 
45 105 
45 108 
45 109 
45 112 
45 120 
45 127 
45 128 
45 134 
45 139 
45 158 
47 7 
47 10 
47 14 
47 15 
47 23 
47 26 
47 29 
47 31 
47 39 
47 44 
47 45 
47 139 
48 15 
49 11 
49 14 
49 15 
49 21 
49 26 
49 27 
49 30 
49 35 
49 44 
49 45 
49 63 
49 78 
49 82 
49 96 
49 108 
51 88 
52 23 
52 36 
52 40 
52 45 
52 49 
52 55 
52 68 
52 84 
55 15 
58 14 
58 15 
58 16 
58 23 
60 15 
60 22 
60 69 
60 77 
60 88 
63 3 
63 11 
63 13 
63 15 
63 30 
63 35 
63 68 
63 69 
63 80 
63 84 
63 87 
63 88 
63 121 
66 15 
68 48 
68 62 
68 90 
69 3 
69 4 
69 14 
69 15 
69 22 
69 35 
69 37 
69 44 
69 51 
69 52 
69 73 
69 84 
69 86 
69 87 
69 88 
69 109 
70 23 
70 37 
71 92 
71 159 
73 18 
73 23 
73 30 
73 34 
73 37 
73 52 
73 121 
76 14 
76 23 
76 45 
76 63 
76 97 
78 21 
78 213 
79 97 
80 11 
81 15 
82 15 
82 35 
82 53 
82 62 
83 52 
84 4 
84 22 
84 25 
84 69 
86 15 
86 22 
86 23 
86 37 
86 44 
86 69 
86 73 
87 22 
87 30 
87 63 
88 26 
88 60 
88 69 
89 146 
90 15 
93 28 
93 100 
96 11 
96 14 
96 49 
98 73 
98 121 
104 23 
105 99 
106 2 
106 99 
108 14 
108 23 
108 66 
108 76 
109 6 
109 31 
109 34 
109 44 
109 138 
110 15 
110 28 
112 120 
117 30 
120 128 
121 73 
136 103 
139 31 
147 39 
148 14 
152 109 
180 157 
