2 2 
2 6 
2 27 
2 34 
2 39 
2 99 
2 105 
2 134 
2 158 
2 166 
2 212 
3 13 
3 15 
3 22 
3 27 
3 37 
3 52 
3 69 
3 74 
3 84 
3 87 
3 88 
3 148 
3 212 
4 13 
4 14 
4 15 
4 22 
4 27 
4 36 
4 37 
4 44 
4 74 
4 102 
5 2 
5 3 
5 4 
5 5 
5 6 
5 7 
5 8 
5 14 
5 15 
5 16 
5 17 
5 22 
5 25 
5 27 
5 29 
5 30 
5 32 
5 35 
5 36 
5 37 
5 40 
5 42 
5 44 
5 45 
5 49 
5 52 
5 55 
5 60 
5 62 
5 68 
5 70 
5 73 
5 76 
5 82 
5 89 
5 94 
5 96 
5 97 
5 98 
5 108 
5 109 
5 117 
5 121 
5 146 
6 45 
6 158 
6 212 
7 6 
7 14 
7 17 
7 26 
7 28 
7 32 
7 34 
7 37 
7 40 
7 42 
7 44 
7 45 
7 48 
7 58 
7 72 
7 82 
7 105 
7 117 
7 127 
7 134 
7 150 
7 155 
8 6 
8 26 
8 45 
8 140 
9 6 
9 8 
9 14 
9 17 
9 26 
9 28 
9 32 
9 34 
9 37 
9 40 
9 42 
9 44 
9 45 
9 48 
9 58 
9 72 
9 82 
9 105 
9 117 
9 127 
9 134 
9 140 
9 150 
10 8 
10 155 
11 3 
11 13 
11 15 
11 36 
11 37 
11 102 
13 27 
13 36 
13 98 
13 121 
14 4 
14 15 
14 21 
14 22 
14 27 
14 35 
14 36 
14 37 
14 44 
14 54 
14 74 
14 82 
14 88 
14 91 
14 104 
14 156 
14 182 
15 3 
15 4 
15 6 
15 7 
15 9 
15 11 
15 13 
15 14 
15 21 
15 22 
15 27 
15 30 
15 32 
15 35 
15 36 
15 37 
15 44 
15 51 
15 52 
15 60 
15 62 
15 63 
15 68 
15 69 
15 73 
15 74 
15 82 
15 84 
15 87 
15 88 
15 100 
15 102 
15 110 
15 121 
15 150 
15 156 
15 212 
16 97 
17 2 
17 3 
17 4 
17 6 
17 7 
17 8 
17 9 
17 10 
17 11 
17 13 
17 14 
17 15 
17 16 
17 18 
17 19 
17 21 
17 22 
17 23 
17 25 
17 26 
17 27 
17 28 
17 30 
17 31 
17 32 
17 33 
17 34 
17 35 
17 36 
17 37 
17 39 
17 40 
17 42 
17 44 
17 45 
17 48 
17 51 
17 52 
17 60 
17 62 
17 63 
17 67 
17 68 
17 69 
17 70 
17 73 
17 76 
17 77 
17 78 
17 83 
17 84 
17 86 
17 88 
17 89 
17 90 
17 91 
17 98 
17 99 
17 102 
17 105 
17 109 
17 112 
17 116 
17 117 
17 120 
17 121 
17 128 
17 133 
17 134 
17 146 
17 150 
17 155 
17 156 
17 158 
17 182 
17 190 
17 212 
18 2 
18 4 
18 6 
18 7 
18 8 
18 9 
18 10 
18 11 
18 13 
18 15 
18 25 
18 26 
18 27 
18 31 
18 34 
18 37 
18 45 
18 63 
18 89 
18 91 
18 99 
18 105 
18 146 
18 150 
18 158 
19 28 
19 37 
19 40 
19 60 
19 134 
19 158 
21 22 
21 27 
21 30 
21 44 
21 63 
22 4 
22 14 
22 15 
22 30 
22 36 
22 37 
22 44 
22 74 
22 77 
22 88 
22 148 
23 7 
23 8 
23 34 
25 14 
25 15 
25 36 
25 94 
25 134 
25 158 
26 34 
26 212 
27 3 
27 4 
27 7 
27 9 
27 11 
27 13 
27 14 
27 15 
27 21 
27 22 
27 30 
27 35 
27 36 
27 37 
27 44 
27 45 
27 52 
27 58 
27 62 
27 63 
27 68 
27 69 
27 73 
27 74 
27 82 
27 84 
27 87 
27 88 
27 90 
27 98 
27 102 
27 109 
27 121 
27 127 
27 148 
28 6 
29 6 
29 15 
29 45 
30 44 
30 63 
30 87 
31 6 
31 134 
33 17 
34 2 
34 6 
34 7 
34 8 
34 15 
34 17 
34 18 
34 29 
34 35 
34 37 
34 44 
34 45 
34 70 
34 99 
34 105 
34 109 
34 166 
34 212 
35 4 
35 6 
35 7 
35 8 
35 14 
35 22 
35 27 
35 30 
35 82 
36 11 
36 13 
36 44 
37 5 
37 32 
39 2 
39 4 
39 6 
39 7 
39 8 
39 9 
39 10 
39 11 
39 13 
39 17 
39 25 
39 26 
39 27 
39 34 
39 37 
39 44 
39 45 
39 63 
39 70 
39 87 
39 99 
39 102 
39 105 
39 115 
39 212 
40 2 
40 44 
40 84 
40 91 
40 100 
40 133 
40 158 
42 134 
43 19 
43 34 
43 40 
43 42 
43 67 
43 92 
43 134 
43 158 
43 212 
44 3 
44 4 
44 7 
44 8 
44 11 
44 13 
44 14 
44 15 
44 21 
44 22 
44 26 
44 27 
44 30 
44 34 
44 35 
44 36 
44 37 
44 63 
44 68 
44 69 
44 70 
44 73 
44 84 
44 102 
44 109 
44 112 
44 134 
44 148 
45 2 
45 6 
45 7 
45 8 
45 9 
45 13 
45 14 
45 15 
45 25 
45 26 
45 27 
45 28 
45 30 
45 31 
45 34 
45 36 
45 39 
45 44 
45 58 
45 70 
45 97 
45 102 
45 103 
45 105 
45 109 
45 112 
45 120 
45 127 
45 128 
45 150 
45 158 
45 166 
45 178 
45 182 
47 2 
47 4 
47 6 
47 7 
47 8 
47 9 
47 10 
47 11 
47 13 
47 14 
47 15 
47 17 
47 18 
47 21 
47 22 
47 23 
47 25 
47 26 
47 27 
47 28 
47 29 
47 30 
47 31 
47 32 
47 33 
47 34 
47 35 
47 36 
47 37 
47 39 
47 40 
47 42 
47 44 
47 45 
47 51 
47 52 
47 58 
47 60 
47 62 
47 67 
47 68 
47 69 
47 70 
47 73 
47 76 
47 77 
47 78 
47 84 
47 86 
47 89 
47 90 
47 91 
47 98 
47 102 
47 105 
47 109 
47 110 
47 112 
47 117 
47 121 
47 128 
47 133 
47 134 
47 146 
47 148 
47 150 
47 158 
49 6 
49 27 
52 6 
52 13 
52 48 
52 63 
52 68 
55 45 
59 6 
59 15 
59 17 
59 22 
59 25 
59 27 
59 44 
59 45 
59 78 
62 52 
63 27 
63 30 
63 73 
63 87 
63 88 
63 98 
68 14 
68 52 
68 62 
68 84 
68 148 
69 60 
69 84 
69 87 
70 17 
70 44 
70 45 
70 102 
71 6 
71 17 
71 27 
71 45 
71 92 
71 159 
73 13 
73 30 
73 32 
73 98 
73 100 
73 117 
73 121 
74 15 
74 22 
76 6 
76 45 
79 35 
79 58 
80 11 
80 27 
80 44 
82 14 
82 53 
83 69 
84 22 
87 3 
87 15 
87 30 
87 63 
87 84 
88 3 
91 102 
93 21 
93 27 
93 33 
93 77 
93 109 
95 15 
95 27 
95 44 
95 45 
95 60 
95 78 
96 55 
96 94 
97 14 
97 16 
97 44 
97 58 
97 79 
98 13 
98 30 
98 73 
98 121 
101 15 
101 45 
101 58 
101 97 
104 14 
104 27 
104 37 
105 2 
105 99 
105 165 
108 6 
108 45 
109 6 
109 45 
109 75 
109 115 
109 138 
109 150 
109 168 
110 2 
110 6 
110 14 
110 15 
110 17 
110 23 
110 26 
110 27 
110 36 
110 37 
110 45 
110 68 
110 212 
112 103 
113 6 
113 15 
113 17 
113 22 
113 23 
113 27 
113 32 
113 35 
113 44 
113 45 
113 68 
113 70 
113 71 
113 73 
113 102 
113 109 
113 110 
113 150 
113 158 
117 73 
119 27 
119 45 
121 73 
121 98 
124 6 
124 15 
124 17 
124 27 
124 32 
124 36 
124 45 
135 134 
139 6 
139 7 
139 10 
140 8 
152 6 
152 17 
152 25 
152 26 
152 27 
152 44 
152 45 
152 73 
152 109 
152 146 
152 168 
153 7 
153 9 
153 10 
153 26 
153 31 
153 34 
153 39 
153 70 
170 4 
170 15 
170 25 
170 27 
170 37 
170 45 
170 89 
170 146 
172 158 
173 119 
180 25 
180 27 
187 14 
194 22 
