2 2 
2 7 
2 8 
2 22 
2 23 
2 26 
2 31 
2 34 
2 35 
2 99 
2 105 
2 156 
2 166 
2 182 
2 212 
3 4 
3 6 
3 11 
3 14 
3 15 
3 22 
3 30 
3 35 
3 36 
3 37 
3 44 
3 48 
3 51 
3 52 
3 60 
3 63 
3 68 
3 69 
3 73 
3 74 
3 82 
3 84 
3 86 
3 87 
3 88 
3 90 
4 7 
4 8 
4 11 
4 13 
4 14 
4 15 
4 21 
4 22 
4 23 
4 25 
4 26 
4 27 
4 30 
4 34 
4 35 
4 36 
4 37 
4 44 
4 52 
4 57 
4 63 
4 66 
4 68 
4 69 
4 74 
4 80 
4 82 
4 84 
4 104 
4 119 
4 121 
4 133 
4 146 
4 148 
4 156 
4 157 
4 181 
4 212 
5 7 
5 8 
5 26 
5 48 
5 49 
5 95 
5 133 
5 158 
5 212 
6 7 
6 8 
6 23 
6 34 
6 39 
6 45 
6 58 
6 76 
6 103 
6 104 
6 105 
6 112 
6 120 
6 127 
6 128 
6 130 
6 133 
6 136 
6 178 
6 182 
7 2 
7 23 
7 26 
7 34 
7 39 
7 54 
7 105 
7 109 
7 113 
8 109 
8 140 
9 2 
9 8 
9 23 
9 26 
9 34 
9 39 
9 54 
9 105 
9 113 
9 140 
10 8 
10 9 
10 105 
11 2 
11 4 
11 7 
11 8 
11 13 
11 14 
11 15 
11 21 
11 22 
11 26 
11 27 
11 30 
11 34 
11 35 
11 36 
11 37 
11 44 
11 45 
11 48 
11 63 
11 68 
11 74 
11 80 
11 82 
11 87 
11 98 
11 119 
11 148 
11 212 
13 30 
13 36 
13 98 
13 119 
13 121 
14 3 
14 4 
14 7 
14 8 
14 11 
14 13 
14 15 
14 16 
14 21 
14 22 
14 23 
14 25 
14 27 
14 30 
14 34 
14 35 
14 36 
14 37 
14 39 
14 44 
14 52 
14 54 
14 57 
14 59 
14 60 
14 62 
14 63 
14 68 
14 69 
14 74 
14 78 
14 80 
14 82 
14 84 
14 87 
14 88 
14 100 
14 104 
14 118 
14 119 
14 150 
14 156 
14 157 
14 166 
14 170 
14 180 
14 182 
14 187 
14 212 
15 2 
15 3 
15 4 
15 7 
15 8 
15 11 
15 13 
15 14 
15 21 
15 22 
15 23 
15 25 
15 27 
15 30 
15 32 
15 34 
15 35 
15 36 
15 37 
15 44 
15 45 
15 52 
15 60 
15 62 
15 63 
15 68 
15 69 
15 73 
15 74 
15 80 
15 82 
15 83 
15 84 
15 87 
15 88 
15 90 
15 97 
15 98 
15 100 
15 109 
15 112 
15 119 
15 121 
15 133 
15 134 
15 148 
15 212 
16 136 
21 4 
21 11 
21 13 
21 14 
21 15 
21 30 
21 35 
21 36 
21 44 
21 52 
21 148 
22 2 
22 3 
22 4 
22 5 
22 6 
22 7 
22 8 
22 9 
22 11 
22 13 
22 14 
22 15 
22 16 
22 21 
22 23 
22 25 
22 26 
22 27 
22 30 
22 31 
22 32 
22 34 
22 35 
22 36 
22 37 
22 39 
22 44 
22 45 
22 48 
22 49 
22 51 
22 52 
22 53 
22 54 
22 58 
22 59 
22 60 
22 62 
22 63 
22 67 
22 68 
22 69 
22 71 
22 73 
22 74 
22 76 
22 77 
22 80 
22 82 
22 83 
22 84 
22 86 
22 87 
22 88 
22 90 
22 96 
22 98 
22 100 
22 102 
22 104 
22 105 
22 109 
22 115 
22 116 
22 119 
22 121 
22 127 
22 148 
22 150 
22 156 
22 212 
23 7 
23 8 
23 22 
23 35 
23 39 
25 146 
26 7 
26 8 
27 3 
27 4 
27 7 
27 8 
27 11 
27 13 
27 14 
27 15 
27 21 
27 22 
27 25 
27 26 
27 30 
27 34 
27 35 
27 36 
27 37 
27 44 
27 52 
27 57 
27 63 
27 66 
27 68 
27 69 
27 73 
27 82 
27 84 
27 88 
27 104 
27 119 
27 125 
27 127 
27 130 
27 134 
27 148 
27 212 
30 11 
30 13 
30 14 
30 15 
30 21 
30 22 
30 23 
30 27 
30 36 
30 44 
30 45 
30 63 
30 69 
30 73 
30 83 
30 84 
30 87 
30 98 
30 119 
30 121 
32 86 
32 88 
34 26 
35 2 
35 3 
35 4 
35 5 
35 6 
35 7 
35 8 
35 9 
35 11 
35 13 
35 14 
35 15 
35 16 
35 21 
35 22 
35 23 
35 25 
35 26 
35 27 
35 30 
35 31 
35 32 
35 34 
35 35 
35 36 
35 37 
35 39 
35 44 
35 45 
35 48 
35 49 
35 51 
35 52 
35 53 
35 55 
35 58 
35 60 
35 62 
35 63 
35 68 
35 69 
35 73 
35 74 
35 76 
35 77 
35 78 
35 79 
35 80 
35 82 
35 84 
35 86 
35 87 
35 88 
35 90 
35 94 
35 96 
35 97 
35 98 
35 100 
35 102 
35 105 
35 109 
35 116 
35 117 
35 121 
35 146 
35 148 
35 150 
35 156 
35 170 
35 182 
35 187 
36 11 
36 13 
36 14 
36 15 
36 22 
36 27 
36 35 
36 44 
36 80 
36 98 
36 119 
36 156 
36 182 
37 3 
37 7 
37 8 
37 14 
37 15 
37 23 
37 34 
37 35 
39 105 
39 190 
39 212 
42 15 
43 212 
44 4 
44 7 
44 8 
44 11 
44 14 
44 15 
44 21 
44 22 
44 27 
44 30 
44 34 
44 35 
44 36 
44 52 
44 68 
44 69 
44 82 
44 84 
44 112 
44 125 
44 134 
44 148 
44 178 
45 2 
45 6 
45 7 
45 8 
45 9 
45 15 
45 16 
45 23 
45 26 
45 31 
45 34 
45 35 
45 39 
45 55 
45 58 
45 66 
45 76 
45 79 
45 96 
45 97 
45 103 
45 104 
45 108 
45 112 
45 120 
45 125 
45 127 
45 128 
45 130 
45 134 
45 136 
45 140 
45 146 
45 165 
45 170 
45 178 
45 182 
47 2 
47 7 
47 8 
49 5 
49 95 
51 48 
51 60 
51 86 
51 90 
52 22 
52 35 
52 44 
52 48 
52 68 
52 84 
52 133 
55 35 
60 51 
60 77 
60 88 
62 52 
62 68 
62 146 
63 30 
63 69 
63 87 
68 14 
68 22 
68 27 
68 44 
68 52 
68 62 
68 84 
68 90 
69 3 
69 15 
69 22 
69 23 
69 30 
69 32 
69 35 
69 36 
69 45 
69 52 
69 60 
69 63 
69 68 
69 84 
69 87 
69 88 
69 100 
69 133 
71 92 
71 113 
71 119 
71 125 
71 134 
71 159 
73 11 
73 15 
73 30 
73 35 
73 98 
73 121 
74 4 
74 7 
74 9 
74 14 
74 15 
74 35 
76 16 
76 35 
77 51 
77 90 
80 11 
80 22 
80 35 
80 36 
80 44 
80 98 
82 4 
82 5 
82 7 
82 11 
82 14 
82 15 
82 22 
82 30 
82 35 
82 36 
82 37 
82 44 
82 53 
82 69 
82 74 
82 109 
82 140 
84 4 
84 22 
84 35 
84 52 
84 68 
84 69 
86 32 
86 51 
86 77 
86 90 
87 30 
87 63 
87 69 
88 3 
88 11 
88 15 
88 22 
88 27 
88 36 
88 37 
88 44 
88 48 
88 51 
88 60 
88 69 
88 77 
88 86 
88 90 
90 51 
90 77 
90 86 
93 14 
93 21 
93 27 
93 84 
93 148 
96 100 
97 16 
98 13 
98 73 
98 80 
98 121 
105 7 
105 8 
105 165 
105 166 
105 182 
109 71 
109 75 
109 115 
109 138 
109 150 
109 168 
110 212 
112 178 
114 5 
117 42 
117 116 
121 68 
121 73 
121 82 
121 98 
128 178 
140 8 
148 11 
156 166 
189 35 
