1 2 
1 14 
1 28 
1 44 
1 45 
2 1 
2 2 
2 3 
2 4 
2 5 
2 6 
2 7 
2 8 
2 9 
2 10 
2 11 
2 14 
2 15 
2 17 
2 18 
2 19 
2 21 
2 22 
2 23 
2 25 
2 26 
2 27 
2 28 
2 29 
2 30 
2 31 
2 32 
2 33 
2 34 
2 35 
2 36 
2 37 
2 39 
2 40 
2 44 
2 45 
2 49 
2 51 
2 52 
2 55 
2 60 
2 62 
2 63 
2 68 
2 69 
2 70 
2 71 
2 76 
2 78 
2 80 
2 84 
2 86 
2 88 
2 90 
2 92 
2 96 
2 99 
2 102 
2 105 
2 108 
2 109 
2 110 
2 112 
2 115 
2 116 
2 120 
2 125 
2 133 
2 134 
2 139 
2 140 
2 146 
2 148 
2 150 
2 155 
2 156 
2 158 
2 165 
2 166 
2 182 
2 212 
3 1 
3 2 
3 4 
3 5 
3 6 
3 7 
3 8 
3 9 
3 10 
3 11 
3 13 
3 14 
3 15 
3 16 
3 17 
3 18 
3 19 
3 21 
3 22 
3 23 
3 25 
3 26 
3 27 
3 28 
3 29 
3 30 
3 31 
3 32 
3 33 
3 34 
3 35 
3 36 
3 37 
3 40 
3 42 
3 44 
3 45 
3 48 
3 49 
3 51 
3 52 
3 55 
3 58 
3 59 
3 60 
3 62 
3 63 
3 66 
3 68 
3 69 
3 70 
3 71 
3 72 
3 73 
3 74 
3 76 
3 77 
3 78 
3 80 
3 82 
3 83 
3 84 
3 86 
3 87 
3 88 
3 89 
3 90 
3 91 
3 96 
3 98 
3 102 
3 105 
3 108 
3 109 
3 110 
3 116 
3 117 
3 121 
3 128 
3 133 
3 134 
3 146 
3 148 
3 158 
3 182 
3 193 
3 212 
4 1 
4 2 
4 3 
4 5 
4 6 
4 7 
4 8 
4 9 
4 10 
4 11 
4 13 
4 14 
4 15 
4 16 
4 17 
4 18 
4 19 
4 21 
4 22 
4 23 
4 25 
4 26 
4 27 
4 28 
4 29 
4 30 
4 31 
4 32 
4 33 
4 34 
4 35 
4 36 
4 37 
4 39 
4 40 
4 42 
4 44 
4 45 
4 48 
4 49 
4 51 
4 52 
4 53 
4 54 
4 55 
4 57 
4 58 
4 59 
4 60 
4 62 
4 63 
4 66 
4 67 
4 68 
4 69 
4 70 
4 71 
4 72 
4 73 
4 74 
4 76 
4 77 
4 78 
4 79 
4 80 
4 82 
4 83 
4 84 
4 86 
4 87 
4 88 
4 89 
4 90 
4 91 
4 92 
4 94 
4 96 
4 97 
4 98 
4 102 
4 103 
4 104 
4 105 
4 108 
4 109 
4 110 
4 112 
4 113 
4 115 
4 116 
4 117 
4 118 
4 119 
4 121 
4 125 
4 128 
4 130 
4 133 
4 134 
4 146 
4 148 
4 150 
4 155 
4 156 
4 157 
4 158 
4 159 
4 166 
4 170 
4 173 
4 178 
4 180 
4 181 
4 182 
4 187 
4 193 
4 212 
4 213 
5 1 
5 2 
5 3 
5 4 
5 5 
5 6 
5 7 
5 8 
5 9 
5 10 
5 11 
5 14 
5 15 
5 16 
5 17 
5 18 
5 21 
5 22 
5 23 
5 25 
5 26 
5 27 
5 28 
5 29 
5 30 
5 31 
5 32 
5 33 
5 34 
5 35 
5 36 
5 37 
5 39 
5 40 
5 42 
5 44 
5 45 
5 48 
5 49 
5 51 
5 53 
5 54 
5 55 
5 57 
5 58 
5 59 
5 60 
5 63 
5 66 
5 68 
5 69 
5 70 
5 71 
5 76 
5 78 
5 79 
5 80 
5 82 
5 86 
5 87 
5 90 
5 92 
5 94 
5 95 
5 96 
5 97 
5 103 
5 104 
5 105 
5 108 
5 109 
5 110 
5 112 
5 116 
5 117 
5 119 
5 120 
5 121 
5 125 
5 130 
5 134 
5 136 
5 146 
5 150 
5 155 
5 158 
5 170 
5 173 
5 178 
5 187 
5 193 
5 213 
6 1 
6 2 
6 3 
6 4 
6 5 
6 6 
6 7 
6 8 
6 9 
6 10 
6 11 
6 13 
6 14 
6 15 
6 16 
6 17 
6 18 
6 19 
6 21 
6 22 
6 23 
6 25 
6 26 
6 27 
6 28 
6 29 
6 30 
6 31 
6 32 
6 33 
6 34 
6 35 
6 36 
6 37 
6 39 
6 40 
6 42 
6 44 
6 45 
6 48 
6 49 
6 51 
6 52 
6 54 
6 55 
6 58 
6 59 
6 60 
6 62 
6 63 
6 66 
6 67 
6 68 
6 69 
6 70 
6 71 
6 72 
6 73 
6 74 
6 75 
6 76 
6 77 
6 78 
6 79 
6 80 
6 82 
6 83 
6 84 
6 86 
6 87 
6 88 
6 89 
6 90 
6 92 
6 94 
6 95 
6 96 
6 97 
6 98 
6 99 
6 102 
6 103 
6 104 
6 105 
6 108 
6 109 
6 110 
6 112 
6 113 
6 116 
6 119 
6 120 
6 121 
6 125 
6 127 
6 128 
6 133 
6 134 
6 136 
6 138 
6 146 
6 148 
6 150 
6 156 
6 158 
6 173 
6 178 
6 181 
6 182 
6 187 
6 212 
7 1 
7 2 
7 3 
7 4 
7 5 
7 6 
7 11 
7 13 
7 14 
7 15 
7 16 
7 17 
7 18 
7 19 
7 21 
7 22 
7 23 
7 25 
7 26 
7 27 
7 28 
7 29 
7 30 
7 31 
7 32 
7 33 
7 34 
7 35 
7 36 
7 37 
7 39 
7 40 
7 42 
7 44 
7 45 
7 48 
7 49 
7 51 
7 52 
7 53 
7 54 
7 55 
7 57 
7 58 
7 59 
7 60 
7 62 
7 63 
7 66 
7 67 
7 68 
7 69 
7 70 
7 71 
7 72 
7 73 
7 74 
7 75 
7 76 
7 77 
7 78 
7 79 
7 80 
7 82 
7 83 
7 84 
7 86 
7 87 
7 88 
7 89 
7 90 
7 91 
7 92 
7 94 
7 95 
7 96 
7 97 
7 98 
7 99 
7 100 
7 102 
7 103 
7 104 
7 105 
7 108 
7 109 
7 110 
7 112 
7 113 
7 115 
7 116 
7 117 
7 118 
7 119 
7 120 
7 121 
7 125 
7 127 
7 128 
7 130 
7 133 
7 134 
7 136 
7 138 
7 139 
7 146 
7 148 
7 150 
7 155 
7 156 
7 157 
7 158 
7 159 
7 165 
7 166 
7 168 
7 170 
7 173 
7 178 
7 180 
7 181 
7 182 
7 187 
7 190 
7 193 
7 212 
7 213 
8 1 
8 2 
8 3 
8 4 
8 5 
8 6 
8 9 
8 10 
8 11 
8 13 
8 14 
8 15 
8 16 
8 17 
8 18 
8 19 
8 21 
8 22 
8 23 
8 25 
8 26 
8 27 
8 28 
8 29 
8 30 
8 31 
8 32 
8 34 
8 35 
8 36 
8 37 
8 39 
8 40 
8 44 
8 45 
8 48 
8 49 
8 51 
8 52 
8 55 
8 57 
8 58 
8 59 
8 60 
8 62 
8 63 
8 66 
8 69 
8 70 
8 71 
8 75 
8 76 
8 80 
8 82 
8 83 
8 84 
8 86 
8 87 
8 92 
8 94 
8 97 
8 98 
8 99 
8 100 
8 102 
8 103 
8 104 
8 105 
8 108 
8 109 
8 110 
8 112 
8 115 
8 117 
8 119 
8 120 
8 121 
8 127 
8 128 
8 130 
8 133 
8 134 
8 136 
8 138 
8 139 
8 140 
8 146 
8 150 
8 156 
8 157 
8 158 
8 166 
8 168 
8 170 
8 173 
8 180 
8 182 
8 193 
9 1 
9 2 
9 3 
9 4 
9 5 
9 6 
9 8 
9 9 
9 10 
9 11 
9 13 
9 14 
9 15 
9 16 
9 17 
9 18 
9 19 
9 21 
9 22 
9 23 
9 25 
9 26 
9 27 
9 28 
9 29 
9 30 
9 31 
9 32 
9 33 
9 34 
9 35 
9 36 
9 37 
9 39 
9 40 
9 42 
9 44 
9 45 
9 48 
9 49 
9 51 
9 52 
9 53 
9 54 
9 55 
9 57 
9 58 
9 59 
9 60 
9 62 
9 63 
9 66 
9 67 
9 68 
9 69 
9 70 
9 71 
9 72 
9 73 
9 74 
9 75 
9 76 
9 77 
9 78 
9 79 
9 80 
9 82 
9 83 
9 84 
9 86 
9 87 
9 88 
9 89 
9 90 
9 91 
9 92 
9 94 
9 95 
9 96 
9 97 
9 98 
9 99 
9 100 
9 102 
9 103 
9 104 
9 105 
9 108 
9 109 
9 110 
9 112 
9 113 
9 115 
9 116 
9 117 
9 118 
9 119 
9 120 
9 121 
9 125 
9 127 
9 128 
9 130 
9 133 
9 134 
9 136 
9 138 
9 139 
9 140 
9 146 
9 148 
9 150 
9 156 
9 157 
9 158 
9 159 
9 165 
9 166 
9 168 
9 170 
9 173 
9 178 
9 180 
9 181 
9 182 
9 187 
9 190 
9 193 
9 212 
9 213 
10 1 
10 2 
10 3 
10 4 
10 5 
10 6 
10 8 
10 9 
10 11 
10 13 
10 14 
10 15 
10 16 
10 17 
10 18 
10 21 
10 22 
10 23 
10 25 
10 26 
10 27 
10 28 
10 29 
10 30 
10 31 
10 32 
10 33 
10 34 
10 35 
10 36 
10 37 
10 39 
10 44 
10 45 
10 49 
10 52 
10 54 
10 55 
10 58 
10 59 
10 63 
10 67 
10 68 
10 69 
10 70 
10 73 
10 76 
10 77 
10 79 
10 80 
10 82 
10 84 
10 87 
10 88 
10 95 
10 96 
10 97 
10 99 
10 102 
10 105 
10 108 
10 109 
10 110 
10 112 
10 130 
10 134 
10 136 
10 138 
10 139 
10 140 
10 146 
10 150 
10 155 
10 156 
10 158 
10 168 
10 170 
10 182 
10 187 
10 193 
11 1 
11 2 
11 3 
11 4 
11 5 
11 6 
11 7 
11 8 
11 9 
11 10 
11 13 
11 14 
11 15 
11 16 
11 17 
11 18 
11 19 
11 21 
11 22 
11 23 
11 25 
11 26 
11 27 
11 28 
11 29 
11 30 
11 31 
11 32 
11 33 
11 34 
11 35 
11 36 
11 37 
11 39 
11 40 
11 42 
11 44 
11 45 
11 48 
11 49 
11 51 
11 52 
11 53 
11 54 
11 55 
11 58 
11 59 
11 60 
11 62 
11 63 
11 66 
11 67 
11 68 
11 69 
11 70 
11 71 
11 72 
11 73 
11 74 
11 76 
11 77 
11 78 
11 79 
11 80 
11 82 
11 83 
11 84 
11 86 
11 87 
11 88 
11 89 
11 90 
11 91 
11 92 
11 94 
11 95 
11 96 
11 97 
11 98 
11 99 
11 100 
11 102 
11 103 
11 104 
11 105 
11 108 
11 109 
11 110 
11 113 
11 115 
11 116 
11 117 
11 119 
11 120 
11 121 
11 125 
11 128 
11 130 
11 133 
11 134 
11 138 
11 146 
11 148 
11 150 
11 155 
11 156 
11 157 
11 158 
11 168 
11 173 
11 178 
11 182 
11 187 
11 190 
11 193 
11 212 
11 213 
12 1 
12 2 
12 4 
12 6 
12 7 
12 8 
12 9 
12 14 
12 15 
12 17 
12 19 
12 22 
12 25 
12 26 
12 27 
12 28 
12 30 
12 31 
12 32 
12 33 
12 34 
12 36 
12 37 
12 40 
12 44 
12 45 
12 51 
12 52 
12 54 
12 57 
12 59 
12 63 
12 67 
12 70 
12 71 
12 75 
12 76 
12 78 
12 80 
12 84 
12 87 
12 89 
12 91 
12 92 
12 100 
12 104 
12 109 
12 110 
12 113 
12 115 
12 116 
12 117 
12 119 
12 125 
12 133 
12 134 
12 146 
12 150 
12 155 
12 157 
12 158 
12 168 
12 170 
12 173 
12 180 
12 181 
12 187 
12 193 
12 212 
12 213 
13 1 
13 2 
13 3 
13 4 
13 6 
13 7 
13 8 
13 9 
13 10 
13 11 
13 14 
13 15 
13 18 
13 22 
13 23 
13 27 
13 29 
13 30 
13 31 
13 32 
13 33 
13 34 
13 35 
13 36 
13 37 
13 39 
13 40 
13 42 
13 44 
13 45 
13 51 
13 52 
13 62 
13 63 
13 68 
13 69 
13 70 
13 72 
13 73 
13 74 
13 80 
13 83 
13 84 
13 86 
13 87 
13 88 
13 90 
13 91 
13 98 
13 100 
13 102 
13 105 
13 109 
13 116 
13 117 
13 121 
13 125 
13 133 
14 1 
14 2 
14 3 
14 4 
14 5 
14 6 
14 7 
14 8 
14 9 
14 10 
14 11 
14 13 
14 15 
14 16 
14 17 
14 18 
14 19 
14 21 
14 22 
14 23 
14 25 
14 26 
14 27 
14 28 
14 29 
14 30 
14 31 
14 32 
14 33 
14 34 
14 35 
14 36 
14 37 
14 39 
14 40 
14 42 
14 44 
14 45 
14 48 
14 49 
14 51 
14 52 
14 53 
14 54 
14 55 
14 57 
14 58 
14 59 
14 60 
14 62 
14 63 
14 66 
14 67 
14 68 
14 69 
14 70 
14 71 
14 72 
14 73 
14 74 
14 75 
14 76 
14 77 
14 78 
14 79 
14 80 
14 82 
14 83 
14 84 
14 86 
14 87 
14 88 
14 89 
14 90 
14 91 
14 92 
14 94 
14 95 
14 96 
14 97 
14 98 
14 100 
14 102 
14 103 
14 104 
14 105 
14 108 
14 109 
14 110 
14 112 
14 113 
14 115 
14 116 
14 117 
14 118 
14 119 
14 120 
14 121 
14 125 
14 127 
14 128 
14 130 
14 133 
14 134 
14 136 
14 138 
14 139 
14 146 
14 148 
14 150 
14 155 
14 156 
14 157 
14 158 
14 159 
14 166 
14 168 
14 170 
14 173 
14 178 
14 180 
14 181 
14 182 
14 187 
14 193 
14 212 
14 213 
15 1 
15 2 
15 3 
15 4 
15 5 
15 6 
15 7 
15 8 
15 9 
15 10 
15 11 
15 13 
15 14 
15 16 
15 17 
15 18 
15 19 
15 21 
15 22 
15 23 
15 25 
15 26 
15 27 
15 28 
15 29 
15 30 
15 31 
15 32 
15 33 
15 34 
15 35 
15 36 
15 37 
15 39 
15 40 
15 42 
15 44 
15 45 
15 48 
15 49 
15 51 
15 52 
15 53 
15 54 
15 55 
15 57 
15 58 
15 59 
15 60 
15 62 
15 63 
15 66 
15 67 
15 68 
15 69 
15 70 
15 71 
15 72 
15 73 
15 74 
15 76 
15 77 
15 78 
15 79 
15 80 
15 82 
15 83 
15 84 
15 86 
15 87 
15 88 
15 89 
15 90 
15 91 
15 92 
15 94 
15 95 
15 96 
15 97 
15 98 
15 99 
15 100 
15 102 
15 103 
15 105 
15 108 
15 109 
15 110 
15 112 
15 113 
15 115 
15 116 
15 117 
15 119 
15 120 
15 121 
15 125 
15 127 
15 128 
15 130 
15 133 
15 134 
15 139 
15 146 
15 148 
15 150 
15 155 
15 156 
15 157 
15 158 
15 159 
15 168 
15 170 
15 173 
15 178 
15 180 
15 182 
15 187 
15 193 
15 212 
15 213 
16 1 
16 5 
16 6 
16 15 
16 45 
16 55 
16 58 
16 66 
16 76 
16 79 
16 95 
16 97 
16 103 
16 105 
16 112 
16 115 
16 120 
16 127 
16 128 
16 130 
16 136 
16 178 
17 1 
17 2 
17 3 
17 4 
17 5 
17 6 
17 7 
17 8 
17 9 
17 10 
17 11 
17 13 
17 14 
17 15 
17 16 
17 18 
17 19 
17 21 
17 22 
17 23 
17 25 
17 26 
17 27 
17 28 
17 29 
17 30 
17 31 
17 32 
17 33 
17 34 
17 35 
17 36 
17 37 
17 39 
17 40 
17 42 
17 44 
17 45 
17 48 
17 49 
17 51 
17 52 
17 54 
17 55 
17 57 
17 58 
17 59 
17 60 
17 62 
17 63 
17 66 
17 67 
17 68 
17 69 
17 70 
17 71 
17 72 
17 73 
17 74 
17 75 
17 76 
17 77 
17 78 
17 79 
17 80 
17 82 
17 83 
17 84 
17 86 
17 87 
17 88 
17 90 
17 92 
17 94 
17 95 
17 96 
17 97 
17 98 
17 99 
17 100 
17 102 
17 103 
17 104 
17 105 
17 108 
17 109 
17 110 
17 112 
17 113 
17 115 
17 116 
17 117 
17 118 
17 119 
17 120 
17 121 
17 125 
17 128 
17 130 
17 133 
17 134 
17 136 
17 138 
17 139 
17 146 
17 148 
17 150 
17 155 
17 156 
17 158 
17 168 
17 170 
17 173 
17 178 
17 180 
17 181 
17 182 
17 187 
17 190 
17 193 
17 212 
18 1 
18 2 
18 3 
18 4 
18 5 
18 6 
18 7 
18 8 
18 9 
18 10 
18 13 
18 14 
18 15 
18 17 
18 18 
18 21 
18 22 
18 23 
18 25 
18 26 
18 27 
18 28 
18 29 
18 30 
18 31 
18 32 
18 33 
18 34 
18 35 
18 36 
18 37 
18 39 
18 42 
18 44 
18 45 
18 48 
18 49 
18 51 
18 52 
18 54 
18 55 
18 59 
18 60 
18 62 
18 63 
18 66 
18 71 
18 75 
18 76 
18 77 
18 79 
18 80 
18 83 
18 86 
18 88 
18 89 
18 90 
18 92 
18 96 
18 99 
18 102 
18 104 
18 105 
18 109 
18 110 
18 112 
18 113 
18 116 
18 120 
18 121 
18 128 
18 130 
18 133 
18 134 
18 139 
18 140 
18 146 
18 148 
18 150 
18 156 
18 157 
18 158 
18 165 
18 166 
18 168 
18 170 
18 173 
18 180 
18 182 
18 187 
18 193 
18 212 
18 213 
19 1 
19 2 
19 3 
19 6 
19 15 
19 23 
19 25 
19 26 
19 27 
19 29 
19 36 
19 37 
19 40 
19 42 
19 44 
19 45 
19 57 
19 59 
19 67 
19 71 
19 72 
19 92 
19 100 
19 104 
19 105 
19 109 
19 110 
19 113 
19 115 
19 116 
19 118 
19 133 
19 134 
19 136 
19 146 
19 158 
20 1 
20 21 
20 40 
20 44 
20 52 
21 1 
21 2 
21 3 
21 4 
21 5 
21 6 
21 7 
21 8 
21 9 
21 11 
21 13 
21 14 
21 15 
21 17 
21 18 
21 19 
21 22 
21 23 
21 25 
21 26 
21 27 
21 28 
21 29 
21 30 
21 31 
21 32 
21 33 
21 34 
21 35 
21 36 
21 37 
21 39 
21 40 
21 42 
21 44 
21 45 
21 49 
21 51 
21 52 
21 55 
21 58 
21 60 
21 62 
21 63 
21 66 
21 68 
21 69 
21 70 
21 71 
21 73 
21 75 
21 76 
21 78 
21 80 
21 82 
21 84 
21 86 
21 87 
21 88 
21 89 
21 90 
21 91 
21 92 
21 94 
21 96 
21 97 
21 98 
21 102 
21 105 
21 109 
21 112 
21 113 
21 116 
21 117 
21 119 
21 120 
21 121 
21 125 
21 128 
21 133 
21 134 
21 136 
21 138 
21 139 
21 146 
21 148 
21 150 
21 156 
21 158 
21 170 
21 178 
21 180 
21 182 
21 212 
22 1 
22 2 
22 3 
22 4 
22 5 
22 6 
22 7 
22 8 
22 9 
22 10 
22 11 
22 13 
22 14 
22 15 
22 16 
22 17 
22 18 
22 19 
22 21 
22 23 
22 25 
22 26 
22 27 
22 28 
22 29 
22 30 
22 31 
22 32 
22 33 
22 34 
22 35 
22 36 
22 37 
22 39 
22 40 
22 42 
22 44 
22 45 
22 48 
22 49 
22 51 
22 52 
22 53 
22 54 
22 55 
22 57 
22 58 
22 59 
22 60 
22 62 
22 63 
22 66 
22 67 
22 68 
22 69 
22 70 
22 71 
22 72 
22 73 
22 74 
22 75 
22 76 
22 77 
22 78 
22 79 
22 80 
22 82 
22 83 
22 84 
22 86 
22 87 
22 88 
22 89 
22 90 
22 91 
22 92 
22 94 
22 95 
22 96 
22 97 
22 98 
22 99 
22 100 
22 102 
22 103 
22 104 
22 105 
22 108 
22 109 
22 110 
22 112 
22 113 
22 115 
22 116 
22 117 
22 118 
22 119 
22 120 
22 121 
22 125 
22 127 
22 128 
22 130 
22 133 
22 134 
22 138 
22 139 
22 146 
22 148 
22 150 
22 155 
22 156 
22 157 
22 158 
22 159 
22 168 
22 170 
22 173 
22 178 
22 180 
22 181 
22 182 
22 187 
22 193 
22 212 
22 213 
23 1 
23 2 
23 3 
23 4 
23 5 
23 6 
23 7 
23 8 
23 9 
23 10 
23 11 
23 13 
23 14 
23 15 
23 16 
23 17 
23 18 
23 19 
23 21 
23 22 
23 25 
23 26 
23 27 
23 28 
23 29 
23 30 
23 31 
23 32 
23 34 
23 35 
23 36 
23 37 
23 39 
23 40 
23 42 
23 44 
23 45 
23 48 
23 49 
23 51 
23 52 
23 55 
23 58 
23 59 
23 60 
23 62 
23 63 
23 67 
23 68 
23 69 
23 70 
23 71 
23 73 
23 76 
23 77 
23 78 
23 79 
23 80 
23 82 
23 83 
23 84 
23 86 
23 87 
23 88 
23 90 
23 91 
23 94 
23 95 
23 96 
23 97 
23 99 
23 100 
23 102 
23 103 
23 104 
23 105 
23 108 
23 109 
23 110 
23 112 
23 113 
23 115 
23 117 
23 119 
23 120 
23 121 
23 125 
23 128 
23 134 
23 138 
23 139 
23 140 
23 146 
23 150 
23 155 
23 156 
23 157 
23 158 
23 165 
23 166 
23 170 
23 182 
23 187 
23 190 
23 212 
24 1 
24 32 
24 42 
24 60 
24 69 
24 72 
24 100 
24 117 
25 1 
25 2 
25 3 
25 4 
25 5 
25 6 
25 7 
25 8 
25 11 
25 14 
25 15 
25 21 
25 22 
25 25 
25 27 
25 30 
25 31 
25 33 
25 34 
25 35 
25 36 
25 37 
25 44 
25 45 
25 49 
25 54 
25 55 
25 57 
25 58 
25 62 
25 63 
25 68 
25 75 
25 76 
25 78 
25 80 
25 84 
25 87 
25 92 
25 94 
25 95 
25 96 
25 104 
25 105 
25 109 
25 115 
25 116 
25 118 
25 119 
25 125 
25 130 
25 134 
25 146 
25 150 
25 157 
25 158 
25 168 
25 170 
25 173 
25 180 
25 187 
25 193 
25 213 
26 1 
26 2 
26 3 
26 4 
26 5 
26 6 
26 7 
26 8 
26 9 
26 10 
26 11 
26 13 
26 14 
26 15 
26 17 
26 18 
26 19 
26 21 
26 22 
26 23 
26 25 
26 26 
26 27 
26 28 
26 29 
26 30 
26 31 
26 32 
26 33 
26 34 
26 36 
26 37 
26 39 
26 40 
26 42 
26 44 
26 45 
26 49 
26 54 
26 58 
26 59 
26 60 
26 62 
26 63 
26 67 
26 68 
26 69 
26 70 
26 71 
26 76 
26 78 
26 79 
26 80 
26 82 
26 84 
26 86 
26 87 
26 89 
26 92 
26 95 
26 96 
26 98 
26 99 
26 100 
26 102 
26 105 
26 108 
26 109 
26 110 
26 112 
26 113 
26 115 
26 117 
26 119 
26 120 
26 125 
26 128 
26 130 
26 133 
26 134 
26 136 
26 139 
26 140 
26 146 
26 148 
26 150 
26 155 
26 156 
26 157 
26 158 
26 159 
26 166 
26 170 
26 173 
26 178 
26 182 
26 193 
26 212 
27 1 
27 2 
27 3 
27 4 
27 5 
27 6 
27 7 
27 8 
27 9 
27 10 
27 11 
27 13 
27 14 
27 15 
27 16 
27 17 
27 18 
27 19 
27 21 
27 22 
27 23 
27 25 
27 26 
27 28 
27 29 
27 30 
27 31 
27 32 
27 33 
27 34 
27 35 
27 36 
27 37 
27 39 
27 40 
27 42 
27 44 
27 45 
27 48 
27 49 
27 51 
27 52 
27 53 
27 54 
27 55 
27 57 
27 58 
27 59 
27 60 
27 62 
27 63 
27 66 
27 67 
27 68 
27 69 
27 70 
27 71 
27 72 
27 73 
27 74 
27 75 
27 76 
27 77 
27 78 
27 79 
27 80 
27 82 
27 83 
27 84 
27 86 
27 87 
27 88 
27 89 
27 90 
27 91 
27 92 
27 94 
27 95 
27 96 
27 97 
27 98 
27 100 
27 102 
27 103 
27 104 
27 105 
27 108 
27 109 
27 110 
27 112 
27 113 
27 115 
27 116 
27 117 
27 118 
27 119 
27 120 
27 121 
27 125 
27 127 
27 128 
27 130 
27 133 
27 134 
27 136 
27 139 
27 146 
27 148 
27 150 
27 155 
27 156 
27 157 
27 158 
27 159 
27 168 
27 170 
27 173 
27 180 
27 182 
27 187 
27 193 
27 212 
27 213 
28 1 
28 2 
28 3 
28 4 
28 6 
28 7 
28 8 
28 10 
28 11 
28 14 
28 15 
28 17 
28 21 
28 22 
28 23 
28 26 
28 27 
28 29 
28 31 
28 32 
28 34 
28 36 
28 39 
28 44 
28 45 
28 53 
28 63 
28 68 
28 71 
28 73 
28 75 
28 78 
28 80 
28 82 
28 92 
28 99 
28 100 
28 102 
28 104 
28 105 
28 109 
28 110 
28 113 
28 117 
28 125 
28 128 
28 133 
28 134 
28 146 
28 150 
28 157 
28 158 
28 168 
28 212 
29 1 
29 2 
29 3 
29 4 
29 6 
29 7 
29 8 
29 9 
29 10 
29 11 
29 14 
29 15 
29 17 
29 18 
29 21 
29 22 
29 23 
29 25 
29 26 
29 27 
29 28 
29 31 
29 32 
29 33 
29 34 
29 35 
29 36 
29 37 
29 39 
29 40 
29 44 
29 45 
29 49 
29 58 
29 62 
29 67 
29 68 
29 70 
29 71 
29 76 
29 80 
29 82 
29 96 
29 102 
29 105 
29 109 
29 110 
29 112 
29 125 
29 127 
29 133 
29 134 
29 139 
29 140 
29 146 
29 150 
29 155 
29 156 
29 158 
29 166 
29 182 
30 2 
30 3 
30 4 
30 5 
30 6 
30 7 
30 8 
30 9 
30 10 
30 11 
30 13 
30 14 
30 15 
30 17 
30 18 
30 19 
30 21 
30 22 
30 23 
30 25 
30 26 
30 27 
30 29 
30 31 
30 32 
30 33 
30 34 
30 35 
30 36 
30 37 
30 39 
30 40 
30 42 
30 44 
30 45 
30 48 
30 51 
30 52 
30 54 
30 59 
30 60 
30 62 
30 63 
30 66 
30 68 
30 69 
30 70 
30 71 
30 72 
30 73 
30 76 
30 77 
30 78 
30 80 
30 82 
30 83 
30 84 
30 86 
30 87 
30 88 
30 89 
30 90 
30 91 
30 95 
30 96 
30 98 
30 100 
30 102 
30 105 
30 109 
30 116 
30 117 
30 121 
30 125 
30 128 
30 133 
30 134 
30 146 
30 148 
30 150 
30 155 
30 156 
30 158 
30 182 
30 193 
31 1 
31 2 
31 3 
31 4 
31 5 
31 6 
31 7 
31 8 
31 9 
31 10 
31 11 
31 13 
31 14 
31 15 
31 16 
31 17 
31 18 
31 21 
31 22 
31 23 
31 25 
31 26 
31 27 
31 29 
31 30 
31 32 
31 33 
31 34 
31 35 
31 36 
31 37 
31 39 
31 40 
31 42 
31 44 
31 45 
31 49 
31 52 
31 55 
31 57 
31 59 
31 60 
31 63 
31 66 
31 67 
31 69 
31 70 
31 71 
31 72 
31 73 
31 75 
31 76 
31 78 
31 79 
31 80 
31 82 
31 83 
31 86 
31 87 
31 92 
31 95 
31 96 
31 98 
31 99 
31 100 
31 102 
31 104 
31 105 
31 108 
31 109 
31 110 
31 112 
31 113 
31 115 
31 116 
31 117 
31 119 
31 121 
31 125 
31 127 
31 128 
31 133 
31 134 
31 136 
31 139 
31 140 
31 146 
31 148 
31 150 
31 155 
31 156 
31 158 
31 166 
31 168 
31 182 
31 212 
32 1 
32 2 
32 3 
32 4 
32 6 
32 7 
32 8 
32 9 
32 10 
32 11 
32 13 
32 14 
32 15 
32 16 
32 17 
32 22 
32 25 
32 27 
32 30 
32 31 
32 33 
32 35 
32 36 
32 37 
32 40 
32 42 
32 44 
32 45 
32 48 
32 51 
32 52 
32 60 
32 63 
32 68 
32 69 
32 70 
32 72 
32 73 
32 77 
32 80 
32 83 
32 84 
32 86 
32 87 
32 88 
32 90 
32 96 
32 98 
32 100 
32 102 
32 105 
32 108 
32 109 
32 116 
32 117 
32 121 
32 133 
32 134 
32 146 
32 150 
32 156 
32 182 
32 193 
33 1 
33 2 
33 4 
33 6 
33 15 
33 17 
33 21 
33 22 
33 25 
33 26 
33 27 
33 28 
33 31 
33 34 
33 35 
33 36 
33 37 
33 40 
33 44 
33 45 
33 59 
33 67 
33 71 
33 75 
33 78 
33 89 
33 92 
33 105 
33 109 
33 110 
33 115 
33 125 
33 133 
33 134 
33 146 
33 158 
33 166 
33 181 
33 187 
33 213 
34 1 
34 2 
34 3 
34 4 
34 5 
34 6 
34 7 
34 8 
34 9 
34 10 
34 11 
34 13 
34 14 
34 15 
34 16 
34 17 
34 18 
34 19 
34 21 
34 22 
34 23 
34 25 
34 26 
34 27 
34 28 
34 29 
34 31 
34 32 
34 33 
34 35 
34 36 
34 37 
34 39 
34 40 
34 44 
34 45 
34 52 
34 55 
34 57 
34 58 
34 59 
34 60 
34 62 
34 63 
34 67 
34 68 
34 70 
34 71 
34 75 
34 76 
34 78 
34 80 
34 82 
34 86 
34 89 
34 92 
34 95 
34 99 
34 102 
34 104 
34 105 
34 108 
34 109 
34 110 
34 112 
34 113 
34 116 
34 117 
34 119 
34 125 
34 128 
34 130 
34 134 
34 138 
34 139 
34 140 
34 146 
34 148 
34 150 
34 155 
34 156 
34 158 
34 166 
34 168 
34 173 
34 180 
34 182 
34 190 
34 193 
34 212 
34 213 
35 1 
35 2 
35 3 
35 4 
35 5 
35 6 
35 7 
35 8 
35 9 
35 10 
35 11 
35 13 
35 14 
35 15 
35 16 
35 17 
35 18 
35 19 
35 21 
35 22 
35 23 
35 25 
35 26 
35 27 
35 28 
35 29 
35 30 
35 31 
35 32 
35 33 
35 34 
35 35 
35 36 
35 37 
35 39 
35 40 
35 42 
35 44 
35 45 
35 48 
35 49 
35 51 
35 52 
35 53 
35 54 
35 55 
35 57 
35 58 
35 59 
35 60 
35 62 
35 63 
35 66 
35 67 
35 68 
35 69 
35 70 
35 71 
35 72 
35 73 
35 74 
35 76 
35 77 
35 78 
35 79 
35 80 
35 82 
35 83 
35 84 
35 86 
35 87 
35 88 
35 90 
35 91 
35 94 
35 95 
35 96 
35 97 
35 98 
35 100 
35 102 
35 103 
35 104 
35 105 
35 108 
35 109 
35 110 
35 112 
35 113 
35 116 
35 117 
35 119 
35 121 
35 125 
35 127 
35 128 
35 133 
35 134 
35 139 
35 146 
35 148 
35 150 
35 155 
35 156 
35 157 
35 158 
35 159 
35 170 
35 173 
35 178 
35 180 
35 182 
35 187 
35 193 
35 213 
36 1 
36 2 
36 3 
36 4 
36 5 
36 6 
36 7 
36 8 
36 9 
36 10 
36 11 
36 13 
36 14 
36 15 
36 16 
36 17 
36 19 
36 21 
36 22 
36 23 
36 25 
36 26 
36 27 
36 28 
36 29 
36 30 
36 31 
36 32 
36 33 
36 34 
36 35 
36 37 
36 39 
36 40 
36 42 
36 44 
36 45 
36 48 
36 49 
36 51 
36 52 
36 55 
36 58 
36 60 
36 62 
36 63 
36 68 
36 69 
36 70 
36 73 
36 74 
36 76 
36 77 
36 78 
36 80 
36 82 
36 83 
36 84 
36 86 
36 87 
36 88 
36 90 
36 91 
36 96 
36 98 
36 100 
36 102 
36 105 
36 108 
36 109 
36 110 
36 116 
36 117 
36 121 
36 125 
36 133 
36 134 
36 146 
36 148 
36 150 
36 156 
36 158 
36 178 
36 182 
36 193 
37 1 
37 2 
37 3 
37 4 
37 5 
37 6 
37 7 
37 8 
37 9 
37 10 
37 11 
37 13 
37 14 
37 15 
37 16 
37 17 
37 18 
37 19 
37 21 
37 22 
37 23 
37 25 
37 26 
37 27 
37 28 
37 29 
37 30 
37 31 
37 32 
37 33 
37 34 
37 35 
37 36 
37 39 
37 40 
37 42 
37 44 
37 45 
37 48 
37 49 
37 51 
37 52 
37 53 
37 54 
37 55 
37 58 
37 59 
37 60 
37 62 
37 63 
37 66 
37 67 
37 68 
37 69 
37 70 
37 71 
37 72 
37 73 
37 74 
37 76 
37 77 
37 78 
37 80 
37 82 
37 83 
37 84 
37 86 
37 87 
37 88 
37 89 
37 90 
37 91 
37 92 
37 94 
37 95 
37 96 
37 97 
37 98 
37 99 
37 102 
37 103 
37 104 
37 105 
37 108 
37 109 
37 110 
37 112 
37 116 
37 117 
37 119 
37 121 
37 125 
37 127 
37 128 
37 133 
37 134 
37 136 
37 138 
37 146 
37 148 
37 150 
37 156 
37 157 
37 158 
37 168 
37 170 
37 173 
37 182 
37 187 
37 193 
37 212 
38 1 
38 32 
39 1 
39 2 
39 3 
39 4 
39 5 
39 6 
39 7 
39 8 
39 9 
39 10 
39 11 
39 13 
39 14 
39 15 
39 16 
39 17 
39 18 
39 19 
39 21 
39 22 
39 23 
39 25 
39 26 
39 27 
39 28 
39 29 
39 30 
39 31 
39 32 
39 33 
39 34 
39 35 
39 36 
39 37 
39 39 
39 40 
39 42 
39 44 
39 45 
39 49 
39 51 
39 52 
39 53 
39 54 
39 55 
39 57 
39 58 
39 59 
39 60 
39 62 
39 63 
39 67 
39 68 
39 69 
39 70 
39 71 
39 74 
39 76 
39 77 
39 78 
39 79 
39 80 
39 82 
39 83 
39 84 
39 86 
39 87 
39 88 
39 89 
39 90 
39 91 
39 92 
39 94 
39 95 
39 96 
39 98 
39 99 
39 102 
39 103 
39 104 
39 105 
39 108 
39 109 
39 110 
39 112 
39 113 
39 115 
39 116 
39 117 
39 119 
39 120 
39 121 
39 125 
39 128 
39 130 
39 133 
39 134 
39 139 
39 140 
39 146 
39 148 
39 150 
39 155 
39 156 
39 158 
39 165 
39 166 
39 170 
39 173 
39 178 
39 180 
39 181 
39 182 
39 187 
39 190 
39 193 
39 212 
40 1 
40 2 
40 3 
40 4 
40 5 
40 6 
40 7 
40 8 
40 9 
40 10 
40 11 
40 13 
40 14 
40 15 
40 17 
40 18 
40 19 
40 21 
40 22 
40 23 
40 25 
40 26 
40 27 
40 28 
40 29 
40 30 
40 31 
40 32 
40 33 
40 34 
40 35 
40 36 
40 37 
40 39 
40 42 
40 44 
40 45 
40 48 
40 49 
40 51 
40 52 
40 53 
40 54 
40 55 
40 59 
40 60 
40 63 
40 67 
40 68 
40 69 
40 70 
40 71 
40 72 
40 73 
40 75 
40 76 
40 77 
40 78 
40 80 
40 82 
40 83 
40 84 
40 86 
40 87 
40 88 
40 89 
40 90 
40 91 
40 92 
40 94 
40 95 
40 96 
40 97 
40 98 
40 100 
40 102 
40 103 
40 104 
40 105 
40 108 
40 109 
40 110 
40 112 
40 113 
40 117 
40 119 
40 120 
40 121 
40 125 
40 127 
40 128 
40 130 
40 133 
40 134 
40 139 
40 146 
40 148 
40 150 
40 155 
40 156 
40 157 
40 158 
40 170 
40 173 
40 178 
40 180 
40 181 
40 182 
40 187 
40 193 
40 212 
40 213 
41 1 
42 1 
42 2 
42 3 
42 4 
42 6 
42 7 
42 9 
42 11 
42 15 
42 17 
42 25 
42 27 
42 30 
42 31 
42 32 
42 35 
42 36 
42 37 
42 40 
42 44 
42 45 
42 48 
42 52 
42 60 
42 63 
42 67 
42 68 
42 69 
42 70 
42 72 
42 73 
42 80 
42 83 
42 84 
42 86 
42 87 
42 92 
42 98 
42 100 
42 105 
42 116 
42 117 
42 121 
42 125 
42 128 
42 133 
42 146 
42 158 
42 178 
42 193 
43 1 
43 2 
43 4 
43 6 
43 7 
43 8 
43 9 
43 11 
43 14 
43 15 
43 16 
43 17 
43 18 
43 19 
43 21 
43 22 
43 25 
43 26 
43 27 
43 29 
43 31 
43 33 
43 34 
43 35 
43 36 
43 37 
43 39 
43 42 
43 44 
43 45 
43 54 
43 57 
43 59 
43 62 
43 66 
43 67 
43 68 
43 70 
43 71 
43 72 
43 75 
43 78 
43 89 
43 91 
43 92 
43 99 
43 100 
43 104 
43 105 
43 109 
43 110 
43 113 
43 115 
43 116 
43 118 
43 119 
43 125 
43 133 
43 134 
43 138 
43 146 
43 150 
43 155 
43 156 
43 158 
43 168 
43 170 
43 173 
43 180 
43 181 
43 187 
43 193 
43 212 
43 213 
44 1 
44 2 
44 3 
44 4 
44 5 
44 6 
44 7 
44 8 
44 9 
44 10 
44 11 
44 13 
44 14 
44 15 
44 16 
44 17 
44 18 
44 19 
44 21 
44 22 
44 23 
44 25 
44 26 
44 27 
44 28 
44 29 
44 30 
44 31 
44 32 
44 33 
44 34 
44 35 
44 36 
44 37 
44 39 
44 40 
44 42 
44 45 
44 48 
44 49 
44 51 
44 52 
44 54 
44 55 
44 58 
44 59 
44 60 
44 62 
44 63 
44 66 
44 67 
44 68 
44 69 
44 70 
44 71 
44 72 
44 73 
44 74 
44 75 
44 76 
44 77 
44 78 
44 79 
44 80 
44 82 
44 83 
44 84 
44 86 
44 87 
44 88 
44 89 
44 90 
44 91 
44 92 
44 94 
44 95 
44 96 
44 97 
44 98 
44 99 
44 100 
44 102 
44 103 
44 104 
44 105 
44 108 
44 109 
44 110 
44 112 
44 113 
44 115 
44 116 
44 117 
44 119 
44 120 
44 121 
44 125 
44 128 
44 130 
44 133 
44 134 
44 136 
44 138 
44 146 
44 148 
44 150 
44 155 
44 156 
44 157 
44 158 
44 166 
44 168 
44 170 
44 178 
44 180 
44 182 
44 187 
44 193 
44 212 
44 213 
45 1 
45 2 
45 3 
45 4 
45 5 
45 6 
45 7 
45 8 
45 9 
45 10 
45 11 
45 13 
45 14 
45 15 
45 16 
45 17 
45 18 
45 19 
45 21 
45 22 
45 23 
45 25 
45 26 
45 27 
45 28 
45 29 
45 30 
45 31 
45 32 
45 33 
45 34 
45 35 
45 36 
45 37 
45 39 
45 40 
45 42 
45 44 
45 48 
45 49 
45 51 
45 52 
45 53 
45 54 
45 55 
45 57 
45 58 
45 59 
45 60 
45 62 
45 63 
45 66 
45 67 
45 68 
45 69 
45 70 
45 71 
45 72 
45 73 
45 74 
45 75 
45 76 
45 77 
45 78 
45 79 
45 80 
45 82 
45 83 
45 84 
45 86 
45 87 
45 88 
45 89 
45 90 
45 91 
45 92 
45 94 
45 95 
45 96 
45 97 
45 98 
45 99 
45 100 
45 102 
45 103 
45 104 
45 105 
45 108 
45 109 
45 110 
45 112 
45 113 
45 115 
45 116 
45 117 
45 119 
45 120 
45 121 
45 125 
45 127 
45 128 
45 130 
45 133 
45 134 
45 136 
45 138 
45 139 
45 140 
45 146 
45 148 
45 150 
45 155 
45 156 
45 157 
45 158 
45 165 
45 166 
45 168 
45 170 
45 173 
45 178 
45 180 
45 181 
45 182 
45 187 
45 193 
45 212 
45 213 
46 1 
46 6 
46 32 
46 133 
47 1 
47 2 
47 3 
47 4 
47 5 
47 6 
47 7 
47 8 
47 9 
47 10 
47 11 
47 13 
47 14 
47 15 
47 17 
47 18 
47 19 
47 22 
47 23 
47 25 
47 26 
47 27 
47 28 
47 29 
47 30 
47 31 
47 32 
47 34 
47 35 
47 36 
47 37 
47 39 
47 42 
47 44 
47 45 
47 49 
47 52 
47 57 
47 59 
47 62 
47 63 
47 68 
47 69 
47 70 
47 72 
47 76 
47 78 
47 80 
47 83 
47 84 
47 86 
47 87 
47 88 
47 91 
47 100 
47 102 
47 105 
47 109 
47 110 
47 112 
47 116 
47 117 
47 121 
47 130 
47 133 
47 134 
47 139 
47 140 
47 150 
47 156 
47 158 
47 166 
47 168 
47 173 
47 182 
47 187 
48 3 
48 6 
48 37 
48 45 
48 88 
48 90 
48 173 
48 187 
49 2 
49 3 
49 4 
49 5 
49 6 
49 7 
49 9 
49 14 
49 15 
49 16 
49 22 
49 23 
49 25 
49 26 
49 27 
49 29 
49 30 
49 31 
49 32 
49 33 
49 35 
49 36 
49 37 
49 42 
49 44 
49 45 
49 48 
49 49 
49 54 
49 55 
49 58 
49 60 
49 63 
49 66 
49 67 
49 70 
49 73 
49 76 
49 78 
49 79 
49 82 
49 89 
49 94 
49 95 
49 96 
49 97 
49 105 
49 108 
49 109 
49 110 
49 112 
49 115 
49 116 
49 125 
49 127 
49 128 
49 130 
49 136 
49 146 
49 155 
49 158 
49 159 
49 173 
49 178 
49 182 
49 187 
49 193 
50 22 
50 37 
50 178 
51 2 
51 3 
51 6 
51 22 
51 27 
51 36 
51 37 
51 44 
51 45 
51 48 
51 60 
51 63 
51 77 
51 86 
51 87 
51 88 
51 90 
51 173 
52 2 
52 3 
52 4 
52 6 
52 7 
52 10 
52 11 
52 13 
52 14 
52 15 
52 19 
52 22 
52 23 
52 25 
52 27 
52 30 
52 31 
52 32 
52 35 
52 36 
52 37 
52 40 
52 42 
52 44 
52 45 
52 48 
52 51 
52 60 
52 62 
52 63 
52 68 
52 69 
52 70 
52 72 
52 73 
52 77 
52 83 
52 84 
52 86 
52 87 
52 88 
52 89 
52 90 
52 92 
52 98 
52 100 
52 105 
52 108 
52 116 
52 117 
52 119 
52 121 
52 133 
52 146 
52 148 
52 150 
52 155 
52 158 
52 178 
53 35 
53 37 
53 82 
53 136 
54 4 
54 6 
54 14 
54 15 
54 37 
54 45 
54 57 
54 105 
54 109 
54 118 
55 4 
55 5 
55 6 
55 7 
55 10 
55 13 
55 14 
55 15 
55 16 
55 21 
55 22 
55 23 
55 25 
55 27 
55 31 
55 33 
55 34 
55 35 
55 36 
55 37 
55 42 
55 44 
55 45 
55 49 
55 55 
55 58 
55 63 
55 66 
55 70 
55 76 
55 79 
55 82 
55 84 
55 94 
55 95 
55 96 
55 97 
55 103 
55 105 
55 108 
55 112 
55 127 
55 128 
55 130 
55 134 
55 136 
55 156 
55 158 
55 178 
55 182 
56 48 
56 150 
57 15 
57 27 
57 54 
57 109 
58 2 
58 3 
58 6 
58 11 
58 14 
58 15 
58 16 
58 21 
58 22 
58 23 
58 29 
58 31 
58 32 
58 33 
58 44 
58 45 
58 49 
58 55 
58 63 
58 66 
58 70 
58 71 
58 76 
58 79 
58 80 
58 95 
58 96 
58 97 
58 103 
58 108 
58 109 
58 112 
58 120 
58 127 
58 128 
58 130 
58 134 
58 136 
58 158 
58 178 
59 4 
59 6 
59 14 
59 15 
59 17 
59 22 
59 27 
59 37 
59 44 
59 45 
59 54 
59 57 
59 71 
59 78 
59 80 
59 112 
59 119 
59 156 
59 157 
59 170 
59 173 
59 180 
59 187 
59 193 
60 2 
60 3 
60 6 
60 7 
60 9 
60 10 
60 14 
60 15 
60 22 
60 27 
60 30 
60 32 
60 36 
60 37 
60 40 
60 42 
60 44 
60 45 
60 48 
60 51 
60 52 
60 63 
60 68 
60 69 
60 70 
60 72 
60 73 
60 77 
60 80 
60 83 
60 84 
60 86 
60 87 
60 88 
60 90 
60 105 
60 109 
60 116 
60 117 
60 121 
60 146 
61 2 
61 4 
61 22 
61 28 
61 31 
61 49 
61 80 
61 112 
61 127 
62 2 
62 3 
62 4 
62 6 
62 7 
62 8 
62 10 
62 14 
62 15 
62 19 
62 23 
62 25 
62 26 
62 27 
62 28 
62 30 
62 33 
62 34 
62 35 
62 37 
62 40 
62 42 
62 44 
62 45 
62 63 
62 68 
62 69 
62 70 
62 73 
62 84 
62 87 
62 88 
62 121 
62 130 
62 146 
62 148 
62 158 
62 193 
63 2 
63 3 
63 4 
63 5 
63 6 
63 7 
63 8 
63 9 
63 10 
63 11 
63 13 
63 14 
63 15 
63 18 
63 19 
63 21 
63 22 
63 23 
63 25 
63 26 
63 27 
63 30 
63 31 
63 32 
63 33 
63 34 
63 35 
63 36 
63 37 
63 39 
63 40 
63 42 
63 44 
63 45 
63 48 
63 51 
63 52 
63 58 
63 59 
63 60 
63 62 
63 68 
63 69 
63 70 
63 73 
63 74 
63 76 
63 77 
63 78 
63 80 
63 82 
63 83 
63 84 
63 86 
63 87 
63 88 
63 90 
63 91 
63 94 
63 96 
63 98 
63 100 
63 102 
63 105 
63 109 
63 116 
63 117 
63 121 
63 133 
63 134 
63 146 
63 148 
63 150 
63 156 
63 158 
63 170 
64 7 
64 10 
64 14 
64 44 
64 45 
64 112 
64 127 
64 130 
64 146 
64 178 
64 213 
65 4 
65 6 
65 14 
65 15 
65 16 
65 22 
65 27 
65 31 
65 35 
65 37 
65 44 
65 45 
65 55 
65 58 
65 76 
65 79 
65 96 
65 97 
65 100 
65 103 
65 120 
65 127 
65 128 
65 157 
65 170 
65 178 
65 213 
66 2 
66 3 
66 4 
66 6 
66 7 
66 10 
66 14 
66 15 
66 16 
66 22 
66 27 
66 30 
66 33 
66 34 
66 35 
66 37 
66 45 
66 55 
66 58 
66 63 
66 71 
66 80 
66 96 
66 97 
66 108 
66 125 
66 134 
66 136 
67 4 
67 7 
67 8 
67 45 
67 71 
67 75 
67 92 
67 109 
67 113 
68 2 
68 3 
68 4 
68 5 
68 6 
68 7 
68 8 
68 9 
68 10 
68 11 
68 13 
68 14 
68 15 
68 17 
68 19 
68 21 
68 22 
68 23 
68 25 
68 26 
68 27 
68 28 
68 30 
68 31 
68 32 
68 33 
68 34 
68 35 
68 36 
68 39 
68 40 
68 42 
68 44 
68 45 
68 48 
68 49 
68 51 
68 52 
68 54 
68 58 
68 59 
68 60 
68 62 
68 63 
68 66 
68 67 
68 69 
68 70 
68 73 
68 74 
68 76 
68 77 
68 78 
68 80 
68 82 
68 83 
68 84 
68 86 
68 87 
68 88 
68 90 
68 92 
68 98 
68 100 
68 104 
68 105 
68 109 
68 116 
68 117 
68 119 
68 121 
68 133 
68 134 
68 146 
68 148 
68 156 
68 158 
68 168 
68 182 
69 2 
69 3 
69 4 
69 6 
69 7 
69 8 
69 9 
69 10 
69 11 
69 13 
69 14 
69 15 
69 17 
69 18 
69 21 
69 22 
69 23 
69 25 
69 27 
69 30 
69 31 
69 32 
69 34 
69 35 
69 36 
69 37 
69 39 
69 40 
69 42 
69 44 
69 45 
69 48 
69 49 
69 51 
69 52 
69 55 
69 60 
69 62 
69 63 
69 68 
69 70 
69 72 
69 73 
69 77 
69 78 
69 80 
69 82 
69 83 
69 84 
69 86 
69 87 
69 88 
69 90 
69 98 
69 100 
69 102 
69 103 
69 105 
69 112 
69 116 
69 117 
69 121 
69 133 
69 134 
69 146 
69 148 
69 150 
69 156 
69 158 
69 182 
69 213 
70 2 
70 3 
70 4 
70 5 
70 6 
70 7 
70 8 
70 9 
70 10 
70 11 
70 13 
70 14 
70 15 
70 16 
70 17 
70 21 
70 22 
70 23 
70 27 
70 29 
70 30 
70 31 
70 32 
70 34 
70 35 
70 36 
70 37 
70 39 
70 40 
70 42 
70 44 
70 45 
70 48 
70 49 
70 51 
70 52 
70 55 
70 58 
70 60 
70 62 
70 63 
70 67 
70 68 
70 69 
70 71 
70 72 
70 73 
70 76 
70 77 
70 80 
70 82 
70 83 
70 84 
70 86 
70 87 
70 88 
70 90 
70 95 
70 96 
70 97 
70 98 
70 100 
70 102 
70 105 
70 108 
70 109 
70 115 
70 116 
70 117 
70 119 
70 121 
70 148 
70 150 
70 155 
70 156 
70 182 
71 2 
71 4 
71 7 
71 9 
71 10 
71 22 
71 23 
71 27 
71 44 
71 67 
71 70 
71 75 
71 82 
71 92 
71 104 
71 109 
71 113 
71 115 
71 119 
71 134 
71 150 
71 158 
71 168 
71 181 
71 193 
72 2 
72 15 
72 32 
72 42 
72 52 
72 60 
72 63 
72 86 
72 88 
72 117 
73 2 
73 3 
73 4 
73 6 
73 11 
73 13 
73 14 
73 15 
73 17 
73 21 
73 22 
73 23 
73 30 
73 32 
73 34 
73 35 
73 36 
73 40 
73 42 
73 44 
73 45 
73 48 
73 52 
73 60 
73 62 
73 63 
73 68 
73 69 
73 70 
73 71 
73 72 
73 80 
73 84 
73 86 
73 87 
73 88 
73 98 
73 100 
73 102 
73 116 
73 117 
73 121 
73 133 
73 180 
74 3 
74 4 
74 7 
74 9 
74 13 
74 14 
74 15 
74 22 
74 26 
74 27 
74 30 
74 34 
74 35 
74 36 
74 37 
74 52 
74 53 
74 60 
74 62 
74 66 
74 68 
74 70 
74 73 
74 80 
74 82 
74 90 
74 91 
74 94 
74 100 
74 102 
74 133 
74 134 
74 150 
74 156 
74 182 
75 45 
75 92 
75 109 
75 113 
75 168 
76 2 
76 3 
76 4 
76 5 
76 6 
76 7 
76 8 
76 9 
76 10 
76 11 
76 13 
76 14 
76 15 
76 16 
76 17 
76 18 
76 21 
76 22 
76 23 
76 25 
76 26 
76 27 
76 28 
76 29 
76 30 
76 31 
76 32 
76 33 
76 34 
76 35 
76 36 
76 37 
76 39 
76 40 
76 44 
76 45 
76 49 
76 51 
76 54 
76 55 
76 58 
76 59 
76 60 
76 62 
76 63 
76 66 
76 69 
76 70 
76 71 
76 78 
76 79 
76 80 
76 82 
76 83 
76 90 
76 94 
76 95 
76 96 
76 97 
76 103 
76 105 
76 108 
76 109 
76 112 
76 120 
76 125 
76 127 
76 128 
76 130 
76 133 
76 134 
76 136 
76 146 
76 150 
76 156 
76 158 
76 178 
77 48 
77 51 
77 88 
77 90 
78 2 
78 4 
78 5 
78 6 
78 7 
78 9 
78 14 
78 15 
78 22 
78 23 
78 27 
78 28 
78 32 
78 33 
78 35 
78 36 
78 37 
78 44 
78 45 
78 54 
78 57 
78 59 
78 60 
78 63 
78 67 
78 68 
78 70 
78 80 
78 82 
78 90 
78 91 
78 104 
78 109 
78 110 
78 119 
78 125 
78 134 
78 146 
78 150 
78 156 
78 157 
78 158 
78 170 
78 173 
78 180 
78 182 
78 187 
78 193 
78 213 
79 6 
79 16 
79 29 
79 45 
79 58 
79 120 
80 2 
80 3 
80 4 
80 6 
80 7 
80 8 
80 9 
80 10 
80 11 
80 13 
80 14 
80 15 
80 17 
80 18 
80 21 
80 22 
80 23 
80 25 
80 26 
80 27 
80 29 
80 30 
80 31 
80 32 
80 33 
80 34 
80 35 
80 36 
80 37 
80 39 
80 40 
80 42 
80 44 
80 45 
80 55 
80 57 
80 63 
80 66 
80 68 
80 69 
80 70 
80 71 
80 73 
80 76 
80 77 
80 82 
80 83 
80 86 
80 87 
80 96 
80 98 
80 102 
80 109 
80 110 
80 117 
80 121 
80 133 
80 139 
80 146 
81 7 
81 10 
81 16 
81 37 
81 44 
81 45 
81 55 
81 58 
81 66 
81 72 
81 76 
81 79 
81 90 
81 94 
81 97 
81 103 
81 108 
81 112 
81 127 
81 130 
81 136 
82 2 
82 3 
82 4 
82 5 
82 6 
82 7 
82 8 
82 9 
82 10 
82 11 
82 13 
82 14 
82 15 
82 17 
82 18 
82 21 
82 22 
82 23 
82 25 
82 26 
82 27 
82 30 
82 31 
82 32 
82 34 
82 35 
82 36 
82 37 
82 39 
82 42 
82 44 
82 45 
82 51 
82 52 
82 53 
82 59 
82 60 
82 62 
82 63 
82 68 
82 69 
82 70 
82 71 
82 73 
82 74 
82 75 
82 78 
82 80 
82 84 
82 86 
82 87 
82 88 
82 91 
82 92 
82 94 
82 97 
82 98 
82 102 
82 104 
82 109 
82 115 
82 117 
82 121 
82 133 
82 134 
82 140 
82 146 
82 150 
82 156 
82 158 
82 182 
82 187 
82 193 
83 15 
83 32 
83 52 
83 84 
83 100 
83 117 
84 2 
84 3 
84 4 
84 6 
84 7 
84 9 
84 11 
84 13 
84 14 
84 15 
84 22 
84 25 
84 27 
84 30 
84 31 
84 32 
84 33 
84 35 
84 36 
84 37 
84 40 
84 42 
84 44 
84 45 
84 48 
84 51 
84 52 
84 60 
84 62 
84 63 
84 68 
84 69 
84 70 
84 73 
84 77 
84 83 
84 86 
84 87 
84 88 
84 90 
84 96 
84 100 
84 109 
84 116 
84 117 
84 121 
84 133 
84 148 
85 48 
86 2 
86 3 
86 6 
86 14 
86 15 
86 22 
86 23 
86 27 
86 30 
86 32 
86 35 
86 36 
86 37 
86 42 
86 44 
86 45 
86 51 
86 52 
86 60 
86 63 
86 68 
86 69 
86 73 
86 77 
86 78 
86 82 
86 83 
86 84 
86 87 
86 88 
86 90 
86 91 
86 105 
86 109 
86 116 
86 117 
86 121 
87 2 
87 3 
87 4 
87 6 
87 11 
87 13 
87 14 
87 15 
87 22 
87 27 
87 29 
87 30 
87 31 
87 32 
87 34 
87 35 
87 36 
87 37 
87 40 
87 42 
87 44 
87 48 
87 51 
87 52 
87 60 
87 63 
87 68 
87 69 
87 72 
87 73 
87 77 
87 80 
87 82 
87 83 
87 84 
87 86 
87 88 
87 90 
87 98 
87 100 
87 105 
87 116 
87 117 
87 121 
87 133 
87 138 
87 146 
87 148 
88 2 
88 3 
88 4 
88 6 
88 7 
88 8 
88 10 
88 13 
88 14 
88 15 
88 17 
88 22 
88 23 
88 27 
88 30 
88 31 
88 32 
88 34 
88 36 
88 37 
88 39 
88 40 
88 42 
88 45 
88 48 
88 51 
88 52 
88 60 
88 62 
88 63 
88 68 
88 69 
88 70 
88 72 
88 73 
88 77 
88 80 
88 83 
88 84 
88 86 
88 87 
88 90 
88 98 
88 100 
88 102 
88 109 
88 116 
88 117 
88 121 
88 133 
88 146 
88 148 
89 2 
89 4 
89 5 
89 6 
89 11 
89 13 
89 14 
89 15 
89 19 
89 21 
89 22 
89 25 
89 27 
89 30 
89 32 
89 33 
89 35 
89 36 
89 37 
89 39 
89 40 
89 44 
89 45 
89 52 
89 54 
89 55 
89 62 
89 67 
89 68 
89 80 
89 83 
89 84 
89 87 
89 91 
89 94 
89 96 
89 105 
89 116 
89 117 
89 119 
89 125 
89 128 
89 134 
89 146 
89 158 
89 178 
89 213 
90 2 
90 3 
90 4 
90 6 
90 14 
90 15 
90 22 
90 23 
90 31 
90 32 
90 36 
90 37 
90 40 
90 42 
90 45 
90 48 
90 51 
90 52 
90 60 
90 62 
90 68 
90 69 
90 77 
90 80 
90 84 
90 86 
90 88 
90 105 
90 133 
90 150 
91 2 
91 4 
91 5 
91 6 
91 11 
91 14 
91 15 
91 22 
91 23 
91 25 
91 27 
91 32 
91 33 
91 35 
91 36 
91 37 
91 39 
91 44 
91 45 
91 49 
91 53 
91 54 
91 57 
91 59 
91 67 
91 69 
91 76 
91 78 
91 79 
91 80 
91 82 
91 102 
91 105 
91 109 
91 118 
91 119 
91 134 
91 146 
91 148 
91 150 
91 156 
91 157 
91 158 
91 170 
91 173 
91 180 
91 182 
91 187 
91 193 
91 213 
92 44 
92 67 
92 71 
92 109 
92 113 
92 159 
92 181 
93 7 
93 9 
93 10 
93 14 
93 16 
93 17 
93 19 
93 21 
93 27 
93 28 
93 30 
93 31 
93 32 
93 33 
93 34 
93 36 
93 40 
93 48 
93 49 
93 51 
93 53 
93 55 
93 58 
93 59 
93 63 
93 71 
93 74 
93 76 
93 77 
93 82 
93 83 
93 84 
93 90 
93 91 
93 96 
93 97 
93 100 
93 103 
93 109 
93 110 
93 119 
93 127 
93 133 
93 148 
93 156 
93 157 
93 178 
93 180 
93 213 
94 2 
94 22 
94 30 
94 45 
94 55 
94 66 
94 76 
94 82 
94 97 
94 108 
94 127 
94 128 
95 2 
95 5 
95 6 
95 7 
95 9 
95 15 
95 16 
95 22 
95 35 
95 45 
95 55 
95 60 
95 70 
95 96 
95 108 
95 109 
95 182 
96 2 
96 5 
96 6 
96 7 
96 9 
96 10 
96 14 
96 15 
96 16 
96 18 
96 22 
96 23 
96 26 
96 27 
96 31 
96 34 
96 36 
96 39 
96 44 
96 45 
96 49 
96 53 
96 55 
96 58 
96 63 
96 66 
96 70 
96 76 
96 78 
96 79 
96 80 
96 94 
96 95 
96 97 
96 100 
96 103 
96 105 
96 108 
96 110 
96 112 
96 117 
96 120 
96 121 
96 125 
96 127 
96 130 
96 134 
96 140 
96 150 
96 156 
96 158 
96 170 
96 178 
96 182 
97 6 
97 16 
97 22 
97 27 
97 31 
97 45 
97 58 
97 76 
97 79 
97 96 
97 136 
98 2 
98 3 
98 4 
98 6 
98 7 
98 9 
98 10 
98 11 
98 13 
98 14 
98 17 
98 21 
98 22 
98 23 
98 26 
98 27 
98 30 
98 31 
98 32 
98 35 
98 36 
98 37 
98 39 
98 40 
98 42 
98 44 
98 45 
98 49 
98 60 
98 63 
98 73 
98 76 
98 80 
98 82 
98 88 
98 90 
98 96 
98 102 
98 105 
98 108 
98 109 
98 117 
98 121 
98 133 
98 150 
99 2 
99 6 
99 7 
99 9 
99 37 
99 45 
99 51 
99 105 
99 156 
99 165 
99 166 
99 182 
100 6 
100 7 
100 8 
100 15 
100 30 
100 32 
100 42 
100 45 
100 52 
100 55 
100 68 
100 69 
100 70 
100 73 
100 103 
100 116 
100 117 
100 133 
100 193 
101 16 
101 45 
101 58 
101 60 
101 76 
101 79 
101 97 
101 136 
102 6 
102 7 
102 9 
102 11 
102 13 
102 22 
102 23 
102 27 
102 31 
102 36 
102 44 
102 45 
102 49 
102 60 
102 69 
102 73 
102 80 
102 84 
102 98 
102 99 
102 110 
102 117 
102 121 
102 150 
102 155 
102 178 
102 182 
103 2 
103 6 
103 7 
103 9 
103 14 
103 23 
103 44 
103 45 
103 76 
103 82 
103 105 
103 112 
103 120 
103 127 
103 128 
103 130 
103 136 
103 178 
104 6 
104 7 
104 9 
104 14 
104 23 
104 44 
104 76 
104 150 
105 2 
105 3 
105 4 
105 6 
105 7 
105 8 
105 9 
105 10 
105 11 
105 13 
105 14 
105 15 
105 17 
105 18 
105 21 
105 22 
105 23 
105 25 
105 26 
105 27 
105 29 
105 30 
105 31 
105 33 
105 34 
105 35 
105 36 
105 37 
105 39 
105 40 
105 44 
105 45 
105 58 
105 59 
105 60 
105 62 
105 63 
105 68 
105 69 
105 70 
105 80 
105 87 
105 88 
105 96 
105 97 
105 99 
105 105 
105 109 
105 110 
105 113 
105 116 
105 117 
105 119 
105 121 
105 125 
105 128 
105 134 
105 146 
105 150 
105 156 
105 158 
105 165 
105 166 
105 182 
107 5 
107 6 
107 23 
107 31 
107 35 
107 45 
107 49 
107 78 
107 95 
107 96 
107 97 
107 108 
107 134 
107 156 
108 2 
108 3 
108 4 
108 5 
108 6 
108 7 
108 9 
108 10 
108 11 
108 14 
108 15 
108 16 
108 22 
108 23 
108 27 
108 28 
108 30 
108 31 
108 32 
108 33 
108 34 
108 35 
108 36 
108 37 
108 39 
108 40 
108 44 
108 45 
108 49 
108 55 
108 58 
108 59 
108 63 
108 66 
108 69 
108 76 
108 77 
108 78 
108 79 
108 80 
108 82 
108 86 
108 94 
108 95 
108 96 
108 97 
108 102 
108 103 
108 105 
108 108 
108 109 
108 119 
108 127 
108 146 
108 150 
108 158 
109 2 
109 3 
109 4 
109 5 
109 6 
109 7 
109 8 
109 9 
109 10 
109 11 
109 13 
109 14 
109 15 
109 17 
109 18 
109 19 
109 21 
109 22 
109 23 
109 25 
109 26 
109 27 
109 28 
109 29 
109 30 
109 31 
109 32 
109 34 
109 35 
109 36 
109 37 
109 39 
109 40 
109 42 
109 44 
109 45 
109 49 
109 51 
109 52 
109 54 
109 57 
109 59 
109 60 
109 62 
109 63 
109 67 
109 68 
109 70 
109 71 
109 74 
109 75 
109 76 
109 78 
109 80 
109 82 
109 83 
109 86 
109 87 
109 88 
109 90 
109 92 
109 96 
109 98 
109 99 
109 102 
109 104 
109 105 
109 108 
109 109 
109 110 
109 112 
109 113 
109 115 
109 116 
109 117 
109 119 
109 125 
109 128 
109 134 
109 138 
109 146 
109 148 
109 150 
109 157 
109 158 
109 168 
109 170 
109 180 
109 181 
109 187 
109 212 
110 2 
110 4 
110 6 
110 7 
110 8 
110 9 
110 10 
110 11 
110 14 
110 15 
110 17 
110 21 
110 22 
110 23 
110 25 
110 26 
110 27 
110 28 
110 29 
110 30 
110 31 
110 32 
110 34 
110 35 
110 36 
110 37 
110 39 
110 40 
110 42 
110 44 
110 45 
110 51 
110 52 
110 58 
110 60 
110 62 
110 63 
110 69 
110 70 
110 71 
110 72 
110 73 
110 76 
110 80 
110 83 
110 96 
110 99 
110 102 
110 105 
110 109 
110 112 
110 117 
110 120 
110 121 
110 128 
110 134 
110 136 
110 146 
110 148 
110 150 
110 156 
110 158 
110 178 
110 212 
111 2 
111 7 
111 10 
111 23 
111 31 
111 42 
111 67 
111 76 
111 83 
111 92 
111 127 
111 134 
111 158 
112 6 
112 14 
112 37 
112 44 
112 45 
112 54 
112 103 
112 109 
112 120 
112 127 
112 128 
112 130 
112 178 
113 71 
113 75 
113 115 
113 125 
113 159 
113 168 
113 181 
114 2 
114 5 
114 6 
114 14 
114 15 
114 16 
114 22 
114 23 
114 26 
114 29 
114 30 
114 31 
114 34 
114 35 
114 36 
114 44 
114 45 
114 49 
114 55 
114 58 
114 59 
114 60 
114 66 
114 76 
114 79 
114 84 
114 94 
114 95 
114 96 
114 97 
114 103 
114 105 
114 108 
114 112 
114 125 
114 178 
115 75 
115 168 
116 14 
116 32 
116 45 
116 68 
116 84 
116 117 
117 6 
117 15 
117 30 
117 42 
117 45 
117 52 
117 69 
117 73 
117 83 
117 87 
117 98 
117 100 
117 105 
117 116 
117 121 
117 133 
117 193 
118 57 
119 2 
119 4 
119 6 
119 14 
119 15 
119 21 
119 22 
119 27 
119 37 
119 44 
119 45 
119 54 
119 59 
119 62 
119 105 
119 109 
119 120 
119 138 
119 157 
119 158 
119 170 
119 173 
119 180 
119 193 
120 6 
120 44 
120 45 
120 103 
120 112 
120 128 
120 130 
120 178 
121 2 
121 3 
121 4 
121 11 
121 13 
121 15 
121 21 
121 22 
121 30 
121 32 
121 35 
121 36 
121 37 
121 42 
121 44 
121 45 
121 51 
121 52 
121 60 
121 63 
121 68 
121 70 
121 72 
121 73 
121 80 
121 88 
121 98 
121 100 
121 102 
121 116 
121 117 
121 133 
122 2 
122 6 
122 14 
122 45 
122 59 
122 71 
122 113 
122 157 
122 170 
122 181 
122 187 
122 193 
122 213 
124 2 
124 3 
124 4 
124 6 
124 7 
124 8 
124 15 
124 17 
124 21 
124 22 
124 23 
124 27 
124 28 
124 36 
124 37 
124 42 
124 44 
124 45 
124 51 
124 62 
124 82 
124 109 
124 113 
124 119 
124 138 
124 157 
124 158 
124 180 
124 187 
124 193 
125 2 
125 4 
125 6 
125 14 
125 17 
125 25 
125 26 
125 27 
125 28 
125 33 
125 34 
125 36 
125 39 
125 59 
125 67 
125 68 
125 71 
125 78 
125 89 
125 91 
125 109 
125 113 
125 134 
125 146 
125 150 
125 158 
125 187 
126 6 
126 15 
126 128 
127 27 
127 29 
127 158 
128 6 
128 44 
128 45 
128 94 
128 103 
128 112 
128 120 
128 127 
128 136 
128 178 
129 14 
129 17 
129 27 
129 103 
129 127 
129 128 
129 130 
129 178 
129 193 
130 4 
130 14 
130 17 
130 27 
130 120 
130 127 
130 156 
131 6 
131 99 
131 105 
132 6 
132 44 
132 45 
132 54 
132 120 
132 130 
132 178 
133 7 
133 8 
133 32 
133 45 
133 98 
133 117 
134 15 
134 17 
134 22 
134 25 
134 31 
134 33 
134 71 
134 110 
134 125 
134 146 
134 155 
134 158 
135 2 
135 6 
135 17 
135 22 
135 26 
135 28 
135 31 
135 34 
135 36 
135 44 
135 45 
135 68 
135 71 
135 103 
135 109 
135 110 
135 134 
135 136 
135 146 
135 155 
135 158 
135 178 
135 187 
135 212 
136 6 
136 7 
136 9 
136 10 
136 16 
136 23 
136 45 
136 80 
136 97 
137 6 
137 103 
138 115 
138 168 
139 7 
139 10 
139 31 
139 45 
139 157 
140 6 
140 8 
140 9 
140 10 
140 45 
140 71 
140 82 
140 156 
141 7 
141 9 
141 17 
141 28 
141 52 
141 63 
141 92 
141 130 
142 4 
142 14 
142 44 
142 57 
142 113 
142 168 
144 113 
145 2 
145 4 
145 6 
145 14 
145 35 
145 40 
145 45 
145 59 
145 78 
145 82 
145 193 
146 2 
146 6 
146 7 
146 8 
146 11 
146 14 
146 15 
146 17 
146 22 
146 25 
146 27 
146 31 
146 33 
146 35 
146 36 
146 37 
146 44 
146 45 
146 63 
146 67 
146 71 
146 76 
146 80 
146 84 
146 89 
146 109 
146 110 
146 119 
146 125 
146 133 
146 134 
146 150 
146 158 
146 187 
147 14 
148 6 
148 11 
148 14 
148 15 
148 21 
148 22 
148 25 
148 27 
148 33 
148 35 
148 36 
148 37 
148 44 
148 45 
148 53 
148 54 
148 57 
148 59 
148 60 
148 62 
148 67 
148 68 
148 71 
148 80 
148 88 
148 102 
148 104 
148 118 
148 119 
148 125 
148 133 
148 134 
148 146 
148 155 
148 157 
148 158 
148 170 
148 187 
148 193 
148 212 
149 99 
150 2 
150 4 
150 14 
150 21 
150 27 
150 44 
150 75 
150 92 
150 104 
150 109 
150 115 
150 119 
150 134 
150 168 
150 170 
150 180 
151 7 
151 10 
151 31 
151 45 
152 75 
152 82 
152 109 
152 115 
152 168 
153 2 
153 7 
153 9 
153 10 
153 15 
153 26 
153 28 
153 29 
153 31 
153 34 
153 39 
153 158 
154 2 
154 3 
154 7 
154 8 
154 15 
154 17 
154 118 
154 138 
155 2 
155 7 
155 8 
155 15 
155 17 
155 26 
155 36 
155 44 
155 45 
155 63 
156 2 
156 105 
156 120 
156 166 
156 182 
157 14 
157 42 
157 110 
157 170 
157 180 
158 14 
158 17 
158 110 
158 134 
159 4 
159 6 
159 92 
159 181 
160 6 
160 14 
160 30 
160 44 
160 45 
160 120 
160 128 
160 178 
161 2 
161 7 
161 10 
161 37 
161 99 
161 105 
163 2 
163 6 
163 7 
163 8 
163 14 
163 15 
163 27 
163 36 
163 67 
163 71 
163 75 
163 105 
163 150 
163 158 
163 168 
165 99 
166 45 
166 63 
167 67 
167 71 
167 134 
167 158 
168 32 
168 44 
168 75 
168 102 
168 104 
168 109 
168 115 
168 118 
168 138 
169 6 
169 14 
169 25 
169 91 
169 157 
170 14 
170 45 
170 119 
170 157 
170 173 
171 7 
171 9 
172 4 
172 7 
172 9 
172 17 
172 25 
172 28 
172 33 
172 84 
172 125 
172 134 
172 146 
172 158 
172 213 
173 4 
173 6 
173 14 
173 57 
173 119 
173 120 
173 157 
173 170 
173 173 
173 180 
176 17 
176 67 
177 103 
177 120 
177 178 
178 6 
178 7 
178 9 
178 44 
178 128 
180 157 
180 173 
182 6 
182 14 
182 156 
183 75 
184 6 
184 14 
184 45 
184 146 
185 178 
185 193 
186 4 
186 15 
186 22 
186 27 
186 37 
186 44 
186 45 
186 146 
187 4 
187 6 
187 14 
187 22 
187 27 
187 37 
187 40 
187 45 
187 53 
187 54 
187 57 
187 59 
187 157 
187 170 
187 173 
187 180 
187 193 
187 213 
188 7 
188 10 
188 37 
188 178 
189 34 
189 158 
193 27 
193 45 
193 187 
193 213 
194 193 
195 105 
196 168 
198 11 
201 57 
201 118 
201 120 
202 26 
202 34 
203 37 
203 102 
204 59 
205 94 
210 21 
210 36 
210 37 
211 104 
212 23 
213 187 
