2 23 
2 34 
2 39 
2 44 
2 105 
2 212 
3 11 
3 14 
3 15 
3 22 
3 27 
3 30 
3 36 
3 37 
3 42 
3 63 
3 69 
3 74 
3 84 
3 87 
3 88 
4 7 
4 8 
4 11 
4 14 
4 15 
4 27 
4 30 
4 31 
4 63 
4 69 
4 82 
4 84 
6 2 
6 4 
6 5 
6 6 
6 7 
6 9 
6 10 
6 11 
6 13 
6 14 
6 15 
6 16 
6 17 
6 22 
6 23 
6 27 
6 29 
6 30 
6 31 
6 32 
6 35 
6 36 
6 37 
6 39 
6 40 
6 44 
6 45 
6 49 
6 55 
6 58 
6 60 
6 66 
6 68 
6 70 
6 76 
6 78 
6 80 
6 94 
6 95 
6 96 
6 97 
6 102 
6 108 
6 109 
6 112 
6 120 
6 187 
7 23 
7 26 
7 31 
7 44 
7 45 
7 98 
8 26 
8 45 
9 10 
9 23 
9 26 
9 31 
9 44 
9 98 
11 6 
11 14 
11 30 
11 35 
11 36 
11 44 
11 80 
11 102 
13 36 
13 98 
14 3 
14 4 
14 6 
14 15 
14 22 
14 23 
14 27 
14 35 
14 36 
14 37 
14 44 
14 63 
14 69 
14 74 
14 82 
14 84 
15 3 
15 4 
15 5 
15 7 
15 9 
15 11 
15 13 
15 14 
15 21 
15 22 
15 23 
15 27 
15 30 
15 32 
15 34 
15 35 
15 36 
15 37 
15 44 
15 49 
15 52 
15 62 
15 63 
15 68 
15 69 
15 74 
15 80 
15 84 
15 86 
15 88 
15 94 
15 96 
15 98 
15 121 
16 97 
17 2 
17 4 
17 6 
17 7 
17 8 
17 10 
17 14 
17 15 
17 18 
17 21 
17 22 
17 23 
17 25 
17 26 
17 27 
17 28 
17 32 
17 34 
17 37 
17 39 
17 40 
17 44 
17 45 
17 49 
17 52 
17 63 
17 68 
17 70 
17 71 
17 75 
17 78 
17 80 
17 82 
17 84 
17 92 
17 99 
17 105 
17 109 
17 110 
17 113 
17 116 
17 125 
17 134 
17 146 
17 150 
17 155 
17 158 
17 187 
17 190 
17 212 
22 6 
22 11 
22 14 
22 15 
22 23 
22 32 
22 35 
22 45 
22 69 
22 88 
22 105 
23 39 
23 105 
25 6 
25 158 
26 7 
26 10 
26 34 
27 3 
27 4 
27 11 
27 13 
27 14 
27 15 
27 22 
27 23 
27 30 
27 35 
27 36 
27 37 
27 44 
27 63 
27 69 
27 74 
27 80 
27 87 
27 102 
27 109 
27 110 
27 130 
27 168 
28 26 
28 109 
28 110 
28 158 
30 3 
30 4 
30 14 
30 15 
30 22 
30 32 
30 35 
30 42 
30 63 
30 69 
30 73 
30 83 
30 84 
30 88 
30 117 
30 121 
32 27 
32 30 
32 117 
34 5 
34 29 
34 99 
34 212 
35 4 
35 30 
35 82 
35 110 
36 11 
36 13 
36 63 
36 80 
36 98 
37 14 
37 15 
39 2 
39 36 
39 104 
40 80 
42 3 
42 4 
42 7 
42 9 
42 11 
42 15 
42 27 
42 30 
42 32 
42 36 
42 37 
42 40 
42 52 
42 60 
42 63 
42 68 
42 69 
42 73 
42 83 
42 84 
42 86 
42 87 
42 88 
42 112 
42 117 
43 92 
43 125 
43 212 
44 2 
44 4 
44 14 
44 15 
44 21 
44 22 
44 27 
44 30 
44 32 
44 34 
44 37 
44 39 
44 63 
44 80 
44 82 
44 102 
45 2 
45 4 
45 6 
45 13 
45 14 
45 23 
45 29 
45 31 
45 34 
45 35 
45 39 
45 44 
45 63 
45 66 
45 70 
45 76 
45 80 
45 94 
45 98 
45 103 
45 105 
45 109 
45 112 
45 128 
45 182 
52 90 
55 66 
63 3 
63 4 
63 5 
63 7 
63 9 
63 13 
63 14 
63 15 
63 22 
63 23 
63 27 
63 30 
63 37 
63 44 
63 49 
63 55 
63 69 
63 80 
63 87 
63 96 
63 120 
67 27 
69 3 
69 14 
69 15 
69 21 
69 22 
69 23 
69 27 
69 30 
69 63 
69 84 
69 87 
73 14 
73 15 
73 27 
74 4 
74 15 
80 63 
82 35 
83 30 
83 63 
83 84 
84 4 
84 14 
84 15 
84 27 
84 40 
84 68 
84 69 
84 83 
86 15 
86 90 
87 3 
87 15 
87 63 
87 69 
89 4 
89 134 
93 63 
96 29 
98 13 
105 2 
105 6 
105 23 
105 99 
105 105 
107 36 
109 6 
109 37 
109 39 
109 115 
109 138 
109 168 
110 6 
110 11 
110 26 
110 44 
110 45 
110 62 
110 212 
121 73 
121 98 
134 130 
135 26 
153 158 
