1 6 
1 17 
1 36 
2 7 
2 8 
2 11 
2 26 
2 34 
2 40 
2 99 
2 105 
3 14 
3 15 
3 22 
3 27 
3 30 
3 37 
3 40 
3 60 
3 63 
3 69 
3 74 
3 84 
3 88 
4 7 
4 8 
4 13 
4 14 
4 15 
4 22 
4 27 
4 44 
4 63 
4 74 
5 7 
5 8 
5 42 
5 86 
5 102 
7 2 
7 6 
7 26 
7 27 
7 32 
7 34 
7 39 
7 40 
7 44 
7 45 
7 105 
7 133 
8 6 
8 26 
8 45 
9 2 
9 6 
9 27 
9 32 
9 34 
9 39 
9 40 
9 44 
9 105 
9 133 
10 8 
11 4 
11 13 
11 15 
11 27 
11 35 
11 36 
11 44 
11 80 
12 26 
12 40 
12 80 
13 27 
13 40 
13 98 
13 121 
14 3 
14 4 
14 6 
14 7 
14 8 
14 11 
14 13 
14 15 
14 21 
14 22 
14 27 
14 30 
14 32 
14 34 
14 35 
14 36 
14 37 
14 40 
14 44 
14 45 
14 57 
14 59 
14 74 
14 80 
14 82 
14 88 
14 91 
14 104 
14 182 
15 3 
15 4 
15 7 
15 8 
15 11 
15 13 
15 14 
15 21 
15 22 
15 27 
15 30 
15 32 
15 35 
15 36 
15 37 
15 40 
15 42 
15 44 
15 51 
15 52 
15 60 
15 62 
15 63 
15 68 
15 69 
15 73 
15 74 
15 80 
15 82 
15 84 
15 87 
15 88 
15 98 
15 102 
15 121 
15 146 
15 148 
15 182 
17 7 
17 8 
17 71 
17 80 
17 105 
17 155 
19 2 
19 3 
19 6 
19 7 
19 8 
19 10 
19 11 
19 14 
19 15 
19 17 
19 23 
19 26 
19 27 
19 34 
19 37 
19 42 
19 44 
19 45 
19 48 
19 69 
19 83 
19 84 
19 91 
19 158 
21 44 
22 3 
22 4 
22 6 
22 11 
22 13 
22 14 
22 15 
22 23 
22 27 
22 30 
22 32 
22 35 
22 36 
22 37 
22 40 
22 44 
22 45 
22 48 
22 51 
22 52 
22 60 
22 70 
22 73 
22 88 
22 98 
22 148 
23 7 
23 8 
23 10 
23 14 
23 34 
25 6 
25 44 
25 158 
26 34 
26 39 
27 3 
27 4 
27 7 
27 8 
27 11 
27 13 
27 14 
27 15 
27 21 
27 22 
27 26 
27 30 
27 34 
27 35 
27 36 
27 37 
27 40 
27 44 
27 60 
27 63 
27 68 
27 73 
27 80 
27 82 
27 84 
27 88 
27 98 
27 102 
27 121 
28 6 
28 7 
28 8 
28 17 
28 44 
28 45 
28 158 
30 3 
30 27 
30 63 
30 87 
30 88 
31 6 
33 21 
33 37 
33 40 
34 7 
34 8 
34 26 
35 6 
35 11 
35 14 
35 15 
35 22 
35 23 
35 27 
35 36 
35 37 
35 44 
35 45 
35 68 
35 76 
35 80 
35 82 
36 11 
36 13 
36 80 
37 7 
37 10 
37 15 
37 40 
37 68 
39 7 
39 8 
39 34 
40 2 
40 3 
40 4 
40 5 
40 6 
40 7 
40 8 
40 10 
40 11 
40 13 
40 14 
40 15 
40 17 
40 19 
40 21 
40 22 
40 23 
40 26 
40 27 
40 30 
40 32 
40 33 
40 34 
40 35 
40 36 
40 37 
40 39 
40 42 
40 44 
40 45 
40 48 
40 49 
40 51 
40 52 
40 59 
40 60 
40 63 
40 68 
40 69 
40 70 
40 71 
40 73 
40 76 
40 77 
40 78 
40 80 
40 82 
40 83 
40 84 
40 86 
40 87 
40 88 
40 90 
40 91 
40 98 
40 102 
40 105 
40 109 
40 121 
40 133 
40 146 
40 148 
40 158 
40 182 
43 26 
43 34 
43 104 
43 113 
43 125 
44 6 
44 7 
44 8 
44 11 
44 21 
44 22 
44 26 
44 30 
44 32 
44 34 
44 35 
44 40 
44 62 
44 63 
44 68 
44 71 
44 73 
44 80 
44 88 
44 113 
44 128 
44 148 
45 2 
45 6 
45 7 
45 8 
45 10 
45 11 
45 15 
45 23 
45 26 
45 27 
45 34 
45 37 
45 39 
45 40 
45 76 
45 102 
45 103 
45 105 
45 128 
45 182 
46 6 
48 22 
48 51 
48 77 
48 86 
48 88 
49 5 
51 86 
52 32 
55 34 
55 44 
58 79 
60 51 
60 86 
63 3 
63 84 
63 87 
68 2 
68 3 
68 4 
68 6 
68 7 
68 8 
68 14 
68 15 
68 22 
68 30 
68 35 
68 40 
68 44 
68 45 
68 48 
68 52 
68 62 
68 63 
68 80 
68 84 
68 88 
68 116 
68 148 
69 40 
69 60 
69 84 
69 87 
69 88 
70 7 
70 8 
70 34 
70 40 
70 48 
70 109 
73 32 
73 98 
73 121 
74 14 
74 15 
76 6 
76 7 
76 8 
76 45 
78 4 
78 14 
80 40 
82 4 
82 14 
82 15 
82 35 
82 37 
82 40 
82 44 
82 45 
84 63 
86 60 
87 15 
87 30 
87 63 
88 3 
88 15 
88 40 
89 6 
89 7 
89 8 
89 26 
89 32 
89 33 
89 36 
89 86 
89 116 
89 146 
89 158 
90 86 
91 14 
91 22 
91 51 
91 80 
93 14 
93 27 
93 33 
93 40 
93 77 
93 89 
96 7 
96 8 
96 49 
98 13 
103 6 
105 109 
108 32 
109 15 
109 42 
109 44 
109 86 
109 158 
109 168 
121 73 
121 98 
126 26 
140 8 
146 40 
203 37 
204 59 
