3 14 
3 15 
4 13 
4 14 
4 15 
4 27 
4 44 
4 74 
5 32 
7 80 
9 80 
11 36 
14 3 
14 4 
14 11 
14 15 
14 21 
14 22 
14 27 
14 30 
14 35 
14 44 
14 74 
15 3 
15 4 
15 14 
15 22 
15 27 
15 30 
16 97 
22 3 
22 4 
22 14 
22 15 
22 32 
22 35 
22 36 
22 44 
22 52 
22 68 
22 84 
22 88 
27 3 
27 4 
27 11 
27 13 
27 14 
27 15 
27 22 
27 30 
27 36 
27 44 
27 63 
27 68 
27 84 
27 121 
30 14 
35 4 
35 14 
35 15 
35 22 
35 27 
35 30 
35 44 
35 60 
35 82 
36 14 
40 3 
40 4 
40 11 
40 14 
40 15 
40 19 
40 27 
40 30 
40 32 
40 33 
40 36 
40 44 
40 48 
40 52 
40 60 
40 68 
40 69 
40 80 
40 83 
40 84 
40 87 
40 88 
40 90 
40 121 
45 16 
45 116 
46 32 
49 5 
49 32 
49 84 
68 15 
68 22 
68 27 
68 32 
68 48 
68 52 
68 62 
68 80 
68 84 
68 90 
68 116 
69 15 
70 4 
72 32 
73 121 
82 14 
82 35 
86 69 
88 84 
90 48 
90 68 
91 32 
93 33 
96 14 
96 16 
96 27 
96 32 
96 35 
96 80 
100 116 
109 27 
109 32 
133 32 
146 68 
