1 6 
1 7 
1 9 
1 11 
1 15 
1 28 
1 44 
2 4 
2 6 
2 7 
2 8 
2 9 
2 10 
2 11 
2 14 
2 15 
2 17 
2 18 
2 22 
2 23 
2 25 
2 26 
2 27 
2 29 
2 31 
2 32 
2 34 
2 35 
2 36 
2 37 
2 39 
2 40 
2 44 
2 45 
2 68 
2 76 
2 80 
2 99 
2 102 
2 105 
2 109 
2 150 
2 156 
2 158 
2 166 
2 168 
2 182 
2 212 
3 14 
3 15 
3 22 
3 30 
3 32 
3 36 
3 37 
3 60 
3 63 
3 68 
3 69 
3 74 
3 87 
3 88 
4 3 
4 11 
4 14 
4 15 
4 27 
4 28 
4 35 
4 36 
4 39 
4 44 
4 59 
4 63 
4 74 
4 102 
4 168 
5 4 
5 6 
5 7 
5 9 
5 15 
5 22 
5 27 
5 34 
5 37 
5 44 
5 45 
5 48 
5 66 
5 80 
5 109 
5 133 
5 138 
5 158 
6 7 
6 8 
6 14 
6 25 
6 44 
6 45 
6 94 
6 103 
6 112 
6 128 
7 2 
7 4 
7 6 
7 11 
7 13 
7 14 
7 15 
7 18 
7 22 
7 23 
7 26 
7 27 
7 28 
7 29 
7 31 
7 32 
7 34 
7 35 
7 36 
7 37 
7 39 
7 42 
7 44 
7 45 
7 49 
7 59 
7 60 
7 62 
7 67 
7 68 
7 70 
7 71 
7 76 
7 77 
7 78 
7 80 
7 82 
7 91 
7 95 
7 102 
7 104 
7 105 
7 108 
7 109 
7 110 
7 117 
7 127 
7 133 
7 138 
7 150 
7 156 
7 157 
7 158 
7 166 
7 168 
7 180 
7 182 
8 2 
8 6 
8 22 
8 26 
8 29 
8 34 
8 45 
8 104 
8 140 
8 168 
9 2 
9 4 
9 6 
9 8 
9 9 
9 10 
9 11 
9 13 
9 14 
9 15 
9 18 
9 22 
9 23 
9 26 
9 27 
9 28 
9 29 
9 31 
9 32 
9 34 
9 35 
9 36 
9 37 
9 39 
9 42 
9 44 
9 45 
9 49 
9 59 
9 60 
9 62 
9 67 
9 68 
9 70 
9 71 
9 76 
9 78 
9 80 
9 82 
9 91 
9 95 
9 102 
9 105 
9 108 
9 109 
9 110 
9 117 
9 127 
9 133 
9 138 
9 140 
9 150 
9 156 
9 157 
9 158 
9 166 
9 168 
9 180 
9 182 
10 6 
10 8 
10 9 
10 26 
10 34 
10 44 
10 45 
10 77 
11 3 
11 13 
11 14 
11 15 
11 22 
11 27 
11 35 
11 36 
11 37 
11 80 
11 102 
12 18 
12 134 
13 15 
13 27 
13 32 
13 98 
13 121 
14 3 
14 4 
14 5 
14 11 
14 15 
14 18 
14 21 
14 22 
14 25 
14 26 
14 27 
14 28 
14 30 
14 35 
14 37 
14 44 
14 45 
14 57 
14 59 
14 67 
14 68 
14 70 
14 74 
14 75 
14 78 
14 82 
14 84 
14 86 
14 88 
14 91 
14 102 
14 104 
14 109 
14 115 
14 150 
14 156 
14 157 
14 166 
14 180 
14 182 
14 212 
15 3 
15 4 
15 7 
15 9 
15 11 
15 13 
15 14 
15 18 
15 21 
15 22 
15 27 
15 30 
15 32 
15 34 
15 35 
15 36 
15 37 
15 42 
15 44 
15 45 
15 51 
15 52 
15 60 
15 62 
15 63 
15 68 
15 69 
15 73 
15 74 
15 80 
15 82 
15 83 
15 84 
15 86 
15 87 
15 88 
15 96 
15 98 
15 100 
15 102 
15 109 
15 113 
15 121 
15 150 
15 182 
15 212 
16 6 
16 7 
16 9 
16 15 
16 45 
16 55 
16 58 
16 76 
16 97 
17 2 
17 4 
17 6 
17 7 
17 8 
17 13 
17 14 
17 15 
17 18 
17 26 
17 27 
17 32 
17 33 
17 34 
17 35 
17 37 
17 44 
17 45 
17 48 
17 62 
17 71 
17 75 
17 77 
17 80 
17 82 
17 90 
17 92 
17 99 
17 102 
17 105 
17 109 
17 112 
17 113 
17 116 
17 134 
17 138 
17 150 
17 158 
17 182 
17 212 
18 2 
18 4 
18 7 
18 8 
18 9 
18 14 
18 17 
18 21 
18 26 
18 27 
18 34 
18 36 
18 39 
18 44 
18 45 
18 116 
18 150 
19 6 
19 15 
19 26 
19 27 
19 28 
19 29 
19 37 
19 44 
19 91 
19 102 
19 134 
19 148 
19 158 
21 44 
22 2 
22 3 
22 4 
22 5 
22 6 
22 11 
22 13 
22 14 
22 15 
22 27 
22 30 
22 32 
22 35 
22 36 
22 37 
22 40 
22 44 
22 45 
22 48 
22 51 
22 52 
22 59 
22 60 
22 63 
22 68 
22 70 
22 77 
22 80 
22 84 
22 88 
22 96 
22 104 
22 108 
22 134 
22 148 
23 7 
23 8 
23 10 
23 26 
23 27 
23 34 
23 39 
23 44 
23 45 
23 109 
25 2 
25 5 
25 6 
25 14 
25 15 
25 22 
25 26 
25 33 
25 36 
25 37 
25 40 
25 44 
25 45 
25 80 
25 84 
25 91 
25 94 
25 109 
25 119 
25 146 
25 158 
25 187 
26 2 
26 6 
26 7 
26 8 
26 17 
26 27 
26 34 
26 110 
26 134 
26 158 
26 166 
26 212 
27 3 
27 4 
27 11 
27 13 
27 14 
27 15 
27 21 
27 22 
27 28 
27 30 
27 34 
27 35 
27 36 
27 37 
27 44 
27 45 
27 52 
27 53 
27 59 
27 60 
27 62 
27 63 
27 68 
27 69 
27 73 
27 74 
27 80 
27 82 
27 84 
27 87 
27 88 
27 91 
27 98 
27 102 
27 109 
27 121 
27 127 
27 148 
27 158 
27 212 
28 6 
28 7 
28 9 
28 14 
28 15 
28 17 
28 22 
28 27 
28 33 
28 35 
28 36 
28 39 
28 40 
28 44 
28 45 
28 68 
28 80 
28 89 
28 109 
28 112 
28 117 
28 134 
28 150 
28 156 
28 158 
28 182 
29 2 
29 4 
29 6 
29 15 
29 21 
29 26 
29 45 
29 102 
29 134 
30 4 
30 15 
30 22 
30 32 
30 44 
30 73 
30 102 
31 6 
31 7 
31 10 
31 15 
31 29 
31 45 
32 6 
32 7 
32 9 
32 10 
32 15 
32 22 
32 23 
32 37 
32 73 
32 117 
33 67 
33 134 
33 213 
34 3 
34 7 
34 8 
34 11 
34 18 
34 26 
34 27 
34 39 
34 44 
34 105 
34 109 
34 110 
34 150 
34 166 
34 212 
35 2 
35 4 
35 5 
35 6 
35 11 
35 13 
35 14 
35 15 
35 21 
35 22 
35 23 
35 26 
35 27 
35 30 
35 32 
35 36 
35 37 
35 40 
35 44 
35 45 
35 51 
35 53 
35 55 
35 59 
35 68 
35 76 
35 82 
35 91 
35 102 
35 109 
35 148 
35 150 
35 158 
35 213 
36 11 
36 13 
36 44 
36 80 
37 3 
37 14 
37 15 
37 22 
37 28 
37 31 
37 35 
37 45 
39 2 
39 3 
39 4 
39 6 
39 7 
39 8 
39 9 
39 10 
39 11 
39 14 
39 15 
39 17 
39 26 
39 27 
39 29 
39 36 
39 44 
39 45 
39 55 
39 80 
39 102 
39 105 
39 113 
39 128 
39 155 
39 212 
40 2 
40 3 
40 4 
40 6 
40 11 
40 14 
40 15 
40 18 
40 22 
40 23 
40 26 
40 27 
40 30 
40 33 
40 34 
40 35 
40 36 
40 37 
40 39 
40 44 
40 45 
40 60 
40 68 
40 70 
40 80 
40 82 
40 86 
40 91 
40 109 
40 133 
40 134 
40 146 
40 148 
40 150 
40 158 
42 133 
43 7 
43 9 
43 14 
43 17 
43 26 
43 36 
43 44 
43 62 
43 67 
43 71 
43 92 
43 105 
43 109 
43 113 
43 125 
43 133 
43 146 
43 158 
43 212 
44 3 
44 4 
44 6 
44 7 
44 8 
44 11 
44 13 
44 14 
44 15 
44 21 
44 22 
44 26 
44 27 
44 30 
44 34 
44 35 
44 36 
44 37 
44 39 
44 62 
44 63 
44 68 
44 71 
44 73 
44 80 
44 87 
44 88 
44 102 
44 109 
44 110 
44 119 
44 128 
44 134 
44 148 
44 158 
45 2 
45 4 
45 6 
45 7 
45 8 
45 9 
45 10 
45 11 
45 13 
45 14 
45 15 
45 16 
45 18 
45 21 
45 22 
45 23 
45 25 
45 26 
45 27 
45 29 
45 31 
45 32 
45 34 
45 35 
45 36 
45 37 
45 39 
45 40 
45 44 
45 48 
45 55 
45 58 
45 59 
45 62 
45 63 
45 66 
45 67 
45 68 
45 70 
45 71 
45 74 
45 76 
45 77 
45 78 
45 79 
45 80 
45 82 
45 84 
45 95 
45 96 
45 97 
45 99 
45 102 
45 103 
45 105 
45 108 
45 109 
45 112 
45 115 
45 120 
45 127 
45 128 
45 134 
45 136 
45 150 
45 156 
45 158 
45 166 
45 168 
45 178 
45 182 
46 28 
46 72 
47 2 
47 6 
47 7 
47 8 
47 10 
47 14 
47 15 
47 17 
47 22 
47 26 
47 27 
47 33 
47 34 
47 45 
47 77 
47 80 
47 86 
47 102 
47 109 
48 22 
49 6 
49 15 
49 59 
49 109 
49 134 
51 36 
52 6 
52 68 
52 84 
54 4 
54 37 
55 4 
55 7 
55 9 
55 96 
58 6 
58 45 
58 97 
59 4 
59 14 
59 44 
59 45 
59 57 
59 157 
59 187 
60 3 
60 77 
62 68 
63 30 
63 73 
63 87 
63 98 
64 45 
65 37 
66 6 
66 102 
68 11 
68 26 
68 27 
68 30 
68 32 
68 36 
68 40 
68 44 
68 48 
68 52 
68 62 
69 27 
69 60 
69 62 
69 84 
69 87 
69 98 
70 4 
70 6 
70 7 
70 8 
70 27 
70 37 
70 45 
70 80 
71 6 
71 7 
71 8 
71 9 
71 15 
71 26 
71 27 
71 37 
71 39 
71 44 
71 45 
71 80 
71 87 
71 92 
71 112 
71 159 
71 168 
73 13 
73 30 
73 44 
73 98 
73 100 
73 117 
73 121 
74 4 
74 14 
74 15 
75 6 
75 7 
75 10 
75 15 
75 27 
75 35 
75 44 
75 45 
75 51 
75 80 
75 109 
75 115 
75 117 
76 6 
76 7 
76 8 
76 9 
76 10 
76 27 
76 32 
76 40 
76 44 
76 45 
76 55 
76 58 
76 80 
76 112 
76 128 
76 136 
78 35 
78 59 
79 16 
79 97 
80 11 
80 36 
81 158 
82 2 
82 4 
82 6 
82 7 
82 14 
82 15 
82 22 
82 35 
82 37 
82 44 
82 45 
82 53 
82 59 
82 74 
82 94 
82 102 
82 109 
82 140 
83 150 
84 14 
84 35 
84 48 
84 68 
87 15 
87 30 
87 63 
88 3 
88 13 
88 27 
88 51 
88 86 
89 45 
89 78 
89 84 
89 116 
89 134 
89 146 
90 88 
91 22 
91 102 
92 44 
92 71 
92 159 
93 14 
93 33 
93 48 
93 59 
93 97 
95 15 
95 22 
95 27 
95 80 
95 86 
95 102 
95 108 
96 6 
96 11 
96 55 
96 59 
97 16 
98 13 
98 73 
98 82 
98 121 
99 166 
101 97 
103 45 
105 26 
105 59 
105 99 
105 156 
105 165 
107 7 
107 9 
108 4 
108 6 
108 7 
108 8 
108 9 
108 14 
108 34 
108 39 
108 45 
109 4 
109 6 
109 7 
109 8 
109 9 
109 10 
109 11 
109 13 
109 14 
109 15 
109 22 
109 25 
109 26 
109 27 
109 31 
109 32 
109 33 
109 34 
109 35 
109 36 
109 37 
109 39 
109 44 
109 45 
109 51 
109 57 
109 59 
109 62 
109 67 
109 68 
109 70 
109 75 
109 80 
109 88 
109 92 
109 105 
109 113 
109 115 
109 119 
109 138 
109 150 
109 168 
109 212 
110 4 
110 6 
110 11 
110 15 
110 17 
110 27 
110 37 
110 102 
110 158 
110 212 
113 15 
113 71 
115 138 
115 181 
119 3 
119 4 
119 14 
119 37 
119 45 
119 157 
119 173 
121 13 
121 27 
121 32 
121 73 
121 98 
122 6 
122 14 
122 187 
124 15 
124 27 
124 109 
124 134 
124 157 
124 187 
124 193 
135 17 
135 33 
135 44 
135 45 
135 109 
138 27 
141 7 
141 9 
141 158 
145 14 
145 45 
147 39 
151 7 
151 9 
152 45 
152 75 
152 109 
152 115 
152 168 
153 7 
153 9 
153 17 
153 26 
153 34 
153 109 
155 17 
157 119 
163 45 
168 2 
168 7 
168 9 
168 44 
168 109 
170 14 
172 134 
172 158 
180 157 
180 187 
186 22 
187 22 
187 53 
193 15 
194 53 
201 170 
204 59 
