2 2 
2 4 
2 5 
2 6 
2 7 
2 8 
2 9 
2 10 
2 18 
2 22 
2 23 
2 25 
2 26 
2 29 
2 31 
2 34 
2 35 
2 36 
2 39 
2 45 
2 62 
2 67 
2 68 
2 80 
2 99 
2 102 
2 105 
2 109 
2 110 
2 125 
2 134 
2 146 
2 150 
2 156 
2 158 
2 165 
2 166 
2 212 
3 4 
3 6 
3 14 
3 15 
3 21 
3 22 
3 27 
3 30 
3 36 
3 37 
3 44 
3 48 
3 51 
3 52 
3 60 
3 63 
3 68 
3 69 
3 70 
3 74 
3 82 
3 83 
3 84 
3 87 
3 88 
3 125 
4 3 
4 5 
4 7 
4 8 
4 11 
4 13 
4 14 
4 15 
4 18 
4 21 
4 22 
4 25 
4 26 
4 27 
4 28 
4 30 
4 32 
4 34 
4 35 
4 36 
4 37 
4 40 
4 44 
4 45 
4 53 
4 54 
4 55 
4 59 
4 60 
4 63 
4 68 
4 69 
4 70 
4 73 
4 74 
4 80 
4 82 
4 84 
4 87 
4 88 
4 94 
4 96 
4 102 
4 104 
4 105 
4 134 
4 148 
4 150 
4 156 
4 157 
4 158 
4 180 
4 181 
4 182 
4 193 
4 213 
5 6 
5 17 
5 23 
5 25 
5 33 
5 35 
5 37 
5 42 
5 45 
5 49 
5 53 
5 55 
5 67 
5 82 
5 94 
5 95 
5 96 
5 130 
5 134 
5 150 
5 187 
6 6 
6 7 
6 8 
6 9 
6 16 
6 22 
6 23 
6 25 
6 27 
6 29 
6 31 
6 44 
6 45 
6 59 
6 70 
6 76 
6 96 
6 97 
6 103 
6 108 
6 112 
6 120 
6 128 
6 134 
6 136 
6 146 
6 158 
6 178 
7 2 
7 3 
7 4 
7 5 
7 6 
7 11 
7 13 
7 14 
7 15 
7 16 
7 17 
7 18 
7 21 
7 22 
7 23 
7 25 
7 26 
7 27 
7 28 
7 29 
7 30 
7 31 
7 32 
7 33 
7 34 
7 35 
7 36 
7 37 
7 39 
7 40 
7 42 
7 44 
7 45 
7 49 
7 52 
7 54 
7 57 
7 58 
7 59 
7 60 
7 62 
7 63 
7 66 
7 67 
7 68 
7 70 
7 71 
7 75 
7 76 
7 78 
7 79 
7 80 
7 82 
7 83 
7 84 
7 86 
7 88 
7 90 
7 91 
7 92 
7 95 
7 96 
7 99 
7 102 
7 103 
7 104 
7 105 
7 108 
7 109 
7 110 
7 112 
7 113 
7 116 
7 117 
7 119 
7 120 
7 125 
7 127 
7 128 
7 130 
7 134 
7 136 
7 139 
7 146 
7 148 
7 150 
7 155 
7 156 
7 157 
7 158 
7 159 
7 165 
7 166 
7 168 
7 170 
7 173 
7 178 
7 180 
7 182 
7 187 
7 212 
7 213 
8 2 
8 6 
8 9 
8 13 
8 14 
8 16 
8 22 
8 23 
8 26 
8 29 
8 31 
8 34 
8 36 
8 37 
8 39 
8 40 
8 45 
8 57 
8 58 
8 75 
8 76 
8 80 
8 82 
8 99 
8 102 
8 103 
8 104 
8 105 
8 109 
8 112 
8 119 
8 127 
8 140 
8 150 
8 156 
8 158 
8 166 
8 182 
9 2 
9 3 
9 4 
9 5 
9 6 
9 8 
9 9 
9 11 
9 13 
9 14 
9 15 
9 17 
9 18 
9 21 
9 22 
9 23 
9 25 
9 26 
9 27 
9 28 
9 29 
9 30 
9 31 
9 32 
9 34 
9 35 
9 36 
9 37 
9 39 
9 40 
9 42 
9 44 
9 45 
9 49 
9 52 
9 54 
9 57 
9 58 
9 59 
9 60 
9 62 
9 63 
9 66 
9 67 
9 68 
9 70 
9 71 
9 75 
9 76 
9 78 
9 79 
9 80 
9 82 
9 83 
9 84 
9 86 
9 88 
9 90 
9 91 
9 92 
9 95 
9 96 
9 99 
9 102 
9 104 
9 105 
9 108 
9 109 
9 110 
9 112 
9 113 
9 116 
9 117 
9 119 
9 120 
9 125 
9 127 
9 128 
9 130 
9 134 
9 136 
9 139 
9 140 
9 146 
9 148 
9 150 
9 156 
9 157 
9 158 
9 159 
9 165 
9 166 
9 168 
9 170 
9 173 
9 178 
9 180 
9 182 
9 187 
9 212 
9 213 
10 2 
10 3 
10 5 
10 6 
10 8 
10 9 
10 14 
10 15 
10 22 
10 23 
10 26 
10 31 
10 33 
10 34 
10 35 
10 36 
10 37 
10 39 
10 44 
10 45 
10 49 
10 58 
10 60 
10 70 
10 76 
10 80 
10 96 
10 102 
10 105 
10 109 
10 136 
10 140 
10 150 
10 155 
10 158 
10 165 
11 4 
11 13 
11 14 
11 15 
11 22 
11 27 
11 30 
11 34 
11 35 
11 36 
11 44 
11 70 
11 74 
11 80 
11 102 
11 121 
11 158 
11 193 
12 6 
12 22 
12 25 
12 26 
12 33 
12 45 
12 54 
12 67 
12 70 
12 71 
12 75 
12 78 
12 89 
12 92 
12 104 
12 115 
12 125 
12 146 
12 150 
12 158 
12 181 
12 187 
12 193 
13 32 
13 36 
13 42 
13 73 
13 83 
13 98 
13 121 
13 125 
13 133 
14 3 
14 4 
14 5 
14 6 
14 7 
14 8 
14 9 
14 10 
14 11 
14 13 
14 15 
14 21 
14 22 
14 23 
14 25 
14 26 
14 27 
14 30 
14 32 
14 33 
14 34 
14 35 
14 36 
14 37 
14 39 
14 40 
14 42 
14 44 
14 45 
14 48 
14 51 
14 52 
14 53 
14 54 
14 55 
14 57 
14 59 
14 60 
14 63 
14 68 
14 69 
14 70 
14 73 
14 74 
14 76 
14 78 
14 80 
14 82 
14 83 
14 84 
14 86 
14 88 
14 91 
14 98 
14 100 
14 104 
14 105 
14 109 
14 119 
14 125 
14 134 
14 139 
14 146 
14 148 
14 150 
14 156 
14 157 
14 158 
14 166 
14 170 
14 180 
14 182 
14 187 
14 213 
15 2 
15 3 
15 4 
15 6 
15 7 
15 8 
15 9 
15 10 
15 11 
15 13 
15 14 
15 21 
15 22 
15 23 
15 25 
15 27 
15 30 
15 31 
15 32 
15 34 
15 35 
15 36 
15 37 
15 39 
15 40 
15 42 
15 44 
15 45 
15 48 
15 49 
15 51 
15 52 
15 54 
15 55 
15 57 
15 58 
15 59 
15 60 
15 62 
15 63 
15 67 
15 68 
15 69 
15 73 
15 74 
15 77 
15 80 
15 82 
15 83 
15 84 
15 86 
15 87 
15 88 
15 90 
15 96 
15 98 
15 100 
15 102 
15 105 
15 109 
15 113 
15 117 
15 121 
15 130 
15 133 
15 134 
15 150 
15 158 
15 187 
15 193 
15 212 
16 6 
16 45 
16 58 
16 76 
16 79 
16 97 
16 136 
17 2 
17 4 
17 6 
17 7 
17 8 
17 11 
17 14 
17 15 
17 23 
17 26 
17 29 
17 31 
17 34 
17 35 
17 36 
17 37 
17 39 
17 44 
17 45 
17 70 
17 71 
17 75 
17 80 
17 92 
17 99 
17 105 
17 109 
17 110 
17 113 
17 115 
17 119 
17 120 
17 125 
17 134 
17 146 
17 155 
17 158 
17 170 
17 180 
17 190 
17 212 
18 2 
18 6 
18 7 
18 8 
18 9 
18 10 
18 14 
18 18 
18 23 
18 26 
18 28 
18 29 
18 31 
18 32 
18 33 
18 34 
18 35 
18 37 
18 39 
18 45 
18 62 
18 67 
18 71 
18 75 
18 80 
18 99 
18 104 
18 109 
18 113 
18 125 
18 128 
18 134 
18 146 
18 150 
18 156 
18 158 
18 165 
18 166 
18 168 
18 212 
19 2 
19 6 
19 15 
19 25 
19 26 
19 27 
19 36 
19 44 
19 54 
19 57 
19 71 
19 100 
19 104 
19 109 
19 125 
19 134 
19 146 
19 158 
20 40 
21 4 
21 14 
21 27 
21 36 
21 44 
21 80 
21 82 
21 117 
22 2 
22 3 
22 4 
22 5 
22 6 
22 7 
22 8 
22 9 
22 10 
22 11 
22 13 
22 14 
22 15 
22 16 
22 17 
22 18 
22 19 
22 21 
22 23 
22 25 
22 26 
22 27 
22 28 
22 29 
22 30 
22 31 
22 32 
22 33 
22 34 
22 35 
22 36 
22 37 
22 39 
22 40 
22 42 
22 44 
22 45 
22 48 
22 49 
22 51 
22 52 
22 53 
22 54 
22 55 
22 57 
22 58 
22 59 
22 60 
22 62 
22 63 
22 66 
22 67 
22 68 
22 69 
22 70 
22 71 
22 72 
22 73 
22 74 
22 75 
22 76 
22 77 
22 78 
22 79 
22 80 
22 82 
22 83 
22 84 
22 86 
22 87 
22 88 
22 89 
22 90 
22 91 
22 92 
22 94 
22 95 
22 96 
22 97 
22 98 
22 99 
22 100 
22 102 
22 103 
22 104 
22 105 
22 108 
22 109 
22 110 
22 112 
22 113 
22 116 
22 117 
22 119 
22 121 
22 125 
22 127 
22 128 
22 130 
22 133 
22 134 
22 136 
22 138 
22 139 
22 146 
22 148 
22 150 
22 155 
22 156 
22 157 
22 158 
22 166 
22 170 
22 173 
22 180 
22 181 
22 182 
22 187 
22 212 
22 213 
23 2 
23 3 
23 4 
23 5 
23 6 
23 7 
23 8 
23 9 
23 10 
23 11 
23 13 
23 14 
23 15 
23 17 
23 18 
23 22 
23 25 
23 26 
23 27 
23 28 
23 29 
23 31 
23 32 
23 34 
23 35 
23 36 
23 37 
23 39 
23 40 
23 42 
23 44 
23 45 
23 49 
23 55 
23 60 
23 63 
23 67 
23 70 
23 76 
23 80 
23 82 
23 83 
23 87 
23 96 
23 99 
23 105 
23 108 
23 109 
23 117 
23 125 
23 134 
23 150 
23 155 
23 156 
23 158 
23 166 
23 182 
23 190 
24 15 
24 32 
24 42 
24 72 
24 100 
25 2 
25 4 
25 6 
25 11 
25 14 
25 15 
25 33 
25 36 
25 45 
25 67 
25 96 
25 146 
25 158 
26 2 
26 4 
26 6 
26 7 
26 8 
26 9 
26 14 
26 18 
26 22 
26 33 
26 34 
26 37 
26 44 
26 45 
26 67 
26 105 
26 110 
26 119 
26 125 
26 134 
26 150 
26 155 
26 158 
26 212 
27 3 
27 4 
27 6 
27 7 
27 8 
27 11 
27 13 
27 14 
27 15 
27 18 
27 21 
27 22 
27 25 
27 26 
27 30 
27 31 
27 33 
27 34 
27 35 
27 36 
27 37 
27 39 
27 44 
27 45 
27 51 
27 52 
27 53 
27 57 
27 60 
27 63 
27 68 
27 69 
27 73 
27 74 
27 77 
27 80 
27 82 
27 83 
27 84 
27 88 
27 96 
27 98 
27 100 
27 102 
27 104 
27 105 
27 109 
27 121 
27 125 
27 127 
27 130 
27 134 
27 148 
27 156 
27 158 
27 193 
27 213 
28 2 
28 4 
28 6 
28 14 
28 15 
28 17 
28 21 
28 22 
28 29 
28 31 
28 33 
28 34 
28 36 
28 37 
28 44 
28 45 
28 68 
28 80 
28 104 
28 109 
28 110 
28 125 
28 133 
28 134 
28 150 
28 158 
29 2 
29 4 
29 6 
29 7 
29 8 
29 10 
29 14 
29 21 
29 23 
29 25 
29 27 
29 31 
29 33 
29 34 
29 35 
29 36 
29 37 
29 44 
29 45 
29 62 
29 70 
29 105 
29 109 
29 125 
29 127 
29 134 
29 146 
29 155 
29 158 
29 166 
29 182 
30 2 
30 6 
30 7 
30 9 
30 11 
30 13 
30 14 
30 15 
30 21 
30 22 
30 25 
30 27 
30 32 
30 34 
30 35 
30 36 
30 37 
30 42 
30 44 
30 45 
30 52 
30 60 
30 63 
30 68 
30 69 
30 70 
30 73 
30 80 
30 82 
30 83 
30 84 
30 87 
30 88 
30 98 
30 102 
30 109 
30 117 
30 121 
30 133 
30 146 
30 158 
31 2 
31 3 
31 5 
31 6 
31 7 
31 8 
31 9 
31 10 
31 14 
31 15 
31 16 
31 17 
31 18 
31 22 
31 23 
31 25 
31 26 
31 27 
31 29 
31 32 
31 33 
31 34 
31 35 
31 37 
31 39 
31 40 
31 44 
31 45 
31 49 
31 54 
31 63 
31 70 
31 71 
31 72 
31 73 
31 75 
31 76 
31 79 
31 82 
31 83 
31 95 
31 96 
31 99 
31 104 
31 105 
31 108 
31 109 
31 110 
31 112 
31 113 
31 119 
31 125 
31 127 
31 134 
31 140 
31 150 
31 155 
31 158 
31 166 
32 6 
32 15 
32 22 
32 42 
32 45 
32 52 
32 70 
32 72 
32 80 
32 83 
32 88 
32 100 
32 116 
32 117 
32 133 
32 213 
33 2 
33 6 
33 25 
33 26 
33 59 
33 67 
33 89 
33 125 
33 133 
33 134 
33 146 
33 158 
34 2 
34 6 
34 7 
34 8 
34 9 
34 11 
34 14 
34 17 
34 18 
34 22 
34 23 
34 25 
34 26 
34 27 
34 29 
34 31 
34 32 
34 33 
34 36 
34 37 
34 39 
34 44 
34 45 
34 54 
34 58 
34 62 
34 70 
34 71 
34 82 
34 99 
34 104 
34 105 
34 109 
34 110 
34 125 
34 128 
34 139 
34 150 
34 155 
34 156 
34 158 
34 166 
34 190 
34 193 
34 212 
35 4 
35 5 
35 7 
35 8 
35 9 
35 13 
35 14 
35 15 
35 21 
35 22 
35 25 
35 26 
35 27 
35 30 
35 31 
35 32 
35 34 
35 36 
35 37 
35 39 
35 44 
35 45 
35 48 
35 51 
35 53 
35 54 
35 55 
35 57 
35 59 
35 63 
35 66 
35 68 
35 70 
35 74 
35 76 
35 78 
35 80 
35 82 
35 84 
35 87 
35 94 
35 95 
35 96 
35 98 
35 102 
35 104 
35 125 
35 127 
35 146 
35 148 
35 150 
35 158 
35 166 
35 180 
35 182 
35 187 
36 4 
36 7 
36 8 
36 11 
36 13 
36 14 
36 27 
36 30 
36 32 
36 35 
36 37 
36 44 
36 62 
36 63 
36 68 
36 69 
36 74 
36 80 
36 84 
36 87 
36 88 
36 98 
36 102 
36 121 
37 3 
37 4 
37 11 
37 14 
37 15 
37 22 
37 23 
37 27 
37 33 
37 34 
37 36 
37 45 
37 59 
37 60 
37 69 
37 74 
37 80 
37 83 
37 102 
37 117 
37 134 
37 136 
37 165 
37 212 
38 72 
39 2 
39 3 
39 4 
39 5 
39 6 
39 7 
39 8 
39 9 
39 11 
39 13 
39 14 
39 15 
39 17 
39 18 
39 21 
39 22 
39 23 
39 25 
39 26 
39 27 
39 28 
39 29 
39 30 
39 31 
39 32 
39 33 
39 34 
39 35 
39 36 
39 37 
39 39 
39 40 
39 42 
39 44 
39 45 
39 49 
39 55 
39 58 
39 59 
39 62 
39 63 
39 67 
39 68 
39 70 
39 71 
39 76 
39 78 
39 80 
39 82 
39 83 
39 84 
39 86 
39 88 
39 90 
39 91 
39 95 
39 96 
39 98 
39 99 
39 102 
39 104 
39 105 
39 108 
39 109 
39 110 
39 112 
39 125 
39 130 
39 134 
39 139 
39 146 
39 148 
39 150 
39 155 
39 156 
39 158 
39 166 
39 168 
39 182 
39 187 
39 190 
39 212 
40 2 
40 3 
40 4 
40 6 
40 7 
40 8 
40 10 
40 11 
40 14 
40 15 
40 17 
40 18 
40 19 
40 22 
40 23 
40 25 
40 26 
40 27 
40 29 
40 31 
40 32 
40 33 
40 34 
40 35 
40 36 
40 37 
40 42 
40 44 
40 45 
40 48 
40 51 
40 52 
40 53 
40 54 
40 59 
40 60 
40 67 
40 68 
40 69 
40 70 
40 71 
40 72 
40 77 
40 78 
40 80 
40 83 
40 84 
40 86 
40 87 
40 89 
40 90 
40 92 
40 94 
40 100 
40 103 
40 104 
40 109 
40 110 
40 112 
40 113 
40 117 
40 119 
40 125 
40 133 
40 134 
40 146 
40 148 
40 155 
40 157 
40 158 
40 170 
40 173 
40 180 
40 187 
40 193 
40 212 
40 213 
42 6 
42 32 
42 35 
42 45 
42 48 
42 67 
42 70 
42 72 
42 83 
42 100 
42 116 
42 117 
42 133 
43 2 
43 6 
43 7 
43 8 
43 14 
43 17 
43 19 
43 23 
43 25 
43 26 
43 29 
43 31 
43 33 
43 45 
43 54 
43 62 
43 67 
43 71 
43 75 
43 78 
43 89 
43 91 
43 92 
43 104 
43 105 
43 109 
43 110 
43 113 
43 115 
43 125 
43 133 
43 134 
43 146 
43 158 
43 168 
43 170 
43 173 
43 181 
43 187 
43 193 
43 212 
44 2 
44 3 
44 4 
44 6 
44 7 
44 8 
44 11 
44 13 
44 14 
44 15 
44 17 
44 21 
44 22 
44 25 
44 26 
44 27 
44 28 
44 29 
44 30 
44 31 
44 32 
44 33 
44 34 
44 35 
44 36 
44 37 
44 39 
44 40 
44 45 
44 52 
44 60 
44 62 
44 63 
44 68 
44 69 
44 70 
44 71 
44 73 
44 74 
44 75 
44 80 
44 82 
44 84 
44 86 
44 87 
44 88 
44 90 
44 102 
44 105 
44 112 
44 113 
44 115 
44 121 
44 125 
44 128 
44 134 
44 146 
44 148 
44 150 
44 158 
44 178 
44 193 
45 2 
45 4 
45 5 
45 6 
45 7 
45 8 
45 9 
45 10 
45 11 
45 13 
45 14 
45 15 
45 16 
45 17 
45 18 
45 22 
45 23 
45 25 
45 26 
45 27 
45 28 
45 29 
45 31 
45 32 
45 33 
45 34 
45 36 
45 37 
45 39 
45 40 
45 42 
45 44 
45 49 
45 54 
45 55 
45 58 
45 66 
45 67 
45 70 
45 71 
45 76 
45 79 
45 80 
45 83 
45 92 
45 94 
45 95 
45 96 
45 97 
45 99 
45 102 
45 103 
45 104 
45 105 
45 108 
45 109 
45 110 
45 112 
45 116 
45 119 
45 120 
45 125 
45 127 
45 128 
45 130 
45 134 
45 136 
45 140 
45 146 
45 158 
45 159 
45 165 
45 166 
45 170 
45 178 
45 182 
46 32 
47 2 
47 5 
47 6 
47 7 
47 8 
47 9 
47 10 
47 11 
47 13 
47 14 
47 15 
47 23 
47 26 
47 27 
47 29 
47 30 
47 31 
47 32 
47 34 
47 36 
47 37 
47 39 
47 42 
47 44 
47 45 
47 57 
47 59 
47 62 
47 63 
47 69 
47 71 
47 75 
47 76 
47 78 
47 80 
47 83 
47 84 
47 87 
47 92 
47 96 
47 102 
47 105 
47 109 
47 110 
47 116 
47 121 
47 130 
47 133 
47 139 
47 140 
47 150 
47 156 
47 182 
48 68 
49 5 
49 15 
49 25 
49 31 
49 35 
49 45 
49 95 
49 96 
49 109 
49 125 
49 130 
51 2 
51 3 
51 36 
51 45 
51 60 
51 77 
51 86 
51 88 
52 14 
52 22 
52 35 
52 44 
52 48 
52 62 
52 68 
52 83 
52 84 
54 57 
54 118 
55 45 
55 66 
58 6 
58 16 
58 45 
58 76 
58 79 
58 96 
58 97 
58 103 
58 112 
58 128 
58 130 
58 136 
59 14 
59 57 
59 119 
59 157 
59 170 
59 173 
59 180 
59 187 
60 3 
60 6 
60 45 
60 51 
60 77 
60 80 
60 86 
60 88 
60 90 
60 102 
62 7 
62 8 
62 23 
62 25 
62 44 
62 45 
62 52 
62 54 
62 68 
62 87 
62 158 
63 3 
63 6 
63 7 
63 8 
63 30 
63 32 
63 37 
63 44 
63 60 
63 69 
63 73 
63 84 
63 87 
63 98 
63 121 
63 158 
65 45 
65 103 
65 120 
66 6 
66 35 
66 45 
66 55 
66 58 
66 80 
66 108 
68 2 
68 3 
68 4 
68 5 
68 6 
68 7 
68 8 
68 11 
68 13 
68 15 
68 22 
68 23 
68 27 
68 30 
68 32 
68 34 
68 35 
68 36 
68 42 
68 44 
68 45 
68 48 
68 51 
68 52 
68 54 
68 60 
68 62 
68 63 
68 67 
68 80 
68 84 
68 86 
68 90 
68 98 
68 105 
68 109 
68 117 
68 134 
69 3 
69 6 
69 13 
69 15 
69 26 
69 27 
69 30 
69 36 
69 37 
69 39 
69 44 
69 45 
69 63 
69 70 
69 73 
69 84 
69 87 
69 88 
69 100 
69 105 
70 2 
70 4 
70 6 
70 14 
70 29 
70 34 
70 37 
70 44 
70 45 
70 76 
70 80 
70 96 
70 105 
70 120 
71 92 
71 113 
73 4 
73 11 
73 13 
73 15 
73 21 
73 30 
73 32 
73 35 
73 44 
73 45 
73 48 
73 52 
73 70 
73 80 
73 87 
73 98 
73 109 
73 121 
73 128 
73 187 
74 4 
74 14 
74 22 
74 36 
74 37 
74 182 
76 5 
76 6 
76 14 
76 16 
76 31 
76 45 
76 55 
76 58 
76 95 
76 96 
76 97 
76 103 
76 112 
76 136 
76 158 
77 51 
78 4 
78 6 
78 14 
78 22 
78 35 
78 36 
78 44 
78 45 
78 76 
78 119 
78 158 
78 187 
79 58 
79 97 
80 27 
80 36 
80 37 
80 84 
81 58 
81 94 
82 5 
82 6 
82 7 
82 14 
82 15 
82 27 
82 35 
82 37 
82 44 
82 45 
82 53 
82 74 
82 109 
82 140 
82 150 
82 193 
83 15 
83 52 
84 2 
84 6 
84 21 
84 22 
84 35 
84 36 
84 40 
84 44 
84 45 
84 52 
84 63 
84 68 
84 69 
84 70 
84 73 
84 83 
84 87 
84 88 
84 105 
84 109 
84 117 
84 180 
85 48 
86 6 
86 27 
86 32 
86 51 
86 52 
86 60 
86 62 
86 69 
86 77 
86 84 
86 90 
87 3 
87 22 
87 30 
87 32 
87 44 
87 52 
87 63 
87 69 
87 73 
87 84 
87 121 
88 2 
88 6 
88 22 
88 27 
88 36 
88 45 
88 48 
88 51 
88 52 
88 60 
88 63 
88 68 
88 69 
88 77 
88 86 
88 87 
88 90 
88 146 
88 148 
89 7 
89 8 
89 25 
89 125 
89 134 
89 146 
89 158 
90 2 
90 6 
90 48 
90 86 
91 2 
91 4 
91 6 
91 7 
91 10 
91 14 
91 23 
91 25 
91 31 
91 34 
91 45 
91 54 
91 57 
91 78 
91 105 
91 109 
91 134 
91 146 
91 157 
91 158 
91 170 
91 173 
91 180 
91 187 
91 213 
93 14 
93 27 
93 28 
93 33 
93 36 
93 48 
93 59 
93 76 
93 77 
93 100 
93 180 
93 213 
94 127 
95 2 
95 5 
95 6 
95 44 
95 45 
95 60 
95 80 
95 102 
95 105 
96 5 
96 16 
96 31 
96 45 
96 55 
96 58 
96 66 
96 76 
96 79 
96 94 
96 95 
96 97 
96 108 
96 121 
96 127 
96 130 
96 182 
97 16 
97 45 
98 30 
98 73 
98 121 
99 2 
99 6 
99 45 
99 165 
99 166 
101 97 
102 165 
103 6 
103 128 
103 130 
105 2 
105 99 
105 127 
105 165 
107 6 
108 6 
108 16 
108 45 
108 55 
108 66 
108 76 
108 79 
108 95 
108 96 
108 108 
108 127 
109 7 
109 8 
109 14 
109 37 
109 75 
109 92 
109 113 
109 115 
109 119 
109 138 
109 150 
109 158 
109 168 
109 193 
110 2 
110 4 
110 6 
110 11 
110 14 
110 15 
110 22 
110 23 
110 25 
110 31 
110 37 
110 44 
110 45 
110 62 
110 80 
110 105 
110 146 
110 158 
110 212 
112 6 
112 45 
112 103 
112 120 
112 127 
112 128 
112 130 
112 178 
113 92 
113 125 
114 5 
114 35 
114 45 
114 49 
114 96 
114 109 
114 125 
117 42 
117 116 
117 133 
119 6 
119 44 
119 157 
119 170 
119 173 
119 180 
119 187 
120 6 
120 14 
120 44 
120 45 
120 112 
120 128 
120 130 
120 178 
121 21 
121 30 
121 35 
121 44 
121 68 
121 73 
121 98 
122 157 
122 170 
124 6 
124 21 
124 44 
124 109 
124 119 
124 157 
125 67 
125 71 
125 109 
125 158 
129 127 
130 27 
131 71 
131 165 
133 32 
135 2 
135 6 
135 14 
135 15 
135 22 
135 25 
135 26 
135 33 
135 34 
135 36 
135 44 
135 45 
135 62 
135 134 
135 158 
139 26 
139 34 
140 8 
141 28 
142 57 
146 45 
146 89 
146 134 
146 158 
150 2 
150 14 
150 21 
150 71 
150 104 
150 109 
150 115 
150 168 
150 170 
150 180 
152 75 
152 168 
153 26 
153 34 
155 4 
155 6 
155 17 
155 23 
155 44 
155 158 
155 190 
156 182 
158 134 
160 128 
169 157 
172 25 
172 33 
172 134 
172 146 
172 158 
173 180 
178 128 
183 180 
184 6 
184 45 
184 146 
186 22 
186 146 
187 14 
187 193 
201 57 
201 67 
201 155 
201 157 
203 37 
204 59 
204 157 
