2 2 
2 4 
2 6 
2 7 
2 8 
2 9 
2 10 
2 15 
2 18 
2 23 
2 25 
2 26 
2 29 
2 31 
2 32 
2 33 
2 34 
2 39 
2 42 
2 45 
2 51 
2 59 
2 76 
2 91 
2 96 
2 99 
2 103 
2 105 
2 109 
2 110 
2 112 
2 134 
2 146 
2 150 
2 156 
2 158 
2 182 
2 187 
3 14 
3 15 
3 22 
3 27 
3 30 
3 32 
3 35 
3 37 
3 44 
3 48 
3 51 
3 52 
3 59 
3 63 
3 68 
3 69 
3 73 
3 77 
3 84 
3 87 
3 88 
3 90 
4 3 
4 13 
4 14 
4 15 
4 22 
4 27 
4 30 
4 32 
4 35 
4 44 
4 52 
4 59 
4 62 
4 68 
4 69 
4 73 
4 74 
4 82 
4 84 
4 90 
4 91 
4 98 
4 119 
4 121 
4 148 
5 7 
5 8 
5 9 
5 25 
5 27 
5 29 
5 33 
5 42 
5 44 
5 48 
5 51 
5 53 
5 59 
5 70 
5 83 
5 90 
5 108 
5 109 
5 116 
5 125 
5 127 
5 134 
5 146 
5 158 
6 6 
6 7 
6 8 
6 14 
6 18 
6 23 
6 29 
6 32 
6 34 
6 45 
6 55 
6 59 
6 74 
6 76 
6 90 
6 103 
6 104 
6 109 
6 112 
6 119 
6 128 
6 134 
6 178 
6 187 
7 25 
7 26 
7 29 
7 34 
7 39 
7 119 
7 150 
8 29 
8 34 
8 140 
9 8 
9 25 
9 26 
9 39 
9 119 
10 150 
11 4 
11 7 
11 8 
11 13 
11 14 
11 15 
11 22 
11 25 
11 27 
11 29 
11 30 
11 32 
11 35 
11 36 
11 37 
11 39 
11 44 
11 45 
11 63 
11 68 
11 69 
11 73 
11 80 
11 82 
11 87 
11 88 
11 98 
11 119 
11 121 
11 148 
12 158 
13 22 
13 26 
13 32 
13 35 
13 36 
13 73 
13 80 
13 98 
13 121 
14 4 
14 7 
14 8 
14 11 
14 13 
14 15 
14 21 
14 22 
14 27 
14 29 
14 30 
14 32 
14 35 
14 37 
14 44 
14 52 
14 54 
14 57 
14 59 
14 62 
14 68 
14 69 
14 70 
14 73 
14 74 
14 78 
14 80 
14 82 
14 84 
14 88 
14 98 
14 116 
14 119 
14 121 
14 150 
14 173 
14 182 
14 187 
15 3 
15 4 
15 7 
15 8 
15 11 
15 13 
15 14 
15 21 
15 22 
15 25 
15 27 
15 29 
15 30 
15 32 
15 34 
15 35 
15 36 
15 37 
15 42 
15 44 
15 48 
15 51 
15 52 
15 59 
15 60 
15 62 
15 63 
15 68 
15 69 
15 73 
15 74 
15 77 
15 82 
15 84 
15 87 
15 88 
15 90 
15 91 
15 98 
15 109 
15 119 
15 121 
15 133 
15 148 
15 212 
16 97 
17 7 
17 8 
17 26 
17 28 
17 34 
17 39 
17 57 
17 59 
17 116 
17 119 
17 125 
17 134 
17 155 
17 158 
17 187 
17 190 
17 212 
19 109 
21 4 
21 7 
21 8 
21 11 
21 14 
21 15 
21 22 
21 27 
21 29 
21 30 
21 32 
21 35 
21 36 
21 44 
21 51 
21 59 
21 69 
21 73 
21 74 
21 82 
21 84 
21 87 
21 91 
21 98 
21 109 
21 115 
21 119 
21 187 
22 3 
22 4 
22 7 
22 8 
22 11 
22 14 
22 15 
22 27 
22 32 
22 35 
22 37 
22 44 
22 48 
22 51 
22 52 
22 57 
22 59 
22 63 
22 68 
22 69 
22 73 
22 80 
22 84 
22 88 
22 90 
22 98 
22 119 
22 121 
22 148 
22 158 
22 187 
23 134 
23 139 
24 30 
25 158 
27 3 
27 4 
27 7 
27 8 
27 11 
27 13 
27 14 
27 15 
27 21 
27 22 
27 26 
27 29 
27 30 
27 34 
27 35 
27 36 
27 37 
27 44 
27 51 
27 52 
27 53 
27 57 
27 59 
27 62 
27 63 
27 68 
27 69 
27 70 
27 73 
27 74 
27 77 
27 80 
27 82 
27 84 
27 87 
27 88 
27 90 
27 91 
27 98 
27 104 
27 116 
27 119 
27 121 
27 127 
27 134 
27 148 
27 182 
28 7 
28 8 
28 125 
28 134 
28 158 
30 3 
30 4 
30 11 
30 14 
30 15 
30 21 
30 22 
30 27 
30 32 
30 35 
30 37 
30 39 
30 44 
30 51 
30 52 
30 59 
30 62 
30 63 
30 68 
30 69 
30 70 
30 73 
30 82 
30 84 
30 87 
30 88 
30 90 
30 91 
30 98 
30 119 
30 121 
31 7 
31 8 
31 158 
32 73 
33 134 
33 158 
34 7 
34 8 
34 18 
34 109 
35 3 
35 4 
35 11 
35 14 
35 15 
35 22 
35 27 
35 29 
35 32 
35 37 
35 44 
35 48 
35 51 
35 52 
35 53 
35 59 
35 62 
35 68 
35 69 
35 82 
35 84 
35 90 
35 98 
35 150 
35 187 
36 11 
36 13 
36 22 
36 32 
36 34 
36 35 
36 39 
36 57 
36 59 
36 69 
36 73 
36 80 
36 98 
36 121 
37 15 
37 22 
37 35 
37 59 
37 182 
40 7 
40 8 
42 100 
42 133 
43 125 
43 158 
43 212 
44 4 
44 11 
44 14 
44 15 
44 21 
44 22 
44 27 
44 30 
44 35 
44 37 
44 68 
44 69 
44 70 
44 80 
44 82 
44 98 
44 119 
44 121 
45 6 
45 7 
45 8 
45 10 
45 16 
45 18 
45 23 
45 29 
45 31 
45 32 
45 33 
45 39 
45 42 
45 48 
45 53 
45 55 
45 57 
45 58 
45 59 
45 66 
45 76 
45 79 
45 96 
45 103 
45 108 
45 109 
45 112 
45 116 
45 119 
45 120 
45 125 
45 127 
45 128 
45 134 
45 136 
45 158 
45 178 
45 182 
45 187 
46 112 
48 112 
49 5 
49 7 
49 8 
49 26 
49 32 
49 34 
49 39 
49 42 
49 44 
49 48 
49 49 
49 51 
49 55 
49 57 
49 59 
49 60 
49 70 
49 108 
49 109 
49 116 
49 119 
49 127 
52 68 
52 84 
55 66 
58 7 
58 10 
58 16 
58 23 
58 45 
58 76 
58 79 
58 97 
58 103 
58 112 
58 127 
60 30 
60 51 
60 88 
62 4 
62 30 
62 52 
62 68 
63 3 
63 15 
63 22 
63 30 
63 73 
63 87 
68 15 
68 48 
68 52 
68 62 
69 3 
69 14 
69 22 
69 23 
69 30 
69 32 
69 35 
69 42 
69 52 
69 84 
69 87 
69 88 
71 113 
73 11 
73 14 
73 22 
73 27 
73 30 
73 32 
73 42 
73 44 
73 68 
73 98 
73 100 
73 117 
73 121 
73 148 
74 4 
74 14 
74 15 
74 27 
76 23 
76 31 
76 32 
76 45 
77 51 
78 158 
79 7 
79 8 
79 10 
79 16 
79 23 
79 32 
79 45 
79 58 
79 76 
79 97 
80 11 
80 23 
80 36 
80 42 
81 7 
81 10 
81 23 
81 70 
81 76 
81 97 
81 103 
82 4 
82 14 
82 22 
82 35 
82 53 
84 3 
84 22 
84 52 
84 68 
86 51 
86 77 
86 90 
87 30 
87 63 
87 69 
88 3 
88 22 
88 51 
88 69 
88 90 
93 14 
93 21 
93 33 
93 59 
96 7 
96 8 
96 15 
96 23 
96 35 
96 44 
96 45 
96 76 
96 108 
98 11 
98 13 
98 30 
98 73 
98 121 
101 7 
101 10 
101 16 
101 23 
101 97 
102 44 
102 70 
105 2 
105 4 
105 6 
105 7 
105 8 
105 9 
105 10 
105 14 
105 15 
105 18 
105 22 
105 23 
105 25 
105 26 
105 27 
105 29 
105 31 
105 32 
105 34 
105 35 
105 39 
105 44 
105 45 
105 54 
105 62 
105 76 
105 91 
105 96 
105 99 
105 103 
105 105 
105 109 
105 112 
105 125 
105 128 
105 134 
105 150 
105 156 
105 182 
107 5 
107 7 
107 8 
107 25 
107 26 
107 32 
107 33 
107 55 
107 57 
107 59 
107 60 
107 70 
107 90 
107 108 
107 109 
107 119 
107 134 
109 7 
109 8 
109 75 
109 92 
109 138 
109 150 
109 168 
110 212 
113 125 
114 5 
114 7 
114 8 
114 9 
114 14 
114 26 
114 27 
114 32 
114 42 
114 44 
114 45 
114 59 
114 66 
114 70 
114 96 
114 108 
114 109 
114 112 
121 27 
121 73 
121 98 
140 8 
148 69 
154 115 
154 168 
166 23 
169 157 
172 134 
