2 26 
2 29 
2 34 
2 99 
2 105 
2 156 
2 165 
2 166 
3 14 
3 15 
3 22 
3 27 
3 30 
3 32 
3 35 
3 36 
3 42 
3 63 
3 69 
3 70 
3 73 
3 84 
3 87 
3 88 
3 90 
3 121 
3 146 
4 14 
4 15 
4 22 
4 27 
4 30 
4 44 
4 70 
4 74 
4 80 
4 82 
4 104 
4 156 
5 6 
5 15 
5 19 
5 21 
5 23 
5 27 
5 28 
5 31 
5 32 
5 34 
5 70 
5 82 
5 86 
6 7 
6 9 
6 14 
6 29 
6 34 
6 39 
6 45 
6 58 
6 120 
7 2 
7 4 
7 6 
7 23 
7 26 
7 27 
7 28 
7 31 
7 34 
7 39 
7 54 
7 96 
7 165 
8 34 
9 2 
9 4 
9 10 
9 23 
9 26 
9 27 
9 28 
9 31 
9 34 
9 39 
9 54 
9 96 
9 165 
10 6 
10 8 
10 9 
10 23 
10 26 
10 31 
10 34 
10 39 
10 165 
11 4 
11 13 
11 22 
11 30 
11 36 
11 39 
11 63 
11 102 
12 27 
12 44 
12 45 
12 67 
12 71 
12 104 
12 146 
13 98 
14 4 
14 7 
14 9 
14 11 
14 15 
14 21 
14 22 
14 23 
14 26 
14 27 
14 28 
14 30 
14 35 
14 36 
14 42 
14 44 
14 52 
14 54 
14 57 
14 63 
14 69 
14 74 
14 78 
14 80 
14 84 
14 87 
14 104 
14 121 
14 156 
14 158 
15 3 
15 4 
15 7 
15 9 
15 11 
15 13 
15 14 
15 19 
15 21 
15 22 
15 27 
15 30 
15 31 
15 32 
15 35 
15 36 
15 39 
15 42 
15 44 
15 52 
15 54 
15 55 
15 63 
15 68 
15 69 
15 71 
15 73 
15 80 
15 82 
15 84 
15 87 
15 88 
15 98 
15 102 
15 117 
15 121 
17 2 
17 6 
17 26 
17 31 
17 190 
18 34 
18 158 
18 165 
19 3 
19 6 
19 11 
19 15 
19 26 
19 28 
19 29 
19 36 
19 134 
20 28 
21 13 
21 14 
21 15 
21 22 
21 27 
21 30 
21 32 
21 35 
21 42 
21 44 
21 51 
21 52 
21 55 
21 63 
21 68 
21 73 
21 84 
21 86 
22 2 
22 3 
22 4 
22 6 
22 7 
22 8 
22 9 
22 11 
22 14 
22 15 
22 18 
22 21 
22 23 
22 26 
22 27 
22 30 
22 31 
22 32 
22 34 
22 35 
22 36 
22 42 
22 44 
22 45 
22 48 
22 52 
22 53 
22 54 
22 63 
22 68 
22 69 
22 70 
22 74 
22 77 
22 80 
22 82 
22 83 
22 84 
22 88 
22 96 
22 104 
22 105 
22 148 
22 156 
23 6 
23 7 
23 9 
23 10 
23 14 
23 18 
23 26 
23 27 
23 31 
23 34 
23 36 
23 45 
23 80 
23 134 
23 158 
25 2 
25 6 
25 36 
25 45 
25 125 
25 146 
25 158 
26 7 
26 10 
26 29 
26 34 
26 45 
26 134 
26 166 
27 2 
27 3 
27 4 
27 6 
27 7 
27 9 
27 11 
27 13 
27 14 
27 15 
27 19 
27 22 
27 30 
27 32 
27 33 
27 34 
27 35 
27 36 
27 42 
27 44 
27 52 
27 58 
27 62 
27 63 
27 67 
27 68 
27 69 
27 70 
27 71 
27 80 
27 82 
27 83 
27 84 
27 86 
27 88 
27 90 
27 121 
27 148 
28 6 
28 15 
28 23 
28 27 
28 44 
29 4 
29 6 
29 31 
29 45 
29 134 
29 158 
30 15 
30 27 
30 32 
30 44 
30 45 
30 68 
30 69 
30 73 
30 84 
30 87 
31 6 
31 7 
31 9 
31 10 
31 23 
31 29 
31 44 
32 117 
33 67 
33 134 
33 146 
33 158 
34 7 
34 9 
34 18 
34 26 
34 29 
34 104 
34 166 
34 212 
35 2 
35 4 
35 6 
35 11 
35 14 
35 15 
35 21 
35 22 
35 23 
35 26 
35 27 
35 30 
35 31 
35 32 
35 34 
35 36 
35 42 
35 44 
35 53 
35 54 
35 62 
35 63 
35 68 
35 70 
35 73 
35 78 
35 82 
35 90 
35 116 
35 156 
35 158 
37 2 
37 3 
37 6 
37 15 
37 22 
37 27 
37 29 
37 31 
37 102 
39 6 
39 7 
39 9 
39 26 
39 34 
39 36 
39 45 
39 99 
39 158 
39 166 
39 212 
40 2 
40 3 
40 7 
40 9 
40 11 
40 14 
40 15 
40 27 
40 31 
40 36 
40 44 
40 45 
40 70 
40 71 
40 72 
40 133 
40 146 
42 158 
43 2 
43 6 
43 33 
43 35 
43 54 
43 67 
43 71 
43 104 
43 125 
43 134 
43 146 
43 158 
43 212 
44 4 
44 6 
44 11 
44 14 
44 15 
44 21 
44 22 
44 26 
44 27 
44 28 
44 30 
44 32 
44 34 
44 36 
44 45 
44 62 
44 63 
44 68 
44 69 
44 71 
44 73 
44 82 
44 128 
44 134 
45 2 
45 3 
45 4 
45 6 
45 7 
45 9 
45 10 
45 15 
45 16 
45 18 
45 23 
45 26 
45 28 
45 29 
45 31 
45 34 
45 39 
45 42 
45 44 
45 53 
45 54 
45 55 
45 58 
45 68 
45 70 
45 79 
45 95 
45 97 
45 99 
45 103 
45 120 
45 125 
45 128 
45 134 
45 146 
45 156 
45 158 
45 165 
45 178 
47 2 
47 27 
47 29 
49 2 
49 3 
49 4 
49 5 
49 6 
49 7 
49 9 
49 11 
49 14 
49 15 
49 21 
49 22 
49 23 
49 27 
49 31 
49 32 
49 35 
49 42 
49 44 
49 51 
49 55 
49 69 
49 70 
49 80 
49 83 
49 96 
49 105 
52 2 
52 45 
52 68 
52 84 
55 6 
59 27 
60 51 
62 26 
62 34 
62 36 
62 70 
63 27 
63 69 
63 87 
64 45 
65 45 
66 29 
66 79 
68 6 
68 15 
68 27 
68 30 
68 32 
68 44 
68 62 
68 83 
69 3 
69 84 
70 2 
70 4 
70 7 
70 9 
70 10 
70 13 
70 14 
70 21 
70 22 
70 23 
70 27 
70 30 
70 31 
70 32 
70 34 
70 42 
70 44 
70 62 
70 105 
70 117 
70 121 
73 52 
73 98 
73 121 
76 3 
76 6 
76 7 
76 9 
76 14 
76 15 
76 21 
76 22 
76 23 
76 27 
76 34 
76 35 
76 44 
76 45 
76 53 
76 55 
76 58 
76 70 
76 79 
76 97 
78 22 
80 36 
82 14 
82 22 
82 44 
82 53 
84 26 
84 68 
84 69 
86 6 
86 77 
87 3 
87 63 
88 60 
88 90 
89 71 
90 86 
92 71 
93 27 
93 33 
93 36 
93 58 
96 13 
99 166 
102 70 
105 29 
105 34 
105 99 
105 156 
105 165 
107 27 
108 6 
108 15 
108 23 
108 27 
108 32 
108 44 
108 96 
109 2 
109 6 
109 7 
109 9 
109 11 
109 14 
109 22 
109 23 
109 26 
109 27 
109 34 
109 35 
109 39 
109 54 
109 62 
109 70 
109 71 
109 104 
109 105 
109 150 
109 158 
110 212 
112 120 
113 71 
114 6 
114 11 
114 15 
114 22 
114 27 
114 34 
114 44 
114 55 
114 70 
119 44 
121 73 
121 98 
135 26 
135 34 
135 57 
135 134 
135 158 
141 28 
141 130 
146 33 
146 125 
150 104 
155 27 
161 2 
163 27 
172 134 
172 146 
172 158 
176 67 
194 53 
