2 2 
2 3 
2 6 
2 7 
2 8 
2 9 
2 10 
2 14 
2 15 
2 17 
2 18 
2 22 
2 23 
2 25 
2 26 
2 27 
2 28 
2 29 
2 31 
2 32 
2 34 
2 36 
2 37 
2 39 
2 44 
2 45 
2 49 
2 60 
2 63 
2 68 
2 76 
2 92 
2 99 
2 102 
2 105 
2 109 
2 125 
2 134 
2 139 
2 140 
2 146 
2 155 
2 156 
2 158 
2 165 
2 166 
2 182 
2 190 
2 212 
3 2 
3 4 
3 5 
3 6 
3 7 
3 8 
3 9 
3 10 
3 11 
3 13 
3 14 
3 15 
3 17 
3 22 
3 23 
3 25 
3 27 
3 30 
3 32 
3 34 
3 35 
3 36 
3 37 
3 40 
3 42 
3 44 
3 45 
3 49 
3 51 
3 52 
3 60 
3 62 
3 63 
3 68 
3 69 
3 73 
3 74 
3 76 
3 80 
3 82 
3 83 
3 84 
3 86 
3 87 
3 88 
3 90 
3 98 
3 102 
3 105 
3 109 
3 116 
3 117 
3 121 
3 133 
3 146 
4 2 
4 3 
4 6 
4 7 
4 8 
4 10 
4 11 
4 13 
4 14 
4 15 
4 16 
4 17 
4 21 
4 22 
4 23 
4 25 
4 26 
4 27 
4 30 
4 32 
4 34 
4 35 
4 36 
4 37 
4 39 
4 40 
4 42 
4 44 
4 45 
4 48 
4 52 
4 53 
4 54 
4 57 
4 62 
4 63 
4 66 
4 68 
4 69 
4 70 
4 71 
4 73 
4 74 
4 75 
4 76 
4 78 
4 80 
4 82 
4 87 
4 96 
4 98 
4 102 
4 104 
4 105 
4 109 
4 110 
4 119 
4 121 
4 125 
4 134 
4 146 
4 148 
4 150 
4 157 
4 159 
4 170 
4 173 
4 180 
4 181 
4 182 
4 187 
4 193 
5 2 
5 3 
5 4 
5 5 
5 6 
5 7 
5 8 
5 9 
5 10 
5 11 
5 14 
5 15 
5 16 
5 17 
5 22 
5 23 
5 25 
5 26 
5 27 
5 29 
5 30 
5 31 
5 32 
5 34 
5 35 
5 37 
5 39 
5 40 
5 42 
5 44 
5 45 
5 49 
5 51 
5 53 
5 54 
5 55 
5 58 
5 59 
5 60 
5 63 
5 66 
5 68 
5 70 
5 74 
5 76 
5 77 
5 80 
5 82 
5 83 
5 86 
5 90 
5 94 
5 95 
5 96 
5 97 
5 98 
5 102 
5 104 
5 105 
5 108 
5 109 
5 116 
5 127 
5 128 
5 130 
5 134 
5 156 
5 173 
5 178 
5 182 
5 212 
6 2 
6 3 
6 4 
6 6 
6 7 
6 8 
6 9 
6 10 
6 11 
6 13 
6 14 
6 15 
6 17 
6 18 
6 22 
6 23 
6 25 
6 26 
6 27 
6 28 
6 30 
6 31 
6 32 
6 34 
6 35 
6 36 
6 37 
6 39 
6 40 
6 42 
6 44 
6 45 
6 48 
6 51 
6 52 
6 54 
6 58 
6 60 
6 63 
6 68 
6 69 
6 72 
6 73 
6 76 
6 79 
6 80 
6 83 
6 84 
6 88 
6 90 
6 95 
6 98 
6 102 
6 103 
6 105 
6 109 
6 112 
6 116 
6 117 
6 121 
6 128 
6 133 
6 134 
6 146 
6 156 
6 158 
6 178 
6 182 
6 212 
7 2 
7 3 
7 4 
7 6 
7 14 
7 15 
7 16 
7 17 
7 18 
7 22 
7 23 
7 26 
7 27 
7 28 
7 29 
7 31 
7 32 
7 34 
7 35 
7 36 
7 37 
7 39 
7 44 
7 45 
7 49 
7 52 
7 53 
7 54 
7 58 
7 59 
7 60 
7 62 
7 67 
7 69 
7 70 
7 71 
7 74 
7 76 
7 82 
7 84 
7 95 
7 96 
7 104 
7 105 
7 108 
7 109 
7 113 
7 115 
7 117 
7 119 
7 130 
7 136 
7 138 
7 139 
7 156 
7 159 
7 166 
7 168 
7 170 
7 173 
7 180 
7 182 
7 187 
7 212 
8 2 
8 14 
8 15 
8 16 
8 17 
8 18 
8 23 
8 26 
8 27 
8 29 
8 31 
8 34 
8 44 
8 62 
8 70 
8 74 
8 105 
8 130 
8 136 
8 138 
8 139 
8 140 
8 156 
8 170 
8 180 
9 2 
9 3 
9 4 
9 6 
9 8 
9 9 
9 10 
9 14 
9 15 
9 17 
9 22 
9 23 
9 26 
9 27 
9 28 
9 29 
9 31 
9 32 
9 34 
9 35 
9 37 
9 39 
9 44 
9 45 
9 49 
9 52 
9 53 
9 54 
9 58 
9 59 
9 60 
9 67 
9 69 
9 71 
9 74 
9 76 
9 82 
9 84 
9 95 
9 96 
9 104 
9 105 
9 108 
9 109 
9 113 
9 115 
9 117 
9 119 
9 139 
9 140 
9 159 
9 166 
9 168 
9 170 
9 173 
9 180 
9 182 
9 187 
9 212 
10 2 
10 3 
10 4 
10 6 
10 8 
10 9 
10 14 
10 15 
10 17 
10 22 
10 23 
10 26 
10 27 
10 29 
10 31 
10 34 
10 35 
10 36 
10 39 
10 44 
10 45 
10 49 
10 109 
10 140 
11 2 
11 3 
11 4 
11 5 
11 6 
11 7 
11 8 
11 10 
11 13 
11 14 
11 15 
11 17 
11 18 
11 21 
11 22 
11 23 
11 25 
11 26 
11 27 
11 28 
11 30 
11 31 
11 32 
11 34 
11 35 
11 36 
11 39 
11 42 
11 44 
11 45 
11 48 
11 49 
11 51 
11 52 
11 54 
11 60 
11 62 
11 63 
11 66 
11 67 
11 68 
11 70 
11 71 
11 73 
11 74 
11 76 
11 80 
11 82 
11 83 
11 84 
11 86 
11 87 
11 96 
11 97 
11 98 
11 102 
11 105 
11 108 
11 109 
11 115 
11 116 
11 117 
11 119 
11 121 
11 125 
11 150 
11 170 
11 190 
11 212 
13 2 
13 5 
13 6 
13 7 
13 8 
13 9 
13 10 
13 11 
13 15 
13 16 
13 17 
13 18 
13 21 
13 22 
13 23 
13 27 
13 30 
13 31 
13 32 
13 34 
13 35 
13 36 
13 37 
13 39 
13 40 
13 42 
13 44 
13 45 
13 49 
13 51 
13 52 
13 55 
13 58 
13 60 
13 62 
13 63 
13 66 
13 68 
13 70 
13 72 
13 73 
13 74 
13 76 
13 79 
13 80 
13 83 
13 84 
13 86 
13 87 
13 88 
13 90 
13 95 
13 96 
13 97 
13 98 
13 100 
13 102 
13 105 
13 108 
13 109 
13 116 
13 117 
13 121 
13 128 
13 133 
13 146 
13 158 
13 178 
13 182 
13 212 
14 2 
14 3 
14 4 
14 5 
14 6 
14 7 
14 8 
14 9 
14 10 
14 11 
14 13 
14 15 
14 16 
14 17 
14 18 
14 21 
14 22 
14 23 
14 25 
14 26 
14 27 
14 28 
14 29 
14 30 
14 31 
14 32 
14 34 
14 35 
14 36 
14 37 
14 39 
14 40 
14 42 
14 44 
14 45 
14 48 
14 49 
14 51 
14 52 
14 53 
14 54 
14 55 
14 57 
14 58 
14 59 
14 60 
14 62 
14 63 
14 66 
14 67 
14 68 
14 69 
14 70 
14 71 
14 72 
14 73 
14 74 
14 76 
14 77 
14 78 
14 79 
14 80 
14 82 
14 83 
14 84 
14 86 
14 87 
14 88 
14 89 
14 90 
14 91 
14 92 
14 94 
14 95 
14 96 
14 97 
14 98 
14 99 
14 100 
14 102 
14 103 
14 104 
14 105 
14 108 
14 109 
14 110 
14 112 
14 113 
14 116 
14 117 
14 118 
14 119 
14 121 
14 125 
14 127 
14 128 
14 130 
14 133 
14 134 
14 136 
14 139 
14 140 
14 146 
14 148 
14 150 
14 155 
14 156 
14 157 
14 158 
14 159 
14 166 
14 168 
14 170 
14 173 
14 178 
14 180 
14 181 
14 182 
14 187 
14 212 
15 2 
15 3 
15 4 
15 5 
15 6 
15 7 
15 8 
15 9 
15 10 
15 11 
15 13 
15 14 
15 16 
15 17 
15 21 
15 22 
15 23 
15 25 
15 26 
15 27 
15 28 
15 29 
15 30 
15 31 
15 32 
15 34 
15 35 
15 36 
15 37 
15 39 
15 40 
15 42 
15 44 
15 45 
15 48 
15 49 
15 51 
15 52 
15 54 
15 55 
15 57 
15 58 
15 59 
15 60 
15 62 
15 63 
15 66 
15 67 
15 68 
15 69 
15 70 
15 71 
15 72 
15 73 
15 74 
15 76 
15 77 
15 78 
15 79 
15 80 
15 82 
15 83 
15 84 
15 86 
15 87 
15 88 
15 89 
15 90 
15 91 
15 94 
15 95 
15 96 
15 97 
15 98 
15 99 
15 100 
15 102 
15 105 
15 108 
15 109 
15 110 
15 112 
15 116 
15 117 
15 119 
15 121 
15 125 
15 127 
15 128 
15 133 
15 134 
15 140 
15 146 
15 148 
15 150 
15 155 
15 156 
15 158 
15 170 
15 178 
15 182 
15 187 
15 212 
16 2 
16 5 
16 6 
16 7 
16 9 
16 10 
16 14 
16 15 
16 18 
16 22 
16 23 
16 25 
16 26 
16 27 
16 31 
16 32 
16 34 
16 35 
16 37 
16 39 
16 42 
16 44 
16 45 
16 55 
16 58 
16 60 
16 63 
16 66 
16 76 
16 79 
16 96 
16 97 
16 103 
16 105 
16 108 
16 109 
16 112 
16 128 
16 136 
17 4 
17 6 
17 7 
17 8 
17 9 
17 10 
17 14 
17 15 
17 18 
17 22 
17 23 
17 25 
17 26 
17 27 
17 29 
17 31 
17 32 
17 34 
17 35 
17 37 
17 39 
17 44 
17 45 
17 54 
17 57 
17 58 
17 59 
17 63 
17 67 
17 68 
17 71 
17 92 
17 105 
17 109 
17 110 
17 113 
17 119 
17 125 
17 134 
17 139 
17 146 
17 155 
17 158 
17 168 
17 170 
17 173 
17 180 
17 190 
17 212 
18 17 
18 23 
18 26 
18 27 
18 29 
18 34 
18 45 
18 125 
18 157 
18 180 
19 2 
19 6 
19 7 
19 10 
19 26 
19 67 
21 2 
21 3 
21 4 
21 5 
21 6 
21 7 
21 8 
21 9 
21 10 
21 11 
21 13 
21 14 
21 15 
21 17 
21 18 
21 22 
21 23 
21 25 
21 26 
21 27 
21 28 
21 30 
21 31 
21 32 
21 34 
21 35 
21 36 
21 37 
21 39 
21 40 
21 42 
21 44 
21 45 
21 48 
21 49 
21 51 
21 52 
21 53 
21 54 
21 55 
21 58 
21 59 
21 60 
21 62 
21 63 
21 67 
21 68 
21 69 
21 70 
21 71 
21 72 
21 73 
21 74 
21 76 
21 77 
21 78 
21 79 
21 80 
21 82 
21 83 
21 84 
21 86 
21 87 
21 88 
21 90 
21 91 
21 92 
21 94 
21 95 
21 96 
21 98 
21 99 
21 100 
21 102 
21 103 
21 105 
21 108 
21 109 
21 112 
21 116 
21 117 
21 119 
21 121 
21 125 
21 127 
21 128 
21 130 
21 133 
21 134 
21 146 
21 148 
21 150 
21 156 
21 158 
21 166 
21 178 
21 182 
21 187 
21 212 
22 2 
22 3 
22 4 
22 5 
22 6 
22 7 
22 8 
22 9 
22 10 
22 11 
22 13 
22 14 
22 15 
22 16 
22 17 
22 18 
22 21 
22 23 
22 25 
22 26 
22 27 
22 28 
22 29 
22 30 
22 31 
22 32 
22 34 
22 35 
22 36 
22 37 
22 39 
22 40 
22 42 
22 44 
22 45 
22 48 
22 49 
22 51 
22 52 
22 53 
22 54 
22 55 
22 57 
22 58 
22 59 
22 60 
22 62 
22 63 
22 66 
22 67 
22 68 
22 69 
22 70 
22 71 
22 72 
22 73 
22 74 
22 76 
22 77 
22 78 
22 79 
22 80 
22 82 
22 83 
22 84 
22 86 
22 87 
22 88 
22 89 
22 90 
22 91 
22 92 
22 94 
22 95 
22 96 
22 97 
22 98 
22 99 
22 100 
22 102 
22 103 
22 104 
22 105 
22 108 
22 109 
22 110 
22 112 
22 113 
22 116 
22 117 
22 119 
22 121 
22 125 
22 127 
22 128 
22 130 
22 133 
22 134 
22 136 
22 138 
22 139 
22 140 
22 146 
22 148 
22 150 
22 155 
22 156 
22 157 
22 158 
22 166 
22 173 
22 178 
22 181 
22 182 
22 187 
22 212 
23 2 
23 3 
23 4 
23 5 
23 6 
23 7 
23 8 
23 9 
23 10 
23 11 
23 14 
23 15 
23 17 
23 18 
23 22 
23 25 
23 26 
23 27 
23 30 
23 31 
23 32 
23 34 
23 36 
23 37 
23 39 
23 42 
23 44 
23 45 
23 49 
23 62 
23 63 
23 70 
23 71 
23 76 
23 78 
23 80 
23 82 
23 83 
23 95 
23 96 
23 99 
23 102 
23 105 
23 108 
23 109 
23 110 
23 115 
23 116 
23 117 
23 139 
23 140 
23 150 
23 155 
23 156 
23 158 
23 166 
23 182 
23 212 
24 6 
24 7 
24 9 
24 21 
24 25 
24 30 
24 32 
24 44 
24 63 
24 72 
24 100 
25 2 
25 4 
25 5 
25 6 
25 13 
25 14 
25 15 
25 25 
25 26 
25 27 
25 34 
25 36 
25 37 
25 44 
25 45 
25 49 
25 52 
25 62 
25 76 
25 89 
25 94 
25 95 
25 118 
25 125 
25 134 
25 146 
25 158 
25 170 
25 193 
25 212 
26 2 
26 7 
26 8 
26 9 
26 17 
26 18 
26 23 
26 34 
26 36 
26 62 
26 105 
26 139 
26 140 
26 146 
26 158 
26 212 
27 2 
27 3 
27 4 
27 5 
27 6 
27 7 
27 8 
27 9 
27 10 
27 11 
27 13 
27 14 
27 15 
27 16 
27 17 
27 18 
27 21 
27 22 
27 23 
27 25 
27 26 
27 28 
27 29 
27 30 
27 31 
27 32 
27 34 
27 35 
27 36 
27 37 
27 39 
27 40 
27 42 
27 44 
27 45 
27 48 
27 49 
27 51 
27 52 
27 53 
27 54 
27 55 
27 57 
27 58 
27 59 
27 60 
27 62 
27 63 
27 66 
27 67 
27 68 
27 69 
27 70 
27 71 
27 72 
27 73 
27 74 
27 76 
27 77 
27 78 
27 79 
27 80 
27 82 
27 83 
27 84 
27 86 
27 87 
27 88 
27 90 
27 91 
27 92 
27 94 
27 95 
27 96 
27 97 
27 98 
27 100 
27 102 
27 103 
27 104 
27 105 
27 108 
27 109 
27 110 
27 112 
27 113 
27 116 
27 117 
27 119 
27 120 
27 121 
27 125 
27 127 
27 128 
27 130 
27 133 
27 134 
27 136 
27 139 
27 140 
27 146 
27 148 
27 150 
27 155 
27 156 
27 158 
27 170 
27 173 
27 178 
27 182 
27 187 
27 190 
27 193 
27 212 
27 213 
28 45 
29 2 
29 6 
29 7 
29 8 
29 9 
29 10 
29 15 
29 18 
29 23 
29 26 
29 27 
29 31 
29 34 
29 36 
29 37 
29 39 
29 40 
29 45 
29 63 
29 70 
29 80 
29 125 
29 134 
29 140 
29 166 
29 212 
30 2 
30 3 
30 4 
30 5 
30 6 
30 7 
30 8 
30 9 
30 10 
30 11 
30 13 
30 14 
30 15 
30 17 
30 18 
30 21 
30 22 
30 23 
30 25 
30 26 
30 27 
30 31 
30 32 
30 34 
30 35 
30 36 
30 37 
30 39 
30 40 
30 42 
30 44 
30 45 
30 48 
30 49 
30 51 
30 52 
30 54 
30 55 
30 59 
30 60 
30 62 
30 63 
30 68 
30 69 
30 70 
30 72 
30 73 
30 74 
30 76 
30 77 
30 78 
30 79 
30 80 
30 82 
30 83 
30 84 
30 87 
30 88 
30 89 
30 94 
30 95 
30 96 
30 97 
30 98 
30 99 
30 102 
30 105 
30 108 
30 109 
30 112 
30 113 
30 116 
30 117 
30 121 
30 127 
30 128 
30 133 
30 134 
30 146 
30 150 
30 155 
30 156 
30 158 
30 178 
30 182 
31 2 
31 3 
31 4 
31 5 
31 6 
31 7 
31 8 
31 9 
31 10 
31 14 
31 15 
31 17 
31 22 
31 23 
31 26 
31 27 
31 32 
31 34 
31 36 
31 37 
31 39 
31 44 
31 45 
31 49 
31 63 
31 69 
31 76 
31 79 
31 87 
31 96 
31 105 
31 108 
31 109 
31 119 
31 125 
31 134 
31 139 
31 166 
32 2 
32 3 
32 4 
32 5 
32 6 
32 7 
32 8 
32 9 
32 10 
32 11 
32 13 
32 14 
32 15 
32 17 
32 18 
32 21 
32 22 
32 23 
32 25 
32 26 
32 27 
32 30 
32 31 
32 34 
32 35 
32 36 
32 37 
32 39 
32 40 
32 42 
32 44 
32 45 
32 48 
32 49 
32 51 
32 52 
32 53 
32 54 
32 55 
32 58 
32 59 
32 60 
32 62 
32 63 
32 67 
32 68 
32 69 
32 70 
32 72 
32 73 
32 76 
32 77 
32 78 
32 79 
32 80 
32 83 
32 84 
32 86 
32 87 
32 88 
32 89 
32 94 
32 95 
32 96 
32 97 
32 98 
32 99 
32 100 
32 102 
32 103 
32 105 
32 108 
32 109 
32 116 
32 117 
32 121 
32 127 
32 128 
32 133 
32 134 
32 146 
32 148 
32 150 
32 156 
32 158 
32 166 
32 178 
32 212 
33 17 
33 36 
33 83 
33 187 
34 2 
34 7 
34 8 
34 9 
34 14 
34 15 
34 17 
34 18 
34 21 
34 22 
34 23 
34 26 
34 27 
34 29 
34 31 
34 32 
34 36 
34 39 
34 44 
34 45 
34 62 
34 70 
34 99 
34 105 
34 110 
34 139 
34 140 
34 155 
34 190 
34 212 
35 2 
35 3 
35 4 
35 5 
35 6 
35 7 
35 8 
35 9 
35 10 
35 11 
35 13 
35 14 
35 15 
35 16 
35 17 
35 18 
35 21 
35 22 
35 23 
35 25 
35 26 
35 27 
35 28 
35 29 
35 30 
35 31 
35 32 
35 34 
35 35 
35 36 
35 37 
35 39 
35 40 
35 42 
35 44 
35 45 
35 48 
35 49 
35 51 
35 52 
35 53 
35 55 
35 58 
35 60 
35 62 
35 63 
35 66 
35 68 
35 69 
35 70 
35 71 
35 73 
35 74 
35 76 
35 77 
35 78 
35 79 
35 80 
35 82 
35 83 
35 84 
35 87 
35 88 
35 90 
35 91 
35 94 
35 95 
35 96 
35 97 
35 98 
35 102 
35 103 
35 105 
35 108 
35 109 
35 116 
35 117 
35 119 
35 121 
35 125 
35 127 
35 134 
35 139 
35 140 
35 146 
35 148 
35 150 
35 156 
35 157 
35 158 
35 159 
35 173 
35 178 
35 180 
35 182 
35 212 
36 2 
36 3 
36 4 
36 5 
36 6 
36 7 
36 8 
36 9 
36 10 
36 11 
36 13 
36 14 
36 15 
36 16 
36 17 
36 18 
36 21 
36 22 
36 23 
36 25 
36 26 
36 27 
36 28 
36 30 
36 31 
36 32 
36 34 
36 35 
36 37 
36 39 
36 40 
36 42 
36 44 
36 45 
36 48 
36 49 
36 51 
36 52 
36 54 
36 55 
36 58 
36 59 
36 60 
36 62 
36 63 
36 66 
36 67 
36 68 
36 69 
36 70 
36 71 
36 72 
36 73 
36 76 
36 78 
36 79 
36 80 
36 82 
36 83 
36 84 
36 86 
36 87 
36 88 
36 89 
36 90 
36 91 
36 94 
36 95 
36 96 
36 97 
36 98 
36 100 
36 102 
36 103 
36 105 
36 108 
36 109 
36 112 
36 116 
36 117 
36 120 
36 121 
36 125 
36 127 
36 128 
36 130 
36 134 
36 146 
36 148 
36 150 
36 155 
36 156 
36 157 
36 158 
36 159 
36 165 
36 178 
36 180 
36 182 
36 187 
37 2 
37 3 
37 4 
37 6 
37 7 
37 8 
37 9 
37 11 
37 13 
37 14 
37 15 
37 18 
37 22 
37 23 
37 25 
37 26 
37 27 
37 29 
37 32 
37 34 
37 35 
37 36 
37 39 
37 42 
37 44 
37 45 
37 48 
37 49 
37 52 
37 55 
37 60 
37 63 
37 66 
37 68 
37 69 
37 70 
37 71 
37 72 
37 74 
37 76 
37 80 
37 82 
37 83 
37 84 
37 86 
37 87 
37 88 
37 92 
37 98 
37 102 
37 105 
37 109 
37 110 
37 121 
37 125 
37 134 
37 136 
37 139 
37 140 
37 146 
37 148 
37 150 
37 158 
38 72 
39 2 
39 3 
39 4 
39 7 
39 9 
39 10 
39 14 
39 15 
39 17 
39 22 
39 23 
39 26 
39 27 
39 31 
39 34 
39 36 
39 37 
39 44 
39 45 
39 70 
39 119 
39 125 
39 139 
39 155 
39 170 
39 212 
40 2 
40 3 
40 6 
40 7 
40 9 
40 13 
40 14 
40 15 
40 23 
40 27 
40 31 
40 35 
40 37 
40 44 
40 45 
40 52 
40 68 
40 70 
40 72 
40 78 
40 80 
40 84 
40 89 
40 90 
40 91 
40 100 
40 105 
40 125 
40 133 
40 134 
42 2 
42 3 
42 4 
42 6 
42 7 
42 9 
42 10 
42 14 
42 15 
42 18 
42 21 
42 22 
42 25 
42 26 
42 27 
42 30 
42 31 
42 32 
42 34 
42 35 
42 37 
42 39 
42 40 
42 44 
42 45 
42 51 
42 52 
42 59 
42 62 
42 63 
42 68 
42 69 
42 70 
42 72 
42 73 
42 82 
42 83 
42 87 
42 88 
42 94 
42 96 
42 98 
42 100 
42 105 
42 109 
42 116 
42 117 
42 121 
42 133 
42 146 
42 155 
42 170 
43 2 
43 7 
43 8 
43 15 
43 17 
43 26 
43 27 
43 30 
43 34 
43 35 
43 39 
43 44 
43 54 
43 59 
43 62 
43 71 
43 72 
43 75 
43 92 
43 104 
43 105 
43 109 
43 110 
43 113 
43 115 
43 125 
43 134 
43 155 
43 158 
43 168 
43 170 
43 180 
43 193 
43 212 
44 2 
44 3 
44 4 
44 5 
44 6 
44 7 
44 8 
44 9 
44 10 
44 11 
44 13 
44 14 
44 15 
44 16 
44 17 
44 18 
44 21 
44 22 
44 23 
44 25 
44 26 
44 27 
44 28 
44 29 
44 30 
44 31 
44 32 
44 34 
44 35 
44 36 
44 37 
44 39 
44 40 
44 42 
44 45 
44 48 
44 49 
44 51 
44 52 
44 53 
44 54 
44 55 
44 57 
44 58 
44 59 
44 60 
44 62 
44 63 
44 66 
44 67 
44 68 
44 69 
44 70 
44 71 
44 72 
44 73 
44 74 
44 75 
44 76 
44 77 
44 78 
44 79 
44 80 
44 82 
44 83 
44 84 
44 86 
44 87 
44 88 
44 89 
44 90 
44 91 
44 92 
44 94 
44 95 
44 96 
44 97 
44 98 
44 99 
44 100 
44 102 
44 103 
44 104 
44 105 
44 108 
44 109 
44 110 
44 112 
44 113 
44 116 
44 117 
44 118 
44 119 
44 121 
44 125 
44 127 
44 128 
44 130 
44 133 
44 134 
44 138 
44 139 
44 140 
44 146 
44 148 
44 150 
44 155 
44 156 
44 157 
44 158 
44 165 
44 166 
44 168 
44 170 
44 173 
44 178 
44 180 
44 182 
44 187 
44 190 
44 193 
44 212 
45 2 
45 3 
45 4 
45 5 
45 6 
45 7 
45 8 
45 9 
45 10 
45 11 
45 13 
45 14 
45 15 
45 16 
45 17 
45 18 
45 21 
45 22 
45 23 
45 25 
45 26 
45 27 
45 28 
45 29 
45 30 
45 31 
45 32 
45 34 
45 35 
45 36 
45 37 
45 39 
45 40 
45 42 
45 44 
45 48 
45 49 
45 51 
45 52 
45 53 
45 54 
45 55 
45 58 
45 59 
45 60 
45 62 
45 63 
45 66 
45 67 
45 68 
45 69 
45 70 
45 71 
45 72 
45 73 
45 74 
45 75 
45 76 
45 77 
45 78 
45 79 
45 80 
45 82 
45 83 
45 84 
45 86 
45 87 
45 88 
45 90 
45 91 
45 92 
45 94 
45 95 
45 96 
45 97 
45 98 
45 99 
45 100 
45 102 
45 103 
45 105 
45 108 
45 109 
45 110 
45 112 
45 115 
45 116 
45 117 
45 118 
45 119 
45 120 
45 121 
45 125 
45 127 
45 128 
45 130 
45 133 
45 134 
45 136 
45 138 
45 139 
45 140 
45 146 
45 148 
45 150 
45 155 
45 156 
45 157 
45 158 
45 165 
45 166 
45 178 
45 182 
45 187 
45 212 
45 213 
46 32 
46 72 
47 6 
47 7 
47 9 
47 10 
47 14 
47 15 
47 23 
47 26 
47 27 
47 31 
47 39 
47 44 
47 45 
47 63 
47 98 
47 116 
47 139 
48 6 
48 14 
48 15 
48 37 
48 45 
48 51 
48 77 
48 88 
49 2 
49 5 
49 6 
49 7 
49 9 
49 10 
49 14 
49 15 
49 22 
49 23 
49 27 
49 32 
49 34 
49 35 
49 37 
49 40 
49 44 
49 45 
49 52 
49 55 
49 58 
49 66 
49 76 
49 79 
49 84 
49 88 
49 94 
49 95 
49 96 
49 108 
49 125 
49 212 
50 2 
50 6 
50 7 
50 10 
50 14 
50 17 
50 18 
50 22 
50 23 
50 26 
50 27 
50 30 
50 31 
50 32 
50 34 
50 35 
50 36 
50 39 
50 40 
50 42 
50 44 
50 45 
50 48 
50 49 
50 51 
50 53 
50 59 
50 60 
50 71 
50 72 
50 76 
50 77 
50 78 
50 80 
50 83 
50 90 
50 102 
50 105 
50 109 
50 116 
50 117 
50 125 
50 134 
50 150 
50 156 
50 166 
50 187 
50 212 
51 2 
51 15 
51 22 
51 27 
51 30 
51 37 
51 45 
51 60 
51 62 
51 63 
51 77 
51 86 
51 87 
51 88 
51 155 
52 2 
52 3 
52 6 
52 7 
52 9 
52 14 
52 15 
52 17 
52 22 
52 23 
52 25 
52 27 
52 30 
52 32 
52 34 
52 35 
52 37 
52 39 
52 40 
52 45 
52 62 
52 63 
52 68 
52 70 
52 71 
52 73 
52 76 
52 83 
52 87 
52 88 
52 98 
52 100 
52 102 
52 105 
52 109 
52 112 
52 119 
52 121 
52 136 
52 146 
52 155 
53 14 
53 27 
53 45 
53 82 
54 57 
54 58 
54 59 
54 118 
54 170 
55 2 
55 6 
55 7 
55 9 
55 15 
55 17 
55 22 
55 27 
55 30 
55 35 
55 37 
55 44 
55 45 
55 58 
55 66 
55 76 
55 88 
55 94 
55 95 
55 96 
55 108 
55 109 
55 127 
55 136 
58 7 
58 9 
58 15 
58 16 
58 18 
58 22 
58 23 
58 35 
58 45 
58 55 
58 63 
58 66 
58 76 
58 79 
58 96 
58 97 
59 14 
59 17 
59 170 
60 2 
60 3 
60 4 
60 6 
60 7 
60 9 
60 11 
60 14 
60 15 
60 22 
60 27 
60 30 
60 36 
60 37 
60 44 
60 45 
60 51 
60 63 
60 69 
60 77 
60 86 
60 87 
60 88 
60 90 
60 96 
60 105 
60 108 
61 2 
61 4 
61 5 
61 6 
61 7 
61 8 
61 9 
61 10 
61 11 
61 14 
61 15 
61 17 
61 18 
61 22 
61 23 
61 25 
61 26 
61 27 
61 30 
61 31 
61 32 
61 34 
61 35 
61 36 
61 37 
61 39 
61 40 
61 42 
61 44 
61 48 
61 49 
61 51 
61 52 
61 53 
61 54 
61 55 
61 58 
61 59 
61 60 
61 63 
61 66 
61 67 
61 68 
61 69 
61 71 
61 76 
61 78 
61 79 
61 80 
61 83 
61 84 
61 86 
61 87 
61 90 
61 91 
61 95 
61 96 
61 97 
61 102 
61 105 
61 108 
61 109 
61 116 
61 117 
61 127 
61 133 
61 134 
61 139 
61 146 
61 150 
61 156 
61 157 
61 165 
61 178 
61 182 
61 187 
62 2 
62 3 
62 6 
62 14 
62 15 
62 22 
62 26 
62 27 
62 35 
62 36 
62 37 
62 39 
62 40 
62 42 
62 44 
62 45 
62 59 
62 63 
62 68 
62 70 
62 87 
62 91 
62 146 
62 148 
63 2 
63 3 
63 4 
63 6 
63 7 
63 9 
63 10 
63 11 
63 13 
63 14 
63 15 
63 17 
63 22 
63 23 
63 25 
63 27 
63 30 
63 32 
63 35 
63 36 
63 37 
63 39 
63 42 
63 44 
63 45 
63 51 
63 52 
63 60 
63 68 
63 69 
63 70 
63 73 
63 76 
63 77 
63 80 
63 82 
63 83 
63 84 
63 86 
63 87 
63 88 
63 90 
63 96 
63 98 
63 100 
63 102 
63 105 
63 116 
63 117 
63 121 
63 148 
64 23 
64 27 
64 32 
64 34 
64 36 
65 2 
65 3 
65 6 
65 7 
65 9 
65 11 
65 14 
65 15 
65 16 
65 22 
65 23 
65 27 
65 32 
65 35 
65 36 
65 37 
65 44 
65 45 
65 49 
65 58 
65 63 
65 66 
65 68 
65 69 
65 76 
65 80 
65 82 
65 88 
65 95 
65 96 
65 97 
65 108 
65 121 
65 127 
65 158 
66 6 
66 7 
66 9 
66 10 
66 22 
66 37 
66 44 
66 45 
66 55 
66 67 
66 96 
66 108 
67 70 
68 2 
68 3 
68 4 
68 5 
68 6 
68 7 
68 8 
68 9 
68 11 
68 13 
68 14 
68 15 
68 21 
68 22 
68 23 
68 26 
68 27 
68 30 
68 31 
68 32 
68 34 
68 35 
68 36 
68 39 
68 40 
68 42 
68 44 
68 45 
68 48 
68 51 
68 52 
68 60 
68 62 
68 63 
68 69 
68 70 
68 73 
68 77 
68 80 
68 83 
68 84 
68 86 
68 87 
68 88 
68 90 
68 98 
68 105 
68 109 
68 116 
68 117 
68 133 
68 150 
68 170 
69 2 
69 3 
69 6 
69 7 
69 9 
69 13 
69 14 
69 15 
69 22 
69 23 
69 27 
69 30 
69 32 
69 35 
69 36 
69 37 
69 39 
69 42 
69 44 
69 45 
69 48 
69 52 
69 63 
69 68 
69 70 
69 73 
69 74 
69 77 
69 80 
69 83 
69 84 
69 86 
69 87 
69 88 
69 98 
69 105 
69 121 
69 134 
70 3 
70 4 
70 6 
70 11 
70 14 
70 15 
70 22 
70 27 
70 30 
70 34 
70 37 
70 44 
70 45 
70 62 
70 76 
70 84 
70 96 
70 108 
70 109 
70 117 
70 146 
71 92 
71 109 
71 113 
71 159 
71 181 
72 7 
72 9 
72 32 
73 2 
73 6 
73 7 
73 9 
73 11 
73 14 
73 15 
73 21 
73 22 
73 23 
73 27 
73 30 
73 32 
73 34 
73 35 
73 36 
73 37 
73 40 
73 42 
73 44 
73 45 
73 62 
73 68 
73 70 
73 76 
73 80 
73 98 
73 108 
73 121 
73 166 
74 4 
74 11 
74 14 
74 15 
74 22 
74 26 
74 27 
74 35 
74 37 
74 70 
74 134 
75 62 
75 115 
75 168 
76 2 
76 3 
76 4 
76 5 
76 6 
76 7 
76 8 
76 9 
76 10 
76 11 
76 14 
76 15 
76 16 
76 17 
76 18 
76 21 
76 22 
76 23 
76 25 
76 26 
76 27 
76 28 
76 29 
76 30 
76 31 
76 32 
76 34 
76 35 
76 36 
76 37 
76 39 
76 40 
76 42 
76 44 
76 45 
76 48 
76 49 
76 51 
76 52 
76 54 
76 55 
76 58 
76 59 
76 60 
76 62 
76 63 
76 66 
76 67 
76 68 
76 69 
76 70 
76 71 
76 72 
76 73 
76 77 
76 78 
76 79 
76 80 
76 83 
76 84 
76 86 
76 87 
76 88 
76 90 
76 91 
76 94 
76 95 
76 96 
76 97 
76 98 
76 99 
76 102 
76 103 
76 105 
76 108 
76 109 
76 112 
76 116 
76 117 
76 121 
76 127 
76 128 
76 130 
76 134 
76 136 
76 146 
76 148 
76 150 
76 155 
76 156 
76 158 
76 166 
76 178 
76 182 
76 187 
76 212 
77 6 
77 14 
77 15 
77 27 
77 32 
77 37 
77 45 
77 48 
77 51 
77 74 
78 35 
78 70 
79 2 
79 4 
79 6 
79 7 
79 9 
79 11 
79 14 
79 15 
79 17 
79 18 
79 22 
79 32 
79 35 
79 37 
79 44 
79 45 
79 55 
79 58 
79 60 
79 63 
79 66 
79 76 
79 95 
79 96 
79 97 
79 108 
79 136 
80 2 
80 4 
80 6 
80 7 
80 9 
80 11 
80 13 
80 14 
80 15 
80 22 
80 23 
80 27 
80 35 
80 36 
80 44 
80 45 
80 68 
80 74 
80 83 
80 117 
80 133 
81 2 
81 4 
81 6 
81 7 
81 8 
81 10 
81 16 
81 22 
81 23 
81 26 
81 27 
81 32 
81 35 
81 45 
81 55 
81 58 
81 66 
81 72 
81 76 
81 94 
81 95 
81 96 
81 97 
81 103 
81 105 
81 108 
81 112 
81 120 
81 127 
81 130 
81 136 
82 2 
82 3 
82 4 
82 5 
82 6 
82 7 
82 9 
82 14 
82 15 
82 21 
82 22 
82 23 
82 27 
82 31 
82 34 
82 35 
82 36 
82 37 
82 39 
82 44 
82 45 
82 51 
82 53 
82 54 
82 58 
82 63 
82 74 
82 76 
82 80 
82 84 
82 94 
82 96 
82 98 
82 102 
82 103 
82 105 
82 109 
82 119 
82 121 
82 125 
82 134 
82 140 
82 146 
82 158 
82 182 
82 187 
82 212 
83 2 
83 6 
83 7 
83 8 
83 9 
83 15 
83 21 
83 22 
83 25 
83 30 
83 32 
83 35 
83 37 
83 42 
83 44 
83 45 
83 52 
83 63 
83 69 
83 70 
83 72 
83 73 
83 84 
83 88 
83 98 
83 100 
83 117 
83 121 
84 2 
84 7 
84 8 
84 9 
84 14 
84 15 
84 22 
84 30 
84 35 
84 52 
84 58 
84 62 
84 63 
84 69 
84 80 
84 83 
84 98 
84 125 
86 2 
86 3 
86 4 
86 6 
86 14 
86 15 
86 22 
86 27 
86 30 
86 32 
86 35 
86 37 
86 44 
86 45 
86 48 
86 51 
86 52 
86 60 
86 63 
86 68 
86 69 
86 77 
86 87 
86 88 
86 90 
86 109 
87 3 
87 6 
87 7 
87 9 
87 22 
87 30 
87 37 
87 44 
87 45 
87 62 
87 63 
87 69 
87 80 
87 82 
87 98 
87 157 
88 2 
88 3 
88 6 
88 14 
88 15 
88 22 
88 36 
88 44 
88 48 
88 51 
88 52 
88 60 
88 63 
88 69 
88 70 
88 77 
88 84 
88 86 
88 98 
88 148 
89 96 
90 2 
90 15 
90 37 
90 45 
90 51 
90 52 
90 60 
90 68 
90 74 
90 77 
90 86 
90 88 
91 4 
91 14 
91 23 
91 28 
91 37 
92 71 
92 159 
92 181 
93 7 
93 10 
93 14 
93 16 
93 17 
93 21 
93 23 
93 27 
93 28 
93 30 
93 31 
93 32 
93 34 
93 42 
93 48 
93 49 
93 55 
93 58 
93 59 
93 62 
93 63 
93 68 
93 74 
93 76 
93 77 
93 82 
93 83 
93 84 
93 87 
93 88 
93 89 
93 91 
93 96 
93 97 
93 99 
93 103 
93 104 
93 110 
93 116 
93 127 
93 148 
93 213 
94 2 
94 3 
94 6 
94 7 
94 9 
94 10 
94 14 
94 15 
94 22 
94 23 
94 27 
94 32 
94 34 
94 35 
94 37 
94 39 
94 45 
94 48 
94 49 
94 55 
94 58 
94 60 
94 76 
94 80 
94 82 
94 83 
94 90 
94 95 
94 96 
94 102 
94 108 
94 117 
95 15 
95 96 
96 2 
96 3 
96 4 
96 5 
96 6 
96 7 
96 9 
96 10 
96 14 
96 15 
96 17 
96 22 
96 23 
96 26 
96 27 
96 30 
96 32 
96 35 
96 36 
96 37 
96 44 
96 45 
96 49 
96 55 
96 58 
96 63 
96 66 
96 76 
96 79 
96 80 
96 92 
96 95 
96 97 
96 105 
96 108 
96 109 
96 120 
96 125 
96 127 
96 139 
96 146 
96 158 
96 182 
96 212 
97 16 
97 45 
97 58 
97 79 
97 112 
97 178 
98 6 
98 11 
98 13 
98 15 
98 23 
98 27 
98 30 
98 32 
98 35 
98 36 
98 37 
98 42 
98 44 
98 45 
98 63 
98 70 
98 72 
98 73 
98 80 
98 87 
98 100 
98 117 
98 121 
99 2 
99 14 
99 105 
99 165 
99 166 
100 6 
100 15 
100 27 
100 30 
100 35 
100 40 
100 42 
100 44 
100 45 
100 63 
100 70 
100 72 
100 73 
100 87 
100 89 
100 98 
100 116 
100 117 
100 121 
101 7 
101 9 
101 17 
101 97 
101 136 
102 6 
102 7 
102 10 
102 11 
102 15 
102 27 
102 44 
102 45 
102 134 
103 2 
103 3 
103 5 
103 6 
103 7 
103 9 
103 10 
103 14 
103 15 
103 16 
103 17 
103 18 
103 22 
103 23 
103 26 
103 27 
103 30 
103 31 
103 32 
103 34 
103 35 
103 36 
103 37 
103 39 
103 40 
103 42 
103 44 
103 45 
103 55 
103 58 
103 59 
103 60 
103 62 
103 66 
103 68 
103 72 
103 76 
103 80 
103 83 
103 96 
103 97 
103 103 
103 105 
103 108 
103 109 
103 112 
103 117 
103 120 
103 128 
103 130 
103 136 
103 146 
103 165 
103 178 
103 182 
104 4 
104 11 
104 14 
104 37 
104 39 
104 63 
105 2 
105 4 
105 6 
105 7 
105 8 
105 9 
105 10 
105 13 
105 14 
105 15 
105 17 
105 22 
105 23 
105 25 
105 26 
105 27 
105 29 
105 30 
105 31 
105 32 
105 34 
105 36 
105 39 
105 44 
105 45 
105 70 
105 76 
105 95 
105 99 
105 105 
105 109 
105 134 
105 148 
105 156 
105 158 
105 165 
105 166 
105 182 
105 212 
107 3 
107 6 
107 49 
107 96 
108 2 
108 3 
108 4 
108 5 
108 6 
108 7 
108 9 
108 11 
108 14 
108 15 
108 16 
108 22 
108 23 
108 27 
108 32 
108 34 
108 35 
108 36 
108 37 
108 44 
108 45 
108 49 
108 55 
108 58 
108 60 
108 63 
108 66 
108 76 
108 94 
108 95 
108 96 
108 97 
108 121 
108 127 
109 2 
109 3 
109 4 
109 5 
109 6 
109 7 
109 8 
109 9 
109 10 
109 11 
109 13 
109 14 
109 15 
109 16 
109 17 
109 18 
109 21 
109 22 
109 23 
109 26 
109 27 
109 28 
109 29 
109 30 
109 31 
109 32 
109 34 
109 35 
109 36 
109 37 
109 39 
109 40 
109 42 
109 44 
109 45 
109 49 
109 51 
109 52 
109 54 
109 55 
109 57 
109 58 
109 59 
109 60 
109 62 
109 63 
109 66 
109 67 
109 68 
109 70 
109 71 
109 72 
109 75 
109 76 
109 77 
109 79 
109 80 
109 82 
109 83 
109 90 
109 92 
109 94 
109 95 
109 96 
109 98 
109 102 
109 104 
109 105 
109 108 
109 109 
109 110 
109 112 
109 113 
109 115 
109 117 
109 119 
109 121 
109 125 
109 128 
109 130 
109 134 
109 138 
109 146 
109 148 
109 150 
109 158 
109 168 
109 173 
109 178 
109 180 
109 212 
110 2 
110 6 
110 7 
110 9 
110 15 
110 17 
110 34 
110 37 
110 62 
110 155 
110 212 
112 2 
112 6 
112 7 
112 10 
112 14 
112 23 
112 27 
112 31 
112 32 
112 34 
112 35 
112 37 
112 40 
112 44 
112 45 
112 49 
112 55 
112 60 
112 76 
112 96 
112 102 
112 103 
112 105 
112 109 
112 112 
112 120 
112 127 
112 128 
112 130 
112 136 
112 178 
112 182 
113 92 
113 115 
113 181 
114 15 
114 27 
114 35 
114 44 
114 49 
114 58 
114 62 
114 76 
114 127 
115 75 
115 113 
115 138 
115 168 
116 2 
116 3 
116 5 
116 6 
116 7 
116 9 
116 14 
116 15 
116 22 
116 23 
116 25 
116 30 
116 31 
116 32 
116 37 
116 42 
116 44 
116 45 
116 52 
116 62 
116 63 
116 69 
116 70 
116 72 
116 73 
116 84 
116 88 
116 98 
116 117 
116 121 
116 146 
117 3 
117 6 
117 7 
117 9 
117 15 
117 22 
117 25 
117 27 
117 30 
117 40 
117 42 
117 45 
117 52 
117 70 
117 73 
117 96 
117 98 
117 100 
117 105 
117 108 
117 116 
117 121 
117 133 
119 4 
119 15 
119 23 
119 32 
119 44 
119 109 
119 113 
119 170 
119 173 
119 180 
120 2 
120 6 
120 7 
120 9 
120 10 
120 14 
120 22 
120 23 
120 27 
120 32 
120 34 
120 37 
120 40 
120 42 
120 44 
120 45 
120 60 
120 76 
120 80 
120 103 
120 109 
120 112 
120 128 
120 130 
120 156 
120 178 
121 2 
121 3 
121 4 
121 6 
121 7 
121 10 
121 13 
121 14 
121 15 
121 16 
121 22 
121 25 
121 27 
121 29 
121 30 
121 32 
121 34 
121 35 
121 36 
121 37 
121 40 
121 42 
121 44 
121 45 
121 52 
121 58 
121 62 
121 63 
121 68 
121 70 
121 72 
121 73 
121 80 
121 82 
121 96 
121 98 
121 109 
121 112 
121 117 
121 128 
121 146 
121 148 
121 178 
124 44 
124 119 
126 18 
126 119 
127 130 
128 2 
128 6 
128 7 
128 9 
128 14 
128 15 
128 22 
128 23 
128 26 
128 27 
128 32 
128 36 
128 37 
128 39 
128 44 
128 45 
128 51 
128 55 
128 60 
128 72 
128 76 
128 78 
128 80 
128 90 
128 99 
128 103 
128 105 
128 109 
128 112 
128 117 
128 120 
128 127 
128 128 
128 130 
128 178 
129 14 
129 23 
129 27 
129 44 
129 45 
129 99 
129 112 
129 120 
129 127 
129 130 
130 7 
130 8 
130 27 
130 120 
130 127 
132 2 
132 6 
132 23 
132 27 
132 44 
132 45 
132 128 
133 7 
133 9 
133 15 
133 32 
133 42 
133 73 
133 121 
134 212 
136 2 
136 7 
136 8 
136 9 
136 45 
137 2 
137 5 
137 6 
137 11 
137 13 
137 22 
137 23 
137 30 
137 32 
137 36 
137 39 
137 44 
137 45 
137 60 
137 63 
137 80 
137 83 
137 109 
137 117 
137 150 
138 21 
138 168 
139 7 
139 9 
139 14 
139 34 
140 8 
140 10 
140 182 
141 39 
142 4 
142 159 
142 168 
144 92 
145 45 
146 15 
146 25 
146 45 
146 70 
147 23 
148 6 
148 22 
148 27 
148 35 
148 121 
150 7 
150 8 
150 9 
150 14 
150 15 
150 23 
150 27 
150 44 
150 45 
150 68 
150 71 
150 104 
150 109 
150 181 
151 4 
151 7 
151 9 
151 14 
151 15 
151 22 
151 31 
151 37 
151 44 
152 168 
153 23 
154 115 
154 138 
154 168 
155 34 
156 14 
156 166 
157 45 
158 17 
158 44 
160 2 
160 6 
160 14 
160 22 
160 35 
160 44 
160 45 
160 105 
160 112 
160 128 
160 178 
163 18 
163 22 
163 27 
163 168 
165 165 
168 109 
168 115 
171 3 
171 7 
171 9 
171 44 
171 128 
171 133 
173 14 
173 173 
173 180 
175 21 
177 6 
177 7 
177 9 
177 15 
177 32 
177 45 
177 76 
177 97 
177 105 
177 128 
178 7 
178 9 
178 44 
180 35 
180 157 
181 113 
182 14 
182 105 
183 14 
184 6 
184 7 
184 9 
184 23 
184 45 
184 58 
187 14 
187 76 
188 6 
188 37 
189 18 
189 26 
189 34 
189 37 
189 155 
190 17 
203 37 
204 59 
206 23 
210 103 
212 18 
