3 15 
3 22 
3 37 
3 68 
3 88 
4 14 
4 15 
4 22 
4 27 
4 35 
4 37 
4 44 
4 52 
4 60 
4 62 
4 63 
4 69 
4 74 
4 88 
4 102 
4 148 
5 158 
6 45 
7 4 
7 14 
7 15 
7 23 
7 27 
7 31 
7 32 
7 37 
7 45 
7 63 
8 14 
9 4 
9 8 
9 14 
9 15 
9 23 
9 27 
9 31 
9 32 
9 37 
9 45 
9 63 
11 14 
11 22 
11 35 
14 3 
14 4 
14 6 
14 7 
14 8 
14 11 
14 15 
14 21 
14 22 
14 25 
14 27 
14 32 
14 35 
14 36 
14 37 
14 44 
14 57 
14 59 
14 60 
14 63 
14 68 
14 74 
14 80 
14 82 
14 98 
14 121 
14 125 
14 148 
14 150 
14 156 
14 180 
14 187 
15 3 
15 4 
15 11 
15 14 
15 22 
15 27 
15 30 
15 36 
15 37 
15 52 
15 63 
15 68 
15 69 
15 74 
15 82 
15 83 
15 84 
15 87 
15 88 
15 212 
18 26 
21 44 
22 3 
22 7 
22 8 
22 11 
22 14 
22 15 
22 21 
22 23 
22 27 
22 35 
22 37 
22 44 
22 48 
22 51 
22 60 
22 68 
22 84 
22 88 
22 148 
27 3 
27 4 
27 11 
27 14 
27 15 
27 22 
27 35 
27 37 
27 52 
27 57 
27 62 
27 63 
27 68 
27 73 
27 74 
27 80 
27 98 
27 127 
27 148 
30 14 
30 15 
30 22 
30 27 
30 73 
30 87 
33 158 
35 4 
35 14 
35 15 
35 22 
35 23 
35 37 
35 60 
35 82 
35 148 
35 150 
36 80 
37 80 
43 134 
43 158 
43 212 
44 4 
44 14 
44 22 
44 134 
44 158 
45 127 
45 128 
45 158 
49 4 
49 15 
49 27 
49 35 
49 37 
49 60 
49 80 
52 14 
63 3 
63 4 
63 15 
63 22 
63 37 
63 60 
63 87 
63 148 
68 62 
69 3 
69 4 
69 14 
69 15 
69 22 
69 23 
69 27 
69 32 
69 37 
69 52 
69 73 
69 84 
69 87 
69 88 
69 98 
69 148 
73 121 
74 4 
74 14 
82 4 
82 35 
82 74 
87 63 
87 69 
93 14 
105 4 
109 119 
121 73 
125 158 
146 158 
148 11 
