2 109 
2 134 
2 156 
3 88 
4 7 
4 10 
4 11 
4 14 
4 15 
4 22 
4 27 
4 30 
4 35 
4 37 
4 39 
4 44 
4 60 
4 62 
4 63 
4 68 
4 70 
4 82 
4 109 
4 134 
4 146 
4 158 
6 4 
6 5 
6 6 
6 7 
6 9 
6 10 
6 14 
6 15 
6 16 
6 18 
6 22 
6 23 
6 25 
6 26 
6 28 
6 29 
6 31 
6 32 
6 33 
6 35 
6 36 
6 37 
6 39 
6 40 
6 44 
6 45 
6 52 
6 55 
6 58 
6 62 
6 66 
6 68 
6 70 
6 76 
6 78 
6 82 
6 86 
6 89 
6 91 
6 94 
6 96 
6 97 
6 105 
6 108 
6 109 
6 112 
6 120 
6 130 
6 146 
6 148 
6 150 
7 33 
7 55 
7 86 
7 146 
7 158 
9 33 
9 55 
9 86 
9 146 
9 158 
12 6 
12 78 
12 91 
12 146 
14 4 
14 25 
14 27 
14 35 
14 44 
14 82 
15 3 
15 11 
15 22 
15 27 
15 37 
15 44 
16 58 
16 79 
16 97 
17 18 
17 51 
17 134 
17 146 
17 158 
19 40 
19 134 
22 4 
22 25 
22 32 
22 35 
22 48 
22 51 
22 60 
22 86 
27 3 
27 4 
27 6 
27 11 
27 14 
27 15 
27 21 
27 22 
27 30 
27 35 
27 37 
27 44 
27 51 
27 60 
27 62 
27 69 
27 73 
27 82 
27 86 
27 88 
27 112 
27 127 
27 130 
27 134 
30 63 
30 146 
35 14 
35 52 
35 60 
35 62 
35 70 
35 134 
35 146 
39 134 
40 15 
40 52 
40 133 
42 22 
42 30 
42 40 
42 52 
42 63 
42 69 
42 134 
43 44 
44 4 
44 14 
44 21 
44 28 
44 134 
45 4 
45 6 
45 16 
45 18 
45 23 
45 29 
45 35 
45 44 
45 62 
45 70 
45 76 
45 97 
45 128 
45 130 
45 146 
49 5 
52 15 
52 40 
52 62 
52 68 
52 88 
52 134 
60 51 
63 22 
63 30 
69 3 
69 4 
69 22 
69 27 
69 30 
69 35 
69 48 
69 51 
69 73 
69 86 
69 88 
69 90 
73 121 
76 97 
82 35 
82 53 
82 146 
86 51 
86 90 
87 30 
93 27 
93 33 
96 97 
105 2 
109 115 
109 138 
185 68 
