1 28 
2 15 
2 26 
2 27 
2 99 
2 168 
3 4 
3 15 
3 30 
3 32 
3 44 
3 82 
3 88 
4 3 
4 11 
4 14 
4 15 
4 18 
4 21 
4 22 
4 26 
4 27 
4 29 
4 30 
4 35 
4 36 
4 37 
4 42 
4 44 
4 45 
4 52 
4 63 
4 69 
4 70 
4 73 
4 74 
4 82 
4 84 
4 91 
4 110 
4 113 
4 116 
4 121 
4 168 
4 173 
4 187 
5 2 
5 3 
5 4 
5 6 
5 7 
5 8 
5 9 
5 10 
5 11 
5 14 
5 15 
5 16 
5 17 
5 18 
5 19 
5 22 
5 23 
5 25 
5 26 
5 27 
5 28 
5 29 
5 30 
5 31 
5 32 
5 34 
5 35 
5 36 
5 37 
5 39 
5 40 
5 42 
5 44 
5 45 
5 49 
5 51 
5 52 
5 55 
5 59 
5 60 
5 63 
5 66 
5 67 
5 68 
5 69 
5 70 
5 71 
5 72 
5 73 
5 76 
5 77 
5 78 
5 82 
5 83 
5 84 
5 86 
5 90 
5 91 
5 94 
5 95 
5 96 
5 104 
5 105 
5 109 
5 110 
5 112 
5 113 
5 116 
5 117 
5 128 
5 133 
5 138 
5 139 
5 146 
5 168 
5 187 
6 6 
6 11 
6 14 
6 15 
6 27 
6 32 
6 37 
6 40 
6 45 
6 76 
6 86 
7 2 
7 3 
7 4 
7 5 
7 6 
7 11 
7 14 
7 15 
7 18 
7 19 
7 22 
7 23 
7 26 
7 27 
7 28 
7 29 
7 30 
7 31 
7 32 
7 34 
7 35 
7 37 
7 39 
7 40 
7 42 
7 44 
7 45 
7 52 
7 54 
7 55 
7 59 
7 63 
7 68 
7 69 
7 71 
7 72 
7 73 
7 75 
7 76 
7 78 
7 82 
7 84 
7 86 
7 90 
7 105 
7 109 
7 112 
7 113 
7 116 
7 117 
7 128 
7 133 
7 134 
7 139 
7 155 
7 159 
7 168 
7 178 
7 187 
8 37 
8 75 
8 139 
8 140 
8 168 
8 178 
9 2 
9 3 
9 4 
9 5 
9 6 
9 8 
9 10 
9 11 
9 14 
9 15 
9 18 
9 19 
9 22 
9 23 
9 26 
9 27 
9 28 
9 29 
9 30 
9 31 
9 32 
9 34 
9 35 
9 37 
9 39 
9 40 
9 42 
9 44 
9 45 
9 52 
9 54 
9 55 
9 59 
9 63 
9 68 
9 69 
9 71 
9 72 
9 73 
9 75 
9 76 
9 78 
9 82 
9 84 
9 86 
9 90 
9 105 
9 109 
9 112 
9 113 
9 116 
9 117 
9 128 
9 133 
9 134 
9 139 
9 140 
9 159 
9 168 
9 178 
9 187 
10 14 
10 18 
10 29 
10 139 
10 155 
10 168 
11 4 
11 22 
11 27 
11 30 
11 44 
11 69 
11 84 
12 4 
12 6 
12 17 
12 32 
12 63 
12 71 
12 92 
14 4 
14 7 
14 10 
14 14 
14 15 
14 18 
14 22 
14 26 
14 27 
14 30 
14 32 
14 33 
14 35 
14 36 
14 37 
14 40 
14 42 
14 44 
14 45 
14 59 
14 74 
14 78 
14 82 
14 90 
14 95 
14 104 
14 109 
14 116 
14 139 
14 146 
14 168 
14 187 
14 213 
15 3 
15 4 
15 6 
15 7 
15 9 
15 10 
15 11 
15 14 
15 18 
15 19 
15 21 
15 22 
15 23 
15 26 
15 27 
15 29 
15 30 
15 31 
15 32 
15 34 
15 35 
15 36 
15 37 
15 40 
15 42 
15 44 
15 45 
15 49 
15 51 
15 63 
15 69 
15 70 
15 71 
15 72 
15 73 
15 74 
15 79 
15 82 
15 84 
15 86 
15 90 
15 91 
15 94 
15 100 
15 109 
15 110 
15 113 
15 117 
15 146 
15 168 
16 6 
16 7 
16 10 
16 11 
16 15 
16 22 
16 23 
16 27 
16 30 
16 32 
16 36 
16 37 
16 40 
16 42 
16 44 
16 45 
16 90 
16 97 
16 112 
16 136 
17 2 
17 3 
17 4 
17 5 
17 6 
17 7 
17 10 
17 11 
17 14 
17 15 
17 18 
17 19 
17 22 
17 23 
17 25 
17 26 
17 27 
17 29 
17 30 
17 31 
17 32 
17 33 
17 34 
17 35 
17 36 
17 37 
17 40 
17 42 
17 44 
17 45 
17 49 
17 51 
17 52 
17 54 
17 60 
17 63 
17 66 
17 67 
17 68 
17 69 
17 70 
17 71 
17 72 
17 73 
17 76 
17 78 
17 82 
17 83 
17 84 
17 86 
17 90 
17 91 
17 95 
17 96 
17 104 
17 105 
17 109 
17 110 
17 112 
17 116 
17 117 
17 134 
17 139 
17 146 
17 155 
17 158 
17 168 
17 187 
17 212 
18 2 
18 3 
18 4 
18 5 
18 6 
18 7 
18 9 
18 10 
18 11 
18 14 
18 15 
18 18 
18 21 
18 22 
18 23 
18 26 
18 27 
18 28 
18 29 
18 30 
18 31 
18 32 
18 34 
18 35 
18 36 
18 37 
18 40 
18 42 
18 44 
18 45 
18 52 
18 54 
18 59 
18 63 
18 69 
18 71 
18 78 
18 82 
18 84 
18 91 
18 96 
18 109 
18 110 
18 112 
18 116 
18 117 
18 139 
18 148 
18 168 
18 187 
18 213 
19 4 
19 32 
19 168 
20 6 
20 22 
20 42 
20 133 
21 4 
21 11 
21 19 
21 22 
21 27 
21 68 
21 75 
21 121 
21 168 
22 4 
22 5 
22 6 
22 14 
22 15 
22 18 
22 19 
22 23 
22 26 
22 27 
22 30 
22 31 
22 32 
22 35 
22 36 
22 37 
22 40 
22 42 
22 44 
22 45 
22 52 
22 59 
22 60 
22 63 
22 68 
22 69 
22 71 
22 72 
22 75 
22 76 
22 82 
22 83 
22 84 
22 86 
22 90 
22 91 
22 94 
22 95 
22 96 
22 100 
22 109 
22 110 
22 112 
22 116 
22 117 
22 146 
22 168 
22 187 
23 14 
23 15 
23 32 
23 36 
24 7 
24 10 
24 15 
24 26 
24 30 
24 32 
24 37 
24 42 
24 63 
24 72 
24 73 
25 3 
25 4 
25 14 
25 15 
25 22 
25 27 
25 30 
25 32 
25 34 
25 35 
25 37 
25 42 
25 49 
25 52 
25 63 
25 68 
25 69 
25 73 
25 84 
25 86 
25 115 
25 117 
25 133 
26 7 
26 9 
26 15 
26 18 
26 23 
26 29 
27 2 
27 3 
27 4 
27 6 
27 11 
27 14 
27 15 
27 18 
27 19 
27 21 
27 26 
27 29 
27 30 
27 35 
27 36 
27 37 
27 44 
27 45 
27 63 
27 68 
27 70 
27 73 
27 74 
27 78 
27 82 
27 84 
27 110 
27 113 
27 116 
27 133 
27 139 
27 146 
27 168 
27 187 
28 2 
28 4 
28 5 
28 14 
28 15 
28 18 
28 22 
28 26 
28 27 
28 29 
28 30 
28 34 
28 36 
28 37 
28 40 
28 44 
28 45 
28 72 
28 83 
28 84 
28 86 
28 109 
29 2 
29 3 
29 4 
29 6 
29 7 
29 8 
29 11 
29 14 
29 15 
29 18 
29 22 
29 23 
29 26 
29 27 
29 28 
29 30 
29 31 
29 32 
29 34 
29 35 
29 36 
29 37 
29 39 
29 40 
29 42 
29 44 
29 45 
29 63 
29 69 
29 71 
29 73 
29 78 
29 84 
29 91 
29 100 
29 109 
29 116 
29 117 
29 139 
29 168 
29 187 
30 4 
30 5 
30 7 
30 10 
30 14 
30 15 
30 16 
30 27 
30 32 
30 35 
30 37 
30 40 
30 42 
30 44 
30 52 
30 55 
30 59 
30 63 
30 66 
30 68 
30 69 
30 73 
30 76 
30 84 
30 86 
30 90 
30 94 
30 146 
30 168 
30 187 
31 26 
31 30 
31 32 
31 35 
31 40 
31 68 
31 117 
31 133 
32 4 
32 5 
32 15 
32 18 
32 25 
32 26 
32 30 
32 68 
32 78 
32 83 
32 94 
32 109 
32 116 
32 168 
33 26 
34 7 
34 8 
34 18 
34 26 
34 29 
34 31 
34 37 
34 99 
34 110 
34 139 
34 168 
35 4 
35 7 
35 10 
35 14 
35 15 
35 18 
35 22 
35 23 
35 26 
35 27 
35 29 
35 30 
35 32 
35 36 
35 37 
35 40 
35 42 
35 44 
35 45 
35 59 
35 63 
35 69 
35 71 
35 72 
35 78 
35 82 
35 84 
35 86 
35 90 
35 95 
35 100 
35 105 
35 109 
35 133 
35 168 
35 187 
36 11 
36 26 
36 29 
36 30 
36 44 
37 2 
37 4 
37 14 
37 15 
37 18 
37 19 
37 26 
37 27 
37 29 
37 32 
37 35 
37 36 
37 42 
37 45 
37 52 
37 70 
37 86 
37 91 
37 110 
37 133 
37 146 
37 168 
38 32 
38 83 
39 3 
39 4 
39 7 
39 9 
39 10 
39 11 
39 14 
39 15 
39 18 
39 19 
39 22 
39 23 
39 26 
39 27 
39 28 
39 29 
39 30 
39 31 
39 32 
39 34 
39 35 
39 37 
39 40 
39 42 
39 44 
39 45 
39 68 
39 75 
39 78 
39 84 
39 86 
39 105 
39 109 
39 117 
39 133 
39 139 
39 168 
39 187 
40 3 
40 4 
40 5 
40 6 
40 7 
40 10 
40 11 
40 14 
40 15 
40 16 
40 17 
40 18 
40 19 
40 22 
40 23 
40 25 
40 26 
40 27 
40 28 
40 29 
40 30 
40 31 
40 32 
40 34 
40 35 
40 37 
40 42 
40 44 
40 45 
40 49 
40 51 
40 52 
40 54 
40 63 
40 66 
40 68 
40 69 
40 71 
40 72 
40 73 
40 76 
40 78 
40 82 
40 84 
40 86 
40 90 
40 94 
40 95 
40 96 
40 100 
40 109 
40 117 
40 133 
40 138 
40 168 
40 187 
42 4 
42 5 
42 26 
42 32 
42 168 
43 11 
43 18 
43 19 
43 34 
43 45 
43 59 
43 63 
43 71 
43 109 
43 115 
43 133 
43 134 
43 139 
43 146 
43 158 
43 168 
43 212 
44 2 
44 4 
44 11 
44 14 
44 15 
44 17 
44 19 
44 21 
44 22 
44 27 
44 28 
44 29 
44 30 
44 35 
44 37 
44 45 
44 68 
44 69 
44 71 
44 73 
44 74 
44 82 
44 91 
44 125 
44 168 
45 2 
45 3 
45 4 
45 6 
45 7 
45 8 
45 9 
45 10 
45 11 
45 14 
45 15 
45 16 
45 17 
45 18 
45 22 
45 23 
45 25 
45 26 
45 27 
45 29 
45 30 
45 31 
45 32 
45 34 
45 35 
45 36 
45 37 
45 39 
45 40 
45 42 
45 44 
45 52 
45 55 
45 63 
45 68 
45 69 
45 70 
45 73 
45 76 
45 82 
45 84 
45 86 
45 90 
45 96 
45 105 
45 109 
45 110 
45 112 
45 116 
45 117 
45 120 
45 128 
45 133 
45 136 
45 138 
45 148 
45 158 
45 168 
45 178 
46 14 
46 26 
46 27 
46 32 
46 37 
46 42 
46 69 
46 71 
46 83 
46 84 
46 109 
46 117 
47 7 
47 8 
47 14 
47 15 
47 17 
47 18 
47 22 
47 23 
47 26 
47 27 
47 29 
47 32 
47 34 
47 36 
47 39 
47 42 
47 44 
47 54 
47 63 
47 109 
47 121 
47 133 
47 139 
47 168 
48 31 
48 32 
48 37 
48 42 
48 68 
48 90 
49 2 
49 3 
49 4 
49 5 
49 6 
49 7 
49 9 
49 10 
49 11 
49 14 
49 15 
49 16 
49 18 
49 22 
49 23 
49 26 
49 27 
49 29 
49 30 
49 31 
49 32 
49 34 
49 35 
49 36 
49 37 
49 40 
49 42 
49 44 
49 45 
49 52 
49 66 
49 68 
49 69 
49 72 
49 73 
49 76 
49 78 
49 82 
49 83 
49 84 
49 86 
49 91 
49 95 
49 96 
49 109 
49 112 
49 113 
49 116 
49 117 
49 133 
49 187 
51 14 
51 15 
51 60 
51 63 
51 68 
51 77 
51 86 
51 88 
51 90 
52 4 
52 7 
52 10 
52 11 
52 14 
52 15 
52 18 
52 22 
52 23 
52 25 
52 26 
52 27 
52 28 
52 30 
52 31 
52 32 
52 34 
52 37 
52 40 
52 42 
52 45 
52 51 
52 59 
52 60 
52 68 
52 69 
52 77 
52 78 
52 82 
52 83 
52 84 
52 86 
52 90 
52 100 
52 117 
52 133 
52 146 
52 168 
52 187 
54 4 
54 15 
54 45 
54 148 
55 4 
55 5 
55 6 
55 15 
55 27 
55 32 
55 35 
55 37 
55 40 
55 42 
55 45 
55 66 
55 68 
55 76 
55 79 
55 84 
57 22 
57 31 
57 32 
57 37 
57 40 
57 44 
57 78 
57 109 
57 187 
58 45 
58 97 
59 110 
59 170 
60 2 
60 3 
60 4 
60 5 
60 6 
60 14 
60 15 
60 18 
60 27 
60 30 
60 32 
60 35 
60 36 
60 37 
60 40 
60 42 
60 51 
60 68 
60 83 
60 84 
60 86 
60 90 
60 91 
60 100 
60 109 
60 116 
60 133 
60 146 
61 4 
61 5 
61 6 
61 7 
61 8 
61 11 
61 14 
61 15 
61 18 
61 27 
61 29 
61 30 
61 31 
61 35 
61 36 
61 37 
61 44 
61 49 
61 66 
61 68 
61 84 
61 94 
61 96 
61 108 
61 116 
61 128 
61 187 
62 15 
62 45 
62 69 
63 30 
63 84 
63 87 
63 94 
64 18 
64 116 
65 4 
65 6 
65 15 
65 18 
65 22 
65 27 
65 29 
65 32 
65 35 
65 37 
65 40 
65 45 
65 49 
65 55 
65 78 
65 79 
65 82 
65 84 
65 95 
65 103 
65 110 
65 120 
66 4 
66 5 
66 6 
66 7 
66 10 
66 15 
66 16 
66 18 
66 23 
66 27 
66 30 
66 32 
66 40 
66 42 
66 44 
66 45 
66 55 
66 76 
66 79 
66 90 
66 110 
66 128 
68 2 
68 4 
68 5 
68 6 
68 7 
68 10 
68 11 
68 14 
68 15 
68 16 
68 17 
68 18 
68 22 
68 23 
68 26 
68 27 
68 29 
68 30 
68 31 
68 32 
68 34 
68 35 
68 40 
68 42 
68 44 
68 45 
68 49 
68 51 
68 52 
68 59 
68 63 
68 66 
68 70 
68 71 
68 73 
68 76 
68 78 
68 82 
68 83 
68 84 
68 86 
68 90 
68 91 
68 109 
68 117 
68 168 
68 187 
69 4 
69 7 
69 10 
69 14 
69 15 
69 27 
69 30 
69 32 
69 37 
69 40 
69 42 
69 44 
69 52 
69 63 
69 77 
69 86 
69 90 
69 100 
69 168 
69 187 
71 2 
71 3 
71 4 
71 14 
71 15 
71 18 
71 22 
71 23 
71 27 
71 29 
71 30 
71 32 
71 34 
71 37 
71 40 
71 42 
71 44 
71 52 
71 72 
71 83 
71 84 
71 92 
71 104 
71 109 
71 113 
71 116 
71 117 
71 133 
71 168 
71 181 
71 187 
72 7 
72 10 
72 14 
72 15 
72 32 
72 35 
72 42 
72 83 
72 90 
73 27 
74 4 
74 14 
74 27 
74 44 
74 69 
74 168 
75 2 
75 3 
75 4 
75 5 
75 6 
75 7 
75 9 
75 10 
75 11 
75 14 
75 15 
75 17 
75 18 
75 22 
75 23 
75 26 
75 27 
75 28 
75 29 
75 30 
75 31 
75 32 
75 35 
75 36 
75 37 
75 40 
75 42 
75 44 
75 45 
75 49 
75 51 
75 52 
75 55 
75 59 
75 60 
75 63 
75 68 
75 69 
75 71 
75 73 
75 76 
75 78 
75 82 
75 83 
75 84 
75 86 
75 90 
75 91 
75 105 
75 109 
75 112 
75 113 
75 115 
75 116 
75 117 
75 133 
75 138 
75 146 
75 168 
75 187 
76 2 
76 4 
76 5 
76 6 
76 11 
76 14 
76 15 
76 16 
76 18 
76 23 
76 26 
76 27 
76 28 
76 30 
76 32 
76 34 
76 35 
76 37 
76 40 
76 42 
76 44 
76 45 
76 69 
76 84 
76 86 
76 112 
76 117 
77 51 
78 59 
78 104 
79 4 
79 5 
79 15 
79 27 
79 32 
79 35 
79 45 
79 55 
79 103 
81 27 
81 51 
81 79 
81 168 
82 4 
82 11 
82 22 
82 27 
82 30 
82 32 
82 35 
82 37 
82 53 
82 63 
82 78 
82 84 
82 86 
82 94 
82 146 
82 187 
83 14 
83 15 
83 22 
83 30 
83 32 
83 42 
83 44 
83 68 
83 117 
84 4 
84 14 
84 27 
84 30 
84 32 
84 42 
84 52 
84 63 
84 68 
84 69 
84 168 
86 3 
86 4 
86 14 
86 15 
86 22 
86 27 
86 30 
86 32 
86 37 
86 42 
86 51 
86 68 
86 77 
86 84 
86 90 
86 187 
87 63 
89 4 
89 14 
89 30 
89 32 
89 35 
89 37 
89 42 
89 68 
89 73 
89 117 
89 187 
90 3 
90 4 
90 5 
90 6 
90 15 
90 18 
90 23 
90 27 
90 30 
90 31 
90 32 
90 37 
90 40 
90 42 
90 44 
90 45 
90 49 
90 51 
90 52 
90 60 
90 63 
90 68 
90 77 
90 84 
90 86 
90 133 
91 4 
91 22 
91 27 
91 37 
91 42 
92 2 
92 4 
92 14 
92 15 
92 18 
92 22 
92 26 
92 27 
92 30 
92 31 
92 32 
92 37 
92 40 
92 42 
92 44 
92 52 
92 69 
92 71 
92 78 
92 83 
92 84 
92 109 
92 113 
92 116 
92 117 
92 168 
92 181 
92 187 
93 27 
93 28 
93 33 
93 34 
93 42 
93 84 
93 90 
93 100 
94 5 
96 5 
96 15 
96 27 
96 30 
96 110 
100 52 
101 4 
101 6 
101 45 
101 55 
101 63 
101 97 
101 168 
103 45 
104 109 
105 109 
105 168 
107 4 
107 5 
107 11 
107 14 
107 15 
107 18 
107 22 
107 27 
107 35 
107 37 
107 45 
107 49 
107 55 
107 95 
107 96 
107 109 
108 22 
108 36 
108 40 
108 45 
108 96 
108 148 
109 2 
109 4 
109 7 
109 8 
109 14 
109 15 
109 18 
109 22 
109 29 
109 36 
109 37 
109 40 
109 44 
109 45 
109 66 
109 71 
109 75 
109 86 
109 117 
109 121 
109 138 
109 168 
110 4 
110 7 
110 9 
110 15 
110 21 
110 22 
110 26 
110 27 
110 30 
110 32 
110 35 
110 37 
110 45 
110 109 
111 92 
111 168 
112 168 
113 2 
113 3 
113 4 
113 5 
113 6 
113 7 
113 10 
113 11 
113 14 
113 15 
113 22 
113 23 
113 26 
113 27 
113 28 
113 30 
113 31 
113 32 
113 34 
113 35 
113 37 
113 40 
113 42 
113 44 
113 49 
113 63 
113 68 
113 69 
113 71 
113 73 
113 75 
113 78 
113 82 
113 84 
113 86 
113 90 
113 105 
113 109 
113 112 
113 117 
113 133 
113 138 
113 187 
113 213 
115 2 
115 3 
115 4 
115 7 
115 9 
115 10 
115 11 
115 14 
115 15 
115 18 
115 19 
115 22 
115 23 
115 26 
115 27 
115 30 
115 32 
115 34 
115 35 
115 37 
115 40 
115 42 
115 44 
115 52 
115 68 
115 71 
115 75 
115 78 
115 82 
115 84 
115 86 
115 109 
115 168 
115 187 
116 11 
116 109 
117 32 
117 68 
120 45 
122 59 
122 170 
124 157 
124 168 
124 180 
125 33 
125 134 
125 158 
126 4 
129 127 
132 84 
133 32 
133 117 
134 158 
135 2 
135 4 
135 5 
135 7 
135 8 
135 11 
135 14 
135 15 
135 17 
135 18 
135 22 
135 26 
135 27 
135 28 
135 29 
135 30 
135 31 
135 32 
135 34 
135 37 
135 40 
135 42 
135 44 
135 45 
135 54 
135 68 
135 69 
135 71 
135 83 
135 84 
135 105 
135 109 
135 117 
135 133 
135 187 
138 168 
139 18 
139 26 
139 34 
139 109 
139 168 
142 4 
142 14 
142 15 
142 27 
142 30 
142 32 
142 37 
142 40 
142 44 
142 59 
142 71 
142 109 
142 159 
143 5 
146 32 
146 45 
146 78 
146 109 
146 158 
146 168 
147 23 
147 27 
147 42 
147 84 
147 139 
150 71 
150 168 
152 2 
152 3 
152 4 
152 5 
152 6 
152 7 
152 10 
152 11 
152 14 
152 15 
152 16 
152 18 
152 22 
152 23 
152 26 
152 27 
152 29 
152 30 
152 31 
152 32 
152 35 
152 36 
152 37 
152 40 
152 42 
152 44 
152 49 
152 60 
152 63 
152 66 
152 68 
152 69 
152 73 
152 75 
152 76 
152 84 
152 86 
152 109 
152 117 
152 168 
153 77 
155 17 
157 170 
162 99 
167 33 
167 168 
168 2 
168 3 
168 4 
168 6 
168 7 
168 9 
168 10 
168 11 
168 14 
168 15 
168 18 
168 19 
168 22 
168 27 
168 30 
168 31 
168 32 
168 34 
168 35 
168 37 
168 39 
168 40 
168 42 
168 44 
168 45 
168 52 
168 68 
168 69 
168 71 
168 75 
168 84 
168 105 
168 109 
168 112 
168 117 
168 133 
168 138 
168 139 
168 146 
168 187 
169 4 
172 134 
179 138 
179 168 
183 54 
184 14 
186 100 
187 170 
187 213 
188 29 
188 37 
188 168 
189 168 
192 168 
193 110 
203 37 
