2 2 
2 6 
2 7 
2 8 
2 18 
2 29 
2 30 
2 36 
2 39 
2 45 
2 99 
2 105 
2 156 
2 212 
3 2 
3 4 
3 6 
3 11 
3 13 
3 14 
3 15 
3 22 
3 27 
3 30 
3 31 
3 35 
3 36 
3 37 
3 42 
3 44 
3 45 
3 51 
3 60 
3 63 
3 68 
3 69 
3 73 
3 76 
3 80 
3 83 
3 84 
3 86 
3 87 
3 88 
3 109 
3 116 
4 2 
4 3 
4 5 
4 6 
4 7 
4 9 
4 11 
4 13 
4 14 
4 15 
4 16 
4 17 
4 18 
4 21 
4 22 
4 23 
4 25 
4 26 
4 27 
4 29 
4 30 
4 31 
4 32 
4 34 
4 35 
4 36 
4 37 
4 40 
4 44 
4 45 
4 49 
4 51 
4 52 
4 54 
4 55 
4 60 
4 62 
4 63 
4 66 
4 68 
4 69 
4 70 
4 73 
4 74 
4 78 
4 80 
4 82 
4 84 
4 86 
4 87 
4 88 
4 90 
4 91 
4 97 
4 98 
4 104 
4 105 
4 109 
4 112 
4 121 
4 148 
4 150 
4 187 
4 213 
5 2 
5 6 
5 22 
5 37 
5 49 
5 53 
5 55 
5 59 
5 66 
5 76 
5 95 
5 96 
5 104 
5 108 
5 109 
5 112 
5 187 
5 213 
6 6 
6 15 
6 27 
6 44 
6 45 
6 48 
6 79 
6 102 
6 116 
6 120 
6 128 
6 178 
7 2 
7 4 
7 5 
7 6 
7 14 
7 15 
7 16 
7 17 
7 18 
7 19 
7 21 
7 22 
7 23 
7 25 
7 26 
7 27 
7 28 
7 29 
7 30 
7 31 
7 32 
7 33 
7 34 
7 35 
7 37 
7 39 
7 40 
7 42 
7 44 
7 45 
7 48 
7 49 
7 51 
7 54 
7 55 
7 57 
7 58 
7 59 
7 60 
7 63 
7 66 
7 67 
7 68 
7 70 
7 71 
7 72 
7 75 
7 76 
7 77 
7 78 
7 79 
7 80 
7 83 
7 86 
7 89 
7 90 
7 91 
7 92 
7 94 
7 95 
7 96 
7 97 
7 100 
7 102 
7 103 
7 104 
7 105 
7 108 
7 109 
7 110 
7 112 
7 113 
7 115 
7 116 
7 117 
7 119 
7 125 
7 128 
7 134 
7 146 
7 150 
7 155 
7 158 
8 9 
8 14 
8 16 
8 21 
8 27 
8 29 
8 45 
8 92 
8 104 
8 110 
8 115 
8 134 
8 140 
9 2 
9 4 
9 5 
9 6 
9 8 
9 10 
9 15 
9 16 
9 17 
9 18 
9 19 
9 21 
9 22 
9 23 
9 25 
9 26 
9 27 
9 28 
9 29 
9 30 
9 31 
9 32 
9 33 
9 34 
9 35 
9 37 
9 39 
9 40 
9 42 
9 44 
9 45 
9 48 
9 49 
9 51 
9 54 
9 55 
9 57 
9 58 
9 59 
9 60 
9 63 
9 66 
9 67 
9 68 
9 70 
9 71 
9 72 
9 75 
9 76 
9 77 
9 78 
9 79 
9 80 
9 83 
9 86 
9 89 
9 90 
9 91 
9 92 
9 94 
9 95 
9 96 
9 97 
9 100 
9 102 
9 103 
9 104 
9 105 
9 108 
9 109 
9 110 
9 112 
9 113 
9 115 
9 116 
9 117 
9 119 
9 125 
9 128 
9 140 
9 146 
9 150 
9 158 
10 2 
10 6 
10 8 
10 9 
10 18 
10 26 
10 34 
10 45 
10 59 
10 105 
10 155 
11 3 
11 13 
11 14 
11 15 
11 21 
11 27 
11 30 
11 32 
11 36 
11 37 
11 44 
11 68 
11 69 
11 70 
11 73 
11 80 
11 84 
11 86 
11 88 
11 98 
11 102 
11 119 
11 121 
12 54 
12 59 
12 71 
12 78 
12 89 
12 91 
13 4 
13 30 
13 80 
13 87 
13 98 
13 121 
13 134 
14 2 
14 3 
14 4 
14 5 
14 6 
14 7 
14 8 
14 9 
14 10 
14 11 
14 13 
14 15 
14 17 
14 18 
14 21 
14 22 
14 23 
14 25 
14 26 
14 27 
14 28 
14 30 
14 31 
14 32 
14 34 
14 35 
14 36 
14 37 
14 39 
14 40 
14 42 
14 44 
14 45 
14 49 
14 51 
14 52 
14 54 
14 55 
14 58 
14 59 
14 60 
14 62 
14 63 
14 66 
14 68 
14 69 
14 70 
14 71 
14 72 
14 73 
14 74 
14 76 
14 78 
14 80 
14 82 
14 84 
14 86 
14 87 
14 88 
14 89 
14 90 
14 91 
14 95 
14 96 
14 97 
14 98 
14 102 
14 104 
14 105 
14 108 
14 109 
14 110 
14 117 
14 121 
14 134 
14 139 
14 146 
14 148 
14 150 
14 156 
14 158 
14 182 
14 187 
14 190 
14 213 
15 2 
15 3 
15 4 
15 5 
15 6 
15 7 
15 8 
15 9 
15 11 
15 13 
15 14 
15 17 
15 18 
15 19 
15 21 
15 22 
15 23 
15 25 
15 26 
15 27 
15 28 
15 29 
15 30 
15 31 
15 32 
15 34 
15 35 
15 36 
15 37 
15 39 
15 40 
15 42 
15 44 
15 45 
15 48 
15 51 
15 52 
15 55 
15 58 
15 59 
15 60 
15 63 
15 66 
15 67 
15 68 
15 69 
15 70 
15 71 
15 73 
15 74 
15 77 
15 78 
15 80 
15 82 
15 83 
15 84 
15 86 
15 87 
15 88 
15 90 
15 91 
15 96 
15 97 
15 98 
15 100 
15 102 
15 105 
15 109 
15 110 
15 112 
15 113 
15 117 
15 119 
15 120 
15 121 
15 125 
15 158 
15 168 
15 193 
15 212 
15 213 
16 97 
17 3 
17 4 
17 6 
17 7 
17 10 
17 15 
17 16 
17 19 
17 25 
17 29 
17 32 
17 33 
17 34 
17 39 
17 44 
17 45 
17 51 
17 54 
17 67 
17 71 
17 75 
17 78 
17 80 
17 91 
17 92 
17 97 
17 104 
17 109 
17 110 
17 112 
17 113 
17 115 
17 119 
17 120 
17 125 
17 133 
17 134 
17 146 
17 148 
17 150 
17 155 
17 157 
17 158 
17 168 
17 170 
17 190 
17 212 
18 2 
18 6 
18 7 
18 8 
18 9 
18 19 
18 26 
18 27 
18 34 
18 37 
18 44 
18 45 
18 49 
18 70 
18 80 
18 105 
18 109 
18 119 
18 155 
19 6 
19 44 
19 67 
19 116 
21 4 
21 14 
21 27 
21 44 
21 73 
22 2 
22 3 
22 4 
22 6 
22 7 
22 8 
22 9 
22 10 
22 11 
22 14 
22 15 
22 17 
22 18 
22 21 
22 23 
22 25 
22 26 
22 27 
22 30 
22 31 
22 32 
22 33 
22 34 
22 35 
22 37 
22 39 
22 40 
22 44 
22 45 
22 48 
22 49 
22 51 
22 52 
22 55 
22 60 
22 62 
22 63 
22 66 
22 68 
22 69 
22 70 
22 71 
22 73 
22 76 
22 77 
22 78 
22 80 
22 82 
22 83 
22 84 
22 86 
22 87 
22 88 
22 89 
22 90 
22 91 
22 95 
22 100 
22 104 
22 105 
22 108 
22 109 
22 117 
22 146 
22 148 
22 155 
22 213 
23 2 
23 6 
23 7 
23 9 
23 10 
23 14 
23 15 
23 17 
23 18 
23 21 
23 26 
23 27 
23 28 
23 31 
23 34 
23 37 
23 39 
23 44 
23 45 
23 63 
23 76 
24 32 
24 72 
25 2 
25 6 
25 45 
26 2 
26 6 
26 7 
26 8 
26 10 
26 14 
26 17 
26 18 
26 27 
26 28 
26 29 
26 34 
26 39 
26 109 
26 110 
26 134 
26 139 
26 212 
27 2 
27 3 
27 4 
27 6 
27 7 
27 8 
27 9 
27 11 
27 13 
27 14 
27 15 
27 16 
27 18 
27 19 
27 21 
27 22 
27 25 
27 26 
27 29 
27 30 
27 32 
27 33 
27 34 
27 35 
27 36 
27 37 
27 40 
27 42 
27 44 
27 45 
27 58 
27 59 
27 60 
27 62 
27 63 
27 69 
27 70 
27 71 
27 73 
27 74 
27 76 
27 78 
27 80 
27 82 
27 83 
27 84 
27 87 
27 88 
27 89 
27 91 
27 98 
27 102 
27 105 
27 109 
27 110 
27 112 
27 115 
27 117 
27 121 
27 130 
27 146 
27 148 
27 158 
27 168 
27 187 
28 2 
28 6 
28 14 
28 15 
28 22 
28 30 
28 31 
28 40 
28 44 
28 45 
28 87 
28 115 
29 6 
29 7 
29 9 
29 45 
30 3 
30 11 
30 13 
30 14 
30 15 
30 22 
30 42 
30 44 
30 45 
30 52 
30 60 
30 63 
30 69 
30 73 
30 80 
30 83 
30 84 
30 87 
30 88 
30 98 
30 102 
30 117 
30 121 
31 2 
31 3 
31 6 
31 7 
31 8 
31 9 
31 10 
31 14 
31 15 
31 17 
31 18 
31 23 
31 26 
31 27 
31 32 
31 34 
31 39 
31 44 
31 45 
31 63 
31 66 
31 76 
31 105 
31 125 
31 134 
32 42 
32 72 
32 83 
32 116 
32 117 
33 25 
33 91 
33 146 
34 2 
34 7 
34 9 
34 26 
34 96 
34 110 
34 139 
34 156 
34 212 
35 2 
35 3 
35 4 
35 6 
35 7 
35 11 
35 14 
35 15 
35 18 
35 22 
35 25 
35 26 
35 27 
35 30 
35 32 
35 37 
35 39 
35 40 
35 44 
35 45 
35 49 
35 55 
35 60 
35 62 
35 63 
35 68 
35 70 
35 76 
35 78 
35 79 
35 80 
35 82 
35 84 
35 86 
35 89 
35 91 
35 94 
35 109 
35 117 
35 140 
35 156 
36 6 
36 11 
36 13 
36 14 
36 27 
36 31 
36 32 
36 40 
36 44 
36 51 
36 63 
36 80 
36 87 
36 102 
36 109 
37 3 
37 7 
37 9 
37 10 
37 14 
37 15 
37 17 
37 21 
37 22 
37 31 
37 32 
37 34 
37 35 
37 44 
37 45 
37 67 
37 94 
37 117 
39 2 
39 6 
39 7 
39 8 
39 9 
39 10 
39 14 
39 17 
39 18 
39 26 
39 29 
39 30 
39 34 
39 37 
39 39 
39 40 
39 44 
39 45 
39 70 
39 76 
39 80 
39 104 
39 212 
40 6 
40 7 
40 10 
40 15 
40 25 
40 32 
40 33 
40 37 
40 42 
40 45 
40 48 
40 51 
40 72 
40 78 
40 84 
40 89 
40 90 
40 91 
40 100 
40 109 
40 119 
40 133 
40 146 
40 187 
40 193 
42 32 
42 69 
42 72 
42 83 
42 100 
42 116 
42 117 
42 133 
43 2 
43 4 
43 17 
43 19 
43 33 
43 67 
43 75 
43 92 
43 113 
43 115 
43 119 
43 125 
43 133 
43 134 
43 158 
43 212 
44 4 
44 6 
44 7 
44 9 
44 11 
44 13 
44 14 
44 15 
44 21 
44 22 
44 27 
44 28 
44 30 
44 32 
44 35 
44 36 
44 37 
44 39 
44 40 
44 45 
44 62 
44 63 
44 68 
44 70 
44 71 
44 80 
44 82 
44 87 
44 102 
44 112 
44 113 
44 117 
44 119 
44 120 
44 125 
44 128 
44 134 
44 148 
44 158 
44 178 
45 2 
45 3 
45 4 
45 5 
45 6 
45 7 
45 8 
45 9 
45 10 
45 11 
45 13 
45 14 
45 15 
45 16 
45 17 
45 18 
45 21 
45 23 
45 25 
45 26 
45 27 
45 28 
45 29 
45 30 
45 31 
45 32 
45 33 
45 34 
45 36 
45 37 
45 39 
45 40 
45 42 
45 44 
45 49 
45 52 
45 54 
45 55 
45 58 
45 59 
45 60 
45 63 
45 66 
45 69 
45 70 
45 71 
45 76 
45 79 
45 80 
45 88 
45 91 
45 94 
45 95 
45 96 
45 97 
45 102 
45 103 
45 105 
45 108 
45 109 
45 110 
45 112 
45 113 
45 115 
45 119 
45 120 
45 128 
45 133 
45 134 
45 136 
45 146 
45 156 
45 158 
45 170 
45 178 
45 187 
45 212 
45 213 
46 72 
47 7 
47 9 
47 18 
47 27 
47 34 
47 45 
49 5 
49 14 
49 16 
49 27 
49 55 
49 59 
49 66 
49 94 
49 95 
49 96 
49 108 
49 109 
49 112 
49 119 
49 170 
49 187 
49 213 
52 3 
52 4 
52 14 
52 15 
52 22 
52 27 
52 30 
52 32 
52 37 
52 40 
52 44 
52 48 
52 51 
52 60 
52 62 
52 63 
52 68 
52 73 
52 78 
52 83 
52 84 
52 86 
52 87 
52 88 
52 90 
52 94 
55 6 
55 45 
55 66 
55 76 
55 94 
55 96 
55 97 
58 16 
58 45 
59 119 
60 51 
60 69 
62 14 
63 3 
63 4 
63 14 
63 15 
63 22 
63 27 
63 30 
63 36 
63 40 
63 68 
63 69 
63 84 
63 87 
63 98 
65 94 
66 6 
66 96 
68 15 
68 22 
68 30 
68 35 
68 48 
68 52 
68 84 
68 88 
68 90 
69 3 
69 6 
69 15 
69 22 
69 30 
69 37 
69 45 
69 48 
69 60 
69 63 
69 73 
69 84 
69 86 
69 87 
69 88 
69 105 
70 4 
70 14 
70 15 
70 32 
70 42 
70 45 
70 71 
70 109 
71 92 
71 104 
71 113 
71 150 
71 159 
73 15 
73 30 
73 69 
73 98 
73 121 
74 4 
74 15 
76 6 
76 16 
76 45 
76 55 
76 58 
76 66 
76 94 
76 95 
76 96 
76 97 
76 102 
76 108 
78 91 
80 15 
80 36 
80 37 
80 102 
81 66 
82 14 
82 35 
82 44 
82 45 
82 53 
82 78 
84 3 
84 22 
84 35 
84 37 
84 44 
84 48 
84 52 
84 63 
84 68 
84 69 
84 83 
84 86 
84 90 
86 51 
86 60 
86 77 
86 88 
86 90 
87 2 
87 3 
87 4 
87 6 
87 11 
87 14 
87 15 
87 22 
87 27 
87 30 
87 35 
87 36 
87 37 
87 44 
87 45 
87 60 
87 62 
87 63 
87 69 
87 73 
87 84 
87 86 
87 88 
87 109 
88 3 
88 37 
88 51 
88 60 
88 63 
88 69 
88 86 
89 25 
89 33 
89 36 
89 67 
89 146 
90 51 
93 16 
93 17 
93 33 
93 40 
93 48 
93 89 
93 109 
96 95 
97 16 
98 13 
98 30 
98 73 
98 121 
101 16 
101 97 
105 2 
105 6 
105 26 
105 76 
105 99 
105 105 
105 156 
105 182 
108 6 
108 13 
108 66 
108 80 
109 2 
109 54 
109 55 
109 71 
109 75 
109 104 
109 105 
109 113 
109 115 
109 119 
109 138 
109 150 
109 168 
110 4 
110 14 
110 37 
110 80 
110 212 
113 159 
115 168 
121 30 
121 98 
124 119 
125 71 
126 37 
128 45 
135 34 
138 115 
141 17 
150 14 
150 104 
150 115 
150 168 
155 17 
163 54 
168 115 
204 59 
