2 7 
2 8 
2 9 
2 17 
2 18 
2 23 
2 26 
2 29 
2 31 
2 32 
2 34 
2 39 
2 44 
2 99 
2 105 
2 110 
2 150 
2 156 
2 165 
2 166 
2 170 
2 182 
2 212 
3 4 
3 7 
3 9 
3 11 
3 13 
3 14 
3 15 
3 18 
3 22 
3 23 
3 25 
3 27 
3 29 
3 30 
3 32 
3 34 
3 35 
3 36 
3 37 
3 42 
3 44 
3 48 
3 51 
3 52 
3 57 
3 60 
3 62 
3 63 
3 67 
3 68 
3 69 
3 70 
3 73 
3 74 
3 77 
3 80 
3 84 
3 86 
3 87 
3 88 
3 90 
3 91 
3 98 
3 102 
3 105 
3 116 
3 117 
3 119 
3 121 
3 128 
3 146 
3 148 
3 157 
3 187 
3 212 
4 2 
4 3 
4 6 
4 7 
4 9 
4 11 
4 13 
4 14 
4 15 
4 21 
4 22 
4 27 
4 29 
4 30 
4 32 
4 35 
4 36 
4 37 
4 40 
4 44 
4 52 
4 57 
4 59 
4 60 
4 63 
4 68 
4 71 
4 74 
4 80 
4 82 
4 84 
4 88 
4 112 
4 119 
4 121 
4 125 
4 148 
4 156 
4 173 
4 182 
5 2 
5 3 
5 4 
5 6 
5 7 
5 8 
5 9 
5 10 
5 11 
5 14 
5 15 
5 17 
5 19 
5 21 
5 22 
5 23 
5 25 
5 26 
5 27 
5 32 
5 33 
5 35 
5 36 
5 37 
5 39 
5 40 
5 44 
5 45 
5 52 
5 54 
5 55 
5 58 
5 60 
5 62 
5 66 
5 68 
5 72 
5 76 
5 78 
5 80 
5 82 
5 83 
5 84 
5 86 
5 89 
5 95 
5 96 
5 102 
5 105 
5 108 
5 109 
5 110 
5 117 
5 125 
5 130 
5 133 
5 134 
5 146 
5 156 
5 182 
5 213 
6 6 
6 7 
6 8 
6 9 
6 14 
6 15 
6 21 
6 25 
6 29 
6 33 
6 44 
6 45 
6 102 
6 112 
6 113 
6 134 
6 182 
7 2 
7 4 
7 6 
7 14 
7 17 
7 18 
7 21 
7 23 
7 26 
7 28 
7 29 
7 34 
7 39 
7 45 
7 52 
7 58 
7 59 
7 67 
7 96 
7 105 
7 109 
7 110 
7 119 
7 180 
7 213 
8 9 
8 140 
9 2 
9 4 
9 6 
9 8 
9 14 
9 17 
9 18 
9 21 
9 23 
9 26 
9 28 
9 29 
9 34 
9 39 
9 52 
9 58 
9 59 
9 67 
9 96 
9 105 
9 109 
9 110 
9 119 
9 140 
9 180 
9 213 
10 6 
10 8 
10 9 
10 17 
10 23 
10 29 
10 34 
10 39 
10 45 
10 59 
10 119 
11 13 
11 14 
11 15 
11 17 
11 21 
11 27 
11 30 
11 36 
11 54 
11 59 
11 62 
11 68 
11 80 
11 92 
11 102 
11 110 
11 113 
12 6 
12 14 
12 15 
12 18 
12 21 
12 22 
12 23 
12 25 
12 26 
12 35 
12 37 
12 54 
12 59 
12 71 
12 78 
12 89 
12 92 
12 113 
12 115 
12 119 
12 120 
12 125 
12 134 
12 146 
12 150 
12 180 
12 187 
12 212 
13 32 
13 36 
13 73 
13 98 
13 121 
14 3 
14 4 
14 6 
14 7 
14 8 
14 9 
14 10 
14 11 
14 13 
14 15 
14 21 
14 22 
14 23 
14 25 
14 26 
14 27 
14 30 
14 31 
14 32 
14 34 
14 35 
14 36 
14 37 
14 42 
14 44 
14 45 
14 51 
14 52 
14 54 
14 57 
14 59 
14 63 
14 68 
14 69 
14 71 
14 73 
14 74 
14 78 
14 80 
14 82 
14 84 
14 87 
14 88 
14 94 
14 100 
14 102 
14 117 
14 121 
14 134 
14 146 
14 148 
14 150 
14 156 
14 157 
14 170 
14 173 
14 180 
14 182 
14 187 
14 212 
15 2 
15 3 
15 4 
15 6 
15 7 
15 8 
15 9 
15 11 
15 13 
15 14 
15 17 
15 21 
15 22 
15 23 
15 26 
15 27 
15 29 
15 30 
15 32 
15 34 
15 35 
15 36 
15 37 
15 40 
15 42 
15 44 
15 45 
15 51 
15 52 
15 57 
15 59 
15 60 
15 62 
15 63 
15 68 
15 69 
15 71 
15 73 
15 74 
15 77 
15 80 
15 82 
15 84 
15 87 
15 88 
15 98 
15 100 
15 102 
15 117 
15 119 
15 121 
15 130 
15 133 
15 146 
15 148 
15 156 
15 180 
15 182 
15 187 
15 212 
16 45 
16 58 
16 79 
17 3 
17 22 
17 44 
17 92 
17 139 
17 150 
17 155 
17 157 
17 168 
17 190 
18 2 
18 4 
18 7 
18 8 
18 29 
18 34 
18 165 
18 180 
18 212 
19 27 
19 36 
19 84 
21 4 
21 11 
21 13 
21 14 
21 15 
21 27 
21 30 
21 35 
21 40 
21 44 
21 52 
21 60 
21 73 
21 82 
21 84 
21 87 
21 102 
21 105 
21 148 
22 2 
22 3 
22 4 
22 6 
22 7 
22 9 
22 10 
22 11 
22 14 
22 15 
22 18 
22 21 
22 23 
22 25 
22 27 
22 30 
22 31 
22 32 
22 33 
22 35 
22 36 
22 37 
22 44 
22 45 
22 48 
22 52 
22 54 
22 57 
22 59 
22 60 
22 62 
22 63 
22 68 
22 78 
22 80 
22 83 
22 84 
22 88 
22 94 
22 102 
22 105 
22 119 
22 121 
22 148 
22 150 
22 212 
23 6 
23 7 
23 8 
23 9 
23 10 
23 36 
23 45 
23 54 
23 134 
25 6 
25 14 
25 15 
25 33 
25 36 
25 45 
25 78 
25 105 
25 109 
25 119 
25 146 
25 157 
25 158 
25 168 
25 170 
25 173 
25 180 
25 187 
26 7 
26 9 
26 18 
26 23 
26 28 
26 29 
26 34 
26 63 
26 99 
26 110 
26 119 
26 139 
26 155 
26 212 
27 2 
27 3 
27 4 
27 7 
27 8 
27 9 
27 11 
27 13 
27 14 
27 15 
27 17 
27 21 
27 22 
27 25 
27 29 
27 30 
27 32 
27 33 
27 34 
27 35 
27 36 
27 37 
27 39 
27 40 
27 44 
27 52 
27 57 
27 59 
27 60 
27 62 
27 63 
27 68 
27 69 
27 71 
27 73 
27 74 
27 78 
27 82 
27 83 
27 84 
27 87 
27 88 
27 95 
27 98 
27 100 
27 102 
27 105 
27 109 
27 110 
27 113 
27 117 
27 119 
27 121 
27 130 
27 134 
27 146 
27 148 
27 182 
27 187 
28 6 
28 14 
28 17 
28 19 
28 27 
28 33 
28 39 
28 44 
28 62 
28 92 
28 105 
28 110 
29 7 
29 8 
29 11 
29 21 
29 23 
29 26 
29 45 
29 62 
29 71 
29 134 
29 187 
29 212 
30 7 
30 9 
30 14 
30 15 
30 21 
30 27 
30 32 
30 36 
30 44 
30 45 
30 52 
30 60 
30 63 
30 70 
30 73 
30 84 
30 87 
30 88 
30 98 
30 102 
30 117 
30 121 
30 148 
31 2 
31 5 
31 6 
31 17 
31 23 
31 26 
31 29 
31 32 
31 34 
31 39 
31 45 
31 59 
31 87 
31 105 
31 187 
31 212 
32 42 
32 72 
32 83 
32 100 
32 116 
32 117 
32 133 
33 6 
33 11 
33 14 
33 17 
33 19 
33 34 
33 48 
33 67 
33 71 
33 78 
33 109 
33 125 
33 134 
33 158 
33 159 
33 187 
33 193 
33 212 
33 213 
34 7 
34 8 
34 17 
34 18 
34 26 
34 29 
34 57 
34 99 
34 109 
34 110 
34 139 
34 150 
34 166 
34 212 
34 213 
35 3 
35 4 
35 6 
35 7 
35 8 
35 9 
35 10 
35 11 
35 13 
35 14 
35 15 
35 19 
35 21 
35 22 
35 23 
35 26 
35 27 
35 30 
35 36 
35 37 
35 44 
35 45 
35 52 
35 53 
35 54 
35 59 
35 62 
35 63 
35 68 
35 73 
35 78 
35 80 
35 82 
35 84 
35 87 
35 88 
35 98 
35 102 
35 105 
35 109 
35 116 
35 117 
35 119 
35 121 
35 148 
35 156 
35 170 
35 173 
35 182 
35 187 
35 213 
36 11 
36 13 
36 14 
36 15 
36 21 
36 27 
36 35 
36 80 
36 102 
36 121 
37 7 
37 9 
37 14 
37 15 
37 21 
37 27 
37 32 
37 44 
37 74 
37 88 
39 3 
39 7 
39 8 
39 9 
39 10 
39 11 
39 17 
39 18 
39 23 
39 26 
39 32 
39 45 
39 59 
39 105 
39 109 
39 119 
39 139 
39 146 
39 156 
39 166 
39 180 
39 182 
39 190 
39 212 
40 2 
40 3 
40 4 
40 6 
40 7 
40 8 
40 9 
40 11 
40 14 
40 15 
40 23 
40 26 
40 27 
40 29 
40 31 
40 36 
40 37 
40 44 
40 45 
40 52 
40 59 
40 68 
40 70 
40 71 
40 73 
40 78 
40 80 
40 84 
40 87 
40 91 
40 92 
40 98 
40 100 
40 110 
40 113 
40 119 
40 134 
40 148 
40 150 
40 180 
40 187 
40 193 
40 212 
42 6 
42 32 
42 70 
42 72 
42 73 
42 83 
42 98 
42 100 
42 116 
42 117 
42 133 
43 4 
43 6 
43 7 
43 8 
43 9 
43 10 
43 11 
43 14 
43 15 
43 17 
43 19 
43 21 
43 33 
43 36 
43 37 
43 44 
43 45 
43 54 
43 57 
43 59 
43 67 
43 68 
43 71 
43 75 
43 89 
43 92 
43 100 
43 105 
43 109 
43 110 
43 113 
43 118 
43 125 
43 134 
43 150 
43 173 
43 181 
43 187 
43 193 
43 212 
43 213 
44 2 
44 4 
44 6 
44 7 
44 9 
44 11 
44 13 
44 14 
44 15 
44 17 
44 21 
44 22 
44 25 
44 27 
44 30 
44 31 
44 32 
44 34 
44 35 
44 36 
44 37 
44 39 
44 45 
44 54 
44 59 
44 62 
44 63 
44 68 
44 71 
44 80 
44 82 
44 92 
44 102 
44 103 
44 105 
44 110 
44 112 
44 113 
44 119 
44 128 
44 134 
44 146 
44 148 
44 150 
44 156 
44 173 
44 193 
44 212 
45 2 
45 3 
45 4 
45 5 
45 6 
45 7 
45 8 
45 9 
45 10 
45 14 
45 15 
45 17 
45 18 
45 21 
45 23 
45 26 
45 27 
45 29 
45 30 
45 31 
45 33 
45 34 
45 35 
45 36 
45 37 
45 39 
45 44 
45 54 
45 55 
45 58 
45 66 
45 68 
45 70 
45 76 
45 80 
45 82 
45 94 
45 95 
45 96 
45 102 
45 103 
45 105 
45 108 
45 109 
45 112 
45 119 
45 120 
45 125 
45 127 
45 128 
45 130 
45 134 
45 146 
45 156 
45 166 
45 178 
45 182 
45 187 
45 213 
46 32 
47 7 
47 9 
47 10 
47 11 
47 34 
47 119 
47 187 
49 2 
49 11 
49 14 
49 15 
49 22 
49 27 
49 29 
49 32 
49 37 
49 45 
49 78 
49 96 
49 105 
49 108 
51 3 
52 6 
52 7 
52 9 
52 14 
52 36 
52 45 
52 68 
52 84 
52 100 
52 116 
52 146 
52 148 
52 150 
52 157 
52 180 
55 6 
55 14 
55 94 
58 2 
58 6 
58 14 
58 15 
58 23 
58 27 
58 29 
58 35 
58 55 
58 79 
58 94 
58 96 
58 130 
59 119 
60 34 
60 51 
60 68 
60 77 
60 88 
60 90 
61 11 
61 15 
61 17 
61 25 
61 27 
61 32 
61 37 
61 62 
61 80 
61 105 
62 7 
62 9 
62 10 
62 14 
62 17 
62 19 
62 23 
62 29 
62 33 
62 34 
62 36 
62 40 
62 44 
62 52 
62 54 
62 68 
62 70 
62 80 
62 98 
62 109 
62 110 
62 119 
62 125 
62 134 
62 146 
62 148 
62 150 
62 212 
63 15 
63 22 
63 30 
63 52 
63 73 
63 80 
63 84 
63 87 
63 88 
63 98 
63 100 
63 102 
64 112 
64 120 
65 14 
65 45 
66 84 
66 120 
68 6 
68 7 
68 8 
68 14 
68 15 
68 22 
68 27 
68 30 
68 32 
68 35 
68 40 
68 44 
68 48 
68 52 
68 60 
68 62 
68 84 
68 88 
68 119 
69 3 
69 30 
69 32 
69 37 
69 42 
69 48 
69 52 
69 60 
69 63 
69 73 
69 77 
69 83 
69 84 
69 86 
69 87 
69 88 
69 90 
69 98 
69 116 
69 117 
69 121 
69 148 
70 2 
70 4 
70 6 
70 7 
70 9 
70 13 
70 14 
70 15 
70 17 
70 21 
70 22 
70 23 
70 27 
70 29 
70 30 
70 32 
70 35 
70 36 
70 37 
70 39 
70 40 
70 44 
70 45 
70 52 
70 60 
70 62 
70 63 
70 71 
70 73 
70 82 
70 83 
70 84 
70 88 
70 98 
70 100 
70 109 
70 117 
70 121 
70 133 
70 148 
70 156 
70 182 
71 15 
71 48 
71 68 
71 92 
71 113 
71 115 
71 119 
73 4 
73 13 
73 32 
73 44 
73 98 
73 121 
74 4 
74 14 
74 68 
75 115 
75 168 
76 2 
76 4 
76 6 
76 15 
76 23 
76 27 
76 35 
76 37 
76 45 
76 55 
76 58 
76 62 
76 66 
76 80 
76 94 
76 95 
76 96 
76 121 
76 148 
78 14 
78 22 
78 35 
78 119 
78 173 
78 187 
80 3 
80 11 
80 36 
81 14 
81 27 
81 35 
81 45 
81 58 
81 112 
81 120 
81 130 
82 2 
82 3 
82 4 
82 6 
82 7 
82 8 
82 9 
82 11 
82 14 
82 15 
82 22 
82 27 
82 30 
82 32 
82 35 
82 36 
82 37 
82 44 
82 53 
82 63 
82 74 
82 87 
82 98 
82 109 
82 113 
82 156 
82 180 
82 182 
82 187 
82 212 
83 32 
83 72 
83 117 
84 3 
84 14 
84 22 
84 27 
84 52 
84 62 
84 63 
84 83 
84 87 
86 15 
86 51 
86 52 
86 60 
86 77 
86 84 
86 90 
87 30 
87 44 
87 52 
87 63 
87 73 
87 84 
87 148 
88 7 
88 9 
88 22 
88 37 
88 48 
88 51 
88 60 
88 63 
88 73 
88 77 
88 86 
88 87 
88 90 
88 148 
89 187 
90 27 
90 51 
90 86 
91 119 
91 187 
92 71 
92 113 
92 159 
92 181 
93 14 
93 27 
93 32 
93 33 
93 34 
93 48 
93 58 
93 68 
93 100 
96 2 
96 23 
96 55 
96 58 
96 66 
96 76 
96 100 
97 58 
97 76 
97 79 
98 13 
98 30 
98 73 
98 121 
101 5 
101 58 
101 79 
103 27 
103 112 
105 2 
105 17 
105 99 
105 156 
105 165 
105 166 
105 182 
107 5 
107 15 
107 27 
107 35 
107 119 
108 66 
108 96 
108 178 
109 2 
109 5 
109 6 
109 7 
109 8 
109 9 
109 11 
109 14 
109 18 
109 21 
109 22 
109 23 
109 26 
109 27 
109 29 
109 34 
109 35 
109 44 
109 45 
109 54 
109 57 
109 59 
109 62 
109 67 
109 71 
109 75 
109 80 
109 92 
109 105 
109 109 
109 113 
109 115 
109 119 
109 120 
109 125 
109 138 
109 150 
109 158 
109 168 
109 180 
109 187 
109 212 
110 4 
110 17 
110 44 
110 212 
112 6 
112 14 
112 45 
112 103 
112 112 
112 120 
112 128 
112 178 
113 115 
113 181 
114 11 
114 27 
114 35 
114 52 
114 70 
114 80 
114 96 
115 168 
116 32 
116 42 
119 4 
119 6 
119 15 
119 27 
119 57 
119 170 
119 187 
121 13 
121 32 
121 70 
121 73 
121 98 
121 100 
121 117 
124 109 
124 119 
124 180 
125 17 
125 19 
125 26 
128 120 
128 155 
129 27 
129 130 
130 128 
133 22 
133 29 
133 32 
133 83 
134 146 
135 17 
135 26 
135 59 
135 62 
135 109 
135 119 
135 155 
135 170 
135 180 
135 187 
135 213 
136 23 
136 27 
136 45 
136 103 
136 112 
136 128 
136 134 
138 168 
140 8 
141 130 
141 187 
142 57 
146 14 
146 25 
146 109 
148 67 
150 44 
152 168 
156 166 
159 92 
159 181 
160 103 
163 27 
167 44 
168 109 
168 115 
168 138 
169 6 
169 14 
169 35 
170 21 
172 17 
172 25 
172 33 
172 134 
173 180 
180 157 
181 159 
187 213 
204 3 
204 59 
