2 7 
2 39 
2 140 
2 158 
2 212 
3 146 
4 146 
4 158 
4 212 
5 33 
5 112 
5 134 
5 146 
5 158 
5 212 
6 39 
6 45 
6 103 
6 128 
7 146 
8 140 
9 140 
9 146 
11 33 
11 39 
11 78 
11 134 
11 146 
11 158 
11 178 
11 190 
11 212 
12 146 
14 33 
14 39 
14 45 
14 78 
14 134 
14 146 
14 212 
15 39 
15 78 
15 146 
15 212 
16 58 
17 190 
22 39 
22 125 
22 146 
22 212 
23 7 
23 39 
23 140 
25 134 
25 158 
26 134 
26 212 
27 39 
27 134 
27 146 
27 158 
27 212 
29 7 
29 33 
29 134 
29 140 
29 158 
31 134 
32 146 
33 78 
33 134 
33 158 
34 39 
34 212 
35 7 
35 39 
35 45 
35 58 
35 78 
35 140 
35 146 
35 158 
39 158 
40 134 
40 158 
43 33 
43 125 
43 134 
43 158 
43 212 
44 39 
44 134 
45 6 
45 7 
45 33 
45 39 
45 58 
45 103 
45 112 
45 128 
45 134 
45 140 
45 146 
45 158 
45 178 
63 39 
71 125 
76 45 
81 58 
82 7 
82 140 
89 146 
93 33 
103 178 
109 212 
110 212 
112 112 
112 128 
112 178 
128 112 
128 178 
146 158 
155 190 
172 158 
186 33 
186 146 
