2 4 
2 14 
2 23 
2 32 
2 37 
3 74 
3 88 
4 3 
4 13 
4 14 
4 15 
4 22 
4 23 
4 27 
4 35 
4 36 
4 37 
4 52 
4 63 
4 68 
4 74 
4 82 
4 98 
4 148 
5 4 
5 13 
5 14 
5 22 
5 23 
5 27 
5 35 
5 109 
6 4 
6 6 
6 7 
6 8 
6 13 
6 14 
6 15 
6 22 
6 23 
6 27 
6 29 
6 35 
6 37 
6 45 
6 62 
6 74 
6 76 
6 109 
6 121 
7 23 
7 134 
9 23 
9 134 
11 13 
11 22 
11 36 
11 69 
11 121 
13 36 
13 73 
13 98 
14 4 
14 13 
14 22 
14 35 
14 37 
14 52 
14 62 
14 74 
14 148 
14 155 
14 182 
15 3 
15 4 
15 13 
15 14 
15 22 
15 27 
15 35 
15 63 
15 74 
15 121 
21 4 
21 11 
21 14 
21 22 
21 27 
21 36 
22 3 
22 4 
22 11 
22 14 
22 15 
22 27 
22 30 
22 32 
22 35 
22 37 
22 48 
22 63 
22 69 
22 82 
22 84 
22 88 
22 117 
22 148 
27 3 
27 4 
27 13 
27 14 
27 15 
27 22 
27 35 
27 36 
27 37 
27 63 
27 74 
27 88 
27 148 
27 158 
30 22 
30 23 
30 63 
35 4 
35 14 
35 22 
35 82 
36 4 
36 13 
36 14 
36 27 
36 98 
37 14 
39 37 
44 14 
44 22 
44 69 
45 4 
45 22 
45 37 
45 134 
49 4 
49 14 
49 22 
49 23 
49 27 
49 32 
49 37 
52 84 
62 4 
62 27 
62 68 
63 87 
69 52 
69 87 
69 121 
73 22 
74 4 
74 14 
74 15 
76 4 
76 14 
76 22 
76 23 
76 32 
76 37 
84 4 
84 14 
84 22 
84 37 
84 52 
84 69 
93 14 
95 108 
98 4 
98 13 
98 73 
102 11 
102 32 
102 37 
105 4 
105 32 
105 37 
107 32 
114 4 
114 14 
114 22 
114 23 
114 27 
114 32 
114 37 
121 69 
151 7 
151 9 
151 32 
