1 73 
2 7 
2 8 
2 19 
2 23 
2 35 
2 45 
2 155 
2 156 
2 158 
2 212 
3 15 
3 22 
3 27 
3 30 
3 37 
3 60 
3 63 
3 68 
3 69 
3 84 
3 87 
3 88 
4 3 
4 11 
4 14 
4 15 
4 19 
4 22 
4 27 
4 30 
4 32 
4 37 
4 44 
4 54 
4 57 
4 68 
4 70 
4 74 
4 91 
4 119 
4 187 
4 193 
4 213 
5 15 
5 22 
5 27 
5 28 
5 33 
5 40 
5 55 
5 57 
5 66 
5 94 
5 95 
5 108 
5 125 
5 158 
5 187 
6 14 
6 15 
6 27 
6 30 
6 37 
6 40 
6 45 
6 60 
6 76 
6 96 
6 105 
6 112 
6 116 
6 128 
7 1 
7 2 
7 6 
7 23 
7 26 
7 29 
7 31 
7 34 
7 45 
7 72 
7 104 
7 105 
7 109 
7 112 
7 113 
7 120 
7 134 
7 150 
7 168 
7 180 
8 104 
8 109 
8 140 
9 1 
9 2 
9 6 
9 8 
9 23 
9 26 
9 29 
9 31 
9 34 
9 45 
9 72 
9 105 
9 109 
9 112 
9 113 
9 120 
9 134 
9 140 
9 150 
9 168 
9 180 
10 2 
10 6 
10 8 
10 9 
10 23 
10 34 
10 45 
10 105 
11 3 
11 4 
11 14 
11 15 
11 21 
11 22 
11 27 
11 30 
11 36 
11 37 
11 44 
11 63 
11 80 
11 87 
11 98 
11 158 
11 193 
12 125 
13 3 
13 11 
13 14 
13 15 
13 22 
13 27 
13 30 
13 32 
13 36 
13 44 
13 69 
13 73 
13 80 
13 98 
13 121 
14 2 
14 3 
14 4 
14 5 
14 7 
14 9 
14 11 
14 15 
14 16 
14 19 
14 21 
14 22 
14 27 
14 28 
14 30 
14 32 
14 33 
14 34 
14 35 
14 37 
14 39 
14 40 
14 44 
14 45 
14 51 
14 52 
14 54 
14 57 
14 59 
14 60 
14 63 
14 68 
14 69 
14 74 
14 78 
14 87 
14 88 
14 91 
14 112 
14 118 
14 124 
14 130 
14 146 
14 156 
14 157 
14 158 
14 182 
14 187 
14 193 
15 2 
15 3 
15 4 
15 5 
15 7 
15 8 
15 11 
15 14 
15 17 
15 19 
15 21 
15 22 
15 23 
15 27 
15 28 
15 30 
15 32 
15 35 
15 36 
15 37 
15 39 
15 42 
15 44 
15 45 
15 52 
15 60 
15 63 
15 67 
15 68 
15 69 
15 70 
15 74 
15 78 
15 82 
15 84 
15 87 
15 88 
15 90 
15 92 
15 98 
15 109 
15 116 
15 117 
15 121 
15 159 
15 173 
15 187 
15 193 
15 212 
16 97 
17 1 
17 19 
17 26 
17 33 
17 39 
17 57 
17 59 
17 92 
17 110 
17 113 
17 125 
17 134 
17 155 
17 158 
17 190 
17 193 
17 212 
18 212 
19 1 
19 28 
19 116 
19 133 
19 158 
21 44 
22 3 
22 4 
22 14 
22 15 
22 27 
22 28 
22 30 
22 37 
22 44 
22 60 
22 63 
22 68 
22 69 
22 84 
22 87 
22 88 
22 91 
22 125 
22 146 
22 148 
23 7 
23 8 
23 34 
23 39 
24 42 
25 125 
25 158 
26 7 
26 8 
26 18 
26 34 
26 125 
26 212 
27 3 
27 4 
27 7 
27 8 
27 10 
27 11 
27 13 
27 14 
27 15 
27 19 
27 21 
27 22 
27 28 
27 30 
27 32 
27 35 
27 36 
27 37 
27 39 
27 42 
27 44 
27 52 
27 57 
27 62 
27 63 
27 68 
27 69 
27 73 
27 84 
27 87 
27 88 
27 100 
27 116 
27 119 
27 124 
27 125 
27 127 
27 133 
27 148 
27 158 
27 180 
27 193 
27 213 
28 1 
28 187 
29 17 
30 3 
30 4 
30 7 
30 8 
30 11 
30 14 
30 15 
30 21 
30 22 
30 27 
30 32 
30 37 
30 39 
30 42 
30 44 
30 52 
30 62 
30 63 
30 68 
30 69 
30 73 
30 80 
30 84 
30 87 
30 91 
30 98 
30 116 
30 117 
30 121 
30 146 
31 7 
31 8 
31 34 
32 42 
32 72 
32 116 
32 117 
32 146 
33 125 
33 134 
33 158 
33 187 
34 2 
34 7 
34 8 
34 26 
34 193 
34 212 
35 3 
35 4 
35 14 
35 15 
35 19 
35 22 
35 27 
35 30 
35 32 
35 44 
35 52 
35 53 
35 63 
35 68 
35 69 
35 70 
35 82 
35 84 
35 88 
35 91 
35 187 
35 193 
35 213 
36 3 
36 11 
36 13 
36 14 
36 15 
36 22 
36 27 
36 30 
36 32 
36 69 
36 80 
36 102 
37 14 
37 27 
37 193 
39 2 
39 6 
39 7 
39 8 
39 17 
39 34 
39 45 
39 105 
39 193 
39 212 
40 19 
40 33 
40 70 
40 100 
40 133 
40 158 
42 32 
42 83 
42 100 
42 112 
43 33 
43 124 
43 125 
43 134 
43 158 
43 212 
44 2 
44 3 
44 4 
44 5 
44 7 
44 8 
44 11 
44 14 
44 15 
44 21 
44 22 
44 27 
44 28 
44 30 
44 32 
44 33 
44 35 
44 36 
44 40 
44 45 
44 60 
44 69 
44 80 
44 89 
44 102 
44 105 
44 124 
44 125 
44 182 
44 187 
45 2 
45 4 
45 5 
45 6 
45 7 
45 8 
45 9 
45 10 
45 11 
45 14 
45 15 
45 16 
45 17 
45 19 
45 21 
45 22 
45 23 
45 26 
45 27 
45 28 
45 30 
45 31 
45 32 
45 33 
45 34 
45 35 
45 37 
45 39 
45 40 
45 42 
45 44 
45 55 
45 58 
45 59 
45 60 
45 66 
45 69 
45 70 
45 76 
45 79 
45 94 
45 97 
45 103 
45 105 
45 108 
45 112 
45 119 
45 120 
45 124 
45 125 
45 127 
45 128 
45 130 
45 136 
45 140 
45 146 
45 158 
45 165 
45 178 
45 212 
47 7 
47 8 
47 34 
48 22 
48 68 
49 70 
49 95 
49 193 
51 60 
51 77 
51 86 
52 4 
52 14 
52 15 
52 19 
52 22 
52 27 
52 30 
52 37 
52 62 
52 68 
52 84 
52 87 
52 100 
52 116 
52 133 
54 118 
54 168 
55 66 
55 127 
58 79 
59 170 
59 193 
60 3 
60 27 
60 51 
60 87 
62 52 
62 68 
62 84 
63 3 
63 4 
63 14 
63 15 
63 22 
63 27 
63 30 
63 32 
63 37 
63 40 
63 42 
63 69 
63 83 
63 84 
63 87 
63 100 
68 14 
68 22 
68 27 
68 48 
68 52 
68 62 
69 3 
69 4 
69 7 
69 9 
69 11 
69 14 
69 15 
69 19 
69 22 
69 27 
69 28 
69 30 
69 32 
69 40 
69 42 
69 44 
69 45 
69 51 
69 52 
69 60 
69 63 
69 68 
69 84 
69 86 
69 87 
69 88 
69 100 
69 117 
70 30 
70 116 
71 113 
71 168 
73 3 
73 14 
73 15 
73 22 
73 27 
73 30 
73 63 
73 69 
73 88 
73 98 
73 121 
74 4 
74 14 
74 15 
75 113 
75 168 
76 7 
76 8 
76 14 
76 39 
76 55 
76 66 
76 70 
76 79 
76 96 
76 193 
78 59 
78 213 
80 11 
80 15 
80 36 
80 44 
80 102 
81 16 
81 58 
81 66 
81 79 
81 112 
82 11 
82 14 
82 15 
82 21 
82 22 
82 27 
82 30 
82 35 
82 44 
82 53 
82 74 
82 91 
84 3 
84 14 
84 15 
84 22 
84 27 
84 30 
84 52 
84 69 
84 83 
84 87 
86 42 
86 51 
86 60 
86 90 
87 3 
87 14 
87 15 
87 22 
87 27 
87 30 
87 40 
87 42 
87 63 
87 69 
87 82 
87 84 
87 88 
87 116 
88 3 
88 22 
88 27 
88 51 
88 60 
88 69 
89 125 
89 158 
90 86 
92 168 
93 33 
93 127 
96 108 
97 16 
98 15 
98 30 
98 73 
98 84 
98 121 
99 165 
99 166 
100 116 
101 58 
101 79 
101 97 
105 2 
105 7 
105 8 
105 19 
105 34 
105 45 
105 99 
105 105 
105 125 
105 156 
105 166 
108 55 
108 66 
108 94 
108 95 
109 7 
109 8 
109 19 
109 54 
109 71 
109 75 
109 92 
109 104 
109 113 
109 115 
109 124 
109 138 
109 168 
109 187 
110 212 
113 168 
113 181 
115 75 
115 113 
115 168 
117 83 
118 116 
119 157 
119 180 
121 3 
121 4 
121 7 
121 8 
121 14 
121 15 
121 22 
121 30 
121 52 
121 69 
121 73 
121 84 
121 98 
121 117 
122 170 
125 158 
129 193 
132 124 
138 168 
140 8 
142 57 
142 124 
142 168 
146 25 
146 28 
146 33 
146 125 
146 158 
148 3 
148 125 
150 104 
152 168 
167 25 
167 146 
168 54 
168 75 
168 92 
168 115 
168 138 
169 157 
169 187 
170 157 
172 33 
172 125 
172 134 
172 158 
179 168 
204 33 
