2 7 
2 8 
2 15 
2 18 
2 25 
2 26 
2 27 
2 34 
2 37 
2 39 
2 99 
2 134 
2 156 
2 158 
2 212 
3 15 
3 22 
3 30 
3 37 
3 63 
3 68 
3 69 
3 84 
3 88 
4 3 
4 11 
4 13 
4 14 
4 15 
4 21 
4 22 
4 27 
4 30 
4 32 
4 35 
4 36 
4 37 
4 44 
4 52 
4 63 
4 68 
4 74 
4 82 
4 181 
5 32 
5 78 
5 102 
5 117 
7 6 
7 18 
7 25 
7 26 
7 27 
7 29 
7 32 
7 34 
7 39 
7 44 
7 110 
7 116 
7 134 
7 158 
8 26 
8 140 
9 6 
9 8 
9 10 
9 18 
9 25 
9 26 
9 27 
9 29 
9 32 
9 34 
9 39 
9 44 
9 110 
9 116 
9 134 
9 140 
9 158 
10 8 
10 29 
11 35 
11 36 
11 134 
12 134 
12 158 
14 2 
14 4 
14 5 
14 6 
14 7 
14 8 
14 9 
14 10 
14 11 
14 15 
14 17 
14 21 
14 22 
14 26 
14 27 
14 30 
14 32 
14 34 
14 35 
14 36 
14 37 
14 39 
14 42 
14 44 
14 45 
14 49 
14 54 
14 55 
14 57 
14 59 
14 60 
14 68 
14 73 
14 74 
14 78 
14 80 
14 82 
14 83 
14 87 
14 88 
14 91 
14 104 
14 117 
14 121 
14 134 
14 157 
14 180 
14 187 
15 3 
15 4 
15 7 
15 8 
15 11 
15 13 
15 14 
15 21 
15 22 
15 27 
15 30 
15 35 
15 36 
15 37 
15 44 
15 63 
15 68 
15 69 
15 73 
15 74 
15 82 
15 84 
15 87 
15 98 
15 121 
15 212 
16 6 
17 125 
17 134 
17 158 
17 190 
17 212 
18 158 
19 32 
19 33 
19 40 
19 42 
19 89 
19 100 
19 116 
19 117 
19 125 
19 133 
19 134 
19 146 
19 158 
21 3 
21 27 
21 44 
21 73 
21 87 
22 2 
22 3 
22 4 
22 5 
22 6 
22 7 
22 8 
22 9 
22 10 
22 11 
22 13 
22 14 
22 15 
22 16 
22 17 
22 18 
22 21 
22 25 
22 26 
22 27 
22 30 
22 32 
22 33 
22 34 
22 35 
22 36 
22 37 
22 40 
22 42 
22 44 
22 45 
22 48 
22 49 
22 51 
22 52 
22 53 
22 54 
22 55 
22 58 
22 59 
22 60 
22 62 
22 63 
22 66 
22 67 
22 68 
22 69 
22 72 
22 73 
22 74 
22 78 
22 79 
22 80 
22 82 
22 83 
22 84 
22 86 
22 87 
22 88 
22 89 
22 90 
22 91 
22 98 
22 100 
22 102 
22 103 
22 105 
22 109 
22 117 
22 121 
22 128 
22 134 
22 139 
22 146 
22 148 
22 150 
22 156 
22 158 
22 182 
22 187 
23 7 
23 10 
23 32 
23 34 
23 39 
25 134 
25 158 
26 34 
26 212 
27 3 
27 4 
27 7 
27 8 
27 11 
27 13 
27 14 
27 15 
27 21 
27 22 
27 25 
27 29 
27 30 
27 35 
27 36 
27 37 
27 44 
27 45 
27 52 
27 62 
27 63 
27 68 
27 69 
27 73 
27 74 
27 82 
27 84 
27 87 
27 88 
27 98 
27 100 
27 104 
27 117 
27 121 
27 127 
27 133 
27 148 
27 158 
28 134 
28 158 
29 158 
30 22 
30 73 
30 78 
30 87 
30 121 
31 23 
31 34 
31 45 
32 73 
33 134 
33 158 
34 18 
34 26 
34 139 
34 212 
35 3 
35 4 
35 6 
35 11 
35 14 
35 15 
35 21 
35 22 
35 27 
35 30 
35 32 
35 36 
35 37 
35 42 
35 44 
35 45 
35 52 
35 53 
35 55 
35 58 
35 60 
35 63 
35 68 
35 69 
35 73 
35 74 
35 78 
35 80 
35 82 
35 84 
35 102 
35 117 
35 121 
35 134 
35 158 
35 187 
36 11 
36 13 
36 35 
37 83 
37 102 
39 18 
39 134 
39 212 
40 100 
40 158 
41 40 
43 125 
43 134 
43 212 
44 4 
44 14 
44 15 
44 21 
44 22 
44 27 
44 35 
44 63 
44 87 
45 2 
45 6 
45 7 
45 8 
45 10 
45 16 
45 18 
45 23 
45 26 
45 27 
45 29 
45 31 
45 34 
45 39 
45 40 
45 55 
45 58 
45 76 
45 79 
45 97 
45 103 
45 105 
45 112 
45 117 
45 120 
45 127 
45 128 
45 136 
45 158 
45 178 
45 182 
47 18 
49 5 
49 6 
49 18 
49 22 
49 32 
49 48 
49 51 
49 53 
49 60 
49 77 
49 78 
49 82 
49 86 
51 60 
52 68 
55 37 
58 6 
58 32 
58 37 
58 60 
58 102 
59 78 
60 32 
60 88 
62 7 
62 8 
62 22 
63 52 
63 84 
63 87 
63 158 
66 15 
66 37 
68 3 
68 4 
68 6 
68 7 
68 8 
68 11 
68 13 
68 14 
68 15 
68 22 
68 25 
68 26 
68 27 
68 30 
68 32 
68 33 
68 34 
68 35 
68 36 
68 40 
68 42 
68 44 
68 45 
68 48 
68 51 
68 52 
68 59 
68 60 
68 62 
68 63 
68 69 
68 73 
68 77 
68 78 
68 80 
68 83 
68 84 
68 86 
68 87 
68 88 
68 89 
68 90 
68 100 
68 102 
68 109 
68 117 
68 121 
68 146 
68 158 
69 3 
69 84 
69 87 
70 102 
71 134 
71 158 
73 3 
73 11 
73 15 
73 22 
73 30 
73 98 
73 121 
74 4 
74 14 
76 6 
76 136 
77 32 
77 51 
77 87 
78 134 
82 14 
82 15 
82 27 
82 32 
82 35 
82 42 
82 44 
82 53 
82 74 
82 78 
82 80 
82 102 
82 117 
82 121 
84 52 
84 69 
87 63 
87 69 
87 73 
87 84 
87 91 
88 22 
88 35 
88 84 
88 87 
89 125 
89 134 
89 158 
90 52 
90 77 
90 86 
90 121 
91 134 
91 158 
93 14 
93 27 
93 33 
93 77 
96 4 
96 5 
96 6 
96 7 
96 8 
96 9 
96 10 
96 11 
96 13 
96 14 
96 15 
96 16 
96 17 
96 18 
96 21 
96 22 
96 23 
96 25 
96 26 
96 27 
96 29 
96 30 
96 31 
96 32 
96 33 
96 34 
96 35 
96 36 
96 37 
96 40 
96 42 
96 44 
96 45 
96 48 
96 49 
96 51 
96 53 
96 55 
96 58 
96 59 
96 60 
96 62 
96 66 
96 67 
96 68 
96 72 
96 73 
96 76 
96 77 
96 78 
96 79 
96 80 
96 82 
96 83 
96 84 
96 86 
96 89 
96 90 
96 91 
96 94 
96 95 
96 97 
96 100 
96 102 
96 103 
96 108 
96 112 
96 116 
96 117 
96 125 
96 128 
96 133 
96 134 
96 139 
96 146 
96 148 
96 158 
96 182 
96 187 
97 16 
98 82 
98 121 
100 116 
101 6 
105 2 
105 4 
105 5 
105 6 
105 7 
105 8 
105 9 
105 10 
105 14 
105 16 
105 17 
105 18 
105 22 
105 23 
105 25 
105 26 
105 28 
105 29 
105 31 
105 32 
105 34 
105 35 
105 37 
105 39 
105 40 
105 42 
105 44 
105 45 
105 49 
105 51 
105 53 
105 58 
105 60 
105 70 
105 73 
105 76 
105 78 
105 80 
105 83 
105 89 
105 91 
105 97 
105 99 
105 102 
105 103 
105 109 
105 112 
105 117 
105 128 
105 134 
105 146 
105 150 
105 156 
105 157 
105 158 
105 165 
105 166 
105 178 
105 182 
105 187 
108 6 
108 78 
108 80 
109 26 
109 32 
109 67 
109 75 
109 80 
109 102 
109 104 
109 115 
109 116 
109 133 
109 134 
109 138 
109 146 
109 150 
109 158 
109 168 
109 187 
110 158 
110 212 
111 158 
114 22 
114 32 
117 30 
117 32 
121 73 
121 98 
146 158 
152 26 
167 158 
195 139 
