2 2 
2 3 
2 6 
2 7 
2 8 
2 9 
2 10 
2 13 
2 15 
2 16 
2 17 
2 18 
2 23 
2 25 
2 26 
2 27 
2 28 
2 29 
2 31 
2 32 
2 33 
2 34 
2 39 
2 44 
2 45 
2 68 
2 71 
2 76 
2 78 
2 91 
2 94 
2 96 
2 97 
2 99 
2 105 
2 109 
2 110 
2 112 
2 120 
2 125 
2 134 
2 139 
2 146 
2 148 
2 150 
2 155 
2 156 
2 158 
2 166 
2 182 
2 212 
3 1 
3 2 
3 4 
3 5 
3 6 
3 7 
3 9 
3 10 
3 11 
3 13 
3 14 
3 15 
3 19 
3 21 
3 22 
3 23 
3 25 
3 26 
3 27 
3 30 
3 31 
3 32 
3 33 
3 34 
3 35 
3 36 
3 37 
3 40 
3 42 
3 44 
3 45 
3 48 
3 51 
3 52 
3 53 
3 54 
3 59 
3 60 
3 62 
3 63 
3 68 
3 69 
3 73 
3 74 
3 76 
3 78 
3 80 
3 82 
3 83 
3 84 
3 86 
3 87 
3 88 
3 90 
3 94 
3 98 
3 105 
3 109 
3 110 
3 112 
3 120 
3 121 
3 125 
3 128 
3 133 
3 134 
3 136 
3 146 
3 148 
3 156 
3 158 
4 2 
4 3 
4 5 
4 6 
4 7 
4 9 
4 10 
4 11 
4 13 
4 14 
4 15 
4 17 
4 18 
4 21 
4 22 
4 23 
4 25 
4 26 
4 27 
4 29 
4 30 
4 31 
4 32 
4 33 
4 34 
4 35 
4 36 
4 37 
4 39 
4 40 
4 44 
4 45 
4 52 
4 53 
4 57 
4 59 
4 60 
4 62 
4 63 
4 67 
4 68 
4 69 
4 70 
4 74 
4 78 
4 80 
4 82 
4 84 
4 87 
4 88 
4 91 
4 92 
4 104 
4 105 
4 109 
4 112 
4 116 
4 118 
4 119 
4 121 
4 125 
4 128 
4 130 
4 133 
4 134 
4 146 
4 148 
4 150 
4 155 
4 156 
4 157 
4 158 
4 181 
4 187 
4 193 
4 212 
4 213 
5 6 
5 7 
5 10 
5 23 
5 29 
5 45 
5 49 
5 53 
5 94 
5 95 
5 96 
5 119 
5 134 
5 158 
6 2 
6 3 
6 7 
6 8 
6 10 
6 14 
6 19 
6 23 
6 25 
6 29 
6 31 
6 33 
6 34 
6 37 
6 44 
6 45 
6 48 
6 58 
6 66 
6 103 
6 104 
6 109 
6 112 
6 120 
6 125 
6 134 
6 146 
6 150 
6 158 
6 178 
7 2 
7 18 
7 29 
7 112 
7 125 
7 139 
7 155 
7 158 
7 173 
7 180 
7 187 
7 212 
8 18 
8 29 
8 140 
8 173 
8 212 
9 2 
9 8 
9 112 
9 125 
9 139 
9 158 
9 180 
9 187 
10 8 
10 9 
10 155 
11 1 
11 2 
11 3 
11 4 
11 5 
11 6 
11 7 
11 8 
11 9 
11 10 
11 13 
11 14 
11 15 
11 17 
11 18 
11 21 
11 22 
11 23 
11 25 
11 26 
11 27 
11 29 
11 30 
11 31 
11 32 
11 33 
11 34 
11 35 
11 36 
11 37 
11 39 
11 40 
11 42 
11 44 
11 45 
11 49 
11 51 
11 52 
11 54 
11 55 
11 58 
11 59 
11 60 
11 62 
11 63 
11 66 
11 67 
11 68 
11 69 
11 70 
11 73 
11 74 
11 76 
11 77 
11 78 
11 79 
11 80 
11 82 
11 83 
11 84 
11 86 
11 87 
11 88 
11 90 
11 92 
11 96 
11 97 
11 98 
11 100 
11 102 
11 103 
11 105 
11 108 
11 109 
11 112 
11 113 
11 116 
11 117 
11 119 
11 121 
11 125 
11 128 
11 133 
11 134 
11 139 
11 146 
11 148 
11 150 
11 156 
11 158 
11 182 
11 193 
11 212 
12 1 
12 2 
12 4 
12 6 
12 25 
12 26 
12 33 
12 45 
12 57 
12 59 
12 67 
12 71 
12 78 
12 89 
12 92 
12 94 
12 104 
12 109 
12 120 
12 125 
12 130 
12 134 
12 146 
12 150 
12 158 
12 173 
12 181 
12 187 
12 193 
12 213 
13 3 
13 4 
13 6 
13 7 
13 10 
13 11 
13 14 
13 15 
13 22 
13 23 
13 27 
13 32 
13 35 
13 36 
13 37 
13 42 
13 45 
13 62 
13 68 
13 69 
13 70 
13 73 
13 74 
13 83 
13 98 
13 100 
13 116 
13 117 
13 121 
13 133 
14 1 
14 2 
14 3 
14 4 
14 5 
14 6 
14 7 
14 8 
14 9 
14 10 
14 11 
14 13 
14 15 
14 16 
14 17 
14 18 
14 21 
14 22 
14 23 
14 25 
14 26 
14 27 
14 28 
14 29 
14 30 
14 31 
14 32 
14 33 
14 34 
14 35 
14 36 
14 37 
14 39 
14 40 
14 42 
14 44 
14 45 
14 48 
14 49 
14 51 
14 52 
14 53 
14 54 
14 55 
14 57 
14 58 
14 59 
14 60 
14 62 
14 63 
14 66 
14 67 
14 68 
14 69 
14 70 
14 71 
14 73 
14 74 
14 75 
14 76 
14 77 
14 78 
14 80 
14 82 
14 83 
14 84 
14 86 
14 87 
14 88 
14 90 
14 91 
14 94 
14 96 
14 98 
14 100 
14 102 
14 103 
14 104 
14 105 
14 108 
14 109 
14 110 
14 112 
14 113 
14 115 
14 116 
14 117 
14 118 
14 119 
14 120 
14 121 
14 125 
14 127 
14 128 
14 133 
14 134 
14 139 
14 140 
14 146 
14 148 
14 150 
14 155 
14 156 
14 157 
14 158 
14 168 
14 170 
14 173 
14 178 
14 180 
14 182 
14 187 
14 193 
14 212 
14 213 
15 2 
15 3 
15 4 
15 5 
15 6 
15 7 
15 8 
15 9 
15 10 
15 11 
15 13 
15 14 
15 16 
15 17 
15 19 
15 21 
15 22 
15 23 
15 25 
15 26 
15 27 
15 30 
15 31 
15 32 
15 33 
15 34 
15 35 
15 36 
15 37 
15 39 
15 40 
15 42 
15 44 
15 45 
15 48 
15 51 
15 52 
15 53 
15 54 
15 59 
15 60 
15 62 
15 63 
15 67 
15 68 
15 69 
15 70 
15 71 
15 72 
15 73 
15 74 
15 76 
15 77 
15 78 
15 80 
15 82 
15 83 
15 84 
15 86 
15 87 
15 88 
15 90 
15 91 
15 94 
15 96 
15 97 
15 98 
15 100 
15 102 
15 105 
15 108 
15 109 
15 112 
15 113 
15 116 
15 117 
15 119 
15 121 
15 125 
15 130 
15 133 
15 134 
15 139 
15 146 
15 148 
15 150 
15 156 
15 157 
15 158 
15 182 
15 187 
15 193 
15 212 
16 45 
16 97 
16 136 
17 2 
17 7 
17 8 
17 23 
17 25 
17 29 
17 31 
17 34 
17 37 
17 39 
17 45 
17 72 
17 78 
17 92 
17 96 
17 105 
17 110 
17 119 
17 125 
17 134 
17 155 
17 158 
17 190 
17 212 
18 7 
18 8 
18 34 
18 39 
18 182 
19 1 
19 6 
19 33 
19 112 
19 125 
19 133 
19 134 
21 2 
21 3 
21 4 
21 7 
21 8 
21 9 
21 10 
21 11 
21 13 
21 14 
21 15 
21 18 
21 22 
21 23 
21 25 
21 26 
21 27 
21 29 
21 30 
21 31 
21 32 
21 33 
21 34 
21 35 
21 36 
21 37 
21 40 
21 44 
21 45 
21 60 
21 62 
21 63 
21 68 
21 69 
21 78 
21 82 
21 84 
21 87 
21 91 
21 98 
21 103 
21 109 
21 112 
21 113 
21 128 
21 134 
21 146 
21 148 
21 150 
21 156 
21 158 
22 2 
22 3 
22 4 
22 5 
22 6 
22 7 
22 8 
22 9 
22 10 
22 11 
22 13 
22 14 
22 15 
22 16 
22 17 
22 18 
22 21 
22 23 
22 25 
22 26 
22 27 
22 29 
22 30 
22 31 
22 32 
22 33 
22 34 
22 35 
22 36 
22 37 
22 39 
22 40 
22 42 
22 44 
22 45 
22 48 
22 49 
22 51 
22 52 
22 53 
22 54 
22 55 
22 57 
22 58 
22 59 
22 60 
22 62 
22 63 
22 67 
22 68 
22 69 
22 70 
22 71 
22 72 
22 73 
22 74 
22 76 
22 77 
22 78 
22 79 
22 80 
22 82 
22 83 
22 84 
22 86 
22 87 
22 88 
22 90 
22 91 
22 92 
22 94 
22 95 
22 96 
22 97 
22 98 
22 100 
22 102 
22 104 
22 105 
22 108 
22 109 
22 113 
22 115 
22 116 
22 117 
22 119 
22 121 
22 127 
22 128 
22 133 
22 134 
22 146 
22 148 
22 150 
22 156 
22 157 
22 158 
22 159 
22 178 
22 181 
22 182 
22 187 
22 212 
23 7 
23 8 
23 9 
23 10 
23 11 
23 14 
23 15 
23 25 
23 29 
23 31 
23 34 
23 39 
23 158 
24 32 
24 69 
24 72 
25 33 
25 37 
25 54 
25 57 
25 75 
25 94 
25 113 
25 115 
25 119 
25 125 
25 170 
25 180 
25 187 
25 193 
26 7 
26 8 
26 10 
26 18 
26 28 
26 29 
26 34 
26 105 
26 110 
26 125 
26 134 
26 139 
26 212 
27 2 
27 3 
27 4 
27 5 
27 6 
27 7 
27 8 
27 9 
27 10 
27 11 
27 13 
27 14 
27 15 
27 16 
27 17 
27 18 
27 19 
27 21 
27 22 
27 23 
27 25 
27 26 
27 28 
27 29 
27 30 
27 31 
27 32 
27 33 
27 34 
27 35 
27 36 
27 37 
27 39 
27 40 
27 42 
27 44 
27 45 
27 48 
27 49 
27 51 
27 52 
27 53 
27 54 
27 58 
27 59 
27 60 
27 62 
27 63 
27 67 
27 68 
27 69 
27 70 
27 71 
27 72 
27 73 
27 74 
27 76 
27 77 
27 78 
27 80 
27 82 
27 83 
27 84 
27 86 
27 87 
27 88 
27 89 
27 90 
27 91 
27 94 
27 96 
27 97 
27 98 
27 100 
27 102 
27 103 
27 104 
27 105 
27 108 
27 109 
27 110 
27 112 
27 113 
27 116 
27 117 
27 120 
27 121 
27 125 
27 127 
27 130 
27 133 
27 134 
27 136 
27 139 
27 146 
27 148 
27 150 
27 156 
27 157 
27 158 
27 182 
27 187 
27 193 
27 212 
27 213 
28 134 
29 7 
29 8 
29 10 
29 23 
29 25 
29 34 
29 45 
29 134 
29 158 
30 2 
30 3 
30 4 
30 6 
30 7 
30 8 
30 9 
30 10 
30 11 
30 14 
30 15 
30 21 
30 22 
30 25 
30 26 
30 27 
30 31 
30 32 
30 33 
30 35 
30 36 
30 42 
30 44 
30 45 
30 48 
30 51 
30 52 
30 60 
30 62 
30 63 
30 68 
30 69 
30 70 
30 73 
30 74 
30 80 
30 82 
30 83 
30 84 
30 86 
30 87 
30 88 
30 91 
30 98 
30 100 
30 105 
30 116 
30 117 
30 121 
30 133 
30 134 
30 146 
30 148 
30 157 
30 158 
30 182 
31 7 
31 8 
31 10 
31 29 
31 45 
32 13 
32 15 
32 25 
32 42 
32 45 
32 72 
32 83 
32 86 
32 88 
32 98 
32 100 
32 116 
32 117 
32 133 
32 146 
33 2 
33 7 
33 8 
33 25 
33 28 
33 39 
33 45 
33 67 
33 89 
33 100 
33 105 
33 125 
33 134 
33 146 
33 150 
33 158 
34 7 
34 8 
34 9 
34 18 
34 26 
34 29 
34 31 
34 110 
34 139 
34 155 
34 212 
35 2 
35 3 
35 4 
35 5 
35 6 
35 7 
35 8 
35 9 
35 10 
35 11 
35 13 
35 14 
35 15 
35 16 
35 17 
35 19 
35 21 
35 22 
35 23 
35 25 
35 26 
35 27 
35 29 
35 30 
35 31 
35 32 
35 34 
35 36 
35 37 
35 39 
35 44 
35 45 
35 49 
35 52 
35 53 
35 54 
35 55 
35 58 
35 60 
35 62 
35 63 
35 66 
35 68 
35 69 
35 70 
35 74 
35 76 
35 78 
35 79 
35 80 
35 82 
35 83 
35 84 
35 86 
35 87 
35 88 
35 92 
35 94 
35 95 
35 96 
35 100 
35 102 
35 105 
35 108 
35 109 
35 117 
35 121 
35 127 
35 133 
35 148 
35 150 
35 156 
35 180 
35 182 
35 187 
35 213 
36 2 
36 3 
36 4 
36 6 
36 7 
36 8 
36 9 
36 10 
36 11 
36 13 
36 14 
36 15 
36 21 
36 22 
36 23 
36 26 
36 27 
36 30 
36 32 
36 34 
36 35 
36 37 
36 39 
36 40 
36 44 
36 45 
36 62 
36 63 
36 68 
36 69 
36 74 
36 79 
36 80 
36 84 
36 87 
36 98 
36 105 
36 134 
37 2 
37 3 
37 4 
37 5 
37 6 
37 7 
37 8 
37 9 
37 10 
37 11 
37 13 
37 14 
37 15 
37 16 
37 17 
37 22 
37 23 
37 25 
37 26 
37 27 
37 29 
37 30 
37 31 
37 32 
37 33 
37 34 
37 35 
37 36 
37 39 
37 40 
37 42 
37 44 
37 45 
37 55 
37 58 
37 59 
37 60 
37 63 
37 67 
37 68 
37 70 
37 74 
37 76 
37 79 
37 80 
37 82 
37 94 
37 95 
37 102 
37 103 
37 105 
37 108 
37 109 
37 110 
37 116 
37 134 
37 146 
37 150 
37 156 
37 158 
37 178 
39 7 
39 8 
39 23 
39 29 
39 33 
39 39 
39 134 
39 139 
39 155 
39 190 
39 212 
40 1 
40 19 
40 23 
40 25 
40 29 
40 33 
40 34 
40 45 
40 48 
40 70 
40 72 
40 78 
40 100 
40 133 
40 134 
40 146 
40 158 
42 30 
42 32 
42 45 
42 72 
42 78 
42 83 
42 100 
42 116 
42 117 
42 127 
42 133 
42 146 
43 1 
43 7 
43 8 
43 17 
43 19 
43 23 
43 33 
43 59 
43 67 
43 71 
43 72 
43 92 
43 104 
43 105 
43 110 
43 113 
43 125 
43 133 
43 134 
43 146 
43 150 
43 158 
43 181 
43 212 
44 2 
44 3 
44 4 
44 5 
44 6 
44 7 
44 8 
44 9 
44 10 
44 11 
44 13 
44 14 
44 15 
44 17 
44 21 
44 22 
44 23 
44 25 
44 26 
44 27 
44 28 
44 30 
44 31 
44 32 
44 33 
44 34 
44 35 
44 36 
44 37 
44 39 
44 40 
44 45 
44 52 
44 59 
44 62 
44 63 
44 68 
44 69 
44 70 
44 71 
44 73 
44 74 
44 75 
44 78 
44 80 
44 82 
44 84 
44 87 
44 88 
44 98 
44 102 
44 103 
44 105 
44 108 
44 109 
44 110 
44 112 
44 113 
44 119 
44 120 
44 125 
44 128 
44 134 
44 146 
44 148 
44 150 
44 158 
44 168 
44 178 
44 182 
45 1 
45 2 
45 3 
45 5 
45 6 
45 7 
45 8 
45 9 
45 10 
45 11 
45 14 
45 15 
45 16 
45 17 
45 18 
45 21 
45 22 
45 23 
45 25 
45 26 
45 27 
45 28 
45 29 
45 31 
45 32 
45 33 
45 34 
45 35 
45 36 
45 37 
45 39 
45 40 
45 42 
45 44 
45 49 
45 55 
45 58 
45 62 
45 66 
45 67 
45 70 
45 71 
45 76 
45 78 
45 79 
45 80 
45 83 
45 88 
45 91 
45 94 
45 95 
45 96 
45 97 
45 98 
45 99 
45 100 
45 102 
45 103 
45 105 
45 108 
45 109 
45 112 
45 119 
45 120 
45 125 
45 127 
45 128 
45 130 
45 134 
45 136 
45 146 
45 150 
45 156 
45 158 
45 165 
45 168 
45 178 
45 182 
45 193 
45 212 
47 112 
49 5 
49 6 
49 7 
49 8 
49 9 
49 10 
49 11 
49 14 
49 18 
49 23 
49 25 
49 26 
49 31 
49 32 
49 33 
49 34 
49 39 
49 40 
49 45 
49 49 
49 55 
49 76 
49 78 
49 79 
49 91 
49 94 
49 95 
49 96 
49 108 
49 109 
49 134 
49 146 
49 158 
49 187 
51 48 
51 60 
51 77 
51 86 
51 90 
52 2 
52 3 
52 4 
52 6 
52 11 
52 14 
52 15 
52 22 
52 25 
52 27 
52 32 
52 35 
52 36 
52 37 
52 42 
52 44 
52 45 
52 51 
52 59 
52 60 
52 62 
52 67 
52 68 
52 69 
52 73 
52 74 
52 79 
52 80 
52 83 
52 84 
52 87 
52 88 
52 90 
52 96 
52 105 
52 109 
52 116 
52 117 
52 121 
52 133 
52 146 
52 158 
52 178 
55 45 
55 66 
55 94 
55 108 
55 127 
58 16 
58 79 
58 97 
60 3 
60 6 
60 36 
60 45 
60 48 
60 51 
60 52 
60 77 
60 86 
60 88 
60 90 
62 2 
62 3 
62 4 
62 6 
62 7 
62 9 
62 13 
62 14 
62 15 
62 23 
62 25 
62 27 
62 29 
62 30 
62 32 
62 33 
62 35 
62 36 
62 37 
62 40 
62 44 
62 45 
62 52 
62 63 
62 68 
62 69 
62 80 
62 82 
62 84 
62 87 
62 105 
62 121 
62 125 
62 134 
62 146 
62 158 
63 3 
63 4 
63 6 
63 11 
63 14 
63 15 
63 21 
63 22 
63 25 
63 27 
63 30 
63 32 
63 33 
63 36 
63 42 
63 44 
63 45 
63 52 
63 59 
63 60 
63 69 
63 70 
63 74 
63 80 
63 84 
63 87 
63 88 
63 100 
63 121 
63 158 
65 45 
68 2 
68 3 
68 4 
68 6 
68 7 
68 8 
68 9 
68 10 
68 11 
68 13 
68 14 
68 15 
68 17 
68 21 
68 22 
68 23 
68 25 
68 27 
68 30 
68 31 
68 32 
68 34 
68 35 
68 36 
68 39 
68 42 
68 44 
68 45 
68 48 
68 52 
68 59 
68 60 
68 62 
68 63 
68 67 
68 69 
68 70 
68 73 
68 77 
68 80 
68 82 
68 84 
68 86 
68 87 
68 88 
68 90 
68 98 
68 105 
68 109 
68 116 
68 117 
68 148 
68 150 
68 182 
69 3 
69 4 
69 6 
69 14 
69 15 
69 21 
69 22 
69 25 
69 27 
69 30 
69 32 
69 33 
69 45 
69 51 
69 52 
69 60 
69 63 
69 68 
69 70 
69 83 
69 84 
69 86 
69 87 
69 88 
69 90 
69 100 
69 133 
69 134 
69 146 
69 158 
70 3 
70 4 
70 6 
70 7 
70 8 
70 14 
70 37 
70 44 
70 45 
70 105 
71 92 
71 133 
73 2 
73 3 
73 4 
73 7 
73 9 
73 11 
73 13 
73 15 
73 21 
73 22 
73 27 
73 30 
73 32 
73 35 
73 36 
73 37 
73 42 
73 44 
73 45 
73 51 
73 52 
73 60 
73 62 
73 63 
73 69 
73 70 
73 80 
73 83 
73 87 
73 98 
73 105 
73 109 
73 117 
73 121 
73 133 
73 146 
74 3 
74 4 
74 14 
74 15 
74 22 
74 27 
74 68 
74 100 
74 133 
75 134 
75 168 
76 16 
76 45 
76 79 
76 97 
76 103 
76 125 
76 128 
76 136 
76 158 
78 14 
78 44 
78 57 
78 59 
78 67 
78 89 
78 109 
78 119 
78 125 
78 134 
78 146 
78 150 
78 157 
78 158 
78 173 
78 187 
79 6 
79 45 
79 58 
79 97 
80 2 
80 6 
80 7 
80 8 
80 10 
80 11 
80 15 
80 23 
80 32 
80 35 
80 36 
80 37 
80 44 
80 45 
80 96 
80 98 
80 102 
80 104 
80 109 
80 134 
80 158 
81 58 
81 94 
82 2 
82 3 
82 4 
82 5 
82 6 
82 7 
82 11 
82 13 
82 14 
82 15 
82 21 
82 22 
82 27 
82 30 
82 35 
82 36 
82 37 
82 44 
82 45 
82 53 
82 63 
82 69 
82 74 
82 87 
82 94 
82 109 
82 140 
84 3 
84 4 
84 14 
84 15 
84 22 
84 25 
84 33 
84 35 
84 44 
84 48 
84 52 
84 60 
84 63 
84 68 
84 69 
84 87 
84 116 
84 133 
84 146 
86 42 
86 45 
86 51 
86 60 
86 77 
86 90 
87 3 
87 14 
87 15 
87 22 
87 25 
87 27 
87 30 
87 32 
87 44 
87 51 
87 52 
87 63 
87 69 
87 80 
87 84 
87 86 
87 88 
88 3 
88 14 
88 22 
88 27 
88 37 
88 48 
88 51 
88 52 
88 60 
88 69 
88 77 
88 90 
89 6 
89 19 
89 25 
89 33 
89 67 
89 125 
89 134 
89 146 
89 158 
90 2 
90 6 
90 15 
90 48 
90 51 
90 60 
90 77 
90 86 
91 54 
91 57 
91 119 
91 134 
91 158 
92 159 
93 14 
93 21 
93 27 
93 28 
93 30 
93 33 
93 48 
93 53 
93 77 
93 84 
93 91 
93 96 
93 100 
94 127 
96 7 
96 9 
96 16 
96 31 
96 39 
96 45 
96 76 
96 94 
96 100 
96 108 
97 16 
97 45 
97 79 
98 4 
98 13 
98 15 
98 22 
98 27 
98 30 
98 31 
98 32 
98 36 
98 45 
98 68 
98 73 
98 80 
98 100 
98 121 
99 166 
100 133 
101 16 
101 45 
101 97 
102 13 
102 45 
103 45 
103 136 
103 178 
105 2 
105 3 
105 5 
105 6 
105 7 
105 8 
105 9 
105 10 
105 11 
105 13 
105 15 
105 16 
105 17 
105 18 
105 23 
105 25 
105 26 
105 27 
105 28 
105 29 
105 31 
105 32 
105 33 
105 34 
105 39 
105 44 
105 45 
105 52 
105 59 
105 67 
105 76 
105 78 
105 91 
105 94 
105 96 
105 97 
105 99 
105 103 
105 104 
105 105 
105 108 
105 109 
105 110 
105 112 
105 116 
105 120 
105 125 
105 127 
105 128 
105 133 
105 134 
105 146 
105 150 
105 155 
105 156 
105 158 
105 165 
105 166 
105 178 
105 182 
105 212 
107 95 
108 96 
108 150 
109 27 
109 70 
109 71 
109 75 
109 92 
109 104 
109 113 
109 115 
109 119 
109 138 
109 150 
109 168 
110 212 
111 125 
112 120 
114 5 
114 7 
114 8 
114 9 
114 10 
114 11 
114 23 
114 29 
114 31 
114 32 
114 34 
114 45 
114 49 
114 55 
114 70 
114 76 
114 94 
114 96 
114 104 
114 108 
114 134 
114 146 
115 75 
115 168 
116 32 
116 45 
117 15 
117 42 
117 72 
117 83 
117 100 
117 116 
117 133 
119 173 
121 2 
121 14 
121 15 
121 21 
121 22 
121 27 
121 30 
121 32 
121 35 
121 40 
121 44 
121 45 
121 62 
121 68 
121 70 
121 73 
121 83 
121 98 
121 105 
121 133 
121 148 
125 113 
125 134 
125 158 
126 105 
127 29 
129 2 
129 17 
129 94 
129 127 
129 134 
134 15 
134 33 
134 45 
134 125 
134 146 
134 150 
134 155 
134 158 
135 28 
135 212 
140 8 
146 33 
146 45 
146 125 
146 134 
146 158 
148 27 
148 36 
150 104 
152 168 
154 118 
154 138 
155 17 
156 166 
157 110 
158 134 
163 34 
163 158 
163 178 
169 157 
172 33 
172 134 
172 158 
186 146 
186 158 
187 170 
191 6 
195 139 
203 37 
204 59 
