2 2 
2 3 
2 4 
2 6 
2 7 
2 8 
2 9 
2 10 
2 11 
2 14 
2 15 
2 17 
2 18 
2 19 
2 22 
2 23 
2 25 
2 26 
2 27 
2 29 
2 31 
2 32 
2 33 
2 34 
2 37 
2 39 
2 42 
2 44 
2 45 
2 51 
2 59 
2 62 
2 63 
2 67 
2 70 
2 76 
2 78 
2 79 
2 84 
2 91 
2 99 
2 103 
2 105 
2 108 
2 109 
2 110 
2 112 
2 119 
2 125 
2 128 
2 133 
2 134 
2 139 
2 140 
2 146 
2 150 
2 155 
2 156 
2 158 
2 165 
2 166 
2 178 
2 182 
2 187 
2 212 
3 14 
3 15 
3 22 
3 35 
3 37 
3 63 
3 79 
3 80 
3 84 
3 87 
3 88 
3 103 
4 3 
4 11 
4 13 
4 14 
4 15 
4 22 
4 27 
4 30 
4 35 
4 36 
4 37 
4 44 
4 52 
4 57 
4 59 
4 62 
4 63 
4 68 
4 74 
4 82 
4 84 
4 98 
4 104 
4 119 
4 121 
4 148 
4 193 
5 19 
5 33 
5 34 
5 37 
5 59 
5 80 
5 109 
5 113 
5 125 
5 146 
5 158 
6 29 
6 45 
6 58 
6 76 
6 112 
6 119 
6 128 
7 25 
7 26 
7 71 
7 125 
7 134 
7 146 
7 150 
7 158 
8 140 
9 8 
9 25 
9 26 
9 71 
9 125 
9 134 
9 140 
9 146 
9 150 
9 158 
10 150 
11 4 
11 13 
11 14 
11 15 
11 22 
11 26 
11 27 
11 30 
11 35 
11 36 
11 52 
11 63 
11 69 
11 80 
11 98 
11 113 
11 119 
11 121 
12 134 
12 158 
13 27 
13 35 
13 36 
13 98 
13 121 
14 3 
14 4 
14 7 
14 8 
14 11 
14 13 
14 15 
14 21 
14 22 
14 25 
14 27 
14 35 
14 36 
14 37 
14 44 
14 52 
14 54 
14 57 
14 59 
14 60 
14 62 
14 63 
14 68 
14 69 
14 73 
14 74 
14 80 
14 82 
14 84 
14 88 
14 104 
14 119 
14 121 
14 148 
14 150 
14 180 
14 182 
14 187 
15 3 
15 4 
15 11 
15 13 
15 14 
15 21 
15 22 
15 27 
15 30 
15 35 
15 36 
15 37 
15 44 
15 52 
15 59 
15 62 
15 63 
15 68 
15 69 
15 73 
15 74 
15 82 
15 84 
15 87 
15 88 
15 90 
15 98 
15 116 
15 121 
15 133 
15 148 
15 158 
15 212 
17 26 
17 33 
17 112 
17 125 
17 134 
17 150 
17 158 
17 212 
18 125 
19 158 
21 3 
21 4 
21 11 
21 13 
21 14 
21 15 
21 22 
21 27 
21 35 
21 36 
21 37 
21 44 
21 52 
21 62 
21 63 
21 82 
21 91 
21 119 
21 148 
22 3 
22 4 
22 11 
22 14 
22 15 
22 21 
22 27 
22 35 
22 36 
22 37 
22 44 
22 48 
22 51 
22 52 
22 53 
22 63 
22 68 
22 69 
22 82 
22 84 
22 88 
22 92 
22 119 
22 146 
22 148 
22 158 
23 158 
24 19 
25 134 
25 158 
26 158 
26 212 
27 3 
27 4 
27 7 
27 8 
27 11 
27 13 
27 14 
27 15 
27 17 
27 21 
27 22 
27 30 
27 35 
27 36 
27 37 
27 44 
27 57 
27 59 
27 60 
27 62 
27 63 
27 68 
27 69 
27 73 
27 74 
27 80 
27 82 
27 84 
27 98 
27 119 
27 121 
27 125 
27 127 
27 130 
27 134 
27 148 
27 150 
27 178 
27 193 
28 19 
28 33 
28 134 
28 158 
29 158 
30 14 
30 15 
30 21 
30 22 
30 27 
30 35 
30 44 
30 73 
30 87 
31 99 
31 119 
31 158 
33 25 
33 67 
33 113 
33 125 
33 133 
33 134 
33 146 
33 158 
33 187 
33 212 
34 7 
34 8 
34 110 
34 212 
35 3 
35 4 
35 7 
35 8 
35 13 
35 14 
35 15 
35 21 
35 22 
35 27 
35 36 
35 37 
35 44 
35 48 
35 52 
35 53 
35 59 
35 62 
35 63 
35 68 
35 69 
35 73 
35 82 
35 84 
35 99 
35 148 
36 4 
36 11 
36 13 
36 15 
36 27 
36 80 
36 178 
37 103 
37 158 
39 7 
39 8 
39 134 
39 155 
39 158 
39 190 
43 19 
43 33 
43 113 
43 125 
43 158 
43 193 
43 212 
44 3 
44 4 
44 7 
44 8 
44 11 
44 13 
44 14 
44 15 
44 21 
44 22 
44 27 
44 34 
44 35 
44 36 
44 37 
44 52 
44 59 
44 60 
44 62 
44 63 
44 68 
44 73 
44 80 
44 82 
44 84 
44 87 
44 119 
44 128 
44 134 
44 148 
44 193 
45 6 
45 7 
45 8 
45 16 
45 25 
45 26 
45 29 
45 33 
45 34 
45 39 
45 58 
45 62 
45 76 
45 97 
45 100 
45 103 
45 112 
45 119 
45 120 
45 125 
45 127 
45 128 
45 130 
45 134 
45 136 
45 158 
45 165 
45 178 
45 182 
47 7 
47 8 
47 110 
49 4 
49 5 
49 7 
49 8 
49 14 
49 15 
49 22 
49 27 
49 33 
49 35 
49 36 
49 37 
49 44 
49 52 
49 59 
49 62 
49 68 
49 70 
49 80 
49 82 
49 91 
49 109 
49 119 
49 125 
49 127 
49 158 
52 3 
52 22 
52 32 
52 60 
52 62 
52 68 
52 84 
63 15 
63 84 
63 87 
63 88 
67 33 
67 134 
67 158 
68 3 
68 14 
68 15 
68 22 
68 35 
68 48 
68 52 
68 62 
68 82 
68 84 
69 15 
69 22 
69 23 
69 68 
69 84 
69 88 
71 92 
71 113 
71 158 
72 19 
73 21 
73 36 
73 98 
73 121 
74 4 
74 14 
74 15 
74 100 
76 45 
77 51 
80 4 
80 11 
80 15 
80 35 
80 36 
82 7 
82 15 
82 19 
82 27 
82 35 
82 37 
82 53 
82 68 
82 74 
82 140 
83 32 
84 14 
84 22 
84 60 
84 62 
84 68 
84 69 
84 80 
84 146 
86 77 
87 22 
87 63 
87 69 
88 22 
89 134 
90 22 
90 60 
90 68 
90 86 
90 88 
93 14 
93 28 
93 33 
93 83 
93 127 
96 4 
96 5 
96 7 
96 8 
96 11 
96 14 
96 15 
96 27 
96 35 
96 36 
96 37 
96 44 
96 55 
96 70 
96 76 
96 80 
96 82 
96 108 
96 119 
96 146 
96 148 
98 35 
98 73 
98 121 
102 11 
102 14 
102 15 
102 22 
102 23 
102 27 
102 32 
102 35 
102 36 
102 44 
102 45 
102 80 
102 98 
105 2 
105 4 
105 6 
105 7 
105 8 
105 9 
105 10 
105 11 
105 13 
105 14 
105 15 
105 17 
105 18 
105 21 
105 22 
105 23 
105 25 
105 26 
105 27 
105 28 
105 29 
105 30 
105 31 
105 32 
105 33 
105 34 
105 35 
105 36 
105 37 
105 39 
105 44 
105 45 
105 48 
105 52 
105 54 
105 59 
105 60 
105 62 
105 63 
105 68 
105 76 
105 78 
105 79 
105 80 
105 82 
105 86 
105 91 
105 99 
105 103 
105 105 
105 109 
105 112 
105 113 
105 117 
105 119 
105 125 
105 128 
105 134 
105 146 
105 148 
105 150 
105 156 
105 158 
105 165 
105 166 
105 170 
105 178 
105 182 
107 158 
107 193 
109 57 
109 59 
109 75 
109 113 
109 115 
109 119 
109 134 
109 138 
109 150 
109 158 
109 212 
110 212 
111 125 
111 146 
111 158 
113 125 
113 158 
114 4 
114 5 
114 6 
114 7 
114 8 
114 9 
114 11 
114 13 
114 14 
114 15 
114 22 
114 27 
114 32 
114 33 
114 35 
114 36 
114 37 
114 44 
114 49 
114 66 
114 70 
114 80 
114 82 
114 91 
114 112 
114 125 
114 146 
114 158 
114 182 
114 187 
121 68 
121 73 
121 98 
125 158 
129 134 
129 193 
135 33 
135 158 
143 146 
146 84 
146 134 
146 158 
151 19 
151 32 
153 33 
153 158 
154 80 
154 168 
169 157 
172 158 
174 27 
174 35 
174 36 
174 44 
187 213 
195 139 
203 11 
