2 26 
3 14 
3 22 
3 88 
4 11 
4 14 
4 15 
4 27 
4 35 
4 36 
4 44 
4 62 
4 68 
4 69 
4 74 
4 82 
4 212 
6 14 
11 13 
11 36 
11 98 
11 133 
14 3 
14 4 
14 11 
14 13 
14 15 
14 21 
14 22 
14 25 
14 27 
14 32 
14 35 
14 36 
14 39 
14 44 
14 59 
14 60 
14 62 
14 63 
14 68 
14 74 
14 80 
14 82 
14 84 
14 88 
14 96 
14 98 
14 121 
14 125 
14 148 
14 157 
14 182 
14 212 
15 3 
15 4 
15 14 
15 22 
15 30 
15 35 
15 62 
15 63 
15 68 
15 74 
15 82 
15 87 
15 121 
15 212 
21 4 
21 35 
21 44 
22 14 
22 35 
22 48 
22 68 
22 88 
23 14 
27 4 
27 13 
27 35 
27 44 
27 98 
30 4 
30 14 
30 63 
31 14 
35 4 
35 14 
35 22 
35 27 
35 36 
35 82 
40 14 
43 212 
44 4 
44 21 
44 27 
44 35 
45 16 
45 128 
45 182 
52 4 
52 14 
52 35 
52 68 
52 84 
62 22 
63 84 
63 87 
68 62 
69 3 
69 4 
69 14 
69 22 
69 30 
69 32 
69 35 
69 39 
69 44 
69 63 
69 84 
69 87 
69 98 
74 4 
74 14 
74 15 
78 14 
84 15 
87 63 
87 69 
93 14 
105 182 
121 73 
158 14 
