2 7 
2 8 
2 18 
2 26 
2 29 
2 32 
2 34 
2 39 
2 99 
2 105 
2 134 
2 139 
2 146 
2 156 
2 158 
2 212 
3 22 
3 52 
3 63 
3 69 
3 84 
3 87 
3 88 
4 3 
4 6 
4 11 
4 13 
4 14 
4 15 
4 21 
4 22 
4 27 
4 30 
4 35 
4 36 
4 37 
4 44 
4 52 
4 63 
4 73 
4 74 
4 121 
4 158 
5 6 
5 14 
5 22 
5 27 
5 32 
5 35 
5 37 
5 42 
5 44 
5 78 
5 80 
5 82 
6 6 
6 7 
6 8 
7 6 
7 102 
7 170 
9 6 
9 102 
9 170 
11 15 
11 27 
11 36 
11 44 
12 27 
14 3 
14 4 
14 11 
14 13 
14 15 
14 21 
14 22 
14 25 
14 27 
14 30 
14 35 
14 36 
14 37 
14 44 
14 63 
14 69 
14 74 
14 78 
14 80 
14 82 
14 88 
15 3 
15 4 
15 11 
15 13 
15 14 
15 21 
15 22 
15 27 
15 30 
15 36 
15 37 
15 44 
15 63 
15 68 
15 69 
15 73 
15 74 
15 84 
15 87 
15 88 
15 212 
16 6 
16 58 
16 97 
17 212 
18 26 
18 34 
21 27 
21 44 
22 3 
22 6 
22 13 
22 14 
22 15 
22 27 
22 30 
22 32 
22 35 
22 36 
22 37 
22 42 
22 44 
22 52 
22 60 
22 62 
22 68 
22 69 
22 73 
22 83 
22 84 
22 86 
22 87 
22 88 
22 109 
22 148 
23 34 
25 25 
25 134 
25 146 
25 158 
26 34 
26 212 
27 3 
27 4 
27 7 
27 8 
27 11 
27 13 
27 14 
27 15 
27 21 
27 22 
27 25 
27 26 
27 30 
27 32 
27 34 
27 35 
27 36 
27 37 
27 44 
27 52 
27 62 
27 63 
27 68 
27 69 
27 73 
27 74 
27 82 
27 84 
27 87 
27 88 
27 98 
27 100 
27 121 
27 125 
27 127 
27 134 
27 146 
27 148 
27 158 
27 168 
28 6 
28 134 
29 7 
29 8 
29 25 
29 34 
30 3 
30 27 
30 73 
30 98 
31 26 
33 60 
34 7 
34 8 
34 26 
35 3 
35 4 
35 11 
35 13 
35 14 
35 15 
35 21 
35 22 
35 25 
35 27 
35 30 
35 32 
35 36 
35 37 
35 39 
35 42 
35 44 
35 51 
35 52 
35 53 
35 60 
35 63 
35 68 
35 69 
35 73 
35 74 
35 78 
35 80 
35 82 
35 83 
35 84 
35 86 
35 87 
35 98 
35 102 
35 109 
35 117 
35 121 
35 146 
35 150 
36 11 
36 13 
36 27 
37 6 
37 127 
39 15 
39 116 
39 139 
39 190 
39 212 
40 133 
43 125 
43 212 
44 4 
44 11 
44 14 
44 15 
44 21 
44 22 
44 27 
44 30 
44 35 
44 36 
44 37 
44 63 
44 68 
44 87 
44 128 
45 6 
45 7 
45 8 
45 10 
45 14 
45 15 
45 23 
45 26 
45 27 
45 31 
45 33 
45 34 
45 39 
45 76 
45 80 
45 103 
45 112 
45 120 
45 127 
45 128 
45 134 
45 139 
45 146 
45 158 
49 6 
49 25 
49 96 
49 102 
54 4 
54 14 
54 35 
54 37 
55 27 
55 37 
55 80 
55 127 
58 6 
58 27 
58 32 
58 60 
58 79 
58 80 
59 78 
59 102 
59 170 
63 35 
63 84 
63 87 
64 14 
65 6 
65 14 
65 15 
65 22 
65 27 
65 35 
65 37 
65 44 
65 45 
65 80 
65 127 
66 32 
66 55 
68 3 
68 14 
68 15 
68 27 
68 32 
68 44 
68 48 
68 52 
68 60 
68 62 
68 63 
68 80 
68 86 
68 90 
68 102 
68 117 
70 4 
70 7 
70 8 
70 11 
70 14 
70 15 
70 22 
70 27 
70 32 
70 34 
70 36 
70 37 
70 40 
70 42 
70 44 
70 51 
70 60 
70 62 
70 68 
70 77 
70 80 
70 83 
70 86 
70 88 
70 90 
70 102 
70 109 
70 117 
70 133 
70 146 
71 4 
71 14 
71 27 
71 28 
71 32 
71 33 
71 34 
71 35 
71 40 
71 42 
71 44 
71 51 
71 60 
71 78 
71 80 
71 83 
71 86 
71 91 
71 102 
71 117 
71 125 
71 134 
71 158 
73 30 
73 98 
73 121 
74 14 
74 15 
74 27 
76 4 
76 6 
76 7 
76 8 
76 9 
76 14 
76 16 
76 23 
76 27 
76 31 
76 32 
76 34 
76 35 
76 44 
76 45 
76 58 
76 60 
76 80 
76 83 
76 91 
76 97 
76 102 
78 4 
78 14 
78 27 
78 32 
78 35 
78 60 
78 83 
79 58 
81 58 
82 14 
82 35 
82 53 
87 30 
87 63 
87 69 
87 84 
88 3 
88 14 
88 15 
88 22 
88 27 
88 30 
88 73 
88 84 
92 4 
92 6 
92 15 
92 27 
92 37 
92 44 
92 125 
93 33 
93 77 
94 55 
94 127 
96 4 
96 6 
96 7 
96 8 
96 11 
96 14 
96 23 
96 25 
96 27 
96 32 
96 35 
96 36 
96 37 
96 44 
96 45 
96 49 
96 58 
96 78 
96 80 
96 83 
96 91 
96 102 
101 6 
101 58 
101 79 
101 97 
103 6 
103 44 
105 2 
105 7 
105 8 
105 23 
105 26 
105 31 
105 34 
105 39 
105 99 
105 105 
105 156 
108 4 
108 5 
108 6 
108 11 
108 14 
108 15 
108 25 
108 27 
108 32 
108 35 
108 36 
108 37 
108 40 
108 42 
108 44 
108 45 
108 51 
108 58 
108 60 
108 66 
108 77 
108 78 
108 80 
108 83 
108 86 
108 91 
108 96 
108 102 
108 117 
109 7 
109 8 
109 11 
109 14 
109 15 
109 18 
109 21 
109 22 
109 26 
109 27 
109 32 
109 33 
109 34 
109 35 
109 37 
109 40 
109 42 
109 44 
109 51 
109 60 
109 77 
109 78 
109 80 
109 82 
109 83 
109 86 
109 90 
109 91 
109 102 
109 115 
109 117 
109 134 
109 138 
109 150 
109 158 
109 168 
110 15 
110 125 
110 158 
110 212 
112 6 
113 44 
115 60 
119 4 
119 14 
119 15 
119 44 
119 170 
120 6 
121 73 
121 98 
130 27 
136 6 
142 35 
150 14 
160 6 
160 44 
160 128 
163 27 
163 44 
168 14 
168 27 
168 109 
171 112 
173 4 
178 112 
178 128 
181 4 
