2 7 
2 8 
2 9 
2 14 
2 21 
2 22 
2 23 
2 27 
2 31 
2 35 
2 36 
2 39 
2 40 
2 44 
2 63 
2 80 
2 109 
2 125 
2 134 
2 148 
2 150 
2 155 
2 156 
2 158 
3 4 
3 5 
3 7 
3 8 
3 9 
3 11 
3 13 
3 14 
3 15 
3 22 
3 23 
3 25 
3 27 
3 30 
3 31 
3 35 
3 36 
3 37 
3 40 
3 42 
3 44 
3 48 
3 51 
3 52 
3 55 
3 59 
3 60 
3 62 
3 63 
3 68 
3 69 
3 74 
3 77 
3 78 
3 80 
3 82 
3 83 
3 84 
3 86 
3 87 
3 90 
3 91 
3 94 
3 95 
3 96 
3 97 
3 102 
3 109 
3 117 
3 121 
3 148 
4 3 
4 5 
4 7 
4 8 
4 9 
4 11 
4 13 
4 14 
4 15 
4 16 
4 21 
4 22 
4 23 
4 25 
4 27 
4 30 
4 31 
4 34 
4 35 
4 36 
4 37 
4 39 
4 40 
4 42 
4 44 
4 48 
4 49 
4 51 
4 52 
4 53 
4 54 
4 55 
4 57 
4 59 
4 60 
4 62 
4 63 
4 66 
4 68 
4 69 
4 74 
4 77 
4 78 
4 79 
4 80 
4 82 
4 83 
4 84 
4 86 
4 87 
4 89 
4 90 
4 91 
4 94 
4 95 
4 96 
4 97 
4 102 
4 103 
4 104 
4 109 
4 110 
4 116 
4 117 
4 119 
4 121 
4 130 
4 133 
4 134 
4 136 
4 148 
4 150 
4 155 
4 156 
4 158 
4 159 
4 168 
4 170 
4 180 
4 213 
5 4 
5 7 
5 8 
5 9 
5 14 
5 15 
5 16 
5 22 
5 23 
5 27 
5 31 
5 35 
5 39 
5 40 
5 44 
5 49 
5 53 
5 55 
5 63 
5 66 
5 78 
5 79 
5 82 
5 84 
5 94 
5 95 
5 96 
5 97 
5 103 
5 109 
5 116 
5 119 
5 120 
5 121 
5 125 
5 130 
5 134 
5 136 
5 158 
5 187 
6 4 
6 5 
6 7 
6 8 
6 9 
6 11 
6 14 
6 15 
6 16 
6 21 
6 22 
6 23 
6 25 
6 27 
6 31 
6 35 
6 36 
6 37 
6 39 
6 40 
6 44 
6 51 
6 55 
6 62 
6 63 
6 69 
6 80 
6 82 
6 86 
6 87 
6 94 
6 96 
6 97 
6 103 
6 109 
6 117 
6 120 
6 127 
6 130 
6 148 
6 155 
6 158 
7 3 
7 4 
7 5 
7 11 
7 13 
7 14 
7 15 
7 16 
7 21 
7 22 
7 23 
7 25 
7 27 
7 30 
7 31 
7 35 
7 36 
7 37 
7 39 
7 40 
7 42 
7 44 
7 49 
7 51 
7 52 
7 53 
7 54 
7 55 
7 59 
7 60 
7 62 
7 63 
7 66 
7 68 
7 69 
7 72 
7 75 
7 77 
7 78 
7 79 
7 80 
7 82 
7 83 
7 84 
7 86 
7 87 
7 90 
7 91 
7 94 
7 95 
7 96 
7 97 
7 102 
7 103 
7 104 
7 109 
7 110 
7 113 
7 115 
7 116 
7 117 
7 119 
7 120 
7 121 
7 125 
7 127 
7 133 
7 134 
7 139 
7 150 
7 155 
7 156 
7 158 
7 165 
7 168 
7 170 
7 187 
8 9 
8 15 
8 16 
8 23 
8 27 
8 39 
8 44 
8 66 
8 82 
8 103 
8 109 
8 168 
9 3 
9 4 
9 5 
9 8 
9 9 
9 10 
9 11 
9 13 
9 14 
9 15 
9 16 
9 21 
9 22 
9 23 
9 25 
9 27 
9 30 
9 31 
9 35 
9 36 
9 37 
9 39 
9 40 
9 42 
9 44 
9 49 
9 51 
9 52 
9 53 
9 54 
9 55 
9 59 
9 60 
9 62 
9 63 
9 66 
9 68 
9 69 
9 72 
9 75 
9 77 
9 78 
9 79 
9 80 
9 82 
9 83 
9 84 
9 86 
9 87 
9 90 
9 91 
9 94 
9 95 
9 96 
9 97 
9 102 
9 103 
9 104 
9 109 
9 110 
9 113 
9 115 
9 116 
9 117 
9 119 
9 120 
9 121 
9 125 
9 127 
9 133 
9 134 
9 150 
9 156 
9 158 
9 165 
9 168 
9 170 
9 187 
10 3 
10 4 
10 5 
10 8 
10 9 
10 11 
10 13 
10 14 
10 15 
10 16 
10 21 
10 23 
10 25 
10 27 
10 31 
10 35 
10 39 
10 44 
10 49 
10 60 
10 66 
10 68 
10 78 
10 80 
10 82 
10 84 
10 91 
10 96 
10 97 
10 104 
10 109 
10 110 
10 117 
10 134 
10 139 
10 150 
10 155 
11 3 
11 4 
11 5 
11 7 
11 8 
11 9 
11 13 
11 14 
11 15 
11 21 
11 22 
11 23 
11 25 
11 27 
11 30 
11 31 
11 35 
11 36 
11 37 
11 39 
11 40 
11 42 
11 44 
11 51 
11 52 
11 59 
11 60 
11 62 
11 63 
11 66 
11 68 
11 69 
11 78 
11 80 
11 82 
11 83 
11 84 
11 86 
11 87 
11 90 
11 91 
11 94 
11 95 
11 96 
11 97 
11 102 
11 109 
11 116 
11 117 
11 121 
11 134 
11 148 
11 156 
11 158 
12 4 
12 14 
12 25 
12 89 
12 91 
12 119 
12 125 
12 134 
12 158 
13 3 
13 4 
13 7 
13 9 
13 11 
13 14 
13 15 
13 22 
13 27 
13 30 
13 35 
13 36 
13 37 
13 44 
13 63 
13 68 
13 69 
13 72 
13 79 
13 80 
13 82 
13 84 
13 86 
13 87 
13 96 
13 102 
13 109 
13 116 
13 117 
13 121 
13 155 
14 3 
14 4 
14 5 
14 7 
14 8 
14 9 
14 11 
14 13 
14 15 
14 21 
14 22 
14 23 
14 25 
14 27 
14 30 
14 31 
14 35 
14 36 
14 37 
14 39 
14 40 
14 42 
14 44 
14 51 
14 52 
14 54 
14 55 
14 57 
14 59 
14 60 
14 62 
14 63 
14 66 
14 68 
14 69 
14 74 
14 78 
14 79 
14 80 
14 82 
14 83 
14 84 
14 86 
14 87 
14 90 
14 91 
14 94 
14 95 
14 96 
14 97 
14 102 
14 103 
14 104 
14 109 
14 110 
14 116 
14 117 
14 119 
14 121 
14 125 
14 130 
14 133 
14 134 
14 136 
14 139 
14 148 
14 150 
14 156 
14 158 
14 170 
14 180 
14 187 
15 3 
15 4 
15 5 
15 7 
15 8 
15 9 
15 11 
15 13 
15 14 
15 21 
15 22 
15 23 
15 25 
15 27 
15 30 
15 31 
15 35 
15 36 
15 37 
15 39 
15 40 
15 42 
15 44 
15 48 
15 49 
15 51 
15 52 
15 53 
15 54 
15 55 
15 59 
15 60 
15 62 
15 63 
15 66 
15 68 
15 69 
15 72 
15 74 
15 77 
15 78 
15 79 
15 80 
15 82 
15 83 
15 84 
15 86 
15 87 
15 88 
15 90 
15 91 
15 94 
15 95 
15 96 
15 97 
15 102 
15 103 
15 109 
15 110 
15 116 
15 117 
15 119 
15 121 
15 125 
15 130 
15 133 
15 134 
15 148 
15 150 
15 155 
15 156 
15 158 
15 187 
16 79 
16 94 
16 97 
16 103 
16 136 
17 3 
17 4 
17 5 
17 13 
17 14 
17 15 
17 22 
17 23 
17 25 
17 27 
17 30 
17 31 
17 35 
17 36 
17 37 
17 39 
17 40 
17 44 
17 54 
17 60 
17 62 
17 63 
17 66 
17 69 
17 84 
17 86 
17 90 
17 95 
17 96 
17 103 
17 104 
17 109 
17 110 
17 113 
17 115 
17 119 
17 125 
17 133 
17 134 
17 150 
17 155 
17 158 
17 190 
18 7 
18 8 
18 9 
18 22 
18 23 
18 27 
18 31 
18 39 
18 55 
18 68 
18 110 
18 113 
18 119 
18 155 
19 22 
19 35 
19 116 
19 125 
19 133 
21 3 
21 4 
21 7 
21 8 
21 11 
21 13 
21 14 
21 15 
21 22 
21 23 
21 25 
21 27 
21 30 
21 31 
21 35 
21 36 
21 37 
21 39 
21 40 
21 44 
21 52 
21 62 
21 63 
21 68 
21 69 
21 78 
21 80 
21 82 
21 84 
21 87 
21 91 
21 96 
21 109 
21 110 
21 117 
21 134 
21 148 
21 158 
22 3 
22 4 
22 5 
22 7 
22 8 
22 9 
22 11 
22 13 
22 14 
22 15 
22 16 
22 21 
22 23 
22 25 
22 27 
22 30 
22 31 
22 35 
22 36 
22 37 
22 39 
22 40 
22 42 
22 44 
22 48 
22 51 
22 52 
22 54 
22 55 
22 57 
22 60 
22 62 
22 63 
22 66 
22 68 
22 69 
22 77 
22 78 
22 80 
22 82 
22 83 
22 84 
22 86 
22 87 
22 90 
22 91 
22 94 
22 95 
22 96 
22 97 
22 109 
22 110 
22 113 
22 116 
22 117 
22 121 
22 125 
22 134 
22 139 
22 148 
22 150 
22 155 
22 156 
22 158 
23 2 
23 4 
23 6 
23 7 
23 8 
23 9 
23 10 
23 11 
23 13 
23 14 
23 15 
23 21 
23 22 
23 27 
23 30 
23 31 
23 35 
23 36 
23 37 
23 39 
23 40 
23 44 
23 62 
23 63 
23 66 
23 68 
23 69 
23 78 
23 80 
23 82 
23 109 
23 110 
23 121 
23 130 
23 134 
23 148 
23 150 
23 156 
23 158 
25 44 
25 125 
26 4 
26 5 
26 7 
26 8 
26 9 
26 11 
26 14 
26 15 
26 22 
26 23 
26 25 
26 30 
26 31 
26 36 
26 39 
26 40 
26 44 
26 52 
26 62 
26 63 
26 68 
26 80 
26 89 
26 96 
26 109 
26 110 
26 113 
26 119 
26 150 
26 155 
26 158 
26 165 
26 187 
27 3 
27 4 
27 5 
27 7 
27 8 
27 9 
27 11 
27 13 
27 14 
27 15 
27 16 
27 21 
27 22 
27 23 
27 25 
27 30 
27 31 
27 35 
27 36 
27 37 
27 39 
27 40 
27 42 
27 44 
27 48 
27 51 
27 52 
27 53 
27 54 
27 55 
27 59 
27 60 
27 62 
27 63 
27 66 
27 68 
27 69 
27 72 
27 74 
27 77 
27 78 
27 80 
27 82 
27 83 
27 84 
27 86 
27 87 
27 89 
27 90 
27 91 
27 94 
27 95 
27 96 
27 97 
27 102 
27 103 
27 104 
27 109 
27 110 
27 113 
27 116 
27 117 
27 119 
27 120 
27 121 
27 125 
27 127 
27 130 
27 133 
27 134 
27 136 
27 139 
27 148 
27 150 
27 155 
27 156 
27 158 
27 178 
27 180 
28 44 
28 134 
29 23 
29 31 
29 55 
29 134 
30 3 
30 4 
30 5 
30 7 
30 8 
30 11 
30 13 
30 14 
30 15 
30 21 
30 22 
30 27 
30 31 
30 35 
30 36 
30 37 
30 40 
30 42 
30 44 
30 48 
30 51 
30 52 
30 60 
30 62 
30 63 
30 68 
30 69 
30 72 
30 74 
30 80 
30 82 
30 83 
30 84 
30 86 
30 87 
30 90 
30 96 
30 102 
30 109 
30 116 
30 117 
30 121 
30 134 
30 155 
31 5 
31 7 
31 8 
31 9 
31 23 
31 39 
31 66 
31 96 
31 109 
31 155 
32 3 
32 4 
32 13 
32 15 
32 30 
32 40 
32 42 
32 51 
32 55 
32 60 
32 72 
32 80 
32 83 
32 86 
32 104 
32 116 
32 117 
32 121 
32 133 
33 110 
33 117 
33 119 
33 125 
33 134 
33 155 
33 158 
34 5 
34 7 
34 8 
34 9 
34 15 
34 23 
34 30 
34 31 
34 36 
34 39 
34 66 
34 69 
34 95 
34 97 
34 109 
34 110 
34 134 
34 155 
34 156 
35 3 
35 4 
35 5 
35 7 
35 8 
35 9 
35 11 
35 13 
35 14 
35 15 
35 16 
35 21 
35 22 
35 23 
35 25 
35 27 
35 30 
35 31 
35 36 
35 37 
35 39 
35 40 
35 42 
35 44 
35 49 
35 51 
35 52 
35 55 
35 59 
35 60 
35 62 
35 63 
35 66 
35 68 
35 69 
35 77 
35 78 
35 79 
35 82 
35 84 
35 86 
35 87 
35 91 
35 94 
35 96 
35 97 
35 102 
35 104 
35 109 
35 110 
35 113 
35 116 
35 117 
35 119 
35 121 
35 134 
35 148 
35 150 
35 158 
35 187 
36 4 
36 11 
36 13 
36 14 
36 15 
36 21 
36 22 
36 23 
36 27 
36 30 
36 35 
36 37 
36 39 
36 44 
36 63 
36 68 
36 69 
36 78 
36 80 
36 84 
36 86 
36 96 
36 102 
36 109 
36 121 
36 148 
37 3 
37 4 
37 5 
37 7 
37 8 
37 9 
37 11 
37 13 
37 14 
37 15 
37 16 
37 21 
37 22 
37 23 
37 25 
37 27 
37 30 
37 31 
37 35 
37 39 
37 40 
37 42 
37 44 
37 51 
37 60 
37 62 
37 63 
37 68 
37 69 
37 74 
37 79 
37 80 
37 86 
37 91 
37 95 
37 96 
37 104 
37 109 
37 150 
37 156 
37 158 
39 3 
39 4 
39 5 
39 7 
39 8 
39 9 
39 15 
39 23 
39 27 
39 31 
39 35 
39 36 
39 37 
39 39 
39 40 
39 42 
39 44 
39 51 
39 60 
39 63 
39 66 
39 68 
39 80 
39 91 
39 104 
39 109 
39 110 
39 113 
39 134 
39 139 
39 155 
39 156 
39 158 
40 4 
40 7 
40 8 
40 11 
40 14 
40 21 
40 22 
40 25 
40 27 
40 31 
40 35 
40 39 
40 51 
40 55 
40 68 
40 69 
40 72 
40 84 
40 90 
40 91 
40 96 
40 102 
40 133 
42 14 
42 15 
42 35 
42 44 
42 68 
42 83 
42 84 
42 116 
42 117 
42 133 
42 158 
43 44 
43 125 
43 134 
43 158 
43 159 
44 3 
44 4 
44 5 
44 7 
44 8 
44 9 
44 11 
44 13 
44 14 
44 15 
44 16 
44 21 
44 22 
44 23 
44 25 
44 27 
44 30 
44 31 
44 35 
44 36 
44 37 
44 39 
44 40 
44 42 
44 49 
44 51 
44 52 
44 55 
44 60 
44 62 
44 63 
44 66 
44 68 
44 69 
44 74 
44 78 
44 79 
44 80 
44 82 
44 84 
44 86 
44 87 
44 90 
44 94 
44 95 
44 96 
44 102 
44 103 
44 109 
44 110 
44 113 
44 116 
44 117 
44 119 
44 121 
44 125 
44 128 
44 134 
44 136 
44 148 
44 150 
44 155 
44 156 
44 158 
44 187 
45 3 
45 4 
45 5 
45 7 
45 8 
45 9 
45 11 
45 13 
45 14 
45 15 
45 16 
45 21 
45 22 
45 23 
45 25 
45 27 
45 30 
45 31 
45 35 
45 36 
45 37 
45 39 
45 40 
45 42 
45 44 
45 48 
45 49 
45 51 
45 52 
45 55 
45 60 
45 62 
45 63 
45 66 
45 68 
45 69 
45 78 
45 79 
45 80 
45 82 
45 84 
45 86 
45 87 
45 90 
45 91 
45 94 
45 95 
45 96 
45 97 
45 102 
45 103 
45 104 
45 109 
45 110 
45 115 
45 116 
45 117 
45 119 
45 120 
45 121 
45 125 
45 127 
45 128 
45 130 
45 133 
45 134 
45 136 
45 139 
45 148 
45 155 
45 156 
45 158 
45 178 
47 5 
47 7 
47 9 
47 23 
47 27 
47 31 
47 39 
47 109 
47 110 
47 119 
47 139 
49 5 
49 7 
49 9 
49 14 
49 15 
49 16 
49 22 
49 25 
49 31 
49 35 
49 39 
49 40 
49 44 
49 55 
49 66 
49 79 
49 94 
49 95 
49 96 
49 97 
49 109 
49 110 
49 125 
49 170 
51 22 
51 52 
51 60 
51 69 
51 77 
51 86 
52 4 
52 5 
52 13 
52 14 
52 15 
52 22 
52 23 
52 25 
52 27 
52 30 
52 31 
52 35 
52 36 
52 39 
52 40 
52 42 
52 55 
52 59 
52 62 
52 63 
52 68 
52 69 
52 77 
52 78 
52 80 
52 82 
52 83 
52 84 
52 86 
52 90 
52 96 
52 109 
52 110 
52 117 
52 134 
52 148 
52 155 
55 16 
55 35 
55 39 
55 55 
55 66 
55 95 
55 96 
55 97 
55 127 
55 128 
58 16 
58 79 
58 97 
58 127 
59 170 
59 187 
60 3 
60 4 
60 15 
60 30 
60 37 
60 40 
60 51 
60 63 
60 69 
60 77 
60 84 
60 86 
60 90 
60 96 
60 109 
61 5 
62 4 
62 25 
62 36 
62 68 
62 87 
63 3 
63 4 
63 11 
63 13 
63 14 
63 15 
63 22 
63 27 
63 30 
63 31 
63 35 
63 36 
63 37 
63 39 
63 40 
63 42 
63 44 
63 51 
63 52 
63 60 
63 62 
63 68 
63 69 
63 78 
63 80 
63 82 
63 83 
63 84 
63 86 
63 87 
63 90 
63 91 
63 117 
63 121 
63 130 
63 134 
63 148 
63 155 
65 120 
66 39 
66 54 
66 55 
66 79 
66 94 
66 97 
66 103 
66 119 
66 155 
68 4 
68 15 
68 22 
68 25 
68 27 
68 35 
68 39 
68 40 
68 48 
68 51 
68 52 
68 62 
68 63 
68 82 
68 84 
68 86 
68 90 
68 91 
68 116 
68 121 
68 134 
69 3 
69 4 
69 7 
69 9 
69 11 
69 14 
69 15 
69 21 
69 22 
69 23 
69 27 
69 30 
69 35 
69 36 
69 37 
69 39 
69 42 
69 44 
69 48 
69 51 
69 52 
69 60 
69 63 
69 68 
69 80 
69 82 
69 83 
69 84 
69 86 
69 87 
69 90 
69 102 
69 103 
69 109 
69 116 
69 117 
69 121 
70 11 
70 27 
70 35 
70 40 
70 48 
70 60 
70 62 
70 68 
70 80 
70 96 
70 116 
70 119 
70 133 
70 168 
71 109 
71 113 
73 4 
73 11 
73 13 
73 14 
73 15 
73 21 
73 27 
73 30 
73 35 
73 42 
73 44 
73 52 
73 117 
73 121 
74 4 
74 14 
74 15 
74 27 
74 37 
74 40 
74 116 
75 115 
76 5 
76 7 
76 9 
76 15 
76 16 
76 23 
76 31 
76 37 
76 39 
76 40 
76 44 
76 55 
76 66 
76 79 
76 94 
76 95 
76 96 
76 97 
76 103 
76 109 
76 136 
77 60 
78 3 
78 11 
78 35 
78 213 
79 97 
80 3 
80 4 
80 5 
80 7 
80 9 
80 11 
80 13 
80 14 
80 15 
80 22 
80 27 
80 35 
80 36 
80 37 
80 39 
80 40 
80 44 
80 48 
80 68 
80 82 
80 96 
80 102 
81 16 
81 55 
81 66 
81 94 
81 97 
81 103 
81 127 
82 4 
82 14 
82 22 
82 35 
82 37 
82 52 
82 53 
82 62 
82 68 
82 87 
82 121 
83 22 
83 84 
84 14 
84 15 
84 22 
84 30 
84 35 
84 44 
84 52 
84 63 
84 68 
84 69 
84 83 
84 87 
85 120 
86 3 
86 14 
86 51 
86 52 
86 60 
86 68 
86 69 
86 77 
86 84 
86 87 
86 90 
87 4 
87 14 
87 15 
87 21 
87 22 
87 27 
87 30 
87 36 
87 39 
87 42 
87 44 
87 51 
87 52 
87 63 
87 69 
87 80 
87 83 
87 84 
87 103 
87 109 
87 121 
88 3 
88 4 
88 7 
88 9 
88 11 
88 14 
88 15 
88 22 
88 27 
88 30 
88 31 
88 35 
88 37 
88 40 
88 42 
88 51 
88 60 
88 68 
88 69 
88 77 
88 78 
88 79 
88 84 
88 86 
88 87 
88 90 
88 109 
88 117 
88 148 
89 25 
89 116 
90 22 
90 48 
90 86 
91 16 
91 35 
91 39 
91 55 
91 82 
93 14 
93 30 
93 55 
93 59 
93 63 
93 77 
93 96 
93 104 
93 109 
93 213 
94 66 
94 97 
96 7 
96 9 
96 22 
96 23 
96 25 
96 31 
96 39 
96 49 
96 55 
96 66 
96 80 
96 94 
96 95 
96 127 
97 16 
97 79 
98 11 
98 13 
98 15 
98 23 
98 27 
98 30 
98 117 
98 121 
99 165 
100 116 
100 133 
101 16 
101 79 
101 97 
102 15 
102 23 
102 109 
103 127 
103 130 
104 150 
105 3 
105 7 
105 8 
105 14 
105 21 
105 23 
105 25 
105 27 
105 30 
105 31 
105 39 
105 44 
105 69 
105 109 
105 117 
105 156 
105 165 
108 5 
108 7 
108 9 
108 16 
108 31 
108 39 
108 55 
108 66 
108 79 
108 94 
108 95 
108 96 
108 97 
109 4 
109 14 
109 15 
109 27 
109 35 
109 37 
109 39 
109 44 
109 54 
109 59 
109 82 
109 96 
109 110 
109 113 
109 115 
109 119 
109 134 
109 138 
109 150 
109 168 
110 15 
111 158 
112 79 
112 120 
112 127 
112 128 
112 130 
112 178 
114 4 
114 5 
114 40 
114 49 
114 55 
114 66 
114 95 
114 96 
114 97 
115 168 
117 4 
117 30 
117 72 
117 121 
117 133 
119 170 
121 13 
121 15 
121 35 
121 84 
121 116 
121 117 
121 133 
124 134 
128 178 
129 120 
130 14 
130 120 
133 40 
135 31 
135 155 
136 39 
138 168 
141 7 
141 9 
141 39 
141 94 
142 115 
146 4 
146 25 
146 119 
146 133 
146 134 
146 155 
148 3 
148 4 
150 7 
150 8 
150 104 
150 113 
150 125 
150 168 
154 97 
154 138 
154 178 
155 110 
157 134 
169 35 
169 78 
170 119 
172 134 
176 125 
180 157 
180 170 
187 31 
187 180 
189 119 
