2 18 
2 34 
2 99 
2 150 
2 158 
2 166 
2 212 
3 4 
3 14 
3 15 
3 22 
3 27 
3 30 
3 35 
3 52 
3 60 
3 63 
3 69 
3 84 
3 87 
3 88 
4 2 
4 3 
4 5 
4 6 
4 11 
4 13 
4 14 
4 15 
4 21 
4 22 
4 25 
4 26 
4 27 
4 30 
4 32 
4 33 
4 34 
4 35 
4 36 
4 37 
4 42 
4 44 
4 49 
4 51 
4 52 
4 53 
4 54 
4 57 
4 59 
4 60 
4 62 
4 63 
4 68 
4 69 
4 70 
4 71 
4 74 
4 80 
4 82 
4 84 
4 87 
4 88 
4 91 
4 94 
4 98 
4 102 
4 103 
4 104 
4 109 
4 110 
4 112 
4 119 
4 121 
4 125 
4 128 
4 130 
4 134 
4 148 
4 150 
4 156 
4 158 
5 7 
5 8 
5 44 
5 95 
5 120 
6 45 
6 70 
6 112 
6 128 
6 158 
7 2 
7 4 
7 6 
7 11 
7 14 
7 15 
7 17 
7 18 
7 19 
7 22 
7 23 
7 26 
7 27 
7 28 
7 29 
7 30 
7 32 
7 33 
7 34 
7 35 
7 36 
7 37 
7 39 
7 40 
7 44 
7 45 
7 49 
7 54 
7 55 
7 62 
7 66 
7 70 
7 76 
7 82 
7 87 
7 95 
7 96 
7 99 
7 105 
7 109 
7 110 
7 113 
7 120 
7 125 
7 134 
7 150 
7 156 
7 158 
7 173 
7 180 
7 212 
8 140 
9 2 
9 4 
9 6 
9 8 
9 11 
9 14 
9 15 
9 17 
9 18 
9 19 
9 22 
9 23 
9 26 
9 27 
9 28 
9 29 
9 30 
9 32 
9 33 
9 34 
9 35 
9 36 
9 37 
9 39 
9 40 
9 44 
9 45 
9 49 
9 54 
9 55 
9 62 
9 66 
9 70 
9 76 
9 82 
9 87 
9 95 
9 96 
9 99 
9 105 
9 109 
9 110 
9 113 
9 120 
9 125 
9 134 
9 140 
9 150 
9 156 
9 158 
9 173 
9 180 
9 212 
10 23 
10 150 
11 4 
11 15 
11 34 
11 36 
11 44 
11 68 
11 73 
11 102 
11 103 
11 119 
11 121 
11 128 
11 134 
11 150 
11 212 
12 25 
12 91 
12 125 
12 134 
12 146 
12 158 
13 15 
13 27 
13 32 
13 36 
13 98 
14 3 
14 4 
14 5 
14 7 
14 9 
14 11 
14 13 
14 15 
14 21 
14 22 
14 25 
14 27 
14 30 
14 35 
14 36 
14 37 
14 42 
14 44 
14 49 
14 51 
14 54 
14 57 
14 60 
14 62 
14 63 
14 68 
14 74 
14 82 
14 84 
14 91 
14 119 
15 3 
15 4 
15 11 
15 13 
15 14 
15 21 
15 22 
15 27 
15 30 
15 32 
15 35 
15 36 
15 37 
15 44 
15 52 
15 62 
15 63 
15 68 
15 69 
15 74 
15 84 
15 87 
15 88 
15 100 
15 139 
15 212 
16 45 
17 2 
17 4 
17 19 
17 28 
17 33 
17 40 
17 44 
17 84 
17 109 
17 110 
17 125 
17 134 
17 158 
17 190 
21 4 
21 44 
22 4 
22 14 
22 15 
22 26 
22 36 
22 37 
22 44 
22 48 
22 60 
22 63 
22 68 
22 69 
22 84 
22 87 
22 88 
22 125 
22 148 
22 158 
22 193 
23 7 
23 8 
23 10 
23 34 
25 146 
26 3 
26 4 
26 7 
26 9 
26 15 
26 18 
26 28 
26 32 
26 33 
26 34 
26 37 
26 40 
26 44 
26 45 
26 63 
26 69 
26 87 
26 88 
26 109 
26 134 
26 139 
26 146 
26 158 
27 3 
27 4 
27 11 
27 13 
27 14 
27 15 
27 21 
27 22 
27 30 
27 35 
27 36 
27 37 
27 44 
27 52 
27 53 
27 55 
27 62 
27 63 
27 68 
27 69 
27 80 
27 82 
27 84 
27 86 
27 88 
27 98 
27 121 
27 125 
27 130 
27 134 
28 134 
29 34 
29 67 
30 3 
30 4 
30 11 
30 13 
30 14 
30 15 
30 21 
30 27 
30 32 
30 36 
30 40 
30 42 
30 44 
30 45 
30 51 
30 52 
30 60 
30 63 
30 68 
30 73 
30 80 
30 83 
30 84 
30 86 
30 87 
30 98 
30 117 
30 121 
30 125 
31 2 
31 6 
31 19 
31 34 
31 45 
31 105 
33 25 
33 28 
33 125 
33 134 
33 146 
33 158 
34 18 
34 29 
34 71 
34 139 
34 158 
34 212 
35 4 
35 5 
35 11 
35 13 
35 14 
35 15 
35 22 
35 27 
35 28 
35 30 
35 36 
35 44 
35 49 
35 53 
35 82 
35 94 
35 97 
35 148 
36 4 
36 11 
36 13 
36 15 
36 30 
36 69 
36 80 
36 102 
37 99 
39 2 
39 4 
39 6 
39 7 
39 8 
39 9 
39 10 
39 17 
39 19 
39 21 
39 23 
39 25 
39 26 
39 27 
39 28 
39 32 
39 33 
39 35 
39 36 
39 39 
39 40 
39 44 
39 45 
39 62 
39 67 
39 68 
39 72 
39 80 
39 96 
39 105 
39 134 
39 139 
39 148 
39 158 
39 212 
40 3 
40 44 
40 69 
40 100 
40 133 
42 32 
42 158 
43 19 
43 92 
43 113 
43 115 
43 125 
43 158 
43 212 
44 4 
44 11 
44 13 
44 14 
44 21 
44 26 
44 27 
44 34 
44 35 
44 62 
44 63 
44 71 
44 104 
44 112 
44 134 
44 148 
44 193 
45 2 
45 4 
45 5 
45 6 
45 7 
45 8 
45 9 
45 10 
45 11 
45 14 
45 16 
45 18 
45 21 
45 23 
45 25 
45 26 
45 28 
45 31 
45 33 
45 34 
45 39 
45 44 
45 55 
45 58 
45 66 
45 68 
45 76 
45 79 
45 94 
45 96 
45 97 
45 100 
45 102 
45 103 
45 105 
45 108 
45 112 
45 120 
45 125 
45 128 
45 130 
45 134 
45 136 
45 139 
45 146 
45 158 
45 182 
47 2 
47 4 
47 6 
47 7 
47 10 
47 11 
47 14 
47 15 
47 23 
47 27 
47 34 
47 35 
47 36 
47 37 
47 44 
47 45 
47 63 
47 80 
47 87 
47 105 
49 5 
49 96 
49 158 
52 15 
52 48 
52 68 
52 77 
52 84 
55 45 
60 4 
60 15 
60 35 
60 40 
60 51 
60 77 
62 27 
63 3 
63 4 
63 30 
63 52 
63 60 
63 69 
63 84 
63 86 
63 87 
65 45 
66 35 
66 45 
68 4 
68 11 
68 52 
68 62 
68 90 
68 116 
69 3 
69 4 
69 13 
69 14 
69 15 
69 19 
69 22 
69 25 
69 27 
69 30 
69 32 
69 33 
69 34 
69 35 
69 36 
69 37 
69 40 
69 42 
69 44 
69 52 
69 60 
69 62 
69 63 
69 68 
69 70 
69 73 
69 80 
69 82 
69 84 
69 86 
69 87 
69 88 
69 102 
69 125 
69 133 
69 146 
70 15 
70 37 
70 44 
70 54 
70 62 
70 68 
70 69 
73 98 
73 121 
74 4 
76 16 
76 36 
76 45 
80 36 
82 14 
82 27 
82 35 
82 53 
82 74 
83 32 
84 3 
84 4 
84 22 
84 68 
84 69 
86 4 
86 15 
86 27 
86 30 
86 32 
86 35 
86 51 
86 52 
86 60 
86 62 
86 63 
86 68 
86 69 
86 77 
86 84 
86 87 
86 88 
86 90 
86 117 
87 3 
87 4 
87 13 
87 14 
87 15 
87 30 
87 35 
87 36 
87 60 
87 63 
87 68 
87 69 
87 80 
88 4 
88 27 
88 36 
88 51 
89 158 
90 63 
90 68 
93 14 
93 21 
93 33 
93 77 
93 104 
95 35 
95 45 
96 5 
96 49 
96 55 
96 58 
96 66 
96 94 
96 108 
97 16 
97 45 
98 15 
98 117 
105 2 
105 7 
105 8 
105 18 
105 23 
105 25 
105 26 
105 27 
105 33 
105 34 
105 39 
105 99 
105 103 
105 105 
105 109 
105 125 
105 134 
105 150 
105 156 
105 165 
105 182 
108 6 
108 22 
108 23 
108 35 
108 37 
108 45 
108 96 
109 75 
109 113 
109 115 
109 119 
109 138 
109 150 
109 168 
109 187 
110 212 
113 125 
121 73 
121 98 
124 45 
125 158 
146 25 
150 14 
152 71 
159 181 
172 125 
172 158 
