1 28 
2 2 
2 23 
2 99 
2 105 
2 187 
3 4 
3 13 
3 15 
3 22 
3 36 
3 37 
3 88 
4 3 
4 14 
4 15 
4 22 
4 27 
4 30 
4 37 
4 44 
4 69 
4 74 
4 82 
4 84 
4 88 
5 2 
5 4 
5 6 
5 13 
5 14 
5 15 
5 21 
5 22 
5 23 
5 27 
5 30 
5 32 
5 35 
5 42 
5 44 
5 45 
5 51 
5 60 
5 69 
5 73 
5 76 
5 80 
5 82 
5 86 
5 94 
5 97 
5 108 
5 112 
5 117 
6 44 
6 80 
6 112 
6 120 
6 128 
6 158 
6 178 
7 2 
7 4 
7 6 
7 11 
7 14 
7 15 
7 18 
7 19 
7 22 
7 23 
7 25 
7 26 
7 27 
7 28 
7 29 
7 30 
7 31 
7 32 
7 33 
7 34 
7 35 
7 36 
7 37 
7 39 
7 40 
7 42 
7 44 
7 48 
7 51 
7 52 
7 55 
7 60 
7 62 
7 67 
7 68 
7 70 
7 73 
7 76 
7 78 
7 80 
7 82 
7 83 
7 84 
7 86 
7 87 
7 88 
7 90 
7 91 
7 94 
7 96 
7 99 
7 100 
7 105 
7 109 
7 112 
7 116 
7 117 
7 120 
7 130 
7 134 
7 146 
7 148 
7 150 
7 157 
7 158 
7 178 
7 182 
8 2 
8 6 
8 26 
8 44 
8 99 
8 109 
8 140 
9 2 
9 4 
9 6 
9 8 
9 9 
9 11 
9 14 
9 15 
9 18 
9 19 
9 22 
9 23 
9 25 
9 26 
9 27 
9 28 
9 29 
9 30 
9 31 
9 32 
9 33 
9 34 
9 35 
9 36 
9 37 
9 39 
9 40 
9 42 
9 44 
9 48 
9 51 
9 52 
9 55 
9 60 
9 62 
9 67 
9 68 
9 70 
9 73 
9 76 
9 78 
9 80 
9 82 
9 83 
9 84 
9 86 
9 87 
9 88 
9 90 
9 91 
9 94 
9 96 
9 100 
9 105 
9 109 
9 112 
9 116 
9 117 
9 120 
9 130 
9 134 
9 140 
9 146 
9 148 
9 150 
9 157 
9 158 
9 178 
9 182 
10 6 
10 9 
10 34 
11 4 
11 13 
11 14 
11 27 
11 36 
11 80 
11 102 
12 25 
12 27 
12 37 
12 51 
12 52 
12 68 
12 78 
12 84 
12 89 
12 91 
12 146 
12 158 
13 98 
14 4 
14 22 
14 27 
14 30 
14 35 
14 37 
14 44 
14 59 
14 74 
14 80 
14 187 
14 213 
15 3 
15 4 
15 11 
15 13 
15 14 
15 21 
15 22 
15 27 
15 30 
15 32 
15 36 
15 37 
15 44 
15 63 
15 69 
15 73 
15 74 
15 80 
15 84 
15 87 
15 88 
15 98 
15 102 
15 121 
15 130 
17 2 
17 6 
17 7 
17 9 
17 10 
17 14 
17 15 
17 18 
17 19 
17 21 
17 23 
17 25 
17 26 
17 27 
17 28 
17 29 
17 30 
17 32 
17 33 
17 34 
17 37 
17 39 
17 42 
17 44 
17 71 
17 80 
17 90 
17 91 
17 99 
17 100 
17 105 
17 110 
17 117 
17 125 
17 134 
17 146 
17 150 
17 155 
17 158 
17 190 
17 212 
18 3 
18 6 
18 7 
18 9 
18 15 
18 18 
18 26 
18 28 
18 29 
18 39 
18 146 
19 28 
19 134 
22 3 
22 4 
22 14 
22 15 
22 26 
22 27 
22 36 
22 44 
22 69 
22 77 
22 88 
22 148 
23 4 
23 109 
24 32 
25 11 
25 115 
25 125 
25 158 
26 18 
26 34 
26 39 
26 90 
27 3 
27 4 
27 11 
27 13 
27 14 
27 15 
27 21 
27 22 
27 26 
27 30 
27 35 
27 36 
27 37 
27 44 
27 45 
27 51 
27 52 
27 53 
27 60 
27 63 
27 68 
27 69 
27 73 
27 74 
27 80 
27 82 
27 84 
27 86 
27 87 
27 88 
27 98 
27 121 
27 127 
27 130 
27 148 
27 158 
30 4 
30 11 
30 15 
30 27 
30 35 
30 44 
30 63 
30 73 
30 84 
30 87 
30 98 
30 121 
33 34 
34 14 
34 18 
34 26 
34 27 
34 29 
34 44 
34 80 
34 212 
35 4 
35 6 
35 14 
35 22 
35 27 
35 30 
35 36 
35 51 
35 68 
35 73 
35 82 
36 11 
36 13 
36 80 
37 55 
37 70 
37 82 
37 88 
37 146 
38 32 
38 117 
39 6 
39 11 
39 14 
39 18 
39 23 
39 29 
39 36 
39 37 
39 44 
39 146 
39 150 
40 15 
40 27 
40 44 
40 80 
40 84 
40 90 
40 133 
43 18 
43 19 
43 29 
43 42 
43 116 
43 125 
44 4 
44 14 
44 15 
44 21 
44 22 
44 26 
44 27 
44 30 
44 35 
44 36 
44 37 
44 49 
44 62 
44 63 
44 69 
44 80 
44 84 
45 2 
45 4 
45 5 
45 6 
45 7 
45 9 
45 11 
45 13 
45 14 
45 15 
45 16 
45 18 
45 22 
45 23 
45 25 
45 27 
45 28 
45 29 
45 32 
45 35 
45 36 
45 39 
45 42 
45 44 
45 49 
45 51 
45 60 
45 67 
45 68 
45 70 
45 73 
45 76 
45 79 
45 80 
45 86 
45 97 
45 103 
45 112 
45 117 
45 120 
45 121 
45 127 
45 128 
45 130 
45 187 
46 32 
46 42 
46 83 
46 117 
46 133 
47 6 
47 7 
47 10 
47 14 
47 15 
47 18 
47 26 
47 29 
47 30 
47 32 
47 34 
47 39 
47 42 
47 44 
47 63 
47 80 
47 87 
47 102 
47 156 
49 2 
49 4 
49 5 
49 6 
49 7 
49 9 
49 10 
49 11 
49 13 
49 14 
49 15 
49 21 
49 22 
49 23 
49 25 
49 27 
49 28 
49 29 
49 30 
49 32 
49 35 
49 36 
49 37 
49 39 
49 40 
49 42 
49 44 
49 45 
49 48 
49 49 
49 51 
49 52 
49 55 
49 60 
49 62 
49 63 
49 66 
49 68 
49 69 
49 70 
49 73 
49 76 
49 80 
49 82 
49 83 
49 84 
49 86 
49 87 
49 90 
49 91 
49 94 
49 95 
49 96 
49 97 
49 98 
49 105 
49 108 
49 109 
49 112 
49 117 
49 119 
49 121 
49 133 
52 11 
52 13 
52 30 
52 62 
52 68 
52 84 
54 14 
54 37 
54 57 
54 70 
54 100 
58 16 
59 14 
59 44 
59 51 
63 22 
63 87 
66 6 
66 36 
68 22 
68 48 
68 52 
68 62 
68 84 
68 90 
69 4 
69 63 
69 80 
69 82 
69 84 
70 22 
70 27 
70 37 
70 80 
71 28 
71 159 
72 32 
73 13 
73 21 
73 30 
73 98 
73 121 
74 22 
75 27 
75 71 
75 109 
75 112 
75 113 
75 115 
75 168 
76 44 
76 45 
76 108 
78 14 
79 2 
79 6 
79 7 
79 10 
79 16 
79 27 
79 30 
79 32 
79 42 
79 44 
79 45 
79 52 
79 55 
79 58 
79 76 
79 97 
79 112 
80 3 
80 27 
82 53 
84 27 
84 68 
87 30 
87 63 
89 94 
89 146 
90 48 
92 6 
92 11 
92 44 
92 71 
93 14 
93 33 
95 27 
95 49 
95 108 
96 27 
96 66 
97 16 
98 13 
98 73 
98 121 
99 105 
101 97 
102 27 
104 14 
104 150 
107 42 
107 70 
107 95 
108 6 
108 66 
109 4 
109 13 
109 15 
109 23 
109 27 
109 29 
109 34 
109 35 
109 36 
109 44 
109 80 
109 105 
109 109 
109 119 
109 138 
109 168 
111 27 
111 60 
111 146 
112 178 
113 18 
113 26 
113 27 
113 28 
113 71 
113 92 
113 181 
114 15 
115 75 
115 113 
115 168 
119 4 
119 27 
120 130 
121 30 
121 73 
121 98 
122 14 
122 117 
122 170 
124 4 
124 27 
124 157 
135 34 
135 155 
139 17 
142 4 
142 57 
147 39 
148 44 
150 14 
150 104 
152 17 
152 18 
152 26 
152 27 
152 28 
152 32 
152 34 
152 44 
152 168 
157 119 
170 15 
170 25 
173 14 
183 11 
185 130 
187 4 
187 15 
187 27 
187 44 
187 86 
187 213 
193 21 
193 44 
194 53 
204 59 
