2 7 
2 8 
2 14 
2 18 
2 23 
2 26 
2 29 
2 31 
2 34 
2 37 
2 39 
2 45 
2 99 
2 105 
2 110 
2 140 
2 156 
2 166 
2 212 
3 4 
3 14 
3 15 
3 22 
3 37 
3 63 
3 69 
3 87 
3 88 
4 3 
4 6 
4 13 
4 14 
4 15 
4 22 
4 25 
4 27 
4 35 
4 36 
4 37 
4 44 
4 54 
4 57 
4 63 
4 68 
4 69 
4 73 
4 74 
4 78 
4 80 
4 84 
4 87 
4 102 
4 110 
4 119 
4 121 
4 146 
4 212 
5 14 
5 44 
6 4 
6 6 
6 7 
6 10 
6 14 
6 15 
6 23 
6 27 
6 36 
6 37 
6 45 
6 63 
6 80 
6 182 
7 2 
7 3 
7 4 
7 6 
7 11 
7 14 
7 15 
7 17 
7 18 
7 21 
7 22 
7 23 
7 25 
7 26 
7 27 
7 29 
7 31 
7 32 
7 33 
7 34 
7 35 
7 36 
7 37 
7 39 
7 44 
7 45 
7 67 
7 69 
7 70 
7 71 
7 74 
7 78 
7 80 
7 82 
7 102 
7 105 
7 109 
7 110 
7 119 
7 120 
7 130 
7 134 
7 150 
7 157 
7 158 
7 180 
7 182 
8 23 
8 26 
8 29 
8 37 
8 44 
8 140 
9 2 
9 3 
9 4 
9 6 
9 8 
9 11 
9 14 
9 15 
9 17 
9 18 
9 21 
9 22 
9 23 
9 25 
9 26 
9 27 
9 29 
9 31 
9 32 
9 33 
9 34 
9 35 
9 36 
9 37 
9 39 
9 44 
9 45 
9 67 
9 69 
9 70 
9 71 
9 74 
9 78 
9 80 
9 82 
9 102 
9 105 
9 109 
9 110 
9 119 
9 120 
9 130 
9 134 
9 140 
9 150 
9 157 
9 158 
9 180 
9 182 
10 2 
10 6 
10 8 
10 9 
10 26 
10 34 
10 39 
10 45 
10 109 
11 22 
11 36 
11 63 
11 82 
11 121 
12 25 
12 146 
12 158 
13 4 
13 11 
13 22 
13 27 
13 36 
13 80 
13 98 
14 2 
14 3 
14 4 
14 6 
14 7 
14 8 
14 10 
14 11 
14 13 
14 15 
14 21 
14 22 
14 23 
14 25 
14 26 
14 27 
14 30 
14 31 
14 32 
14 34 
14 35 
14 36 
14 37 
14 39 
14 44 
14 45 
14 54 
14 57 
14 59 
14 60 
14 68 
14 70 
14 71 
14 74 
14 76 
14 78 
14 80 
14 82 
14 84 
14 88 
14 102 
14 109 
14 134 
14 146 
14 150 
14 156 
14 180 
14 182 
14 187 
15 3 
15 4 
15 7 
15 8 
15 11 
15 13 
15 14 
15 21 
15 22 
15 27 
15 30 
15 34 
15 35 
15 36 
15 37 
15 44 
15 63 
15 68 
15 69 
15 73 
15 74 
15 82 
15 84 
15 87 
15 88 
15 98 
15 121 
15 212 
16 79 
16 97 
17 125 
17 134 
17 155 
17 158 
17 190 
18 26 
18 34 
19 25 
19 26 
19 33 
19 89 
19 146 
19 158 
21 15 
21 27 
21 44 
22 2 
22 3 
22 4 
22 5 
22 6 
22 7 
22 8 
22 9 
22 10 
22 11 
22 14 
22 15 
22 17 
22 21 
22 23 
22 25 
22 26 
22 27 
22 30 
22 31 
22 32 
22 34 
22 35 
22 36 
22 37 
22 44 
22 45 
22 48 
22 49 
22 51 
22 60 
22 62 
22 63 
22 68 
22 69 
22 74 
22 76 
22 80 
22 82 
22 84 
22 87 
22 88 
22 92 
22 98 
22 105 
22 109 
22 113 
22 121 
22 127 
22 134 
22 140 
22 148 
22 150 
23 6 
23 7 
23 8 
23 10 
23 14 
23 15 
23 26 
23 27 
23 32 
23 34 
23 39 
23 45 
23 63 
23 134 
23 140 
25 14 
25 94 
25 119 
25 158 
26 7 
26 8 
26 18 
26 29 
26 34 
26 37 
26 39 
26 212 
27 3 
27 4 
27 6 
27 7 
27 8 
27 10 
27 11 
27 13 
27 14 
27 15 
27 21 
27 22 
27 25 
27 26 
27 30 
27 32 
27 33 
27 34 
27 35 
27 36 
27 37 
27 44 
27 45 
27 52 
27 60 
27 62 
27 63 
27 68 
27 71 
27 73 
27 74 
27 80 
27 82 
27 83 
27 84 
27 87 
27 88 
27 92 
27 98 
27 102 
27 109 
27 115 
27 119 
27 121 
27 127 
27 128 
27 134 
27 146 
27 148 
27 150 
27 157 
27 158 
27 187 
27 212 
28 37 
30 3 
30 4 
30 6 
30 11 
30 13 
30 14 
30 15 
30 22 
30 23 
30 25 
30 27 
30 32 
30 35 
30 36 
30 37 
30 42 
30 44 
30 62 
30 63 
30 68 
30 69 
30 73 
30 78 
30 80 
30 83 
30 84 
30 87 
30 88 
30 98 
30 117 
30 150 
31 2 
31 6 
31 7 
31 8 
31 9 
31 10 
31 15 
31 17 
31 18 
31 23 
31 25 
31 26 
31 27 
31 29 
31 32 
31 34 
31 35 
31 37 
31 39 
31 44 
31 45 
31 80 
31 102 
31 109 
31 134 
31 150 
31 156 
32 3 
32 14 
32 15 
32 23 
32 37 
32 73 
32 117 
33 134 
33 158 
34 7 
34 8 
34 17 
34 18 
34 26 
34 29 
34 105 
34 139 
34 212 
35 3 
35 4 
35 7 
35 8 
35 11 
35 13 
35 14 
35 15 
35 22 
35 23 
35 25 
35 27 
35 30 
35 37 
35 44 
35 45 
35 53 
35 78 
35 80 
35 82 
35 96 
35 121 
35 150 
36 11 
36 13 
36 14 
36 22 
36 27 
36 80 
36 102 
37 7 
37 8 
37 15 
37 26 
37 29 
37 67 
37 156 
39 2 
39 3 
39 11 
39 15 
39 18 
39 25 
39 26 
39 27 
39 32 
39 34 
39 36 
39 37 
39 44 
39 63 
39 80 
39 110 
39 158 
39 212 
40 3 
40 6 
40 14 
40 15 
40 22 
40 23 
40 27 
40 35 
40 36 
40 37 
40 44 
40 45 
40 52 
40 80 
40 89 
40 100 
42 3 
42 15 
42 22 
42 30 
42 37 
42 45 
43 34 
43 67 
43 92 
43 113 
43 125 
43 134 
43 158 
43 212 
44 4 
44 11 
44 14 
44 15 
44 21 
44 27 
44 35 
44 37 
44 45 
44 68 
44 80 
44 82 
44 87 
44 121 
44 128 
44 134 
44 148 
45 4 
45 6 
45 7 
45 10 
45 14 
45 15 
45 22 
45 23 
45 25 
45 26 
45 27 
45 29 
45 31 
45 34 
45 35 
45 37 
45 44 
45 52 
45 58 
45 76 
45 79 
45 80 
45 94 
45 96 
45 102 
45 103 
45 112 
45 119 
45 120 
45 127 
45 128 
45 130 
45 134 
45 136 
45 156 
45 178 
45 182 
47 15 
47 34 
47 44 
47 80 
48 22 
49 27 
51 3 
51 14 
51 15 
51 22 
51 36 
51 37 
51 52 
51 60 
51 69 
51 88 
52 3 
52 4 
52 6 
52 14 
52 15 
52 22 
52 23 
52 27 
52 30 
52 35 
52 37 
52 44 
52 45 
52 60 
52 68 
52 80 
52 84 
52 88 
55 16 
55 58 
55 96 
55 127 
58 79 
60 2 
60 3 
60 6 
60 15 
60 22 
60 34 
60 37 
60 45 
60 69 
60 88 
62 15 
62 68 
62 134 
63 3 
63 15 
63 27 
63 37 
63 84 
63 87 
63 100 
65 127 
66 58 
68 14 
68 15 
68 22 
68 35 
68 48 
68 52 
68 62 
69 3 
69 4 
69 14 
69 15 
69 22 
69 36 
69 37 
69 44 
69 45 
69 51 
69 60 
69 62 
69 63 
69 80 
69 84 
69 86 
69 87 
69 88 
71 39 
71 109 
73 3 
73 11 
73 13 
73 14 
73 15 
73 22 
73 23 
73 25 
73 27 
73 30 
73 32 
73 35 
73 36 
73 37 
73 45 
73 80 
73 98 
73 117 
73 121 
74 4 
74 14 
74 15 
74 27 
75 109 
76 14 
76 16 
76 23 
76 45 
76 58 
76 136 
77 3 
77 22 
77 88 
78 6 
78 14 
78 15 
78 22 
78 23 
78 25 
78 32 
78 33 
78 35 
78 37 
78 45 
78 146 
78 158 
82 6 
82 11 
82 14 
82 15 
82 22 
82 23 
82 27 
82 35 
82 37 
82 44 
82 45 
82 53 
82 74 
82 78 
84 3 
84 4 
84 14 
84 15 
84 22 
84 23 
84 30 
84 35 
84 37 
84 45 
84 52 
84 69 
84 82 
84 83 
84 88 
86 3 
86 6 
86 14 
86 15 
86 22 
86 27 
86 37 
86 44 
86 45 
86 52 
86 60 
86 62 
86 69 
86 77 
86 88 
86 90 
87 3 
87 15 
87 22 
87 30 
87 63 
88 3 
88 14 
88 15 
88 22 
88 37 
88 51 
88 87 
88 102 
89 25 
89 40 
89 146 
89 158 
90 3 
90 14 
90 22 
90 27 
90 30 
90 37 
90 51 
90 52 
90 62 
90 88 
91 14 
91 25 
91 35 
91 158 
93 14 
93 21 
93 33 
93 36 
93 100 
96 14 
98 13 
98 22 
98 36 
98 73 
98 82 
99 105 
103 159 
105 7 
105 8 
105 34 
105 39 
105 99 
105 156 
105 165 
105 166 
105 182 
108 158 
109 14 
109 15 
109 22 
109 27 
109 35 
109 37 
109 44 
109 45 
109 75 
109 92 
109 115 
109 138 
109 150 
109 168 
110 134 
110 158 
110 212 
117 3 
117 6 
117 14 
117 15 
117 22 
117 23 
117 30 
117 36 
117 37 
117 73 
121 13 
121 14 
121 30 
121 73 
121 80 
121 98 
122 14 
124 109 
125 33 
125 134 
125 158 
135 158 
139 31 
141 7 
141 9 
142 4 
146 25 
146 125 
146 158 
150 104 
152 99 
168 26 
168 27 
168 44 
168 109 
169 14 
169 25 
169 33 
169 89 
169 146 
169 158 
190 23 
190 31 
204 158 
