3 15 
3 22 
3 69 
3 87 
3 88 
4 11 
4 13 
4 14 
4 15 
4 22 
4 27 
4 35 
4 36 
4 44 
4 63 
4 74 
4 80 
4 87 
4 121 
11 4 
11 14 
11 15 
11 27 
11 30 
11 44 
14 3 
14 4 
14 11 
14 15 
14 22 
14 27 
14 35 
14 44 
14 74 
14 82 
14 88 
15 3 
15 4 
15 11 
15 14 
15 22 
15 27 
15 30 
15 35 
15 44 
15 63 
15 68 
15 69 
15 74 
16 80 
21 44 
22 3 
22 14 
22 15 
22 27 
22 30 
22 35 
22 36 
22 44 
22 68 
22 83 
22 84 
22 88 
22 148 
26 44 
27 3 
27 4 
27 11 
27 13 
27 14 
27 15 
27 22 
27 30 
27 35 
27 36 
27 42 
27 44 
27 52 
27 63 
27 68 
27 74 
27 80 
27 82 
27 83 
27 84 
27 87 
27 88 
27 98 
27 121 
27 148 
30 3 
30 4 
30 11 
30 15 
30 22 
30 27 
30 42 
30 68 
35 4 
35 14 
35 15 
35 22 
35 27 
35 30 
35 44 
35 68 
35 80 
35 82 
35 121 
36 11 
36 27 
39 14 
39 36 
44 4 
44 11 
44 15 
44 22 
44 27 
44 68 
49 14 
49 22 
63 3 
63 15 
63 22 
63 84 
63 87 
68 22 
68 52 
68 62 
69 3 
69 15 
69 30 
69 84 
73 22 
73 30 
73 121 
74 14 
76 80 
76 83 
78 14 
82 4 
82 14 
82 27 
82 35 
82 80 
87 63 
92 11 
96 4 
96 15 
96 22 
96 27 
98 13 
98 121 
104 27 
109 138 
121 98 
