2 2 
2 6 
2 7 
2 8 
2 9 
2 10 
2 11 
2 15 
2 16 
2 17 
2 23 
2 26 
2 28 
2 30 
2 31 
2 33 
2 34 
2 36 
2 39 
2 40 
2 44 
2 45 
2 58 
2 62 
2 63 
2 71 
2 80 
2 97 
2 99 
2 103 
2 105 
2 109 
2 110 
2 134 
2 146 
2 156 
2 166 
2 212 
3 6 
3 7 
3 10 
3 13 
3 14 
3 15 
3 21 
3 22 
3 23 
3 27 
3 30 
3 31 
3 32 
3 35 
3 37 
3 40 
3 42 
3 44 
3 48 
3 51 
3 52 
3 60 
3 63 
3 68 
3 69 
3 73 
3 76 
3 80 
3 83 
3 84 
3 86 
3 87 
3 88 
3 90 
3 102 
3 121 
3 148 
3 158 
4 2 
4 3 
4 5 
4 6 
4 7 
4 9 
4 10 
4 11 
4 13 
4 14 
4 15 
4 16 
4 17 
4 21 
4 22 
4 23 
4 25 
4 26 
4 27 
4 28 
4 30 
4 31 
4 32 
4 33 
4 34 
4 35 
4 36 
4 37 
4 39 
4 40 
4 42 
4 44 
4 45 
4 52 
4 54 
4 55 
4 58 
4 60 
4 62 
4 63 
4 66 
4 67 
4 68 
4 69 
4 70 
4 71 
4 73 
4 74 
4 76 
4 77 
4 78 
4 79 
4 80 
4 82 
4 83 
4 84 
4 86 
4 87 
4 88 
4 90 
4 96 
4 97 
4 98 
4 102 
4 103 
4 104 
4 105 
4 109 
4 110 
4 116 
4 117 
4 119 
4 121 
4 130 
4 146 
4 148 
4 156 
4 158 
4 180 
4 181 
4 213 
5 2 
5 4 
5 6 
5 7 
5 10 
5 15 
5 23 
5 31 
5 35 
5 37 
5 44 
5 45 
5 49 
5 54 
5 58 
5 76 
5 82 
5 94 
5 95 
5 96 
5 108 
5 109 
5 120 
5 127 
6 2 
6 4 
6 6 
6 7 
6 8 
6 9 
6 10 
6 14 
6 15 
6 16 
6 18 
6 21 
6 22 
6 23 
6 25 
6 26 
6 31 
6 33 
6 34 
6 37 
6 44 
6 45 
6 54 
6 55 
6 58 
6 71 
6 76 
6 80 
6 82 
6 103 
6 104 
6 105 
6 120 
6 128 
6 134 
6 178 
7 2 
7 3 
7 4 
7 5 
7 6 
7 14 
7 15 
7 17 
7 18 
7 22 
7 23 
7 26 
7 27 
7 28 
7 31 
7 32 
7 33 
7 34 
7 35 
7 36 
7 37 
7 39 
7 40 
7 42 
7 44 
7 45 
7 49 
7 54 
7 62 
7 63 
7 68 
7 70 
7 71 
7 76 
7 78 
7 80 
7 82 
7 91 
7 96 
7 99 
7 103 
7 104 
7 105 
7 108 
7 109 
7 115 
7 117 
7 119 
7 120 
7 127 
7 128 
7 134 
7 136 
7 148 
7 156 
7 158 
7 165 
7 166 
7 168 
7 170 
7 173 
7 178 
7 180 
8 6 
8 9 
8 10 
8 15 
8 23 
8 26 
8 27 
8 44 
8 45 
8 54 
8 63 
8 68 
8 80 
8 103 
8 109 
8 140 
8 156 
8 170 
9 2 
9 3 
9 4 
9 5 
9 6 
9 8 
9 10 
9 14 
9 15 
9 17 
9 18 
9 22 
9 23 
9 26 
9 27 
9 28 
9 31 
9 32 
9 33 
9 34 
9 35 
9 36 
9 37 
9 39 
9 40 
9 44 
9 45 
9 49 
9 54 
9 62 
9 70 
9 71 
9 76 
9 78 
9 80 
9 82 
9 91 
9 96 
9 99 
9 104 
9 105 
9 108 
9 109 
9 115 
9 117 
9 119 
9 120 
9 127 
9 128 
9 134 
9 136 
9 148 
9 156 
9 158 
9 165 
9 166 
9 168 
9 170 
9 173 
9 178 
9 180 
10 2 
10 4 
10 5 
10 6 
10 8 
10 9 
10 14 
10 15 
10 23 
10 26 
10 27 
10 31 
10 34 
10 36 
10 37 
10 39 
10 42 
10 45 
10 76 
10 80 
10 105 
10 140 
11 2 
11 3 
11 4 
11 5 
11 6 
11 7 
11 8 
11 9 
11 10 
11 13 
11 14 
11 15 
11 16 
11 18 
11 19 
11 21 
11 22 
11 23 
11 25 
11 26 
11 27 
11 28 
11 30 
11 31 
11 32 
11 34 
11 35 
11 36 
11 37 
11 39 
11 40 
11 42 
11 44 
11 45 
11 51 
11 52 
11 54 
11 55 
11 59 
11 63 
11 68 
11 69 
11 70 
11 73 
11 74 
11 76 
11 80 
11 82 
11 84 
11 90 
11 91 
11 98 
11 102 
11 104 
11 105 
11 108 
11 109 
11 110 
11 125 
11 134 
11 146 
11 156 
11 173 
12 6 
12 25 
12 45 
12 70 
12 78 
12 146 
12 158 
13 2 
13 4 
13 7 
13 8 
13 11 
13 18 
13 23 
13 25 
13 31 
13 32 
13 36 
13 37 
13 42 
13 70 
13 82 
13 98 
13 121 
13 158 
14 2 
14 3 
14 4 
14 5 
14 6 
14 7 
14 9 
14 10 
14 11 
14 13 
14 15 
14 16 
14 17 
14 18 
14 21 
14 22 
14 23 
14 25 
14 26 
14 27 
14 30 
14 31 
14 32 
14 33 
14 34 
14 35 
14 36 
14 37 
14 39 
14 40 
14 42 
14 44 
14 45 
14 48 
14 49 
14 52 
14 54 
14 55 
14 59 
14 60 
14 62 
14 63 
14 66 
14 67 
14 68 
14 69 
14 70 
14 71 
14 72 
14 73 
14 74 
14 76 
14 78 
14 80 
14 82 
14 83 
14 84 
14 86 
14 87 
14 88 
14 89 
14 90 
14 91 
14 92 
14 96 
14 98 
14 100 
14 102 
14 103 
14 104 
14 105 
14 108 
14 109 
14 116 
14 118 
14 119 
14 125 
14 127 
14 134 
14 146 
14 148 
14 156 
14 158 
14 170 
14 173 
14 180 
14 193 
14 212 
14 213 
15 2 
15 3 
15 4 
15 5 
15 6 
15 7 
15 8 
15 9 
15 10 
15 11 
15 13 
15 14 
15 16 
15 17 
15 18 
15 19 
15 21 
15 22 
15 23 
15 25 
15 26 
15 27 
15 28 
15 30 
15 31 
15 32 
15 33 
15 34 
15 35 
15 36 
15 37 
15 39 
15 40 
15 42 
15 44 
15 45 
15 48 
15 49 
15 51 
15 52 
15 54 
15 58 
15 59 
15 60 
15 62 
15 63 
15 68 
15 69 
15 70 
15 71 
15 73 
15 74 
15 76 
15 77 
15 78 
15 80 
15 82 
15 83 
15 84 
15 86 
15 87 
15 88 
15 90 
15 91 
15 94 
15 95 
15 96 
15 98 
15 100 
15 102 
15 105 
15 109 
15 113 
15 115 
15 116 
15 117 
15 119 
15 121 
15 125 
15 133 
15 134 
15 146 
15 148 
15 156 
15 158 
15 170 
15 180 
15 212 
16 6 
16 45 
16 58 
16 76 
16 79 
16 97 
17 2 
17 3 
17 6 
17 7 
17 9 
17 10 
17 14 
17 15 
17 19 
17 21 
17 22 
17 25 
17 26 
17 27 
17 28 
17 31 
17 34 
17 36 
17 37 
17 39 
17 40 
17 42 
17 44 
17 45 
17 51 
17 54 
17 63 
17 70 
17 71 
17 80 
17 90 
17 92 
17 99 
17 104 
17 105 
17 109 
17 110 
17 113 
17 115 
17 119 
17 125 
17 134 
17 158 
17 180 
17 193 
17 212 
18 2 
18 4 
18 6 
18 7 
18 8 
18 9 
18 10 
18 14 
18 15 
18 18 
18 23 
18 26 
18 27 
18 28 
18 31 
18 34 
18 35 
18 44 
18 45 
18 54 
18 105 
18 119 
19 2 
19 15 
19 44 
19 158 
21 4 
21 7 
21 10 
21 11 
21 13 
21 14 
21 15 
21 16 
21 26 
21 27 
21 28 
21 31 
21 34 
21 35 
21 36 
21 37 
21 39 
21 40 
21 44 
21 45 
21 55 
21 58 
21 62 
21 63 
21 70 
21 73 
21 76 
21 80 
21 87 
21 97 
21 98 
21 102 
21 109 
21 113 
21 119 
21 121 
21 146 
21 148 
21 180 
22 2 
22 3 
22 4 
22 5 
22 6 
22 7 
22 8 
22 9 
22 10 
22 11 
22 13 
22 14 
22 15 
22 18 
22 21 
22 23 
22 25 
22 26 
22 27 
22 28 
22 30 
22 31 
22 32 
22 34 
22 35 
22 36 
22 37 
22 39 
22 40 
22 42 
22 44 
22 45 
22 48 
22 49 
22 51 
22 52 
22 53 
22 54 
22 60 
22 62 
22 63 
22 67 
22 68 
22 69 
22 70 
22 71 
22 73 
22 74 
22 76 
22 77 
22 78 
22 80 
22 82 
22 83 
22 84 
22 86 
22 87 
22 88 
22 90 
22 91 
22 92 
22 94 
22 96 
22 102 
22 105 
22 109 
22 110 
22 115 
22 116 
22 119 
22 121 
22 125 
22 133 
22 134 
22 146 
22 148 
22 156 
22 158 
22 170 
22 181 
23 2 
23 3 
23 4 
23 5 
23 6 
23 7 
23 8 
23 9 
23 10 
23 11 
23 14 
23 15 
23 17 
23 18 
23 26 
23 27 
23 31 
23 32 
23 34 
23 35 
23 37 
23 39 
23 44 
23 45 
23 70 
23 71 
23 76 
23 78 
23 80 
23 82 
23 109 
23 134 
23 146 
25 2 
25 5 
25 6 
25 14 
25 15 
25 36 
25 45 
25 54 
25 63 
25 119 
25 146 
25 158 
25 173 
26 2 
26 4 
26 6 
26 7 
26 8 
26 9 
26 10 
26 14 
26 18 
26 21 
26 23 
26 25 
26 27 
26 28 
26 31 
26 32 
26 33 
26 34 
26 36 
26 37 
26 39 
26 44 
26 45 
26 54 
26 69 
26 80 
26 92 
26 99 
26 105 
26 109 
26 110 
26 113 
26 125 
26 134 
26 146 
26 158 
26 166 
26 170 
26 180 
26 212 
26 213 
27 2 
27 3 
27 4 
27 5 
27 6 
27 7 
27 8 
27 9 
27 10 
27 11 
27 13 
27 14 
27 15 
27 16 
27 17 
27 18 
27 21 
27 22 
27 23 
27 25 
27 26 
27 28 
27 30 
27 31 
27 32 
27 33 
27 34 
27 35 
27 36 
27 37 
27 39 
27 40 
27 42 
27 44 
27 45 
27 49 
27 51 
27 52 
27 54 
27 55 
27 58 
27 59 
27 60 
27 62 
27 63 
27 66 
27 68 
27 69 
27 70 
27 71 
27 73 
27 74 
27 76 
27 78 
27 79 
27 80 
27 82 
27 83 
27 84 
27 86 
27 87 
27 88 
27 89 
27 90 
27 94 
27 95 
27 96 
27 97 
27 98 
27 100 
27 102 
27 104 
27 105 
27 109 
27 110 
27 113 
27 115 
27 117 
27 119 
27 121 
27 125 
27 127 
27 130 
27 134 
27 136 
27 146 
27 148 
27 156 
27 158 
27 170 
27 180 
28 2 
28 3 
28 6 
28 17 
28 31 
28 34 
28 44 
28 45 
28 68 
28 80 
28 99 
28 110 
28 134 
29 2 
29 4 
29 6 
29 7 
29 8 
29 10 
29 17 
29 23 
29 25 
29 26 
29 28 
29 31 
29 33 
29 34 
29 37 
29 39 
29 44 
29 45 
29 49 
29 62 
29 70 
29 80 
29 110 
29 134 
29 146 
29 158 
30 2 
30 4 
30 6 
30 11 
30 14 
30 15 
30 21 
30 22 
30 26 
30 27 
30 31 
30 32 
30 35 
30 37 
30 42 
30 44 
30 45 
30 48 
30 51 
30 52 
30 60 
30 63 
30 69 
30 70 
30 73 
30 76 
30 77 
30 80 
30 82 
30 83 
30 84 
30 86 
30 87 
30 89 
30 98 
30 102 
30 108 
30 117 
30 121 
30 146 
31 2 
31 3 
31 5 
31 6 
31 7 
31 9 
31 10 
31 14 
31 15 
31 17 
31 18 
31 23 
31 26 
31 27 
31 32 
31 34 
31 37 
31 39 
31 44 
31 45 
31 54 
31 63 
31 70 
31 73 
31 76 
31 80 
31 82 
31 96 
31 105 
31 109 
31 134 
32 6 
32 15 
32 37 
32 42 
32 45 
32 70 
32 72 
32 83 
32 86 
32 88 
32 100 
32 116 
32 117 
32 133 
33 2 
33 14 
33 25 
33 109 
33 134 
33 146 
33 158 
34 2 
34 3 
34 4 
34 6 
34 7 
34 8 
34 9 
34 10 
34 17 
34 18 
34 21 
34 23 
34 26 
34 27 
34 28 
34 31 
34 37 
34 39 
34 44 
34 45 
34 54 
34 58 
34 59 
34 71 
34 80 
34 89 
34 96 
34 102 
34 104 
34 105 
34 109 
34 110 
34 119 
34 128 
34 158 
34 170 
34 212 
35 3 
35 4 
35 6 
35 7 
35 9 
35 10 
35 11 
35 13 
35 14 
35 15 
35 16 
35 22 
35 23 
35 25 
35 26 
35 27 
35 30 
35 31 
35 33 
35 34 
35 36 
35 37 
35 39 
35 40 
35 44 
35 45 
35 48 
35 53 
35 54 
35 55 
35 59 
35 62 
35 63 
35 66 
35 67 
35 68 
35 69 
35 70 
35 71 
35 76 
35 78 
35 80 
35 82 
35 84 
35 88 
35 91 
35 96 
35 100 
35 102 
35 105 
35 109 
35 113 
35 119 
35 146 
35 148 
35 156 
35 158 
35 213 
36 3 
36 4 
36 6 
36 11 
36 13 
36 14 
36 15 
36 22 
36 25 
36 27 
36 30 
36 32 
36 33 
36 35 
36 37 
36 40 
36 44 
36 45 
36 60 
36 62 
36 63 
36 68 
36 69 
36 78 
36 80 
36 82 
36 84 
36 87 
36 98 
36 102 
36 116 
36 121 
36 125 
37 2 
37 3 
37 4 
37 6 
37 7 
37 8 
37 9 
37 10 
37 13 
37 14 
37 15 
37 17 
37 22 
37 23 
37 26 
37 27 
37 30 
37 31 
37 32 
37 34 
37 36 
37 39 
37 40 
37 42 
37 44 
37 45 
37 49 
37 54 
37 55 
37 63 
37 69 
37 70 
37 73 
37 74 
37 78 
37 80 
37 83 
37 84 
37 87 
37 88 
37 91 
37 96 
37 98 
37 102 
37 120 
37 121 
37 125 
37 128 
37 134 
37 146 
37 156 
37 158 
37 170 
37 180 
37 181 
39 2 
39 3 
39 4 
39 5 
39 6 
39 7 
39 8 
39 9 
39 10 
39 13 
39 14 
39 15 
39 17 
39 18 
39 23 
39 25 
39 26 
39 27 
39 28 
39 30 
39 31 
39 32 
39 34 
39 35 
39 36 
39 37 
39 39 
39 44 
39 45 
39 63 
39 68 
39 70 
39 78 
39 80 
39 86 
39 88 
39 91 
39 96 
39 99 
39 102 
39 105 
39 109 
39 110 
39 134 
39 146 
39 180 
40 2 
40 3 
40 6 
40 7 
40 9 
40 11 
40 14 
40 15 
40 19 
40 27 
40 32 
40 34 
40 36 
40 37 
40 44 
40 45 
40 51 
40 68 
40 72 
40 80 
40 84 
40 90 
40 100 
40 125 
40 133 
40 148 
40 158 
40 173 
42 15 
42 25 
42 32 
42 70 
42 72 
42 83 
42 100 
42 116 
42 133 
43 11 
43 19 
43 33 
43 34 
43 54 
43 92 
43 113 
43 119 
43 125 
43 134 
43 146 
43 158 
43 173 
43 181 
43 193 
43 212 
44 2 
44 4 
44 5 
44 6 
44 7 
44 8 
44 9 
44 10 
44 11 
44 13 
44 14 
44 15 
44 17 
44 18 
44 19 
44 21 
44 22 
44 23 
44 25 
44 26 
44 27 
44 28 
44 30 
44 31 
44 32 
44 33 
44 34 
44 35 
44 36 
44 37 
44 39 
44 40 
44 42 
44 45 
44 49 
44 51 
44 52 
44 55 
44 60 
44 62 
44 63 
44 68 
44 69 
44 70 
44 73 
44 74 
44 76 
44 77 
44 80 
44 82 
44 84 
44 86 
44 87 
44 88 
44 89 
44 90 
44 92 
44 95 
44 96 
44 98 
44 102 
44 103 
44 105 
44 108 
44 109 
44 110 
44 113 
44 119 
44 120 
44 125 
44 128 
44 134 
44 146 
44 148 
44 178 
44 180 
45 2 
45 3 
45 4 
45 5 
45 6 
45 7 
45 8 
45 9 
45 10 
45 11 
45 14 
45 15 
45 16 
45 17 
45 18 
45 21 
45 23 
45 25 
45 26 
45 27 
45 28 
45 30 
45 31 
45 32 
45 33 
45 34 
45 35 
45 36 
45 37 
45 39 
45 40 
45 42 
45 44 
45 48 
45 49 
45 54 
45 55 
45 58 
45 60 
45 62 
45 63 
45 66 
45 67 
45 69 
45 70 
45 71 
45 76 
45 77 
45 78 
45 79 
45 80 
45 84 
45 86 
45 87 
45 91 
45 92 
45 94 
45 95 
45 96 
45 97 
45 99 
45 102 
45 103 
45 105 
45 108 
45 109 
45 110 
45 117 
45 119 
45 120 
45 125 
45 127 
45 128 
45 130 
45 134 
45 136 
45 146 
45 158 
45 165 
45 168 
45 178 
45 193 
47 2 
47 3 
47 4 
47 6 
47 7 
47 8 
47 10 
47 14 
47 15 
47 23 
47 26 
47 27 
47 30 
47 31 
47 34 
47 36 
47 37 
47 39 
47 45 
47 69 
47 70 
47 80 
47 105 
47 109 
47 156 
49 5 
49 6 
49 11 
49 14 
49 22 
49 23 
49 25 
49 35 
49 44 
49 45 
49 55 
49 58 
49 66 
49 70 
49 76 
49 89 
49 94 
49 95 
49 96 
49 105 
49 108 
49 109 
51 37 
51 60 
51 77 
51 86 
51 88 
51 90 
52 32 
52 40 
52 44 
52 45 
52 60 
52 68 
52 69 
52 70 
52 83 
52 84 
52 86 
52 90 
52 100 
53 82 
54 4 
54 14 
54 37 
54 45 
55 6 
55 23 
55 35 
55 45 
55 58 
55 66 
55 76 
55 82 
55 94 
55 97 
55 108 
55 127 
58 16 
58 76 
58 79 
58 97 
59 4 
59 44 
59 45 
59 170 
60 2 
60 6 
60 22 
60 45 
60 48 
60 51 
60 77 
60 80 
60 86 
60 88 
60 90 
62 33 
62 68 
63 3 
63 11 
63 13 
63 14 
63 15 
63 30 
63 32 
63 35 
63 36 
63 42 
63 44 
63 48 
63 60 
63 69 
63 73 
63 84 
63 87 
63 88 
63 90 
63 98 
63 117 
63 121 
63 146 
65 7 
65 9 
65 45 
65 100 
65 103 
66 6 
66 15 
66 35 
66 37 
66 45 
66 96 
67 6 
67 45 
68 2 
68 4 
68 6 
68 14 
68 15 
68 22 
68 27 
68 35 
68 40 
68 44 
68 45 
68 48 
68 52 
68 62 
68 70 
68 77 
68 84 
68 86 
68 88 
68 90 
68 119 
69 3 
69 4 
69 6 
69 11 
69 15 
69 27 
69 30 
69 35 
69 37 
69 42 
69 44 
69 51 
69 52 
69 60 
69 63 
69 68 
69 73 
69 80 
69 84 
69 86 
69 87 
69 88 
69 90 
69 109 
69 158 
70 2 
70 4 
70 6 
70 14 
70 15 
70 17 
70 27 
70 35 
70 37 
70 44 
70 45 
70 58 
70 80 
70 84 
70 94 
71 4 
71 62 
71 92 
71 113 
71 115 
71 168 
72 32 
73 15 
73 21 
73 31 
73 32 
73 40 
73 45 
73 63 
73 70 
73 80 
73 98 
73 121 
74 4 
74 14 
74 15 
74 27 
74 37 
74 80 
75 115 
75 168 
76 2 
76 6 
76 7 
76 8 
76 14 
76 16 
76 45 
76 49 
76 55 
76 58 
76 79 
76 94 
76 96 
76 97 
76 108 
76 136 
78 6 
78 158 
79 16 
79 45 
79 58 
79 97 
80 2 
80 4 
80 7 
80 9 
80 11 
80 13 
80 23 
80 31 
80 35 
80 36 
80 37 
80 45 
80 54 
80 76 
81 16 
81 58 
82 2 
82 4 
82 6 
82 14 
82 15 
82 25 
82 35 
82 37 
82 42 
82 45 
82 53 
82 59 
82 68 
82 74 
82 83 
82 121 
82 134 
82 158 
84 6 
84 15 
84 22 
84 35 
84 39 
84 44 
84 48 
84 60 
84 63 
84 68 
84 83 
84 86 
86 2 
86 3 
86 6 
86 37 
86 51 
86 60 
86 69 
86 77 
86 88 
86 90 
87 3 
87 15 
87 22 
87 27 
87 30 
87 32 
87 40 
87 44 
87 52 
87 60 
87 63 
87 69 
87 83 
87 84 
87 86 
87 88 
87 116 
87 117 
87 121 
88 2 
88 37 
88 45 
88 51 
88 52 
88 60 
88 77 
88 90 
89 6 
89 36 
89 67 
89 91 
89 146 
90 15 
90 37 
90 48 
90 51 
90 60 
90 69 
90 84 
90 87 
90 88 
91 14 
91 134 
91 146 
92 4 
92 113 
93 14 
93 19 
93 21 
93 27 
93 28 
93 30 
93 33 
93 36 
93 48 
93 59 
93 71 
93 76 
93 77 
93 110 
93 180 
94 127 
95 6 
95 15 
95 35 
95 66 
96 5 
96 6 
96 16 
96 23 
96 26 
96 31 
96 40 
96 45 
96 49 
96 55 
96 58 
96 66 
96 76 
96 95 
96 100 
96 108 
97 6 
97 16 
97 45 
97 58 
98 13 
98 15 
98 32 
98 58 
98 73 
98 80 
98 87 
98 121 
99 45 
99 165 
100 6 
101 97 
102 37 
103 6 
103 44 
103 45 
103 120 
103 128 
103 130 
103 136 
103 178 
105 2 
105 6 
105 7 
105 8 
105 9 
105 10 
105 16 
105 17 
105 18 
105 23 
105 25 
105 26 
105 31 
105 32 
105 33 
105 34 
105 37 
105 39 
105 44 
105 45 
105 49 
105 94 
105 99 
105 105 
105 108 
105 119 
105 146 
105 156 
105 165 
105 166 
106 99 
107 95 
108 6 
108 14 
108 15 
108 37 
108 45 
108 49 
108 55 
108 66 
108 76 
108 87 
108 94 
108 95 
108 127 
109 2 
109 6 
109 7 
109 9 
109 34 
109 37 
109 39 
109 44 
109 71 
109 79 
109 92 
109 104 
109 105 
109 109 
109 113 
109 115 
109 119 
109 138 
109 168 
109 212 
110 2 
110 4 
110 6 
110 7 
110 10 
110 14 
110 15 
110 25 
110 31 
110 34 
110 37 
110 44 
110 45 
110 62 
110 80 
110 134 
110 146 
110 212 
112 45 
112 58 
112 120 
112 127 
112 128 
112 130 
112 178 
114 2 
114 5 
114 45 
114 49 
114 66 
114 70 
114 76 
114 108 
115 168 
117 3 
117 15 
117 42 
117 70 
117 73 
117 83 
117 100 
117 116 
117 133 
119 4 
119 6 
119 14 
119 27 
119 37 
119 44 
119 45 
119 54 
119 80 
119 109 
119 170 
119 193 
120 45 
121 70 
121 73 
121 98 
124 2 
124 6 
124 45 
124 80 
124 109 
124 170 
124 180 
125 146 
128 45 
130 80 
135 17 
135 26 
135 34 
135 44 
135 45 
135 134 
135 146 
138 168 
142 4 
145 14 
146 6 
146 45 
146 110 
146 158 
148 15 
148 33 
148 71 
148 119 
148 125 
148 134 
148 146 
150 92 
150 119 
153 7 
153 10 
153 26 
155 17 
160 45 
163 26 
172 146 
173 4 
173 180 
178 6 
187 35 
187 180 
203 37 
204 59 
