2 18 
2 99 
2 105 
2 110 
2 134 
3 14 
3 15 
3 22 
3 37 
3 63 
3 84 
3 87 
3 88 
4 3 
4 14 
4 15 
4 22 
4 27 
4 30 
4 36 
4 44 
4 68 
4 74 
5 6 
5 15 
5 45 
5 49 
5 77 
5 82 
5 134 
6 103 
6 112 
6 128 
7 2 
7 6 
7 11 
7 14 
7 15 
7 28 
7 37 
7 39 
7 44 
7 109 
7 116 
7 155 
7 158 
7 180 
8 2 
8 109 
8 140 
9 6 
9 8 
9 11 
9 14 
9 15 
9 28 
9 37 
9 39 
9 44 
9 116 
9 158 
9 180 
10 155 
11 3 
11 13 
11 14 
11 15 
11 36 
11 80 
11 102 
13 27 
13 96 
13 98 
14 3 
14 4 
14 15 
14 22 
14 27 
14 30 
14 35 
14 37 
14 44 
14 54 
14 74 
14 78 
14 82 
14 104 
14 156 
14 158 
14 180 
14 187 
15 3 
15 4 
15 6 
15 11 
15 13 
15 14 
15 21 
15 22 
15 27 
15 30 
15 35 
15 36 
15 37 
15 44 
15 52 
15 63 
15 68 
15 73 
15 74 
15 80 
15 82 
15 83 
15 87 
15 88 
15 90 
15 100 
15 102 
15 109 
15 121 
15 146 
16 97 
17 2 
17 4 
17 6 
17 14 
17 15 
17 19 
17 21 
17 22 
17 23 
17 27 
17 33 
17 34 
17 44 
17 45 
17 51 
17 71 
17 80 
17 99 
17 105 
17 125 
17 134 
17 138 
17 155 
17 158 
17 190 
17 212 
18 2 
18 3 
18 4 
18 5 
18 6 
18 7 
18 9 
18 10 
18 11 
18 14 
18 15 
18 19 
18 22 
18 23 
18 25 
18 26 
18 27 
18 28 
18 30 
18 32 
18 33 
18 34 
18 35 
18 36 
18 37 
18 39 
18 40 
18 42 
18 44 
18 45 
18 48 
18 49 
18 51 
18 52 
18 55 
18 58 
18 60 
18 62 
18 63 
18 68 
18 70 
18 71 
18 73 
18 76 
18 77 
18 78 
18 82 
18 83 
18 84 
18 86 
18 87 
18 88 
18 89 
18 90 
18 91 
18 95 
18 96 
18 98 
18 100 
18 102 
18 104 
18 105 
18 108 
18 109 
18 110 
18 116 
18 117 
18 121 
18 134 
18 146 
18 150 
18 170 
19 116 
19 134 
19 158 
21 44 
22 11 
22 14 
22 15 
22 27 
22 30 
22 32 
22 35 
22 39 
22 53 
22 84 
22 88 
22 104 
22 148 
23 125 
25 4 
25 36 
25 94 
25 146 
25 158 
26 2 
26 5 
26 6 
26 7 
26 8 
26 9 
26 27 
26 28 
26 32 
26 34 
26 39 
26 40 
26 52 
26 62 
26 71 
26 84 
26 95 
26 96 
26 99 
26 104 
26 108 
26 109 
26 117 
26 125 
26 134 
26 150 
27 2 
27 3 
27 4 
27 6 
27 11 
27 13 
27 14 
27 15 
27 21 
27 22 
27 30 
27 35 
27 36 
27 37 
27 44 
27 51 
27 62 
27 63 
27 68 
27 70 
27 80 
27 82 
27 84 
27 86 
27 87 
27 88 
27 102 
27 121 
27 134 
27 148 
28 45 
28 68 
29 2 
29 3 
29 4 
29 5 
29 6 
29 7 
29 8 
29 9 
29 10 
29 11 
29 13 
29 14 
29 15 
29 16 
29 18 
29 22 
29 23 
29 25 
29 26 
29 27 
29 30 
29 32 
29 34 
29 35 
29 36 
29 37 
29 39 
29 40 
29 42 
29 44 
29 45 
29 49 
29 51 
29 55 
29 58 
29 60 
29 63 
29 66 
29 70 
29 73 
29 76 
29 77 
29 78 
29 80 
29 82 
29 84 
29 86 
29 88 
29 90 
29 96 
29 97 
29 102 
29 105 
29 108 
29 109 
29 117 
29 121 
29 146 
29 148 
29 156 
29 158 
29 182 
30 4 
30 15 
30 44 
30 52 
30 63 
30 73 
30 84 
30 87 
30 98 
30 121 
30 125 
32 116 
32 117 
33 158 
34 4 
34 5 
34 11 
34 15 
34 19 
34 26 
34 27 
34 30 
34 40 
34 49 
34 52 
34 58 
34 109 
34 110 
34 139 
34 212 
35 4 
35 6 
35 14 
35 15 
35 22 
35 30 
35 36 
35 53 
35 67 
35 82 
36 11 
36 13 
36 15 
36 27 
37 3 
37 109 
39 4 
39 5 
39 6 
39 7 
39 9 
39 11 
39 14 
39 15 
39 19 
39 22 
39 25 
39 27 
39 28 
39 33 
39 34 
39 35 
39 36 
39 37 
39 40 
39 44 
39 45 
39 49 
39 51 
39 52 
39 60 
39 76 
39 80 
39 83 
39 84 
39 91 
39 99 
39 105 
39 109 
39 116 
39 133 
39 134 
39 146 
39 158 
40 15 
40 37 
40 67 
42 100 
42 117 
43 19 
43 92 
43 125 
43 158 
43 212 
44 3 
44 4 
44 11 
44 13 
44 14 
44 15 
44 21 
44 22 
44 27 
44 30 
44 35 
44 36 
44 37 
44 63 
44 70 
44 71 
44 73 
44 80 
44 82 
44 102 
44 109 
44 119 
44 125 
44 134 
44 148 
45 6 
45 11 
45 15 
45 16 
45 22 
45 27 
45 34 
45 39 
45 44 
45 51 
45 55 
45 58 
45 66 
45 76 
45 80 
45 96 
45 97 
45 99 
45 102 
45 103 
45 109 
45 112 
45 127 
45 128 
45 134 
45 136 
45 146 
45 158 
45 182 
47 2 
47 4 
47 5 
47 6 
47 7 
47 8 
47 9 
47 11 
47 14 
47 15 
47 19 
47 22 
47 23 
47 25 
47 26 
47 27 
47 30 
47 32 
47 33 
47 34 
47 35 
47 39 
47 40 
47 42 
47 44 
47 45 
47 49 
47 52 
47 63 
47 71 
47 73 
47 76 
47 77 
47 78 
47 80 
47 82 
47 83 
47 84 
47 86 
47 88 
47 89 
47 91 
47 95 
47 96 
47 105 
47 109 
47 110 
47 116 
47 117 
47 121 
47 134 
47 146 
47 148 
47 150 
47 156 
47 158 
52 36 
52 68 
52 83 
53 102 
55 45 
55 89 
55 193 
58 4 
58 6 
58 16 
58 23 
58 44 
58 45 
58 79 
58 97 
59 14 
59 35 
59 70 
59 78 
59 82 
59 91 
59 157 
59 170 
59 182 
59 187 
62 60 
62 80 
63 83 
63 84 
63 87 
65 6 
65 22 
65 45 
68 4 
68 48 
68 52 
68 88 
69 14 
69 22 
69 52 
69 84 
69 87 
70 80 
71 92 
71 113 
73 30 
73 32 
73 98 
73 121 
74 4 
74 27 
74 60 
76 2 
76 6 
76 45 
76 55 
76 105 
76 158 
78 213 
80 36 
81 22 
82 14 
82 37 
82 44 
82 45 
82 53 
84 68 
86 63 
86 77 
87 3 
87 30 
87 63 
87 105 
88 3 
88 22 
88 51 
89 193 
92 159 
93 33 
94 127 
96 27 
96 45 
98 73 
98 121 
99 2 
103 6 
105 45 
105 99 
105 156 
105 165 
107 15 
108 66 
108 96 
109 6 
109 75 
109 92 
109 104 
109 113 
109 115 
109 119 
109 138 
109 168 
110 2 
110 3 
110 4 
110 5 
110 6 
110 7 
110 9 
110 11 
110 14 
110 15 
110 19 
110 22 
110 23 
110 25 
110 27 
110 28 
110 30 
110 32 
110 33 
110 35 
110 37 
110 40 
110 42 
110 44 
110 45 
110 49 
110 52 
110 54 
110 55 
110 58 
110 60 
110 62 
110 63 
110 68 
110 71 
110 75 
110 76 
110 78 
110 80 
110 82 
110 83 
110 84 
110 88 
110 90 
110 91 
110 95 
110 96 
110 102 
110 104 
110 105 
110 109 
110 117 
110 125 
110 134 
110 136 
110 146 
110 148 
110 150 
110 155 
110 156 
110 158 
110 182 
110 193 
110 212 
113 71 
119 4 
119 15 
119 36 
119 37 
120 6 
120 27 
121 21 
121 73 
124 157 
125 158 
130 6 
148 2 
150 14 
152 109 
162 156 
169 14 
170 157 
172 158 
173 180 
184 45 
189 71 
