2 26 
2 28 
2 68 
3 22 
3 52 
4 14 
4 22 
4 74 
4 119 
4 130 
5 21 
5 28 
5 35 
5 67 
5 113 
5 130 
5 158 
7 26 
7 130 
7 180 
7 187 
8 130 
8 140 
9 26 
9 180 
9 187 
10 26 
11 28 
12 28 
12 158 
14 26 
14 30 
14 74 
14 113 
14 158 
14 187 
15 14 
15 26 
15 28 
15 35 
15 39 
15 44 
15 74 
15 119 
15 148 
15 158 
17 26 
17 71 
17 119 
17 158 
18 21 
18 26 
18 67 
18 71 
18 119 
18 158 
22 4 
22 11 
22 14 
22 15 
22 21 
22 26 
22 28 
22 30 
22 35 
22 36 
22 71 
22 78 
22 84 
22 92 
22 113 
22 119 
22 121 
22 148 
22 158 
22 187 
23 26 
23 28 
25 89 
25 119 
25 158 
25 187 
26 71 
26 92 
26 119 
26 180 
27 26 
27 35 
27 71 
27 113 
30 44 
31 71 
31 119 
32 3 
32 63 
33 158 
34 21 
34 26 
34 28 
34 71 
35 14 
35 28 
35 78 
35 98 
35 121 
37 67 
37 158 
39 28 
39 45 
39 67 
39 158 
40 21 
40 44 
40 187 
43 26 
43 71 
43 92 
43 113 
43 119 
43 158 
43 181 
43 187 
44 14 
44 21 
44 22 
44 26 
44 28 
44 62 
44 82 
44 113 
44 119 
44 158 
45 21 
45 26 
45 39 
45 44 
45 67 
45 71 
45 119 
45 120 
45 158 
45 168 
47 7 
47 140 
55 11 
55 21 
55 39 
55 45 
63 87 
67 158 
68 52 
68 62 
68 119 
69 87 
71 21 
71 92 
71 113 
71 168 
73 11 
73 121 
74 14 
76 21 
79 21 
79 45 
84 52 
89 44 
89 158 
91 119 
93 28 
96 21 
97 44 
98 121 
101 21 
106 21 
108 21 
109 92 
109 113 
109 119 
109 168 
109 187 
113 21 
113 71 
134 158 
142 92 
159 92 
167 158 
172 158 
173 119 
173 180 
181 92 
184 21 
187 180 
