2 2 
2 6 
2 7 
2 8 
2 10 
2 14 
2 18 
2 23 
2 26 
2 31 
2 33 
2 34 
2 44 
2 45 
2 62 
2 103 
2 105 
2 110 
2 112 
2 125 
2 134 
2 146 
2 150 
2 158 
2 178 
3 15 
3 22 
3 98 
3 134 
4 15 
4 22 
4 30 
4 68 
4 74 
4 82 
4 158 
5 33 
5 112 
5 125 
5 127 
5 158 
7 146 
7 158 
8 140 
9 8 
9 9 
9 140 
9 146 
9 158 
11 14 
11 82 
11 158 
12 125 
12 134 
12 158 
14 3 
14 4 
14 7 
14 15 
14 22 
14 27 
14 35 
14 37 
14 44 
14 68 
14 74 
14 82 
14 84 
14 140 
14 158 
14 187 
15 3 
15 11 
15 14 
15 22 
15 30 
15 35 
15 62 
15 63 
15 82 
15 87 
15 98 
15 119 
15 121 
17 33 
17 125 
17 134 
17 158 
17 190 
18 158 
21 14 
21 15 
21 22 
21 44 
22 14 
22 15 
22 27 
22 37 
22 59 
22 88 
22 159 
23 158 
25 158 
26 134 
27 4 
27 11 
27 14 
27 22 
27 35 
27 44 
27 68 
27 82 
27 125 
27 159 
28 125 
28 134 
28 158 
30 21 
30 35 
33 134 
33 158 
34 110 
35 14 
35 22 
35 28 
35 44 
35 52 
35 68 
35 82 
39 125 
39 158 
43 125 
43 134 
43 158 
44 14 
44 15 
44 21 
44 35 
44 82 
44 125 
44 134 
45 16 
45 58 
45 103 
45 112 
45 127 
45 128 
45 130 
45 134 
45 158 
45 178 
47 158 
49 59 
49 125 
52 22 
52 68 
67 33 
67 125 
67 134 
68 15 
68 22 
68 35 
68 52 
68 62 
69 87 
71 125 
71 158 
76 45 
82 14 
82 35 
82 37 
82 44 
82 53 
82 68 
82 74 
84 22 
87 22 
88 22 
89 134 
92 59 
93 14 
93 33 
96 35 
105 6 
105 7 
105 9 
105 10 
105 14 
105 15 
105 23 
105 26 
105 31 
105 35 
105 44 
105 45 
105 82 
105 99 
105 105 
105 112 
105 125 
105 128 
105 158 
105 182 
109 134 
111 125 
111 158 
113 125 
114 158 
125 134 
125 158 
146 134 
146 158 
153 158 
176 125 
