2 7 
2 8 
2 26 
2 34 
2 105 
2 156 
2 212 
3 14 
3 15 
3 22 
3 27 
3 37 
3 63 
3 69 
3 84 
3 87 
3 88 
4 3 
4 6 
4 13 
4 14 
4 15 
4 21 
4 22 
4 27 
4 30 
4 32 
4 35 
4 37 
4 44 
4 45 
4 63 
4 74 
4 80 
4 87 
4 102 
4 117 
4 146 
4 158 
5 37 
5 49 
6 6 
6 45 
7 6 
7 26 
7 32 
7 34 
7 39 
7 72 
8 140 
9 6 
9 8 
9 26 
9 32 
9 39 
9 72 
9 140 
10 34 
11 27 
11 30 
11 35 
11 36 
12 3 
12 6 
12 15 
12 44 
12 158 
13 15 
14 3 
14 4 
14 7 
14 9 
14 11 
14 15 
14 21 
14 22 
14 26 
14 27 
14 30 
14 32 
14 34 
14 35 
14 36 
14 37 
14 44 
14 59 
14 63 
14 68 
14 74 
14 80 
14 87 
14 88 
15 3 
15 4 
15 11 
15 13 
15 14 
15 21 
15 22 
15 27 
15 30 
15 35 
15 36 
15 37 
15 44 
15 63 
15 68 
15 69 
15 73 
15 74 
15 82 
15 84 
15 87 
15 121 
15 212 
16 6 
16 27 
16 45 
16 58 
16 79 
16 97 
17 6 
17 15 
17 26 
17 27 
17 34 
17 36 
17 37 
17 44 
17 80 
17 134 
17 155 
17 158 
17 190 
17 212 
18 26 
18 34 
19 6 
19 32 
19 40 
19 100 
19 116 
19 125 
21 15 
21 27 
21 44 
22 3 
22 4 
22 6 
22 11 
22 14 
22 15 
22 21 
22 27 
22 30 
22 32 
22 35 
22 36 
22 37 
22 42 
22 44 
22 48 
22 51 
22 60 
22 63 
22 68 
22 69 
22 73 
22 74 
22 80 
22 82 
22 83 
22 84 
22 86 
22 87 
22 88 
22 90 
22 117 
22 148 
22 212 
23 6 
23 7 
23 8 
23 15 
23 34 
23 140 
24 32 
25 6 
25 15 
25 44 
25 134 
25 158 
26 27 
26 34 
26 44 
26 212 
27 3 
27 4 
27 6 
27 7 
27 8 
27 11 
27 13 
27 14 
27 15 
27 21 
27 22 
27 25 
27 30 
27 32 
27 34 
27 35 
27 36 
27 37 
27 42 
27 44 
27 45 
27 51 
27 52 
27 60 
27 63 
27 68 
27 69 
27 73 
27 74 
27 80 
27 83 
27 84 
27 86 
27 87 
27 88 
27 90 
27 98 
27 102 
27 117 
27 121 
28 11 
28 15 
28 37 
28 125 
30 14 
30 15 
30 22 
30 27 
30 32 
30 35 
30 42 
30 44 
30 63 
30 69 
30 73 
30 87 
30 98 
30 121 
31 6 
31 23 
32 73 
32 117 
33 25 
33 36 
33 134 
33 158 
34 26 
34 212 
35 3 
35 4 
35 6 
35 11 
35 13 
35 14 
35 15 
35 21 
35 22 
35 25 
35 27 
35 30 
35 32 
35 36 
35 37 
35 42 
35 44 
35 45 
35 51 
35 52 
35 53 
35 60 
35 63 
35 68 
35 69 
35 73 
35 74 
35 77 
35 80 
35 82 
35 83 
35 84 
35 86 
35 87 
35 88 
35 98 
35 102 
35 117 
35 121 
36 11 
36 15 
36 27 
36 30 
37 6 
37 14 
39 3 
39 4 
39 6 
39 7 
39 8 
39 11 
39 13 
39 14 
39 15 
39 25 
39 26 
39 28 
39 30 
39 32 
39 34 
39 36 
39 37 
39 42 
39 44 
39 80 
39 102 
39 158 
39 212 
40 3 
40 4 
40 11 
40 14 
40 15 
40 27 
40 32 
40 36 
40 37 
40 42 
40 44 
40 48 
40 51 
40 52 
40 60 
40 68 
40 77 
40 80 
40 83 
40 84 
40 86 
40 87 
40 88 
40 90 
40 100 
40 109 
40 117 
40 121 
40 133 
40 158 
42 32 
42 73 
42 83 
42 117 
42 121 
43 125 
43 212 
44 6 
44 11 
44 14 
44 15 
44 21 
44 27 
44 34 
44 35 
45 6 
45 76 
45 103 
45 120 
45 127 
45 128 
45 178 
45 182 
46 32 
47 11 
47 15 
47 34 
47 44 
47 80 
48 52 
48 68 
49 6 
49 37 
51 60 
52 14 
52 68 
52 73 
52 84 
52 121 
54 4 
54 14 
54 37 
55 6 
58 6 
58 45 
58 79 
59 4 
59 14 
59 37 
60 51 
60 86 
60 88 
62 14 
62 44 
62 68 
62 80 
63 35 
63 52 
63 84 
63 87 
64 44 
65 4 
65 6 
65 14 
65 15 
65 35 
65 37 
65 44 
65 45 
65 82 
65 127 
68 4 
68 14 
68 15 
68 36 
68 48 
68 52 
68 62 
68 63 
68 77 
68 84 
68 86 
68 90 
68 116 
69 15 
69 27 
69 84 
69 87 
69 88 
70 3 
70 4 
70 22 
70 27 
70 32 
70 62 
70 80 
70 84 
70 88 
71 3 
71 11 
71 14 
71 15 
71 27 
71 37 
71 44 
71 80 
72 32 
73 30 
73 35 
73 121 
74 4 
74 14 
76 6 
76 45 
76 128 
78 14 
78 27 
78 37 
82 14 
82 35 
83 117 
84 22 
84 35 
84 52 
84 69 
84 83 
86 77 
87 63 
88 22 
88 27 
88 84 
89 3 
89 6 
89 25 
89 26 
89 30 
89 32 
89 33 
89 36 
89 42 
89 52 
89 62 
89 83 
89 84 
89 87 
89 100 
89 125 
89 134 
89 158 
90 3 
90 22 
90 36 
90 48 
90 51 
90 52 
90 60 
90 68 
90 69 
90 84 
90 86 
90 88 
90 121 
91 14 
91 22 
92 4 
92 6 
92 27 
92 36 
92 37 
92 44 
92 80 
93 27 
93 30 
93 33 
93 77 
93 100 
94 127 
96 6 
96 80 
98 73 
98 82 
98 121 
99 6 
99 105 
100 116 
101 6 
101 45 
101 79 
105 99 
105 182 
108 6 
108 32 
109 14 
109 15 
109 27 
109 32 
109 37 
109 138 
110 6 
110 37 
110 158 
110 212 
112 6 
112 128 
119 3 
119 4 
119 6 
119 15 
119 27 
119 44 
120 6 
120 128 
121 35 
121 73 
121 98 
122 14 
125 158 
130 27 
133 32 
133 42 
135 15 
135 34 
135 44 
135 158 
142 4 
146 6 
146 14 
146 15 
146 25 
146 27 
146 32 
146 36 
146 42 
146 44 
146 51 
146 52 
146 60 
146 68 
146 83 
146 84 
146 89 
146 100 
146 125 
146 134 
146 158 
147 4 
147 36 
147 44 
148 15 
156 45 
163 14 
163 27 
163 37 
169 14 
169 157 
170 4 
170 14 
173 4 
173 6 
173 14 
173 37 
181 4 
185 80 
186 4 
187 4 
187 14 
204 59 
