1 28 
2 7 
2 8 
2 10 
2 18 
2 26 
2 29 
2 31 
2 32 
2 34 
2 39 
2 99 
2 134 
2 140 
2 150 
2 156 
2 158 
2 166 
2 212 
3 4 
3 14 
3 15 
3 21 
3 22 
3 27 
3 30 
3 32 
3 37 
3 44 
3 51 
3 52 
3 60 
3 63 
3 68 
3 69 
3 83 
3 84 
3 87 
3 88 
4 3 
4 5 
4 11 
4 13 
4 14 
4 15 
4 21 
4 22 
4 25 
4 26 
4 27 
4 28 
4 30 
4 32 
4 33 
4 35 
4 36 
4 37 
4 42 
4 44 
4 48 
4 51 
4 52 
4 57 
4 59 
4 60 
4 62 
4 63 
4 68 
4 69 
4 70 
4 73 
4 74 
4 78 
4 80 
4 82 
4 83 
4 84 
4 86 
4 87 
4 88 
4 89 
4 91 
4 112 
4 115 
4 117 
4 119 
4 121 
4 125 
4 128 
4 146 
4 148 
4 170 
4 173 
4 180 
4 187 
4 213 
5 49 
6 5 
6 6 
6 7 
6 8 
6 16 
6 18 
6 25 
6 26 
6 32 
6 39 
6 40 
6 45 
6 58 
6 76 
6 77 
6 79 
6 82 
6 94 
6 103 
6 112 
6 120 
6 128 
6 178 
7 15 
7 18 
7 21 
7 23 
7 26 
7 28 
7 32 
7 33 
7 34 
7 39 
7 40 
7 57 
7 79 
7 110 
7 112 
7 120 
7 125 
7 134 
7 155 
7 157 
7 158 
7 166 
7 170 
7 173 
7 180 
7 212 
8 26 
8 34 
8 120 
8 140 
8 158 
9 8 
9 15 
9 18 
9 21 
9 23 
9 26 
9 28 
9 32 
9 33 
9 34 
9 39 
9 40 
9 57 
9 79 
9 110 
9 112 
9 120 
9 125 
9 134 
9 140 
9 157 
9 158 
9 170 
9 173 
9 180 
9 212 
10 8 
10 26 
10 34 
10 155 
10 166 
11 3 
11 4 
11 13 
11 14 
11 15 
11 22 
11 25 
11 27 
11 28 
11 30 
11 32 
11 33 
11 35 
11 36 
11 44 
11 48 
11 51 
11 52 
11 62 
11 63 
11 68 
11 69 
11 73 
11 78 
11 80 
11 82 
11 86 
11 87 
11 98 
11 102 
11 117 
11 121 
11 146 
11 213 
12 3 
12 11 
12 15 
12 22 
12 25 
12 26 
12 27 
12 32 
12 33 
12 35 
12 37 
12 42 
12 44 
12 48 
12 51 
12 52 
12 60 
12 68 
12 77 
12 83 
12 84 
12 86 
12 88 
12 90 
12 117 
12 121 
12 125 
12 134 
12 146 
12 158 
13 11 
13 32 
13 36 
13 40 
13 80 
13 98 
13 121 
14 3 
14 4 
14 5 
14 7 
14 8 
14 11 
14 13 
14 15 
14 18 
14 21 
14 22 
14 25 
14 26 
14 27 
14 28 
14 30 
14 32 
14 33 
14 34 
14 35 
14 36 
14 37 
14 40 
14 42 
14 44 
14 48 
14 51 
14 52 
14 54 
14 57 
14 59 
14 60 
14 62 
14 63 
14 68 
14 69 
14 70 
14 73 
14 74 
14 78 
14 80 
14 82 
14 83 
14 84 
14 86 
14 87 
14 88 
14 91 
14 98 
14 102 
14 110 
14 117 
14 121 
14 125 
14 146 
14 148 
14 150 
14 156 
14 157 
14 158 
14 170 
14 173 
14 180 
14 187 
14 213 
15 3 
15 4 
15 5 
15 7 
15 8 
15 11 
15 13 
15 14 
15 18 
15 19 
15 21 
15 22 
15 25 
15 26 
15 27 
15 28 
15 29 
15 30 
15 32 
15 33 
15 34 
15 35 
15 36 
15 37 
15 39 
15 40 
15 42 
15 44 
15 48 
15 51 
15 52 
15 60 
15 62 
15 63 
15 68 
15 69 
15 70 
15 72 
15 73 
15 74 
15 78 
15 80 
15 82 
15 83 
15 84 
15 86 
15 87 
15 88 
15 90 
15 91 
15 98 
15 100 
15 102 
15 109 
15 110 
15 116 
15 117 
15 121 
15 125 
15 133 
15 146 
15 150 
15 187 
15 212 
15 213 
16 97 
16 136 
17 18 
17 26 
17 28 
17 32 
17 33 
17 34 
17 39 
17 40 
17 110 
17 125 
17 134 
17 150 
17 155 
17 158 
17 178 
17 190 
17 212 
18 26 
18 34 
18 158 
18 178 
19 28 
19 32 
19 100 
19 116 
19 125 
19 133 
19 134 
19 158 
21 4 
21 11 
21 14 
21 27 
21 32 
21 35 
21 44 
21 62 
21 68 
21 78 
21 80 
21 82 
21 84 
21 87 
21 91 
21 148 
22 3 
22 4 
22 11 
22 13 
22 14 
22 15 
22 21 
22 27 
22 30 
22 32 
22 35 
22 36 
22 37 
22 44 
22 48 
22 51 
22 52 
22 60 
22 62 
22 63 
22 68 
22 69 
22 73 
22 74 
22 77 
22 80 
22 83 
22 84 
22 86 
22 87 
22 88 
22 90 
22 98 
22 117 
22 121 
22 148 
22 187 
23 7 
23 8 
23 18 
23 26 
23 34 
23 165 
24 32 
24 133 
25 4 
25 14 
25 25 
25 32 
25 33 
25 89 
25 110 
25 115 
25 125 
25 134 
25 146 
25 158 
26 18 
26 34 
26 110 
26 119 
27 3 
27 4 
27 5 
27 7 
27 8 
27 11 
27 13 
27 14 
27 15 
27 18 
27 19 
27 21 
27 22 
27 25 
27 26 
27 28 
27 30 
27 32 
27 33 
27 34 
27 35 
27 36 
27 37 
27 39 
27 40 
27 42 
27 44 
27 48 
27 49 
27 51 
27 52 
27 53 
27 57 
27 59 
27 60 
27 62 
27 63 
27 67 
27 68 
27 69 
27 70 
27 71 
27 73 
27 74 
27 77 
27 78 
27 79 
27 80 
27 82 
27 83 
27 84 
27 86 
27 87 
27 88 
27 89 
27 90 
27 91 
27 94 
27 98 
27 100 
27 102 
27 103 
27 109 
27 110 
27 112 
27 115 
27 116 
27 117 
27 119 
27 120 
27 121 
27 125 
27 127 
27 128 
27 130 
27 134 
27 146 
27 148 
27 150 
27 157 
27 158 
27 170 
27 173 
27 178 
27 180 
27 187 
27 193 
27 213 
28 26 
28 32 
28 34 
28 110 
28 125 
28 158 
28 212 
29 7 
29 8 
30 3 
30 4 
30 15 
30 21 
30 22 
30 27 
30 32 
30 35 
30 42 
30 44 
30 51 
30 52 
30 60 
30 63 
30 69 
30 73 
30 82 
30 83 
30 84 
30 86 
30 87 
30 98 
30 117 
30 121 
30 133 
31 18 
31 34 
31 110 
32 13 
32 14 
32 35 
32 42 
32 72 
32 73 
32 83 
32 98 
32 117 
32 133 
33 7 
33 8 
33 25 
33 26 
33 28 
33 32 
33 34 
33 42 
33 80 
33 125 
33 134 
33 146 
33 158 
34 18 
34 26 
34 212 
35 3 
35 4 
35 11 
35 13 
35 14 
35 15 
35 21 
35 22 
35 27 
35 30 
35 32 
35 36 
35 37 
35 44 
35 51 
35 52 
35 53 
35 59 
35 60 
35 63 
35 68 
35 69 
35 73 
35 78 
35 80 
35 82 
35 84 
35 87 
35 88 
35 98 
35 117 
35 121 
35 158 
35 173 
35 187 
35 213 
36 4 
36 11 
36 13 
36 27 
36 32 
36 35 
36 44 
36 73 
36 80 
36 121 
37 4 
37 11 
37 14 
37 15 
37 22 
37 29 
37 52 
37 86 
37 110 
38 32 
39 7 
39 8 
39 18 
39 26 
39 34 
39 110 
39 158 
39 212 
40 3 
40 15 
40 27 
40 32 
40 33 
40 52 
40 68 
40 100 
40 125 
40 133 
40 134 
40 158 
42 32 
42 83 
42 117 
43 57 
43 92 
43 113 
43 125 
43 134 
43 212 
44 3 
44 4 
44 5 
44 7 
44 8 
44 11 
44 14 
44 15 
44 18 
44 19 
44 21 
44 22 
44 25 
44 26 
44 27 
44 28 
44 30 
44 32 
44 33 
44 34 
44 35 
44 36 
44 37 
44 39 
44 40 
44 42 
44 52 
44 60 
44 62 
44 63 
44 68 
44 69 
44 70 
44 71 
44 74 
44 78 
44 80 
44 82 
44 84 
44 87 
44 88 
44 89 
44 102 
44 112 
44 117 
44 119 
44 120 
44 128 
44 148 
44 173 
44 178 
44 180 
44 187 
44 193 
45 2 
45 5 
45 6 
45 7 
45 8 
45 10 
45 16 
45 18 
45 23 
45 26 
45 27 
45 29 
45 31 
45 32 
45 33 
45 34 
45 39 
45 42 
45 44 
45 51 
45 58 
45 76 
45 79 
45 96 
45 97 
45 103 
45 110 
45 112 
45 119 
45 120 
45 125 
45 127 
45 128 
45 130 
45 136 
45 158 
45 170 
45 178 
45 182 
45 187 
46 72 
47 18 
47 26 
47 34 
47 39 
47 139 
48 77 
48 90 
49 5 
49 16 
49 49 
49 94 
49 95 
49 96 
51 48 
51 57 
51 60 
51 77 
51 80 
51 86 
51 90 
52 22 
52 30 
52 44 
52 48 
52 68 
52 90 
52 121 
52 148 
55 6 
55 55 
55 127 
58 6 
58 32 
58 79 
59 170 
59 173 
59 180 
60 51 
60 80 
60 86 
60 90 
62 3 
62 4 
62 11 
62 15 
62 21 
62 22 
62 27 
62 30 
62 35 
62 36 
62 37 
62 40 
62 44 
62 51 
62 60 
62 63 
62 68 
62 80 
62 88 
63 3 
63 4 
63 15 
63 27 
63 30 
63 32 
63 36 
63 51 
63 52 
63 69 
63 83 
63 84 
63 86 
63 87 
63 100 
65 45 
65 127 
66 94 
68 3 
68 11 
68 14 
68 15 
68 22 
68 30 
68 32 
68 35 
68 44 
68 48 
68 52 
68 60 
68 62 
68 63 
68 73 
68 77 
68 84 
68 86 
68 87 
68 88 
68 116 
68 117 
68 148 
69 3 
69 4 
69 22 
69 27 
69 30 
69 35 
69 37 
69 40 
69 42 
69 51 
69 60 
69 63 
69 68 
69 73 
69 83 
69 84 
69 87 
69 90 
69 98 
69 121 
70 3 
70 4 
70 11 
70 14 
70 15 
70 21 
70 22 
70 27 
70 32 
70 35 
70 36 
70 37 
70 42 
70 44 
70 62 
70 67 
70 80 
70 82 
70 88 
70 90 
70 102 
70 187 
71 92 
71 113 
71 158 
72 32 
72 133 
73 11 
73 21 
73 30 
73 32 
73 35 
73 42 
73 44 
73 98 
73 117 
73 121 
73 133 
74 4 
74 14 
74 22 
74 25 
74 33 
74 35 
74 51 
74 60 
74 68 
74 69 
74 86 
75 115 
76 16 
76 97 
76 128 
76 136 
77 51 
78 4 
78 11 
78 14 
78 27 
78 32 
78 35 
78 37 
78 42 
78 77 
78 82 
78 83 
78 86 
78 117 
78 158 
78 213 
80 15 
80 27 
80 36 
80 90 
80 193 
81 127 
82 4 
82 14 
82 15 
82 27 
82 35 
82 37 
82 44 
82 53 
82 73 
82 74 
83 32 
83 42 
83 84 
83 117 
84 4 
84 22 
84 30 
84 52 
84 63 
84 68 
84 69 
84 83 
86 27 
86 32 
86 51 
86 60 
86 77 
86 83 
86 90 
86 117 
87 3 
87 4 
87 15 
87 30 
87 60 
87 63 
87 69 
87 84 
87 88 
87 133 
88 3 
88 14 
88 15 
88 22 
88 30 
88 35 
88 51 
88 63 
88 77 
88 84 
88 86 
88 87 
89 33 
89 83 
89 125 
89 134 
89 146 
89 158 
90 32 
90 48 
90 51 
90 60 
90 77 
90 83 
90 86 
90 117 
91 3 
91 4 
91 11 
91 14 
91 15 
91 22 
91 27 
91 32 
91 35 
91 37 
91 59 
92 27 
92 159 
92 181 
93 14 
93 21 
93 28 
93 33 
93 48 
93 77 
93 83 
93 89 
93 90 
93 127 
93 157 
94 127 
95 5 
96 5 
96 6 
96 16 
96 49 
96 187 
98 13 
98 22 
98 32 
98 73 
98 82 
98 121 
100 42 
100 116 
100 133 
101 60 
101 90 
102 37 
102 110 
104 158 
105 7 
105 10 
105 18 
105 26 
105 29 
105 34 
105 39 
105 99 
105 156 
105 165 
105 166 
105 178 
105 182 
105 187 
107 6 
108 95 
109 26 
109 34 
109 57 
109 75 
109 115 
109 138 
109 150 
109 158 
109 168 
109 187 
110 158 
110 212 
112 178 
113 71 
114 5 
114 103 
115 109 
115 168 
116 32 
117 42 
117 83 
117 133 
119 15 
119 22 
119 170 
119 173 
120 127 
121 13 
121 32 
121 73 
121 98 
122 170 
122 213 
124 57 
124 109 
124 157 
124 180 
125 158 
129 103 
129 112 
129 120 
129 193 
133 32 
133 117 
135 26 
135 28 
135 32 
135 33 
135 34 
135 110 
135 134 
135 158 
142 57 
146 25 
146 89 
146 125 
146 134 
146 158 
148 4 
148 27 
148 35 
155 34 
157 193 
159 113 
159 181 
168 115 
169 14 
169 157 
170 173 
172 125 
172 134 
172 158 
173 119 
173 180 
187 213 
204 22 
204 59 
204 91 
