2 7 
2 8 
2 23 
2 26 
2 29 
2 31 
2 34 
2 67 
2 105 
2 110 
2 156 
2 166 
2 182 
2 212 
3 2 
3 7 
3 8 
3 11 
3 14 
3 15 
3 22 
3 23 
3 27 
3 30 
3 32 
3 35 
3 37 
3 44 
3 48 
3 51 
3 52 
3 60 
3 63 
3 68 
3 69 
3 73 
3 74 
3 77 
3 84 
3 86 
3 87 
3 88 
3 90 
3 146 
4 3 
4 6 
4 7 
4 8 
4 11 
4 13 
4 14 
4 15 
4 21 
4 22 
4 25 
4 26 
4 27 
4 29 
4 30 
4 32 
4 34 
4 35 
4 36 
4 37 
4 42 
4 44 
4 52 
4 53 
4 57 
4 59 
4 60 
4 62 
4 63 
4 68 
4 69 
4 73 
4 74 
4 82 
4 84 
4 88 
4 104 
4 119 
4 121 
4 146 
4 148 
4 150 
4 156 
4 159 
4 181 
4 212 
5 7 
5 8 
5 17 
5 23 
5 29 
5 34 
5 48 
5 49 
5 53 
5 95 
5 96 
5 109 
5 130 
5 150 
6 7 
6 8 
6 10 
6 17 
6 23 
6 25 
6 29 
6 39 
6 45 
6 48 
6 76 
6 79 
6 82 
6 103 
6 104 
6 112 
6 128 
7 2 
7 18 
7 23 
7 25 
7 26 
7 29 
7 31 
7 34 
7 39 
7 44 
7 57 
7 66 
7 67 
7 96 
7 105 
7 108 
7 109 
7 112 
7 120 
7 134 
7 138 
7 150 
7 155 
7 156 
7 157 
7 166 
8 2 
8 138 
8 140 
8 166 
9 2 
9 8 
9 9 
9 10 
9 18 
9 23 
9 25 
9 26 
9 29 
9 31 
9 34 
9 39 
9 44 
9 57 
9 66 
9 67 
9 96 
9 105 
9 108 
9 112 
9 120 
9 134 
9 140 
9 150 
9 156 
9 157 
9 166 
10 2 
10 8 
10 9 
10 23 
10 26 
10 105 
10 109 
10 155 
11 2 
11 3 
11 4 
11 7 
11 8 
11 9 
11 10 
11 13 
11 14 
11 15 
11 17 
11 21 
11 22 
11 23 
11 25 
11 26 
11 27 
11 29 
11 30 
11 31 
11 32 
11 34 
11 35 
11 36 
11 39 
11 44 
11 45 
11 52 
11 54 
11 59 
11 60 
11 62 
11 63 
11 68 
11 69 
11 73 
11 74 
11 76 
11 80 
11 82 
11 84 
11 87 
11 88 
11 90 
11 96 
11 98 
11 100 
11 102 
11 108 
11 109 
11 110 
11 119 
11 121 
11 127 
11 136 
11 148 
11 150 
11 156 
11 178 
11 182 
11 193 
11 212 
12 7 
12 8 
13 7 
13 8 
13 21 
13 30 
13 32 
13 36 
13 73 
13 98 
13 121 
14 2 
14 3 
14 4 
14 5 
14 6 
14 7 
14 8 
14 9 
14 10 
14 11 
14 13 
14 15 
14 16 
14 17 
14 21 
14 22 
14 23 
14 25 
14 27 
14 29 
14 30 
14 32 
14 34 
14 35 
14 36 
14 37 
14 39 
14 42 
14 44 
14 45 
14 52 
14 54 
14 57 
14 59 
14 60 
14 62 
14 63 
14 68 
14 69 
14 72 
14 73 
14 74 
14 75 
14 76 
14 78 
14 80 
14 82 
14 84 
14 87 
14 88 
14 96 
14 98 
14 100 
14 104 
14 105 
14 108 
14 109 
14 118 
14 119 
14 121 
14 134 
14 139 
14 146 
14 148 
14 150 
14 156 
14 157 
14 166 
14 170 
14 173 
14 180 
14 182 
14 187 
15 3 
15 4 
15 7 
15 8 
15 10 
15 11 
15 13 
15 14 
15 17 
15 21 
15 22 
15 23 
15 25 
15 27 
15 29 
15 30 
15 31 
15 32 
15 34 
15 35 
15 36 
15 37 
15 39 
15 40 
15 42 
15 44 
15 45 
15 48 
15 52 
15 57 
15 59 
15 60 
15 62 
15 63 
15 68 
15 69 
15 72 
15 73 
15 74 
15 76 
15 80 
15 82 
15 83 
15 84 
15 86 
15 87 
15 88 
15 90 
15 96 
15 98 
15 100 
15 102 
15 109 
15 116 
15 117 
15 119 
15 121 
15 133 
15 134 
15 146 
15 148 
15 156 
15 193 
15 212 
16 58 
16 79 
16 97 
17 110 
17 134 
17 150 
17 155 
17 190 
18 7 
18 8 
19 7 
19 8 
21 3 
21 4 
21 7 
21 8 
21 11 
21 13 
21 14 
21 15 
21 22 
21 27 
21 32 
21 35 
21 36 
21 37 
21 40 
21 44 
21 73 
21 80 
21 82 
22 2 
22 3 
22 4 
22 5 
22 6 
22 7 
22 8 
22 9 
22 11 
22 13 
22 14 
22 15 
22 16 
22 17 
22 21 
22 23 
22 25 
22 27 
22 29 
22 30 
22 31 
22 32 
22 34 
22 35 
22 36 
22 37 
22 39 
22 40 
22 42 
22 44 
22 45 
22 48 
22 49 
22 51 
22 52 
22 53 
22 54 
22 55 
22 57 
22 59 
22 60 
22 62 
22 63 
22 66 
22 67 
22 68 
22 69 
22 71 
22 73 
22 74 
22 76 
22 77 
22 79 
22 80 
22 82 
22 83 
22 84 
22 86 
22 87 
22 88 
22 90 
22 92 
22 96 
22 98 
22 100 
22 104 
22 105 
22 108 
22 109 
22 115 
22 116 
22 117 
22 119 
22 121 
22 128 
22 134 
22 138 
22 146 
22 148 
22 150 
22 156 
22 178 
22 182 
22 212 
23 7 
23 8 
23 9 
23 15 
23 36 
23 39 
23 140 
24 69 
25 146 
26 7 
26 8 
26 18 
26 29 
26 34 
27 2 
27 3 
27 4 
27 7 
27 8 
27 10 
27 11 
27 13 
27 14 
27 15 
27 17 
27 21 
27 22 
27 23 
27 25 
27 29 
27 30 
27 31 
27 32 
27 35 
27 36 
27 37 
27 44 
27 45 
27 52 
27 53 
27 54 
27 57 
27 58 
27 59 
27 62 
27 63 
27 67 
27 68 
27 69 
27 74 
27 80 
27 82 
27 84 
27 87 
27 100 
27 105 
27 108 
27 125 
27 127 
27 130 
27 134 
27 148 
27 150 
27 156 
27 157 
27 182 
27 187 
27 193 
27 212 
28 7 
28 8 
29 7 
29 8 
29 10 
29 23 
29 31 
29 105 
29 134 
29 139 
29 140 
30 2 
30 6 
30 7 
30 8 
30 11 
30 14 
30 15 
30 21 
30 22 
30 23 
30 27 
30 31 
30 32 
30 36 
30 37 
30 42 
30 44 
30 45 
30 48 
30 52 
30 59 
30 63 
30 68 
30 69 
30 73 
30 80 
30 82 
30 83 
30 84 
30 87 
30 88 
30 90 
30 98 
30 102 
30 121 
30 148 
31 2 
31 7 
31 8 
31 9 
31 10 
31 11 
31 18 
31 23 
31 35 
31 96 
31 105 
31 134 
32 7 
32 8 
32 14 
32 15 
32 25 
32 42 
32 72 
32 73 
32 83 
32 86 
32 88 
32 100 
32 116 
32 117 
32 133 
33 7 
33 8 
33 134 
34 7 
34 8 
34 9 
34 18 
34 26 
34 29 
34 39 
35 2 
35 3 
35 4 
35 5 
35 7 
35 8 
35 9 
35 11 
35 13 
35 14 
35 15 
35 16 
35 17 
35 21 
35 22 
35 23 
35 25 
35 27 
35 29 
35 30 
35 31 
35 32 
35 34 
35 36 
35 37 
35 39 
35 42 
35 44 
35 45 
35 49 
35 51 
35 52 
35 53 
35 54 
35 55 
35 58 
35 59 
35 60 
35 62 
35 63 
35 66 
35 68 
35 69 
35 73 
35 74 
35 76 
35 77 
35 78 
35 79 
35 80 
35 82 
35 84 
35 87 
35 88 
35 94 
35 95 
35 96 
35 98 
35 105 
35 108 
35 109 
35 116 
35 121 
35 127 
35 134 
35 140 
35 148 
35 150 
35 156 
35 170 
35 180 
35 182 
35 187 
36 3 
36 4 
36 7 
36 8 
36 11 
36 13 
36 14 
36 15 
36 22 
36 27 
36 30 
36 35 
36 37 
36 44 
36 62 
36 63 
36 69 
36 73 
36 74 
36 80 
36 82 
36 84 
36 87 
36 156 
36 178 
37 3 
37 7 
37 8 
37 14 
37 15 
37 23 
37 29 
37 34 
37 59 
37 69 
37 88 
37 193 
39 7 
39 8 
39 9 
39 23 
39 34 
39 105 
39 190 
39 212 
40 7 
40 8 
40 187 
41 32 
42 7 
42 8 
42 15 
42 83 
42 117 
42 127 
43 17 
43 92 
43 113 
43 212 
44 3 
44 4 
44 7 
44 8 
44 9 
44 11 
44 14 
44 15 
44 21 
44 22 
44 25 
44 27 
44 29 
44 30 
44 34 
44 35 
44 36 
44 40 
44 52 
44 59 
44 62 
44 63 
44 68 
44 69 
44 71 
44 73 
44 82 
44 84 
44 105 
44 109 
44 113 
44 119 
44 125 
44 128 
44 134 
44 148 
44 193 
45 2 
45 6 
45 7 
45 8 
45 9 
45 10 
45 16 
45 23 
45 25 
45 26 
45 29 
45 31 
45 32 
45 34 
45 35 
45 39 
45 42 
45 48 
45 55 
45 58 
45 66 
45 76 
45 79 
45 94 
45 95 
45 96 
45 97 
45 103 
45 105 
45 108 
45 109 
45 112 
45 116 
45 119 
45 120 
45 125 
45 127 
45 128 
45 130 
45 134 
45 136 
45 146 
45 165 
45 178 
45 182 
45 212 
47 7 
47 8 
47 31 
49 5 
49 7 
49 8 
49 48 
49 95 
49 96 
49 108 
51 48 
51 60 
51 86 
52 2 
52 14 
52 35 
52 44 
52 62 
52 68 
52 84 
52 90 
52 98 
55 6 
55 7 
55 8 
55 66 
55 108 
58 7 
58 8 
58 16 
58 79 
58 97 
60 2 
60 3 
60 6 
60 7 
60 8 
60 44 
60 45 
60 51 
60 62 
60 77 
60 86 
60 88 
60 90 
60 102 
60 105 
62 7 
62 8 
62 52 
62 68 
62 84 
62 119 
62 125 
62 146 
63 3 
63 4 
63 7 
63 8 
63 15 
63 22 
63 30 
63 32 
63 35 
63 42 
63 44 
63 52 
63 69 
63 73 
63 84 
63 87 
63 98 
63 100 
63 148 
65 100 
66 7 
66 8 
66 55 
68 4 
68 7 
68 8 
68 9 
68 15 
68 21 
68 22 
68 27 
68 35 
68 40 
68 44 
68 48 
68 52 
68 62 
68 84 
68 90 
69 3 
69 4 
69 7 
69 8 
69 11 
69 15 
69 22 
69 23 
69 30 
69 32 
69 36 
69 37 
69 39 
69 40 
69 42 
69 44 
69 45 
69 52 
69 63 
69 68 
69 77 
69 80 
69 84 
69 86 
69 87 
69 88 
69 98 
69 100 
69 133 
71 92 
73 7 
73 8 
73 11 
73 15 
73 21 
73 30 
73 32 
73 36 
73 44 
73 98 
73 117 
73 121 
74 4 
74 11 
74 14 
74 15 
74 22 
74 53 
74 100 
74 150 
76 6 
76 7 
76 8 
76 16 
76 23 
76 45 
76 58 
76 97 
77 51 
78 59 
79 97 
80 7 
80 8 
80 11 
80 13 
80 36 
81 7 
81 8 
82 4 
82 5 
82 7 
82 8 
82 14 
82 15 
82 27 
82 35 
82 37 
82 44 
82 53 
82 69 
82 74 
82 84 
82 109 
82 140 
83 32 
84 3 
84 7 
84 8 
84 11 
84 15 
84 22 
84 27 
84 35 
84 44 
84 52 
84 63 
84 68 
84 69 
84 83 
84 87 
86 14 
86 32 
86 51 
86 52 
86 77 
86 90 
87 3 
87 30 
87 44 
87 52 
87 63 
87 69 
87 84 
87 88 
88 3 
88 7 
88 8 
88 14 
88 15 
88 22 
88 44 
88 48 
88 51 
88 60 
88 68 
88 69 
88 77 
88 86 
88 87 
88 90 
89 7 
89 8 
89 25 
90 48 
90 51 
90 60 
90 77 
90 86 
93 14 
93 21 
93 27 
93 36 
93 83 
93 97 
93 148 
96 7 
96 8 
96 23 
96 66 
96 100 
97 16 
98 7 
98 8 
98 11 
98 13 
98 15 
98 22 
98 30 
98 32 
98 73 
98 100 
98 121 
101 7 
101 8 
105 7 
105 8 
105 17 
105 99 
105 156 
105 165 
105 166 
107 95 
109 67 
109 75 
109 92 
109 104 
109 113 
109 115 
109 119 
109 138 
109 150 
109 168 
110 212 
112 120 
112 130 
112 178 
114 7 
114 8 
117 32 
117 42 
117 83 
117 116 
121 21 
121 30 
121 32 
121 35 
121 44 
121 63 
121 73 
121 83 
121 98 
128 112 
128 178 
129 193 
138 168 
140 8 
146 7 
146 8 
148 35 
154 7 
154 8 
155 190 
156 166 
172 7 
172 8 
182 14 
186 100 
189 35 
