2 2 
2 7 
2 8 
2 9 
2 10 
2 16 
2 17 
2 18 
2 23 
2 25 
2 26 
2 28 
2 29 
2 31 
2 32 
2 33 
2 34 
2 39 
2 44 
2 45 
2 54 
2 59 
2 76 
2 89 
2 97 
2 99 
2 105 
2 108 
2 109 
2 110 
2 112 
2 115 
2 116 
2 125 
2 134 
2 139 
2 146 
2 150 
2 155 
2 156 
2 158 
2 166 
2 182 
2 187 
2 212 
3 4 
3 7 
3 8 
3 10 
3 14 
3 15 
3 21 
3 22 
3 27 
3 30 
3 34 
3 35 
3 36 
3 37 
3 44 
3 51 
3 52 
3 60 
3 63 
3 68 
3 69 
3 84 
3 87 
3 88 
3 98 
3 116 
3 125 
3 193 
4 3 
4 7 
4 8 
4 9 
4 10 
4 11 
4 14 
4 15 
4 18 
4 22 
4 25 
4 27 
4 29 
4 30 
4 31 
4 32 
4 33 
4 34 
4 35 
4 37 
4 39 
4 40 
4 44 
4 51 
4 52 
4 53 
4 54 
4 57 
4 59 
4 60 
4 63 
4 67 
4 68 
4 70 
4 73 
4 74 
4 82 
4 83 
4 84 
4 86 
4 89 
4 91 
4 92 
4 94 
4 109 
4 116 
4 119 
4 120 
4 121 
4 125 
4 130 
4 134 
4 146 
4 150 
4 157 
4 158 
4 170 
4 173 
4 178 
4 180 
4 181 
4 187 
4 193 
4 213 
5 29 
5 37 
5 49 
5 53 
5 57 
5 94 
5 95 
5 104 
5 112 
5 125 
5 130 
5 133 
5 173 
5 187 
5 213 
6 2 
6 7 
6 8 
6 18 
6 23 
6 29 
6 33 
6 34 
6 45 
6 75 
6 95 
6 103 
6 115 
6 119 
6 128 
6 168 
6 178 
6 213 
7 2 
7 14 
7 18 
7 19 
7 23 
7 26 
7 27 
7 28 
7 34 
7 35 
7 39 
7 53 
7 57 
7 75 
7 92 
7 105 
7 109 
7 113 
7 115 
7 118 
7 119 
7 133 
7 157 
7 165 
7 170 
7 173 
7 180 
7 187 
7 193 
7 213 
8 26 
8 34 
8 57 
8 75 
8 115 
8 140 
8 173 
8 193 
9 8 
9 9 
9 14 
9 18 
9 19 
9 23 
9 26 
9 28 
9 34 
9 35 
9 39 
9 53 
9 57 
9 75 
9 92 
9 105 
9 109 
9 113 
9 118 
9 119 
9 133 
9 140 
9 157 
9 165 
9 170 
9 180 
9 187 
9 193 
9 213 
10 2 
10 8 
10 9 
10 26 
10 27 
10 34 
10 140 
11 3 
11 6 
11 7 
11 8 
11 9 
11 10 
11 14 
11 15 
11 17 
11 18 
11 19 
11 21 
11 22 
11 25 
11 26 
11 27 
11 29 
11 30 
11 33 
11 34 
11 35 
11 36 
11 37 
11 39 
11 40 
11 44 
11 45 
11 48 
11 52 
11 54 
11 63 
11 67 
11 68 
11 71 
11 80 
11 82 
11 84 
11 88 
11 89 
11 92 
11 104 
11 110 
11 113 
11 119 
11 125 
11 136 
11 146 
11 159 
11 173 
11 181 
11 187 
11 193 
11 213 
12 67 
12 113 
12 134 
13 7 
13 9 
13 10 
13 32 
13 33 
13 34 
13 73 
13 98 
14 3 
14 4 
14 7 
14 8 
14 9 
14 11 
14 13 
14 15 
14 18 
14 19 
14 21 
14 22 
14 23 
14 25 
14 26 
14 27 
14 28 
14 29 
14 30 
14 32 
14 33 
14 34 
14 35 
14 37 
14 39 
14 40 
14 44 
14 52 
14 53 
14 54 
14 57 
14 59 
14 60 
14 63 
14 67 
14 68 
14 69 
14 70 
14 71 
14 74 
14 75 
14 78 
14 82 
14 84 
14 86 
14 87 
14 88 
14 89 
14 91 
14 92 
14 96 
14 99 
14 100 
14 103 
14 104 
14 109 
14 112 
14 113 
14 118 
14 119 
14 120 
14 125 
14 146 
14 148 
14 150 
14 156 
14 157 
14 158 
14 166 
14 168 
14 170 
14 173 
14 180 
14 181 
14 182 
14 187 
14 193 
14 213 
15 2 
15 3 
15 4 
15 6 
15 7 
15 8 
15 9 
15 10 
15 11 
15 13 
15 14 
15 18 
15 19 
15 21 
15 22 
15 23 
15 25 
15 26 
15 27 
15 28 
15 30 
15 31 
15 32 
15 33 
15 34 
15 35 
15 36 
15 37 
15 40 
15 42 
15 44 
15 48 
15 51 
15 52 
15 53 
15 60 
15 62 
15 63 
15 67 
15 68 
15 69 
15 70 
15 73 
15 74 
15 77 
15 80 
15 82 
15 83 
15 84 
15 86 
15 87 
15 88 
15 89 
15 90 
15 96 
15 98 
15 100 
15 105 
15 108 
15 109 
15 110 
15 115 
15 118 
15 119 
15 121 
15 125 
15 133 
15 134 
15 146 
15 150 
15 156 
15 157 
15 158 
15 173 
15 180 
15 181 
15 187 
15 193 
15 212 
15 213 
16 136 
17 6 
17 7 
17 8 
17 15 
17 25 
17 32 
17 33 
17 34 
17 39 
17 67 
17 71 
17 72 
17 80 
17 89 
17 104 
17 105 
17 109 
17 110 
17 113 
17 115 
17 116 
17 125 
17 134 
17 155 
17 157 
17 158 
17 190 
17 193 
18 7 
18 8 
18 10 
18 26 
18 29 
18 31 
18 34 
18 54 
18 104 
18 110 
18 165 
18 193 
19 25 
19 67 
19 89 
19 125 
19 170 
19 178 
21 3 
21 4 
21 7 
21 8 
21 9 
21 11 
21 14 
21 15 
21 18 
21 19 
21 22 
21 25 
21 26 
21 27 
21 28 
21 29 
21 30 
21 33 
21 34 
21 35 
21 36 
21 39 
21 44 
21 54 
21 57 
21 59 
21 67 
21 68 
21 70 
21 71 
21 75 
21 76 
21 82 
21 84 
21 87 
21 89 
21 95 
21 100 
21 103 
21 109 
21 110 
21 112 
21 113 
21 115 
21 118 
21 119 
21 120 
21 125 
21 136 
21 146 
21 148 
21 168 
21 170 
21 178 
21 180 
21 187 
21 213 
22 2 
22 3 
22 4 
22 7 
22 10 
22 14 
22 15 
22 26 
22 27 
22 28 
22 30 
22 35 
22 36 
22 37 
22 44 
22 45 
22 48 
22 52 
22 60 
22 63 
22 68 
22 69 
22 70 
22 74 
22 75 
22 77 
22 83 
22 84 
22 88 
22 121 
22 148 
22 158 
22 181 
23 7 
23 8 
23 9 
23 10 
23 34 
23 39 
23 139 
23 140 
25 115 
25 118 
25 119 
25 125 
25 158 
25 193 
26 7 
26 8 
26 9 
26 17 
26 18 
26 29 
26 33 
26 34 
26 54 
26 57 
26 59 
26 67 
26 75 
26 104 
26 110 
26 112 
26 119 
26 120 
26 125 
26 134 
26 150 
26 155 
26 157 
26 166 
26 170 
26 173 
26 187 
26 193 
26 212 
26 213 
27 2 
27 3 
27 4 
27 6 
27 7 
27 8 
27 9 
27 10 
27 11 
27 13 
27 14 
27 15 
27 16 
27 17 
27 18 
27 19 
27 21 
27 22 
27 23 
27 25 
27 26 
27 28 
27 29 
27 30 
27 31 
27 32 
27 33 
27 34 
27 35 
27 36 
27 37 
27 39 
27 40 
27 44 
27 45 
27 48 
27 51 
27 52 
27 53 
27 54 
27 57 
27 59 
27 60 
27 62 
27 63 
27 67 
27 68 
27 69 
27 70 
27 71 
27 73 
27 74 
27 75 
27 77 
27 78 
27 80 
27 82 
27 84 
27 86 
27 87 
27 88 
27 89 
27 90 
27 91 
27 92 
27 94 
27 95 
27 97 
27 100 
27 103 
27 104 
27 105 
27 110 
27 112 
27 113 
27 116 
27 118 
27 119 
27 120 
27 121 
27 125 
27 127 
27 128 
27 130 
27 134 
27 136 
27 139 
27 146 
27 150 
27 155 
27 156 
27 157 
27 158 
27 159 
27 168 
27 170 
27 173 
27 180 
27 182 
27 187 
27 193 
27 212 
27 213 
28 21 
28 53 
28 75 
28 125 
29 18 
29 34 
29 36 
29 39 
29 45 
29 134 
29 158 
30 3 
30 4 
30 6 
30 11 
30 14 
30 15 
30 21 
30 22 
30 25 
30 27 
30 29 
30 32 
30 33 
30 35 
30 36 
30 40 
30 42 
30 44 
30 48 
30 52 
30 59 
30 60 
30 63 
30 67 
30 69 
30 70 
30 73 
30 82 
30 83 
30 84 
30 87 
30 88 
30 89 
30 90 
30 98 
30 100 
30 104 
30 109 
30 117 
30 119 
30 173 
30 187 
30 213 
31 7 
31 8 
31 89 
31 113 
32 7 
32 8 
32 13 
32 117 
33 25 
33 28 
33 67 
33 89 
33 113 
33 118 
33 125 
33 134 
33 158 
33 187 
34 2 
34 7 
34 8 
34 9 
34 10 
34 18 
34 26 
34 29 
34 31 
34 33 
34 39 
34 40 
34 57 
34 75 
34 89 
34 104 
34 110 
34 113 
34 120 
34 125 
34 134 
34 139 
34 155 
34 158 
34 166 
34 187 
34 193 
34 212 
34 213 
35 3 
35 7 
35 8 
35 9 
35 10 
35 14 
35 15 
35 21 
35 22 
35 27 
35 40 
35 52 
35 53 
35 63 
35 68 
35 73 
35 82 
35 91 
35 109 
35 125 
35 150 
35 157 
35 173 
35 213 
36 3 
36 4 
36 7 
36 8 
36 11 
36 13 
36 15 
36 18 
36 22 
36 26 
36 27 
36 29 
36 33 
36 35 
36 44 
36 48 
36 59 
36 68 
36 73 
36 80 
36 84 
36 88 
36 89 
36 125 
37 7 
37 8 
37 9 
37 14 
37 15 
37 18 
37 19 
37 23 
37 33 
37 34 
37 40 
37 53 
37 54 
37 59 
37 70 
37 75 
37 83 
37 84 
37 89 
37 95 
37 100 
37 104 
37 109 
37 110 
37 115 
37 125 
37 157 
37 168 
37 170 
37 173 
37 180 
37 187 
37 193 
37 213 
38 72 
39 16 
39 26 
39 39 
39 113 
39 180 
39 190 
39 212 
40 19 
40 133 
40 178 
40 187 
42 25 
42 29 
42 32 
42 33 
42 40 
42 48 
42 89 
42 100 
42 133 
42 134 
42 157 
42 158 
42 170 
43 3 
43 17 
43 19 
43 33 
43 34 
43 57 
43 67 
43 71 
43 75 
43 89 
43 92 
43 104 
43 113 
43 119 
43 125 
43 134 
43 158 
43 181 
43 187 
43 193 
43 212 
43 213 
44 2 
44 3 
44 4 
44 7 
44 8 
44 9 
44 10 
44 14 
44 15 
44 19 
44 21 
44 22 
44 25 
44 27 
44 28 
44 30 
44 32 
44 33 
44 34 
44 35 
44 36 
44 37 
44 39 
44 54 
44 59 
44 62 
44 63 
44 68 
44 71 
44 73 
44 75 
44 80 
44 84 
44 89 
44 91 
44 92 
44 98 
44 103 
44 105 
44 109 
44 110 
44 112 
44 113 
44 116 
44 119 
44 120 
44 125 
44 128 
44 136 
44 146 
44 148 
44 150 
44 157 
44 168 
44 170 
44 173 
44 178 
44 187 
44 193 
45 2 
45 6 
45 7 
45 8 
45 9 
45 10 
45 16 
45 17 
45 18 
45 21 
45 23 
45 25 
45 26 
45 28 
45 29 
45 31 
45 33 
45 34 
45 44 
45 48 
45 70 
45 71 
45 76 
45 79 
45 97 
45 103 
45 105 
45 109 
45 110 
45 112 
45 119 
45 120 
45 125 
45 127 
45 128 
45 130 
45 134 
45 136 
45 157 
45 165 
45 168 
45 178 
45 193 
47 29 
48 75 
49 5 
49 7 
49 9 
49 10 
49 16 
49 25 
49 32 
49 33 
49 40 
49 49 
49 54 
49 55 
49 57 
49 59 
49 75 
49 76 
49 89 
49 91 
49 94 
49 95 
49 96 
49 103 
49 104 
49 108 
49 109 
49 112 
49 119 
49 125 
49 134 
49 146 
49 150 
49 157 
49 158 
49 170 
49 173 
49 178 
49 180 
49 187 
49 213 
51 60 
52 68 
52 84 
54 118 
55 54 
55 94 
55 108 
55 127 
58 16 
58 45 
58 79 
58 96 
58 97 
58 112 
59 170 
59 173 
60 51 
60 86 
60 88 
62 193 
63 3 
63 7 
63 9 
63 14 
63 15 
63 22 
63 25 
63 27 
63 30 
63 33 
63 35 
63 39 
63 44 
63 51 
63 52 
63 60 
63 67 
63 69 
63 73 
63 77 
63 84 
63 86 
63 87 
63 90 
63 121 
63 158 
63 187 
65 16 
65 100 
67 7 
67 8 
68 27 
68 48 
68 52 
68 62 
68 84 
69 52 
69 63 
69 68 
69 71 
69 84 
69 87 
69 100 
70 4 
70 34 
71 75 
71 92 
71 115 
73 3 
73 15 
73 27 
73 30 
73 33 
73 35 
73 54 
73 59 
73 68 
73 72 
73 82 
73 84 
73 98 
73 100 
73 116 
73 117 
73 121 
73 157 
73 213 
74 4 
74 14 
74 22 
74 98 
75 168 
76 16 
76 45 
76 112 
76 136 
78 157 
79 16 
79 58 
79 97 
80 7 
80 8 
80 11 
80 36 
80 63 
81 16 
81 94 
81 97 
81 127 
82 3 
82 14 
82 15 
82 22 
82 27 
82 30 
82 32 
82 35 
82 44 
82 53 
82 68 
82 84 
82 91 
82 97 
82 105 
82 150 
82 156 
82 182 
82 193 
83 32 
83 48 
84 22 
84 30 
84 52 
84 63 
84 69 
84 83 
84 193 
85 67 
86 77 
86 88 
87 4 
87 15 
87 30 
87 52 
87 60 
87 63 
87 69 
87 77 
87 86 
87 88 
87 121 
88 3 
88 22 
88 51 
88 60 
88 90 
88 150 
88 187 
88 193 
89 125 
89 158 
89 213 
92 71 
92 113 
92 159 
92 181 
93 21 
93 27 
93 28 
93 33 
93 48 
93 59 
93 63 
93 77 
93 157 
93 166 
93 213 
94 127 
95 94 
95 108 
95 187 
96 5 
96 7 
96 9 
96 16 
96 37 
96 45 
96 55 
96 94 
96 95 
96 100 
96 108 
96 109 
96 127 
96 187 
97 16 
98 3 
98 4 
98 15 
98 32 
98 40 
98 73 
98 119 
98 121 
99 45 
99 165 
99 166 
101 16 
101 97 
103 16 
105 2 
105 6 
105 7 
105 8 
105 9 
105 10 
105 14 
105 15 
105 16 
105 17 
105 18 
105 19 
105 23 
105 25 
105 26 
105 27 
105 28 
105 29 
105 31 
105 32 
105 33 
105 34 
105 37 
105 39 
105 40 
105 44 
105 45 
105 54 
105 57 
105 59 
105 67 
105 75 
105 76 
105 79 
105 89 
105 94 
105 96 
105 97 
105 99 
105 103 
105 105 
105 108 
105 109 
105 110 
105 112 
105 115 
105 119 
105 120 
105 125 
105 128 
105 134 
105 146 
105 150 
105 155 
105 156 
105 157 
105 165 
105 166 
105 168 
105 170 
105 182 
105 187 
105 193 
108 112 
108 127 
108 187 
108 193 
109 21 
109 57 
109 67 
109 71 
109 75 
109 92 
109 104 
109 113 
109 115 
109 119 
109 138 
109 168 
109 213 
110 2 
110 25 
110 45 
110 105 
110 125 
110 212 
111 92 
112 127 
112 130 
112 178 
113 75 
113 115 
114 5 
114 7 
114 9 
114 25 
114 29 
114 32 
114 33 
114 34 
114 39 
114 49 
114 53 
114 54 
114 57 
114 59 
114 89 
114 94 
114 96 
114 108 
114 109 
114 125 
114 170 
114 178 
114 180 
114 187 
114 213 
115 75 
115 168 
117 7 
117 9 
117 25 
117 33 
117 42 
117 72 
117 83 
117 89 
117 94 
117 100 
117 116 
117 125 
117 133 
119 157 
119 170 
119 173 
119 180 
119 193 
121 15 
121 27 
121 30 
121 32 
121 35 
121 73 
121 98 
121 116 
122 157 
122 170 
122 193 
122 213 
124 54 
124 59 
124 109 
124 119 
124 157 
124 180 
125 33 
125 34 
125 113 
125 134 
125 138 
125 158 
125 212 
126 125 
129 127 
129 193 
133 193 
134 125 
138 168 
140 8 
142 57 
142 92 
145 193 
146 59 
146 71 
146 125 
150 104 
150 113 
152 75 
152 115 
152 168 
154 115 
154 168 
156 166 
157 75 
158 7 
158 8 
158 34 
158 125 
163 115 
163 180 
167 67 
167 125 
168 118 
169 157 
170 173 
172 25 
172 125 
172 158 
173 119 
173 157 
173 170 
173 173 
173 180 
180 157 
180 173 
183 57 
187 180 
187 193 
194 193 
195 108 
202 7 
202 8 
