2 2 
2 6 
2 7 
2 8 
2 9 
2 10 
2 16 
2 17 
2 18 
2 19 
2 23 
2 26 
2 29 
2 31 
2 33 
2 34 
2 37 
2 39 
2 45 
2 58 
2 96 
2 99 
2 105 
2 109 
2 110 
2 125 
2 134 
2 139 
2 146 
2 150 
2 166 
3 2 
3 4 
3 7 
3 9 
3 14 
3 15 
3 19 
3 22 
3 27 
3 30 
3 31 
3 32 
3 35 
3 36 
3 37 
3 42 
3 44 
3 52 
3 68 
3 69 
3 84 
3 86 
3 87 
3 88 
4 3 
4 5 
4 7 
4 9 
4 11 
4 14 
4 15 
4 21 
4 22 
4 27 
4 30 
4 34 
4 35 
4 36 
4 37 
4 39 
4 44 
4 52 
4 58 
4 63 
4 68 
4 69 
4 70 
4 74 
4 78 
4 82 
4 119 
4 181 
5 33 
5 34 
6 2 
6 5 
6 6 
6 7 
6 8 
6 9 
6 10 
6 16 
6 17 
6 18 
6 23 
6 26 
6 27 
6 28 
6 29 
6 31 
6 34 
6 39 
6 44 
6 45 
6 55 
6 70 
6 76 
6 79 
6 82 
6 94 
6 103 
6 105 
6 108 
6 110 
6 125 
6 128 
6 134 
6 146 
7 14 
7 17 
7 26 
7 28 
7 29 
7 105 
7 110 
8 110 
9 8 
9 14 
9 17 
9 28 
9 29 
9 105 
10 26 
10 110 
11 2 
11 3 
11 4 
11 5 
11 6 
11 7 
11 9 
11 10 
11 13 
11 14 
11 15 
11 17 
11 18 
11 21 
11 22 
11 23 
11 26 
11 27 
11 29 
11 30 
11 31 
11 32 
11 34 
11 35 
11 36 
11 37 
11 40 
11 44 
11 45 
11 49 
11 52 
11 62 
11 63 
11 68 
11 69 
11 70 
11 73 
11 76 
11 80 
11 82 
11 84 
11 87 
11 98 
11 100 
11 109 
11 121 
11 168 
12 78 
13 2 
13 5 
13 7 
13 9 
13 11 
13 14 
13 15 
13 21 
13 22 
13 23 
13 25 
13 26 
13 27 
13 29 
13 30 
13 31 
13 32 
13 34 
13 35 
13 36 
13 39 
13 42 
13 73 
13 98 
13 105 
14 2 
14 3 
14 4 
14 5 
14 7 
14 8 
14 9 
14 10 
14 11 
14 13 
14 15 
14 17 
14 18 
14 19 
14 21 
14 22 
14 23 
14 25 
14 26 
14 27 
14 28 
14 29 
14 30 
14 31 
14 32 
14 33 
14 34 
14 35 
14 36 
14 37 
14 39 
14 40 
14 42 
14 44 
14 49 
14 51 
14 52 
14 58 
14 59 
14 62 
14 63 
14 67 
14 68 
14 69 
14 70 
14 73 
14 74 
14 76 
14 78 
14 82 
14 84 
14 86 
14 87 
14 88 
14 89 
14 90 
14 94 
14 96 
14 98 
14 100 
14 104 
14 105 
14 108 
14 109 
14 110 
14 113 
14 119 
14 121 
14 146 
14 157 
15 2 
15 3 
15 4 
15 6 
15 7 
15 8 
15 9 
15 10 
15 11 
15 13 
15 14 
15 16 
15 18 
15 21 
15 22 
15 23 
15 26 
15 27 
15 28 
15 29 
15 30 
15 31 
15 32 
15 33 
15 34 
15 35 
15 36 
15 37 
15 39 
15 40 
15 44 
15 45 
15 51 
15 52 
15 55 
15 59 
15 62 
15 63 
15 68 
15 69 
15 70 
15 73 
15 74 
15 76 
15 78 
15 80 
15 82 
15 84 
15 86 
15 87 
15 88 
15 90 
15 96 
15 98 
15 100 
15 109 
15 117 
15 157 
16 97 
17 6 
17 7 
17 9 
17 29 
17 31 
17 32 
17 89 
17 113 
17 125 
17 134 
17 155 
18 29 
19 28 
19 40 
19 45 
19 105 
21 2 
21 3 
21 4 
21 7 
21 9 
21 11 
21 13 
21 14 
21 15 
21 17 
21 18 
21 19 
21 22 
21 26 
21 27 
21 30 
21 31 
21 34 
21 35 
21 36 
21 37 
21 40 
21 44 
21 58 
21 63 
21 68 
21 69 
21 80 
21 82 
21 109 
21 117 
22 3 
22 4 
22 7 
22 9 
22 10 
22 14 
22 15 
22 27 
22 30 
22 32 
22 34 
22 35 
22 37 
22 40 
22 44 
22 48 
22 52 
22 63 
22 68 
22 69 
22 82 
22 84 
22 87 
22 88 
22 98 
22 109 
22 116 
23 7 
23 9 
23 34 
23 133 
24 15 
26 34 
26 105 
26 139 
27 2 
27 3 
27 4 
27 5 
27 6 
27 7 
27 9 
27 10 
27 11 
27 13 
27 14 
27 15 
27 16 
27 17 
27 18 
27 19 
27 21 
27 22 
27 23 
27 26 
27 29 
27 30 
27 31 
27 32 
27 33 
27 34 
27 35 
27 36 
27 37 
27 39 
27 40 
27 42 
27 44 
27 48 
27 49 
27 51 
27 52 
27 55 
27 59 
27 63 
27 68 
27 69 
27 70 
27 73 
27 78 
27 79 
27 80 
27 82 
27 84 
27 86 
27 87 
27 96 
27 97 
27 98 
27 105 
27 108 
27 109 
27 110 
27 148 
28 119 
30 3 
30 4 
30 7 
30 9 
30 10 
30 11 
30 14 
30 15 
30 18 
30 21 
30 22 
30 25 
30 26 
30 27 
30 28 
30 29 
30 31 
30 32 
30 33 
30 34 
30 35 
30 39 
30 44 
30 48 
30 51 
30 52 
30 55 
30 59 
30 63 
30 68 
30 69 
30 73 
30 78 
30 82 
30 84 
30 87 
30 90 
30 94 
30 96 
30 108 
30 109 
30 113 
30 117 
30 119 
30 121 
30 125 
30 146 
31 6 
31 23 
32 13 
32 14 
32 72 
32 73 
32 86 
32 116 
32 117 
33 67 
34 26 
34 31 
34 110 
35 4 
35 7 
35 9 
35 14 
35 15 
35 18 
35 22 
35 23 
35 27 
35 29 
35 30 
35 32 
35 34 
35 39 
35 48 
35 51 
35 55 
35 58 
35 63 
35 68 
35 70 
35 82 
35 84 
35 94 
36 11 
36 13 
36 15 
36 27 
36 37 
36 80 
36 98 
37 3 
37 11 
37 13 
37 14 
37 15 
37 17 
37 23 
37 25 
37 28 
37 33 
37 45 
37 49 
37 74 
37 76 
37 146 
39 26 
39 34 
40 19 
40 28 
40 29 
40 31 
40 33 
40 39 
40 48 
40 72 
40 78 
40 89 
40 110 
40 133 
40 146 
42 7 
42 9 
42 10 
42 17 
42 28 
42 29 
42 31 
42 33 
42 34 
42 70 
42 72 
42 83 
42 89 
42 100 
42 116 
42 117 
42 133 
43 125 
44 2 
44 4 
44 7 
44 9 
44 10 
44 11 
44 13 
44 14 
44 15 
44 17 
44 21 
44 22 
44 25 
44 26 
44 27 
44 30 
44 31 
44 34 
44 35 
44 36 
44 37 
44 63 
44 68 
44 70 
44 82 
44 84 
44 98 
44 109 
44 119 
44 125 
44 134 
44 148 
45 2 
45 4 
45 5 
45 6 
45 7 
45 8 
45 9 
45 10 
45 11 
45 15 
45 16 
45 17 
45 18 
45 21 
45 23 
45 25 
45 26 
45 27 
45 28 
45 29 
45 31 
45 32 
45 33 
45 34 
45 37 
45 39 
45 42 
45 44 
45 48 
45 49 
45 58 
45 70 
45 76 
45 78 
45 79 
45 84 
45 87 
45 90 
45 94 
45 96 
45 97 
45 100 
45 103 
45 105 
45 108 
45 109 
45 112 
45 117 
45 125 
45 128 
45 134 
45 146 
45 155 
49 5 
49 7 
49 9 
49 10 
49 17 
49 18 
49 21 
49 23 
49 28 
49 29 
49 31 
49 32 
49 34 
49 49 
49 55 
49 59 
49 76 
49 94 
49 95 
49 96 
49 108 
49 109 
49 146 
51 77 
52 30 
52 62 
52 68 
52 84 
52 87 
55 95 
58 136 
60 51 
60 86 
60 90 
62 158 
63 4 
63 7 
63 9 
63 10 
63 14 
63 15 
63 22 
63 26 
63 27 
63 28 
63 29 
63 30 
63 31 
63 32 
63 35 
63 39 
63 42 
63 52 
63 55 
63 69 
63 73 
63 84 
63 86 
63 87 
63 89 
63 90 
66 16 
68 11 
68 14 
68 15 
68 22 
68 27 
68 30 
68 44 
68 48 
68 52 
68 62 
68 84 
68 86 
68 90 
68 117 
69 14 
69 27 
69 36 
69 63 
69 68 
69 82 
69 84 
69 86 
69 87 
69 88 
69 90 
70 15 
70 21 
70 22 
70 27 
71 92 
73 11 
73 14 
73 15 
73 17 
73 18 
73 22 
73 26 
73 27 
73 30 
73 32 
73 52 
73 63 
73 83 
73 84 
73 90 
73 98 
73 109 
73 121 
74 4 
74 15 
74 19 
76 21 
78 82 
80 7 
80 9 
80 27 
80 32 
82 4 
82 7 
82 10 
82 14 
82 15 
82 22 
82 23 
82 27 
82 35 
82 48 
82 68 
82 78 
84 25 
84 52 
84 63 
84 68 
84 69 
85 22 
86 77 
87 30 
87 44 
87 52 
87 63 
87 69 
87 84 
88 3 
88 51 
93 27 
93 33 
93 34 
93 40 
93 63 
93 96 
96 7 
96 10 
96 31 
96 55 
96 94 
96 95 
96 108 
97 16 
98 3 
98 13 
98 15 
98 27 
98 31 
98 32 
98 52 
98 73 
98 89 
98 121 
101 16 
105 2 
105 6 
105 7 
105 9 
105 10 
105 15 
105 17 
105 18 
105 22 
105 23 
105 26 
105 27 
105 29 
105 31 
105 34 
105 39 
105 45 
105 99 
105 105 
105 110 
105 156 
105 182 
109 7 
109 9 
109 10 
109 23 
109 25 
109 31 
109 34 
109 109 
109 115 
109 119 
109 168 
113 159 
113 168 
114 5 
114 7 
114 9 
114 10 
114 28 
114 29 
114 31 
114 34 
114 49 
114 55 
114 58 
114 59 
114 95 
114 96 
117 42 
117 116 
119 59 
121 15 
121 18 
121 21 
121 26 
121 27 
121 31 
121 32 
121 33 
121 73 
121 78 
129 26 
148 193 
152 2 
