1 19 
1 40 
2 16 
2 18 
2 29 
2 34 
2 39 
2 105 
2 156 
2 166 
2 212 
3 4 
3 14 
3 15 
3 22 
3 27 
3 32 
3 37 
3 44 
3 45 
3 52 
3 60 
3 63 
3 69 
3 73 
3 74 
3 84 
3 87 
3 88 
4 3 
4 11 
4 14 
4 15 
4 22 
4 27 
4 35 
4 44 
4 63 
4 68 
4 69 
4 74 
4 80 
4 82 
5 23 
6 14 
6 37 
6 45 
6 70 
6 103 
6 112 
6 128 
7 2 
7 3 
7 4 
7 6 
7 11 
7 14 
7 15 
7 18 
7 22 
7 23 
7 26 
7 27 
7 29 
7 31 
7 32 
7 34 
7 35 
7 36 
7 37 
7 39 
7 42 
7 44 
7 45 
7 54 
7 58 
7 68 
7 69 
7 80 
7 82 
7 87 
7 90 
7 96 
7 100 
7 102 
7 105 
7 108 
7 109 
7 112 
7 133 
7 150 
7 156 
7 182 
8 2 
8 6 
8 26 
8 27 
8 35 
8 44 
8 45 
8 105 
8 156 
9 2 
9 3 
9 4 
9 6 
9 8 
9 9 
9 10 
9 11 
9 14 
9 15 
9 18 
9 22 
9 23 
9 26 
9 27 
9 29 
9 31 
9 32 
9 34 
9 35 
9 36 
9 37 
9 39 
9 42 
9 44 
9 45 
9 54 
9 58 
9 68 
9 69 
9 80 
9 82 
9 87 
9 90 
9 96 
9 100 
9 102 
9 105 
9 108 
9 109 
9 112 
9 133 
9 150 
9 182 
10 2 
10 6 
10 8 
10 9 
10 14 
10 26 
10 27 
10 34 
10 37 
10 45 
10 96 
10 105 
11 13 
11 14 
11 15 
11 36 
11 80 
11 102 
12 14 
12 15 
12 22 
12 23 
12 25 
12 27 
12 35 
12 36 
12 37 
12 40 
12 44 
12 51 
12 70 
12 78 
12 89 
12 90 
12 91 
12 102 
12 146 
12 156 
12 158 
13 11 
13 36 
13 98 
14 4 
14 11 
14 15 
14 22 
14 25 
14 27 
14 30 
14 32 
14 35 
14 36 
14 37 
14 44 
14 54 
14 57 
14 59 
14 63 
14 74 
14 78 
14 80 
14 82 
14 84 
14 156 
14 182 
14 187 
15 3 
15 4 
15 5 
15 6 
15 11 
15 13 
15 14 
15 21 
15 22 
15 27 
15 30 
15 35 
15 36 
15 37 
15 44 
15 51 
15 52 
15 60 
15 63 
15 66 
15 68 
15 69 
15 70 
15 73 
15 74 
15 80 
15 82 
15 83 
15 84 
15 87 
15 88 
15 96 
15 98 
15 121 
15 148 
15 212 
16 2 
16 3 
16 5 
16 6 
16 11 
16 14 
16 15 
16 23 
16 30 
16 31 
16 32 
16 33 
16 35 
16 36 
16 37 
16 40 
16 42 
16 44 
16 45 
16 55 
16 58 
16 66 
16 70 
16 76 
16 78 
16 80 
16 94 
16 96 
16 97 
16 105 
16 117 
16 150 
17 2 
17 3 
17 4 
17 5 
17 6 
17 7 
17 8 
17 9 
17 10 
17 11 
17 14 
17 15 
17 16 
17 18 
17 19 
17 21 
17 22 
17 25 
17 26 
17 27 
17 28 
17 29 
17 30 
17 31 
17 32 
17 33 
17 34 
17 35 
17 36 
17 37 
17 39 
17 40 
17 42 
17 44 
17 45 
17 48 
17 49 
17 51 
17 52 
17 55 
17 58 
17 59 
17 60 
17 62 
17 63 
17 66 
17 68 
17 69 
17 70 
17 71 
17 73 
17 76 
17 77 
17 78 
17 80 
17 82 
17 83 
17 84 
17 86 
17 87 
17 88 
17 89 
17 90 
17 91 
17 96 
17 98 
17 99 
17 100 
17 102 
17 105 
17 108 
17 109 
17 110 
17 112 
17 113 
17 116 
17 117 
17 121 
17 125 
17 134 
17 146 
17 148 
17 150 
17 155 
17 156 
17 158 
17 182 
17 212 
18 3 
18 5 
18 7 
18 9 
18 10 
18 14 
18 26 
18 34 
18 39 
18 40 
18 44 
18 51 
18 58 
18 80 
18 156 
19 6 
19 40 
20 6 
20 40 
21 44 
22 4 
22 11 
22 14 
22 15 
22 25 
22 32 
22 35 
22 36 
22 44 
22 63 
22 77 
22 80 
22 84 
22 88 
22 100 
22 102 
22 148 
23 2 
23 4 
23 5 
23 6 
23 7 
23 8 
23 9 
23 10 
23 11 
23 13 
23 14 
23 15 
23 16 
23 22 
23 25 
23 27 
23 31 
23 32 
23 34 
23 35 
23 36 
23 37 
23 39 
23 44 
23 45 
23 60 
23 63 
23 77 
23 80 
23 82 
23 102 
23 105 
23 134 
25 4 
25 6 
25 11 
25 14 
25 15 
25 22 
25 30 
25 36 
25 44 
25 45 
25 49 
25 84 
25 158 
25 180 
26 6 
26 18 
26 34 
26 59 
26 110 
26 128 
27 3 
27 4 
27 11 
27 13 
27 14 
27 15 
27 21 
27 22 
27 26 
27 30 
27 35 
27 36 
27 37 
27 44 
27 51 
27 59 
27 60 
27 62 
27 63 
27 68 
27 69 
27 70 
27 74 
27 80 
27 82 
27 84 
27 87 
27 88 
27 98 
27 102 
27 109 
27 127 
27 130 
27 148 
28 6 
28 7 
28 9 
28 15 
28 17 
28 19 
28 23 
28 26 
28 30 
28 31 
28 34 
28 40 
28 44 
28 52 
28 84 
28 89 
30 14 
30 15 
30 21 
30 22 
30 27 
30 35 
30 44 
30 63 
30 69 
30 73 
30 84 
30 87 
30 88 
30 121 
31 3 
31 6 
31 15 
31 29 
31 39 
31 44 
31 45 
31 63 
31 105 
32 117 
33 25 
33 44 
33 45 
33 134 
34 6 
34 18 
34 27 
34 62 
34 70 
34 99 
34 104 
34 110 
34 168 
34 212 
35 4 
35 5 
35 11 
35 14 
35 27 
35 76 
35 78 
35 80 
35 82 
35 84 
35 104 
36 3 
36 4 
36 11 
36 13 
36 15 
36 27 
36 35 
36 73 
36 80 
36 98 
36 102 
36 121 
37 3 
37 70 
38 19 
38 32 
39 2 
39 3 
39 6 
39 7 
39 10 
39 11 
39 14 
39 15 
39 18 
39 22 
39 26 
39 27 
39 32 
39 34 
39 35 
39 36 
39 37 
39 39 
39 44 
39 45 
39 49 
39 55 
39 68 
39 80 
39 82 
39 83 
39 99 
39 104 
39 105 
39 109 
39 117 
39 150 
39 156 
39 212 
40 2 
40 3 
40 4 
40 6 
40 11 
40 14 
40 15 
40 22 
40 23 
40 25 
40 27 
40 35 
40 36 
40 37 
40 44 
40 45 
40 48 
40 52 
40 68 
40 70 
40 77 
40 80 
40 84 
40 90 
40 91 
40 100 
40 105 
40 134 
42 83 
42 116 
43 17 
43 19 
43 27 
43 29 
43 45 
43 59 
43 110 
43 113 
43 125 
43 158 
43 212 
44 3 
44 4 
44 5 
44 11 
44 14 
44 15 
44 21 
44 22 
44 27 
44 36 
44 37 
44 62 
44 70 
44 71 
44 80 
44 84 
44 87 
44 88 
44 102 
44 119 
44 148 
45 6 
45 14 
45 15 
45 16 
45 17 
45 21 
45 22 
45 23 
45 26 
45 27 
45 34 
45 44 
45 55 
45 58 
45 60 
45 63 
45 66 
45 70 
45 76 
45 79 
45 96 
45 97 
45 102 
45 103 
45 108 
45 112 
45 120 
45 127 
45 128 
45 130 
45 136 
45 178 
45 182 
46 19 
46 32 
46 40 
46 42 
46 133 
47 4 
47 6 
47 14 
47 15 
47 23 
47 32 
47 34 
47 45 
47 63 
49 36 
49 69 
51 60 
51 77 
52 51 
52 80 
52 83 
52 84 
55 66 
58 16 
59 14 
59 40 
59 70 
59 170 
60 51 
60 77 
62 44 
63 30 
63 87 
63 88 
66 108 
67 6 
67 7 
67 9 
67 10 
67 15 
67 16 
67 17 
67 23 
67 25 
67 27 
67 30 
67 31 
67 33 
67 35 
67 40 
67 45 
67 48 
67 52 
67 60 
67 68 
67 70 
67 76 
67 80 
67 86 
67 89 
67 90 
67 146 
68 4 
68 6 
68 13 
68 14 
68 15 
68 21 
68 22 
68 27 
68 30 
68 35 
68 44 
68 45 
68 48 
68 52 
68 62 
68 84 
68 90 
69 84 
69 87 
70 4 
70 6 
70 14 
70 39 
70 44 
70 45 
70 80 
70 100 
70 105 
71 7 
71 9 
71 27 
73 13 
73 30 
73 98 
73 121 
74 4 
74 14 
75 23 
75 40 
76 2 
76 5 
76 6 
76 7 
76 8 
76 9 
76 10 
76 14 
76 16 
76 18 
76 23 
76 26 
76 27 
76 29 
76 31 
76 32 
76 34 
76 35 
76 39 
76 40 
76 42 
76 44 
76 45 
76 49 
76 60 
76 96 
76 105 
76 108 
76 109 
76 146 
78 156 
79 4 
79 6 
79 7 
79 8 
79 14 
79 15 
79 16 
79 23 
79 27 
79 44 
79 58 
79 76 
79 97 
79 150 
80 11 
80 36 
81 55 
82 27 
82 53 
84 22 
84 52 
84 63 
86 51 
86 77 
87 30 
87 63 
87 69 
87 84 
87 88 
89 4 
89 36 
89 44 
89 45 
89 68 
89 78 
89 84 
89 146 
89 158 
90 48 
90 77 
92 6 
92 7 
92 9 
92 11 
92 15 
92 23 
92 27 
92 37 
92 40 
92 71 
92 80 
92 102 
93 27 
93 33 
93 34 
93 70 
93 96 
93 180 
94 6 
94 7 
94 9 
94 16 
94 22 
94 31 
94 40 
94 44 
94 45 
94 49 
94 55 
94 58 
94 68 
94 76 
94 96 
95 3 
95 6 
95 15 
95 23 
95 27 
95 31 
95 45 
95 49 
95 60 
95 70 
95 76 
95 80 
95 108 
96 45 
97 6 
97 16 
97 45 
98 13 
98 36 
98 73 
98 121 
101 23 
101 79 
104 22 
105 99 
105 156 
105 166 
105 182 
107 5 
107 7 
107 9 
107 10 
107 14 
107 15 
107 16 
107 23 
107 25 
107 27 
107 30 
107 32 
107 36 
107 40 
107 45 
107 49 
107 60 
107 68 
107 70 
107 76 
107 80 
107 94 
107 182 
108 6 
108 15 
108 45 
108 58 
109 6 
109 7 
109 8 
109 37 
109 75 
109 113 
109 115 
109 119 
109 134 
109 138 
109 168 
110 6 
110 7 
110 8 
110 9 
110 10 
110 11 
110 14 
110 22 
110 23 
110 26 
110 34 
110 40 
110 44 
110 212 
111 6 
111 7 
111 9 
111 17 
111 23 
111 25 
111 30 
111 31 
111 32 
111 33 
111 35 
111 40 
111 52 
111 68 
111 86 
111 89 
111 91 
111 146 
111 158 
113 7 
113 9 
113 19 
113 23 
113 34 
113 40 
119 22 
119 40 
121 73 
121 98 
122 7 
122 9 
122 10 
122 14 
122 15 
122 22 
122 27 
122 37 
122 40 
122 89 
122 170 
124 6 
124 7 
124 9 
124 10 
124 15 
124 16 
124 17 
124 23 
124 25 
124 27 
124 30 
124 32 
124 34 
124 40 
124 45 
124 60 
124 68 
124 76 
124 84 
124 86 
124 89 
124 90 
124 102 
124 146 
126 7 
126 9 
130 14 
135 7 
135 9 
135 10 
135 19 
135 23 
135 28 
135 30 
135 34 
135 39 
135 62 
135 155 
139 7 
139 9 
139 10 
139 39 
141 7 
141 9 
143 7 
143 9 
144 7 
144 9 
145 40 
145 78 
146 80 
147 7 
147 9 
147 39 
152 6 
152 7 
152 9 
152 23 
152 30 
152 31 
152 33 
152 34 
152 40 
152 45 
152 109 
153 7 
153 9 
153 10 
153 23 
153 26 
153 31 
153 34 
153 39 
157 7 
157 9 
157 68 
157 119 
167 33 
167 125 
168 34 
170 6 
170 7 
170 10 
170 14 
170 22 
170 23 
170 25 
170 30 
170 40 
170 45 
170 68 
170 70 
170 89 
170 91 
170 119 
170 146 
173 4 
173 7 
173 9 
173 14 
173 40 
176 7 
176 9 
176 17 
176 19 
176 25 
176 71 
186 14 
187 7 
187 9 
187 14 
187 32 
193 7 
193 10 
204 59 
213 40 
