1 2 
1 6 
1 7 
1 9 
1 14 
1 15 
1 17 
1 19 
1 22 
1 23 
1 27 
1 28 
1 32 
1 40 
1 42 
1 45 
1 55 
1 58 
1 70 
1 110 
2 2 
2 3 
2 4 
2 5 
2 6 
2 7 
2 8 
2 9 
2 10 
2 11 
2 13 
2 14 
2 15 
2 17 
2 18 
2 21 
2 22 
2 23 
2 25 
2 26 
2 27 
2 28 
2 29 
2 30 
2 31 
2 32 
2 34 
2 35 
2 36 
2 37 
2 39 
2 40 
2 42 
2 44 
2 45 
2 49 
2 51 
2 52 
2 58 
2 59 
2 60 
2 62 
2 63 
2 66 
2 68 
2 70 
2 71 
2 76 
2 78 
2 80 
2 82 
2 84 
2 86 
2 88 
2 89 
2 96 
2 97 
2 99 
2 102 
2 105 
2 109 
2 110 
2 112 
2 113 
2 116 
2 119 
2 125 
2 134 
2 140 
2 150 
2 156 
2 158 
2 166 
2 182 
2 212 
3 4 
3 5 
3 6 
3 7 
3 9 
3 10 
3 11 
3 13 
3 14 
3 15 
3 18 
3 21 
3 22 
3 23 
3 27 
3 30 
3 31 
3 32 
3 34 
3 35 
3 36 
3 37 
3 40 
3 42 
3 44 
3 45 
3 48 
3 51 
3 52 
3 55 
3 58 
3 59 
3 60 
3 63 
3 68 
3 69 
3 70 
3 71 
3 73 
3 74 
3 76 
3 77 
3 80 
3 82 
3 83 
3 84 
3 86 
3 87 
3 88 
3 90 
3 91 
3 96 
3 98 
3 102 
3 109 
3 116 
3 117 
3 121 
3 158 
4 2 
4 3 
4 5 
4 6 
4 7 
4 8 
4 9 
4 10 
4 11 
4 13 
4 14 
4 15 
4 16 
4 17 
4 18 
4 19 
4 21 
4 22 
4 23 
4 25 
4 26 
4 27 
4 28 
4 29 
4 30 
4 31 
4 32 
4 34 
4 35 
4 36 
4 37 
4 39 
4 40 
4 42 
4 44 
4 45 
4 49 
4 51 
4 52 
4 53 
4 55 
4 57 
4 58 
4 59 
4 60 
4 62 
4 63 
4 66 
4 67 
4 68 
4 69 
4 70 
4 71 
4 73 
4 74 
4 76 
4 77 
4 78 
4 80 
4 82 
4 83 
4 84 
4 86 
4 87 
4 88 
4 90 
4 91 
4 94 
4 96 
4 98 
4 102 
4 104 
4 105 
4 108 
4 109 
4 110 
4 116 
4 117 
4 119 
4 121 
4 134 
4 146 
4 148 
4 156 
4 159 
4 173 
4 181 
4 182 
4 187 
4 213 
5 2 
5 3 
5 4 
5 5 
5 6 
5 7 
5 8 
5 9 
5 10 
5 11 
5 13 
5 14 
5 15 
5 16 
5 17 
5 18 
5 19 
5 21 
5 22 
5 23 
5 25 
5 26 
5 27 
5 28 
5 29 
5 30 
5 31 
5 32 
5 33 
5 34 
5 35 
5 36 
5 37 
5 39 
5 40 
5 42 
5 44 
5 45 
5 49 
5 51 
5 52 
5 53 
5 55 
5 57 
5 58 
5 59 
5 60 
5 63 
5 66 
5 69 
5 70 
5 71 
5 73 
5 74 
5 76 
5 78 
5 80 
5 82 
5 83 
5 84 
5 86 
5 87 
5 88 
5 90 
5 91 
5 92 
5 94 
5 95 
5 96 
5 97 
5 102 
5 105 
5 108 
5 109 
5 110 
5 117 
5 119 
5 120 
5 125 
5 127 
5 130 
5 133 
5 134 
5 146 
5 158 
5 187 
6 2 
6 3 
6 4 
6 5 
6 6 
6 7 
6 8 
6 9 
6 10 
6 11 
6 13 
6 14 
6 15 
6 16 
6 17 
6 18 
6 19 
6 21 
6 22 
6 23 
6 25 
6 26 
6 27 
6 28 
6 29 
6 30 
6 31 
6 32 
6 33 
6 34 
6 35 
6 36 
6 37 
6 39 
6 40 
6 42 
6 44 
6 45 
6 48 
6 49 
6 51 
6 52 
6 55 
6 58 
6 60 
6 62 
6 63 
6 66 
6 68 
6 69 
6 70 
6 71 
6 73 
6 76 
6 78 
6 79 
6 80 
6 82 
6 83 
6 84 
6 86 
6 87 
6 88 
6 90 
6 91 
6 92 
6 94 
6 95 
6 96 
6 97 
6 98 
6 102 
6 103 
6 105 
6 108 
6 109 
6 110 
6 112 
6 117 
6 119 
6 120 
6 121 
6 127 
6 128 
6 134 
6 146 
6 156 
6 158 
6 178 
6 182 
7 2 
7 3 
7 4 
7 5 
7 6 
7 11 
7 13 
7 14 
7 15 
7 16 
7 17 
7 18 
7 19 
7 21 
7 22 
7 23 
7 25 
7 26 
7 27 
7 28 
7 29 
7 30 
7 31 
7 32 
7 33 
7 34 
7 35 
7 36 
7 37 
7 39 
7 40 
7 42 
7 44 
7 45 
7 48 
7 49 
7 51 
7 52 
7 54 
7 55 
7 58 
7 59 
7 60 
7 62 
7 63 
7 66 
7 67 
7 68 
7 69 
7 70 
7 71 
7 72 
7 73 
7 74 
7 75 
7 76 
7 77 
7 78 
7 79 
7 80 
7 82 
7 83 
7 84 
7 86 
7 87 
7 88 
7 89 
7 90 
7 91 
7 92 
7 94 
7 95 
7 96 
7 97 
7 98 
7 99 
7 100 
7 102 
7 103 
7 104 
7 105 
7 108 
7 109 
7 110 
7 112 
7 113 
7 115 
7 116 
7 117 
7 119 
7 121 
7 125 
7 127 
7 128 
7 130 
7 133 
7 134 
7 136 
7 138 
7 139 
7 146 
7 148 
7 150 
7 155 
7 156 
7 157 
7 158 
7 159 
7 165 
7 166 
7 168 
7 173 
7 180 
7 182 
7 187 
7 190 
7 193 
7 212 
7 213 
8 2 
8 4 
8 5 
8 6 
8 9 
8 10 
8 11 
8 14 
8 15 
8 16 
8 17 
8 18 
8 19 
8 21 
8 22 
8 23 
8 26 
8 27 
8 28 
8 29 
8 31 
8 34 
8 36 
8 37 
8 39 
8 40 
8 44 
8 45 
8 55 
8 58 
8 62 
8 63 
8 66 
8 70 
8 75 
8 80 
8 82 
8 92 
8 96 
8 99 
8 100 
8 104 
8 105 
8 108 
8 109 
8 110 
8 115 
8 119 
8 128 
8 138 
8 139 
8 140 
8 148 
8 150 
8 155 
8 159 
8 168 
8 182 
9 2 
9 3 
9 4 
9 5 
9 6 
9 8 
9 9 
9 10 
9 11 
9 13 
9 14 
9 15 
9 16 
9 17 
9 18 
9 19 
9 21 
9 22 
9 23 
9 25 
9 26 
9 27 
9 28 
9 29 
9 30 
9 31 
9 32 
9 33 
9 34 
9 35 
9 36 
9 37 
9 39 
9 40 
9 42 
9 44 
9 45 
9 48 
9 49 
9 51 
9 52 
9 54 
9 55 
9 58 
9 59 
9 60 
9 62 
9 63 
9 66 
9 67 
9 68 
9 69 
9 70 
9 71 
9 72 
9 73 
9 75 
9 76 
9 77 
9 78 
9 79 
9 80 
9 82 
9 83 
9 84 
9 86 
9 87 
9 88 
9 89 
9 90 
9 91 
9 92 
9 94 
9 95 
9 96 
9 97 
9 98 
9 99 
9 100 
9 102 
9 103 
9 104 
9 105 
9 108 
9 109 
9 110 
9 112 
9 113 
9 115 
9 116 
9 117 
9 119 
9 121 
9 125 
9 127 
9 128 
9 130 
9 133 
9 134 
9 136 
9 138 
9 139 
9 140 
9 146 
9 148 
9 150 
9 156 
9 157 
9 158 
9 159 
9 165 
9 166 
9 168 
9 173 
9 180 
9 182 
9 187 
9 190 
9 193 
9 212 
9 213 
10 2 
10 3 
10 4 
10 5 
10 6 
10 8 
10 9 
10 11 
10 14 
10 15 
10 16 
10 17 
10 18 
10 19 
10 21 
10 22 
10 23 
10 25 
10 26 
10 27 
10 29 
10 30 
10 31 
10 32 
10 34 
10 35 
10 36 
10 37 
10 39 
10 40 
10 42 
10 44 
10 45 
10 49 
10 55 
10 58 
10 60 
10 62 
10 63 
10 69 
10 70 
10 71 
10 74 
10 76 
10 79 
10 80 
10 82 
10 83 
10 94 
10 96 
10 97 
10 99 
10 102 
10 103 
10 105 
10 108 
10 109 
10 110 
10 112 
10 125 
10 128 
10 130 
10 134 
10 136 
10 140 
10 146 
10 150 
10 155 
10 156 
10 158 
10 182 
11 2 
11 3 
11 4 
11 5 
11 6 
11 7 
11 8 
11 9 
11 10 
11 13 
11 14 
11 15 
11 16 
11 17 
11 18 
11 19 
11 21 
11 22 
11 23 
11 25 
11 26 
11 27 
11 28 
11 29 
11 30 
11 31 
11 32 
11 33 
11 34 
11 35 
11 36 
11 37 
11 39 
11 40 
11 42 
11 44 
11 45 
11 48 
11 49 
11 51 
11 52 
11 55 
11 58 
11 59 
11 60 
11 62 
11 63 
11 67 
11 68 
11 69 
11 70 
11 71 
11 72 
11 73 
11 74 
11 76 
11 78 
11 80 
11 82 
11 83 
11 84 
11 86 
11 87 
11 88 
11 90 
11 91 
11 94 
11 95 
11 96 
11 98 
11 100 
11 102 
11 105 
11 108 
11 109 
11 110 
11 112 
11 116 
11 117 
11 119 
11 121 
11 128 
11 133 
11 138 
11 146 
11 148 
11 150 
11 155 
11 168 
12 2 
12 3 
12 4 
12 5 
12 6 
12 7 
12 8 
12 9 
12 10 
12 11 
12 14 
12 15 
12 16 
12 17 
12 18 
12 21 
12 22 
12 23 
12 25 
12 26 
12 27 
12 28 
12 29 
12 30 
12 31 
12 32 
12 33 
12 35 
12 36 
12 37 
12 39 
12 40 
12 42 
12 44 
12 45 
12 48 
12 49 
12 51 
12 52 
12 55 
12 57 
12 58 
12 59 
12 60 
12 62 
12 63 
12 68 
12 69 
12 70 
12 73 
12 76 
12 77 
12 78 
12 80 
12 82 
12 83 
12 84 
12 86 
12 87 
12 88 
12 89 
12 90 
12 91 
12 94 
12 96 
12 97 
12 98 
12 100 
12 102 
12 105 
12 109 
12 110 
12 113 
12 116 
12 117 
12 119 
12 121 
12 125 
12 128 
12 134 
12 146 
12 150 
12 156 
12 158 
12 182 
12 187 
13 2 
13 3 
13 4 
13 5 
13 6 
13 7 
13 8 
13 9 
13 10 
13 11 
13 14 
13 15 
13 19 
13 22 
13 23 
13 26 
13 27 
13 29 
13 30 
13 31 
13 32 
13 34 
13 35 
13 36 
13 37 
13 39 
13 40 
13 42 
13 44 
13 45 
13 49 
13 52 
13 55 
13 60 
13 63 
13 73 
13 80 
13 82 
13 87 
13 88 
13 98 
13 102 
13 121 
14 2 
14 3 
14 4 
14 5 
14 6 
14 7 
14 8 
14 9 
14 10 
14 11 
14 13 
14 14 
14 15 
14 16 
14 17 
14 18 
14 19 
14 21 
14 22 
14 23 
14 25 
14 26 
14 27 
14 28 
14 29 
14 30 
14 31 
14 32 
14 33 
14 34 
14 35 
14 36 
14 37 
14 39 
14 40 
14 42 
14 44 
14 45 
14 48 
14 49 
14 51 
14 52 
14 53 
14 54 
14 55 
14 57 
14 58 
14 59 
14 60 
14 62 
14 63 
14 66 
14 68 
14 69 
14 70 
14 71 
14 73 
14 74 
14 76 
14 77 
14 78 
14 79 
14 80 
14 82 
14 83 
14 84 
14 86 
14 87 
14 88 
14 89 
14 90 
14 91 
14 92 
14 94 
14 95 
14 96 
14 97 
14 98 
14 100 
14 102 
14 104 
14 105 
14 108 
14 109 
14 110 
14 112 
14 116 
14 117 
14 118 
14 119 
14 121 
14 125 
14 128 
14 130 
14 133 
14 134 
14 146 
14 148 
14 150 
14 155 
14 156 
14 157 
14 158 
14 166 
14 168 
14 170 
14 173 
14 180 
14 181 
14 182 
14 187 
14 213 
15 2 
15 3 
15 4 
15 5 
15 6 
15 7 
15 8 
15 9 
15 10 
15 11 
15 13 
15 14 
15 16 
15 17 
15 18 
15 19 
15 21 
15 22 
15 23 
15 25 
15 26 
15 27 
15 28 
15 29 
15 30 
15 31 
15 32 
15 33 
15 34 
15 35 
15 36 
15 37 
15 39 
15 40 
15 42 
15 44 
15 45 
15 48 
15 49 
15 51 
15 52 
15 53 
15 54 
15 55 
15 58 
15 59 
15 60 
15 62 
15 63 
15 66 
15 67 
15 68 
15 69 
15 70 
15 71 
15 72 
15 73 
15 74 
15 76 
15 77 
15 78 
15 79 
15 80 
15 82 
15 83 
15 84 
15 86 
15 87 
15 88 
15 89 
15 90 
15 91 
15 92 
15 94 
15 95 
15 96 
15 97 
15 98 
15 100 
15 102 
15 103 
15 104 
15 105 
15 108 
15 109 
15 110 
15 112 
15 113 
15 115 
15 116 
15 117 
15 118 
15 119 
15 121 
15 125 
15 128 
15 133 
15 134 
15 136 
15 146 
15 148 
15 150 
15 155 
15 156 
15 157 
15 158 
15 168 
15 170 
15 180 
15 181 
15 182 
15 187 
15 193 
15 212 
16 2 
16 4 
16 6 
16 7 
16 8 
16 9 
16 10 
16 11 
16 14 
16 15 
16 22 
16 23 
16 27 
16 29 
16 30 
16 31 
16 32 
16 34 
16 35 
16 37 
16 39 
16 40 
16 42 
16 44 
16 45 
16 51 
16 55 
16 58 
16 60 
16 63 
16 67 
16 68 
16 69 
16 70 
16 71 
16 76 
16 77 
16 79 
16 80 
16 82 
16 83 
16 86 
16 92 
16 96 
16 97 
16 102 
16 105 
16 109 
16 113 
16 117 
16 134 
16 158 
17 2 
17 3 
17 4 
17 5 
17 6 
17 7 
17 8 
17 9 
17 10 
17 11 
17 13 
17 14 
17 15 
17 16 
17 18 
17 19 
17 21 
17 22 
17 23 
17 25 
17 26 
17 27 
17 28 
17 29 
17 30 
17 31 
17 32 
17 33 
17 34 
17 35 
17 36 
17 37 
17 39 
17 40 
17 42 
17 44 
17 45 
17 48 
17 49 
17 51 
17 52 
17 54 
17 55 
17 58 
17 59 
17 60 
17 62 
17 63 
17 66 
17 67 
17 68 
17 69 
17 70 
17 71 
17 72 
17 73 
17 74 
17 75 
17 76 
17 77 
17 78 
17 80 
17 82 
17 83 
17 84 
17 86 
17 87 
17 88 
17 89 
17 90 
17 91 
17 92 
17 94 
17 95 
17 96 
17 97 
17 99 
17 102 
17 103 
17 104 
17 105 
17 108 
17 109 
17 110 
17 112 
17 113 
17 115 
17 116 
17 117 
17 119 
17 120 
17 121 
17 125 
17 128 
17 130 
17 133 
17 134 
17 146 
17 148 
17 150 
17 155 
17 156 
17 157 
17 158 
17 168 
17 170 
17 182 
17 187 
17 190 
17 193 
17 212 
17 213 
18 2 
18 3 
18 4 
18 5 
18 6 
18 7 
18 8 
18 9 
18 10 
18 11 
18 13 
18 14 
18 15 
18 17 
18 18 
18 19 
18 21 
18 22 
18 23 
18 25 
18 26 
18 27 
18 28 
18 29 
18 30 
18 31 
18 32 
18 33 
18 34 
18 35 
18 36 
18 37 
18 39 
18 40 
18 42 
18 44 
18 45 
18 49 
18 51 
18 52 
18 55 
18 60 
18 62 
18 63 
18 67 
18 68 
18 69 
18 70 
18 73 
18 76 
18 77 
18 78 
18 80 
18 82 
18 83 
18 84 
18 86 
18 87 
18 90 
18 91 
18 94 
18 96 
18 99 
18 102 
18 105 
18 109 
18 110 
18 116 
18 117 
18 125 
18 128 
18 134 
18 139 
18 146 
18 150 
18 155 
18 156 
18 158 
18 182 
18 187 
18 212 
19 2 
19 3 
19 4 
19 5 
19 6 
19 7 
19 8 
19 9 
19 10 
19 14 
19 15 
19 17 
19 18 
19 22 
19 23 
19 25 
19 26 
19 27 
19 28 
19 30 
19 31 
19 32 
19 33 
19 34 
19 35 
19 36 
19 37 
19 40 
19 42 
19 44 
19 45 
19 49 
19 51 
19 52 
19 58 
19 60 
19 62 
19 63 
19 84 
19 89 
19 91 
19 96 
19 100 
19 102 
19 105 
19 109 
19 110 
19 116 
19 117 
19 121 
19 125 
19 133 
19 134 
19 146 
19 158 
20 4 
20 25 
20 40 
20 45 
20 78 
20 89 
21 2 
21 3 
21 4 
21 5 
21 6 
21 7 
21 9 
21 10 
21 11 
21 13 
21 14 
21 15 
21 16 
21 17 
21 18 
21 19 
21 22 
21 23 
21 26 
21 27 
21 29 
21 30 
21 31 
21 32 
21 33 
21 34 
21 35 
21 36 
21 37 
21 39 
21 40 
21 44 
21 45 
21 48 
21 49 
21 52 
21 54 
21 60 
21 62 
21 63 
21 68 
21 69 
21 70 
21 71 
21 73 
21 75 
21 76 
21 80 
21 82 
21 84 
21 86 
21 87 
21 88 
21 90 
21 95 
21 96 
21 102 
21 105 
21 109 
21 110 
21 113 
21 117 
21 119 
21 121 
21 133 
21 156 
21 173 
21 182 
22 2 
22 3 
22 4 
22 5 
22 6 
22 7 
22 8 
22 9 
22 10 
22 11 
22 13 
22 14 
22 15 
22 16 
22 17 
22 18 
22 19 
22 21 
22 23 
22 25 
22 26 
22 27 
22 28 
22 29 
22 30 
22 31 
22 32 
22 33 
22 34 
22 35 
22 36 
22 37 
22 39 
22 40 
22 42 
22 44 
22 45 
22 48 
22 49 
22 51 
22 52 
22 53 
22 55 
22 58 
22 59 
22 60 
22 62 
22 63 
22 66 
22 67 
22 68 
22 69 
22 70 
22 71 
22 73 
22 74 
22 76 
22 77 
22 78 
22 79 
22 80 
22 82 
22 83 
22 84 
22 86 
22 87 
22 88 
22 90 
22 91 
22 92 
22 94 
22 95 
22 96 
22 97 
22 98 
22 100 
22 102 
22 104 
22 105 
22 108 
22 109 
22 110 
22 116 
22 117 
22 119 
22 121 
22 125 
22 133 
22 134 
22 146 
22 148 
22 155 
22 156 
22 158 
22 180 
22 187 
22 193 
23 2 
23 3 
23 4 
23 5 
23 6 
23 7 
23 8 
23 9 
23 10 
23 11 
23 13 
23 14 
23 15 
23 16 
23 17 
23 18 
23 19 
23 21 
23 22 
23 25 
23 26 
23 27 
23 28 
23 29 
23 30 
23 31 
23 32 
23 34 
23 35 
23 36 
23 37 
23 39 
23 40 
23 42 
23 44 
23 45 
23 49 
23 51 
23 52 
23 55 
23 58 
23 60 
23 62 
23 63 
23 68 
23 69 
23 70 
23 71 
23 74 
23 76 
23 78 
23 79 
23 80 
23 82 
23 86 
23 88 
23 90 
23 91 
23 92 
23 94 
23 95 
23 96 
23 98 
23 99 
23 102 
23 105 
23 108 
23 109 
23 110 
23 113 
23 117 
23 128 
23 134 
23 140 
23 146 
23 150 
23 156 
23 158 
23 168 
23 182 
23 190 
24 7 
24 8 
24 9 
24 11 
24 15 
24 17 
24 23 
24 25 
24 31 
24 32 
24 35 
24 40 
24 42 
24 69 
24 72 
24 117 
25 2 
25 5 
25 6 
25 11 
25 14 
25 15 
25 17 
25 19 
25 22 
25 27 
25 33 
25 36 
25 37 
25 40 
25 44 
25 45 
25 49 
25 62 
25 67 
25 84 
25 87 
25 91 
25 94 
25 125 
25 134 
25 146 
25 158 
25 180 
26 2 
26 4 
26 6 
26 7 
26 8 
26 9 
26 10 
26 14 
26 15 
26 17 
26 18 
26 22 
26 23 
26 25 
26 27 
26 28 
26 29 
26 30 
26 31 
26 32 
26 33 
26 34 
26 35 
26 36 
26 37 
26 39 
26 42 
26 44 
26 45 
26 49 
26 60 
26 62 
26 67 
26 68 
26 69 
26 70 
26 71 
26 76 
26 77 
26 82 
26 87 
26 91 
26 92 
26 94 
26 96 
26 104 
26 105 
26 109 
26 110 
26 115 
26 119 
26 125 
26 133 
26 134 
26 139 
26 140 
26 146 
26 150 
26 156 
26 158 
26 182 
26 187 
26 212 
27 2 
27 3 
27 4 
27 5 
27 6 
27 7 
27 8 
27 9 
27 10 
27 11 
27 13 
27 14 
27 15 
27 16 
27 17 
27 18 
27 19 
27 21 
27 22 
27 23 
27 25 
27 26 
27 28 
27 29 
27 30 
27 31 
27 32 
27 33 
27 34 
27 35 
27 36 
27 37 
27 39 
27 40 
27 42 
27 44 
27 45 
27 48 
27 49 
27 51 
27 52 
27 53 
27 54 
27 55 
27 58 
27 59 
27 60 
27 62 
27 63 
27 66 
27 67 
27 68 
27 69 
27 70 
27 71 
27 72 
27 73 
27 74 
27 76 
27 77 
27 78 
27 80 
27 82 
27 83 
27 84 
27 86 
27 87 
27 88 
27 89 
27 90 
27 91 
27 92 
27 94 
27 95 
27 96 
27 97 
27 98 
27 100 
27 102 
27 105 
27 108 
27 109 
27 110 
27 112 
27 113 
27 115 
27 116 
27 117 
27 119 
27 121 
27 125 
27 127 
27 128 
27 130 
27 133 
27 134 
27 140 
27 146 
27 148 
27 150 
27 155 
27 156 
27 158 
27 168 
27 182 
27 187 
27 212 
28 2 
28 3 
28 4 
28 5 
28 6 
28 7 
28 8 
28 9 
28 10 
28 11 
28 13 
28 14 
28 15 
28 17 
28 18 
28 19 
28 22 
28 23 
28 25 
28 26 
28 27 
28 29 
28 30 
28 31 
28 32 
28 33 
28 34 
28 35 
28 36 
28 37 
28 39 
28 40 
28 44 
28 45 
28 48 
28 49 
28 52 
28 60 
28 63 
28 68 
28 73 
28 75 
28 76 
28 78 
28 80 
28 82 
28 84 
28 88 
28 91 
28 94 
28 96 
28 108 
28 109 
28 110 
28 113 
28 115 
28 119 
28 125 
28 134 
28 146 
28 150 
28 158 
29 2 
29 3 
29 4 
29 5 
29 6 
29 7 
29 8 
29 9 
29 10 
29 11 
29 13 
29 14 
29 15 
29 17 
29 18 
29 19 
29 21 
29 22 
29 23 
29 25 
29 26 
29 27 
29 28 
29 30 
29 31 
29 32 
29 33 
29 34 
29 35 
29 36 
29 37 
29 39 
29 40 
29 42 
29 44 
29 45 
29 48 
29 49 
29 51 
29 52 
29 54 
29 55 
29 58 
29 60 
29 62 
29 63 
29 66 
29 68 
29 69 
29 70 
29 73 
29 76 
29 77 
29 78 
29 79 
29 80 
29 82 
29 84 
29 86 
29 88 
29 90 
29 91 
29 94 
29 95 
29 96 
29 97 
29 102 
29 103 
29 105 
29 108 
29 109 
29 110 
29 112 
29 117 
29 134 
29 139 
29 146 
29 148 
29 150 
29 156 
29 158 
29 166 
29 182 
30 2 
30 3 
30 4 
30 5 
30 6 
30 7 
30 9 
30 10 
30 11 
30 13 
30 14 
30 15 
30 16 
30 17 
30 21 
30 22 
30 23 
30 25 
30 27 
30 29 
30 31 
30 32 
30 34 
30 35 
30 36 
30 37 
30 39 
30 40 
30 42 
30 44 
30 45 
30 48 
30 49 
30 51 
30 52 
30 60 
30 62 
30 63 
30 68 
30 69 
30 70 
30 71 
30 72 
30 73 
30 76 
30 78 
30 80 
30 82 
30 83 
30 84 
30 86 
30 87 
30 88 
30 90 
30 94 
30 96 
30 97 
30 98 
30 100 
30 102 
30 105 
30 109 
30 116 
30 117 
30 121 
30 133 
30 140 
30 150 
31 2 
31 3 
31 4 
31 5 
31 6 
31 7 
31 8 
31 9 
31 10 
31 11 
31 13 
31 14 
31 15 
31 16 
31 17 
31 18 
31 19 
31 21 
31 22 
31 23 
31 25 
31 26 
31 27 
31 29 
31 30 
31 32 
31 34 
31 35 
31 36 
31 37 
31 39 
31 40 
31 42 
31 44 
31 45 
31 49 
31 52 
31 55 
31 63 
31 66 
31 68 
31 69 
31 70 
31 72 
31 73 
31 76 
31 77 
31 79 
31 80 
31 82 
31 83 
31 87 
31 94 
31 95 
31 96 
31 99 
31 102 
31 104 
31 105 
31 108 
31 109 
31 110 
31 112 
31 115 
31 119 
31 134 
31 139 
31 146 
31 148 
31 150 
31 156 
31 158 
31 187 
32 2 
32 3 
32 4 
32 5 
32 6 
32 7 
32 8 
32 9 
32 10 
32 11 
32 13 
32 14 
32 15 
32 19 
32 21 
32 22 
32 23 
32 27 
32 30 
32 31 
32 34 
32 35 
32 36 
32 37 
32 39 
32 40 
32 42 
32 44 
32 45 
32 49 
32 60 
32 63 
32 69 
32 70 
32 72 
32 73 
32 83 
32 84 
32 86 
32 98 
32 100 
32 109 
32 116 
32 117 
32 121 
32 133 
33 2 
33 6 
33 17 
33 22 
33 23 
33 25 
33 27 
33 28 
33 37 
33 44 
33 45 
33 71 
33 78 
33 80 
33 89 
33 105 
33 117 
33 125 
33 134 
33 146 
33 150 
33 158 
33 187 
33 213 
34 2 
34 3 
34 4 
34 5 
34 6 
34 7 
34 8 
34 9 
34 10 
34 11 
34 13 
34 14 
34 15 
34 17 
34 18 
34 21 
34 22 
34 23 
34 26 
34 27 
34 28 
34 29 
34 30 
34 31 
34 32 
34 35 
34 36 
34 37 
34 39 
34 40 
34 44 
34 45 
34 49 
34 52 
34 55 
34 60 
34 62 
34 63 
34 66 
34 68 
34 69 
34 70 
34 76 
34 78 
34 80 
34 82 
34 84 
34 86 
34 88 
34 89 
34 91 
34 94 
34 96 
34 98 
34 99 
34 104 
34 105 
34 109 
34 110 
34 115 
34 116 
34 119 
34 125 
34 134 
34 139 
34 146 
34 148 
34 150 
34 156 
34 158 
34 212 
35 2 
35 3 
35 4 
35 5 
35 6 
35 7 
35 8 
35 9 
35 10 
35 11 
35 13 
35 14 
35 15 
35 16 
35 17 
35 18 
35 19 
35 21 
35 22 
35 23 
35 25 
35 26 
35 27 
35 28 
35 29 
35 30 
35 31 
35 32 
35 33 
35 34 
35 35 
35 36 
35 37 
35 39 
35 40 
35 42 
35 44 
35 45 
35 48 
35 49 
35 51 
35 52 
35 53 
35 54 
35 55 
35 57 
35 58 
35 59 
35 60 
35 62 
35 63 
35 66 
35 67 
35 68 
35 69 
35 70 
35 71 
35 73 
35 74 
35 76 
35 77 
35 78 
35 80 
35 82 
35 83 
35 84 
35 86 
35 87 
35 88 
35 89 
35 90 
35 91 
35 92 
35 94 
35 95 
35 96 
35 97 
35 98 
35 102 
35 105 
35 108 
35 109 
35 110 
35 112 
35 113 
35 115 
35 116 
35 117 
35 119 
35 120 
35 121 
35 134 
35 139 
35 146 
35 148 
35 150 
35 156 
35 158 
35 168 
35 182 
35 187 
35 212 
35 213 
36 2 
36 3 
36 4 
36 6 
36 7 
36 8 
36 9 
36 10 
36 11 
36 13 
36 14 
36 15 
36 17 
36 18 
36 19 
36 21 
36 22 
36 23 
36 26 
36 27 
36 30 
36 32 
36 34 
36 35 
36 37 
36 39 
36 40 
36 42 
36 44 
36 45 
36 48 
36 49 
36 52 
36 55 
36 58 
36 60 
36 63 
36 66 
36 68 
36 69 
36 73 
36 76 
36 77 
36 80 
36 82 
36 84 
36 87 
36 88 
36 96 
36 97 
36 98 
36 102 
36 105 
36 108 
36 109 
36 117 
36 121 
36 128 
36 148 
37 2 
37 3 
37 4 
37 5 
37 6 
37 7 
37 8 
37 9 
37 10 
37 11 
37 13 
37 14 
37 15 
37 16 
37 17 
37 18 
37 19 
37 21 
37 22 
37 23 
37 25 
37 26 
37 27 
37 28 
37 29 
37 30 
37 31 
37 32 
37 33 
37 34 
37 35 
37 36 
37 39 
37 40 
37 42 
37 44 
37 45 
37 48 
37 49 
37 51 
37 52 
37 55 
37 58 
37 59 
37 60 
37 62 
37 63 
37 66 
37 68 
37 69 
37 70 
37 71 
37 72 
37 73 
37 74 
37 76 
37 78 
37 79 
37 80 
37 82 
37 83 
37 84 
37 86 
37 87 
37 88 
37 90 
37 91 
37 92 
37 94 
37 95 
37 96 
37 97 
37 98 
37 100 
37 105 
37 108 
37 109 
37 110 
37 113 
37 116 
37 117 
37 121 
37 125 
37 138 
37 146 
37 159 
37 168 
37 182 
37 212 
38 7 
38 9 
38 32 
38 40 
38 116 
39 2 
39 3 
39 4 
39 5 
39 6 
39 7 
39 8 
39 9 
39 10 
39 11 
39 13 
39 14 
39 15 
39 16 
39 17 
39 18 
39 19 
39 21 
39 22 
39 23 
39 25 
39 26 
39 27 
39 28 
39 29 
39 30 
39 31 
39 32 
39 33 
39 34 
39 35 
39 36 
39 37 
39 39 
39 40 
39 42 
39 44 
39 45 
39 48 
39 49 
39 51 
39 52 
39 55 
39 58 
39 59 
39 60 
39 62 
39 63 
39 67 
39 68 
39 69 
39 70 
39 71 
39 73 
39 74 
39 76 
39 78 
39 79 
39 80 
39 82 
39 83 
39 84 
39 86 
39 87 
39 88 
39 92 
39 95 
39 96 
39 97 
39 98 
39 99 
39 102 
39 103 
39 104 
39 105 
39 108 
39 109 
39 110 
39 112 
39 116 
39 117 
39 119 
39 121 
39 125 
39 127 
39 128 
39 130 
39 134 
39 139 
39 146 
39 148 
39 150 
39 155 
39 156 
39 158 
39 166 
39 168 
39 182 
39 190 
39 212 
39 213 
40 2 
40 3 
40 4 
40 5 
40 6 
40 7 
40 8 
40 9 
40 10 
40 11 
40 13 
40 14 
40 15 
40 17 
40 18 
40 19 
40 21 
40 22 
40 23 
40 25 
40 26 
40 27 
40 28 
40 29 
40 30 
40 31 
40 32 
40 33 
40 34 
40 35 
40 36 
40 37 
40 39 
40 42 
40 44 
40 45 
40 48 
40 49 
40 51 
40 52 
40 55 
40 58 
40 59 
40 60 
40 63 
40 68 
40 69 
40 70 
40 72 
40 73 
40 76 
40 77 
40 78 
40 80 
40 82 
40 83 
40 84 
40 86 
40 87 
40 88 
40 90 
40 91 
40 94 
40 95 
40 96 
40 100 
40 102 
40 105 
40 109 
40 113 
40 117 
40 121 
40 128 
40 133 
40 134 
40 146 
40 148 
40 150 
40 156 
40 158 
40 182 
40 187 
40 213 
41 7 
41 9 
41 22 
41 23 
41 28 
41 32 
41 40 
41 42 
41 45 
41 83 
42 2 
42 3 
42 4 
42 6 
42 7 
42 9 
42 10 
42 11 
42 13 
42 14 
42 15 
42 17 
42 21 
42 22 
42 23 
42 27 
42 30 
42 32 
42 35 
42 40 
42 44 
42 45 
42 49 
42 52 
42 63 
42 69 
42 70 
42 73 
42 76 
42 77 
42 80 
42 83 
42 84 
42 87 
42 90 
42 98 
42 100 
42 102 
42 105 
42 109 
42 116 
42 117 
42 121 
42 133 
43 7 
43 8 
43 14 
43 15 
43 17 
43 19 
43 21 
43 25 
43 26 
43 27 
43 29 
43 31 
43 33 
43 34 
43 39 
43 44 
43 54 
43 59 
43 62 
43 66 
43 67 
43 71 
43 75 
43 78 
43 80 
43 91 
43 92 
43 96 
43 109 
43 110 
43 113 
43 115 
43 119 
43 125 
43 133 
43 134 
43 146 
43 158 
43 159 
43 187 
43 212 
43 213 
44 2 
44 3 
44 4 
44 5 
44 6 
44 7 
44 8 
44 9 
44 10 
44 11 
44 13 
44 14 
44 15 
44 16 
44 17 
44 18 
44 19 
44 21 
44 22 
44 23 
44 25 
44 26 
44 27 
44 28 
44 29 
44 30 
44 31 
44 32 
44 33 
44 34 
44 35 
44 36 
44 37 
44 39 
44 40 
44 42 
44 45 
44 49 
44 52 
44 54 
44 55 
44 58 
44 60 
44 62 
44 63 
44 66 
44 67 
44 68 
44 69 
44 70 
44 71 
44 73 
44 74 
44 75 
44 76 
44 77 
44 78 
44 79 
44 80 
44 82 
44 83 
44 84 
44 86 
44 87 
44 88 
44 90 
44 91 
44 92 
44 94 
44 95 
44 96 
44 98 
44 100 
44 102 
44 103 
44 105 
44 108 
44 109 
44 110 
44 112 
44 113 
44 115 
44 116 
44 117 
44 119 
44 120 
44 121 
44 125 
44 128 
44 133 
44 134 
44 136 
44 146 
44 148 
44 150 
44 155 
44 156 
44 157 
44 158 
44 168 
44 178 
44 180 
44 181 
44 182 
44 187 
44 193 
44 212 
45 2 
45 3 
45 4 
45 5 
45 6 
45 7 
45 8 
45 9 
45 10 
45 11 
45 13 
45 14 
45 15 
45 16 
45 17 
45 18 
45 19 
45 21 
45 22 
45 23 
45 25 
45 26 
45 27 
45 28 
45 29 
45 30 
45 31 
45 32 
45 33 
45 34 
45 35 
45 36 
45 37 
45 39 
45 40 
45 42 
45 44 
45 48 
45 49 
45 51 
45 52 
45 54 
45 55 
45 58 
45 59 
45 60 
45 62 
45 63 
45 66 
45 67 
45 68 
45 69 
45 70 
45 71 
45 72 
45 73 
45 74 
45 75 
45 76 
45 77 
45 78 
45 79 
45 80 
45 82 
45 83 
45 84 
45 86 
45 87 
45 88 
45 90 
45 91 
45 92 
45 94 
45 95 
45 96 
45 97 
45 98 
45 99 
45 100 
45 102 
45 103 
45 104 
45 105 
45 108 
45 109 
45 110 
45 112 
45 113 
45 115 
45 116 
45 117 
45 119 
45 120 
45 121 
45 125 
45 127 
45 128 
45 130 
45 133 
45 134 
45 136 
45 138 
45 139 
45 140 
45 146 
45 148 
45 150 
45 155 
45 156 
45 158 
45 165 
45 168 
45 170 
45 178 
45 182 
45 193 
45 212 
46 3 
46 6 
46 7 
46 9 
46 14 
46 15 
46 17 
46 23 
46 31 
46 32 
46 35 
46 40 
46 42 
46 45 
46 49 
46 51 
46 60 
46 63 
46 69 
46 76 
46 83 
46 84 
46 86 
46 90 
46 105 
46 117 
46 133 
47 2 
47 3 
47 4 
47 6 
47 7 
47 8 
47 9 
47 10 
47 11 
47 14 
47 15 
47 17 
47 18 
47 21 
47 22 
47 23 
47 25 
47 26 
47 27 
47 28 
47 29 
47 30 
47 31 
47 32 
47 34 
47 35 
47 36 
47 37 
47 39 
47 40 
47 42 
47 44 
47 45 
47 62 
47 63 
47 66 
47 68 
47 70 
47 71 
47 76 
47 80 
47 86 
47 87 
47 96 
47 105 
47 109 
47 110 
47 119 
47 128 
47 134 
47 139 
47 155 
47 156 
47 158 
47 187 
48 2 
48 3 
48 5 
48 6 
48 7 
48 9 
48 10 
48 11 
48 14 
48 15 
48 22 
48 23 
48 27 
48 30 
48 31 
48 32 
48 35 
48 40 
48 44 
48 45 
48 49 
48 51 
48 52 
48 60 
48 63 
48 68 
48 69 
48 76 
48 77 
48 84 
48 86 
48 90 
48 105 
48 109 
48 117 
48 121 
49 2 
49 3 
49 4 
49 5 
49 6 
49 7 
49 8 
49 9 
49 10 
49 11 
49 13 
49 14 
49 15 
49 16 
49 17 
49 21 
49 22 
49 23 
49 25 
49 27 
49 28 
49 29 
49 30 
49 31 
49 32 
49 34 
49 35 
49 36 
49 37 
49 39 
49 40 
49 44 
49 45 
49 49 
49 51 
49 52 
49 55 
49 57 
49 58 
49 59 
49 60 
49 63 
49 66 
49 68 
49 69 
49 70 
49 76 
49 79 
49 80 
49 82 
49 83 
49 84 
49 88 
49 90 
49 94 
49 95 
49 96 
49 97 
49 105 
49 108 
49 109 
49 116 
49 117 
49 119 
49 125 
49 150 
50 6 
50 7 
50 8 
50 9 
50 10 
50 14 
50 15 
50 22 
50 35 
50 44 
50 45 
50 68 
51 3 
51 6 
51 11 
51 14 
51 15 
51 22 
51 25 
51 40 
51 45 
51 48 
51 60 
51 63 
51 68 
51 69 
51 77 
51 86 
51 88 
51 90 
52 2 
52 3 
52 4 
52 5 
52 6 
52 7 
52 9 
52 10 
52 11 
52 14 
52 15 
52 17 
52 18 
52 22 
52 23 
52 25 
52 27 
52 28 
52 30 
52 31 
52 32 
52 34 
52 35 
52 37 
52 40 
52 42 
52 44 
52 45 
52 48 
52 49 
52 51 
52 55 
52 60 
52 62 
52 63 
52 68 
52 69 
52 70 
52 73 
52 76 
52 77 
52 80 
52 82 
52 83 
52 84 
52 86 
52 88 
52 90 
52 94 
52 96 
52 100 
52 102 
52 105 
52 109 
52 117 
52 121 
52 134 
52 150 
53 5 
53 35 
54 4 
54 6 
54 7 
54 8 
54 9 
54 11 
54 14 
54 15 
54 17 
54 22 
54 23 
54 27 
54 32 
54 34 
54 35 
54 37 
54 44 
54 45 
54 49 
54 52 
54 76 
54 80 
54 109 
55 2 
55 3 
55 4 
55 5 
55 6 
55 7 
55 8 
55 9 
55 10 
55 11 
55 14 
55 15 
55 16 
55 17 
55 18 
55 21 
55 22 
55 23 
55 25 
55 27 
55 29 
55 30 
55 31 
55 32 
55 33 
55 34 
55 35 
55 36 
55 37 
55 39 
55 42 
55 44 
55 45 
55 49 
55 51 
55 52 
55 55 
55 58 
55 60 
55 62 
55 63 
55 66 
55 68 
55 71 
55 72 
55 73 
55 74 
55 76 
55 79 
55 80 
55 82 
55 83 
55 84 
55 86 
55 87 
55 90 
55 94 
55 95 
55 96 
55 97 
55 103 
55 105 
55 108 
55 112 
55 116 
55 117 
55 119 
55 125 
55 127 
55 128 
55 133 
55 134 
55 146 
55 158 
55 178 
56 15 
56 42 
57 14 
57 15 
57 17 
57 18 
57 44 
57 60 
57 109 
58 2 
58 3 
58 4 
58 5 
58 6 
58 7 
58 8 
58 9 
58 10 
58 11 
58 14 
58 15 
58 16 
58 17 
58 22 
58 23 
58 25 
58 27 
58 30 
58 31 
58 32 
58 33 
58 34 
58 35 
58 36 
58 37 
58 39 
58 40 
58 42 
58 44 
58 45 
58 51 
58 55 
58 60 
58 63 
58 66 
58 69 
58 70 
58 71 
58 72 
58 76 
58 77 
58 79 
58 80 
58 82 
58 83 
58 86 
58 92 
58 94 
58 96 
58 97 
58 102 
58 105 
58 109 
58 115 
58 116 
58 117 
58 134 
58 146 
58 158 
59 4 
59 6 
59 7 
59 9 
59 11 
59 14 
59 15 
59 17 
59 22 
59 27 
59 32 
59 35 
59 37 
59 44 
59 45 
59 54 
59 55 
59 60 
59 66 
59 76 
59 78 
59 79 
59 86 
59 117 
59 119 
59 158 
59 170 
59 187 
60 2 
60 3 
60 4 
60 6 
60 7 
60 8 
60 9 
60 10 
60 11 
60 14 
60 15 
60 22 
60 27 
60 31 
60 32 
60 35 
60 36 
60 37 
60 40 
60 45 
60 48 
60 51 
60 52 
60 63 
60 68 
60 69 
60 76 
60 77 
60 80 
60 83 
60 86 
60 87 
60 88 
60 90 
60 96 
60 109 
60 116 
60 134 
61 6 
61 14 
61 22 
61 35 
61 49 
62 3 
62 4 
62 7 
62 8 
62 9 
62 13 
62 14 
62 15 
62 22 
62 25 
62 27 
62 31 
62 32 
62 34 
62 35 
62 36 
62 37 
62 44 
62 45 
62 52 
62 63 
62 68 
62 69 
62 70 
62 80 
62 90 
62 121 
62 125 
63 2 
63 3 
63 4 
63 5 
63 6 
63 7 
63 9 
63 10 
63 11 
63 13 
63 14 
63 15 
63 17 
63 18 
63 21 
63 22 
63 23 
63 27 
63 28 
63 30 
63 31 
63 32 
63 33 
63 35 
63 36 
63 37 
63 39 
63 40 
63 42 
63 44 
63 45 
63 48 
63 49 
63 51 
63 52 
63 60 
63 62 
63 68 
63 69 
63 70 
63 71 
63 73 
63 76 
63 78 
63 80 
63 82 
63 83 
63 84 
63 86 
63 87 
63 88 
63 90 
63 91 
63 96 
63 98 
63 100 
63 102 
63 105 
63 109 
63 110 
63 115 
63 116 
63 117 
63 121 
63 125 
63 134 
63 146 
63 158 
63 182 
63 187 
64 7 
64 10 
64 14 
65 6 
65 7 
65 8 
65 14 
65 15 
65 22 
65 27 
65 31 
65 35 
65 44 
65 45 
65 60 
65 66 
65 100 
65 108 
65 127 
66 2 
66 3 
66 4 
66 5 
66 6 
66 7 
66 8 
66 9 
66 10 
66 14 
66 15 
66 16 
66 18 
66 22 
66 23 
66 25 
66 26 
66 27 
66 29 
66 30 
66 31 
66 32 
66 34 
66 35 
66 36 
66 37 
66 39 
66 40 
66 42 
66 44 
66 45 
66 48 
66 49 
66 51 
66 52 
66 55 
66 58 
66 60 
66 62 
66 63 
66 68 
66 69 
66 71 
66 72 
66 74 
66 76 
66 77 
66 78 
66 79 
66 80 
66 82 
66 83 
66 84 
66 86 
66 87 
66 90 
66 95 
66 96 
66 97 
66 100 
66 102 
66 103 
66 108 
66 109 
66 112 
66 116 
66 117 
66 125 
66 127 
66 130 
66 133 
66 134 
66 146 
66 150 
66 156 
66 158 
66 212 
67 2 
67 4 
67 6 
67 7 
67 8 
67 9 
67 11 
67 14 
67 15 
67 17 
67 22 
67 23 
67 25 
67 26 
67 27 
67 28 
67 30 
67 31 
67 32 
67 33 
67 34 
67 35 
67 36 
67 37 
67 39 
67 40 
67 42 
67 44 
67 45 
67 51 
67 52 
67 54 
67 59 
67 60 
67 62 
67 63 
67 68 
67 70 
67 71 
67 77 
67 80 
67 86 
67 92 
67 96 
67 97 
67 108 
67 109 
67 113 
67 117 
67 125 
67 134 
67 146 
67 158 
68 2 
68 3 
68 4 
68 6 
68 7 
68 8 
68 9 
68 11 
68 13 
68 14 
68 15 
68 17 
68 21 
68 22 
68 23 
68 25 
68 27 
68 30 
68 31 
68 32 
68 35 
68 36 
68 39 
68 40 
68 44 
68 45 
68 48 
68 49 
68 51 
68 52 
68 62 
68 63 
68 69 
68 70 
68 73 
68 78 
68 83 
68 84 
68 86 
68 87 
68 90 
68 94 
68 96 
68 100 
68 105 
68 109 
68 116 
68 146 
68 150 
69 2 
69 3 
69 4 
69 6 
69 7 
69 8 
69 9 
69 10 
69 11 
69 13 
69 14 
69 15 
69 17 
69 19 
69 21 
69 22 
69 23 
69 25 
69 27 
69 30 
69 31 
69 32 
69 34 
69 35 
69 36 
69 37 
69 40 
69 42 
69 44 
69 45 
69 48 
69 49 
69 51 
69 52 
69 60 
69 63 
69 68 
69 70 
69 73 
69 76 
69 77 
69 78 
69 80 
69 83 
69 84 
69 86 
69 87 
69 88 
69 90 
69 96 
69 102 
69 105 
69 109 
69 116 
69 117 
69 121 
70 2 
70 3 
70 4 
70 5 
70 6 
70 7 
70 8 
70 9 
70 10 
70 11 
70 13 
70 14 
70 15 
70 16 
70 17 
70 21 
70 22 
70 23 
70 27 
70 30 
70 31 
70 32 
70 34 
70 35 
70 36 
70 37 
70 39 
70 40 
70 42 
70 44 
70 45 
70 49 
70 51 
70 52 
70 54 
70 55 
70 58 
70 60 
70 62 
70 63 
70 66 
70 67 
70 68 
70 69 
70 71 
70 72 
70 73 
70 76 
70 77 
70 78 
70 80 
70 82 
70 83 
70 84 
70 86 
70 87 
70 88 
70 90 
70 96 
70 100 
70 102 
70 105 
70 108 
70 109 
70 110 
70 115 
70 116 
70 117 
70 121 
70 127 
70 133 
70 138 
70 146 
70 148 
70 168 
70 187 
71 2 
71 3 
71 4 
71 6 
71 7 
71 8 
71 9 
71 13 
71 14 
71 15 
71 16 
71 17 
71 18 
71 19 
71 21 
71 22 
71 23 
71 25 
71 26 
71 27 
71 28 
71 29 
71 30 
71 31 
71 32 
71 33 
71 34 
71 35 
71 36 
71 37 
71 39 
71 40 
71 42 
71 44 
71 45 
71 48 
71 51 
71 52 
71 54 
71 55 
71 58 
71 59 
71 60 
71 62 
71 63 
71 66 
71 67 
71 68 
71 69 
71 70 
71 72 
71 73 
71 76 
71 77 
71 78 
71 80 
71 83 
71 84 
71 86 
71 87 
71 90 
71 91 
71 92 
71 102 
71 104 
71 105 
71 109 
71 113 
71 115 
71 116 
71 117 
71 119 
71 121 
71 125 
71 134 
71 138 
71 146 
71 150 
71 158 
71 159 
71 168 
71 187 
71 213 
72 7 
72 9 
72 14 
72 23 
72 31 
72 32 
72 40 
72 63 
72 70 
72 117 
72 133 
73 3 
73 4 
73 6 
73 7 
73 8 
73 11 
73 14 
73 15 
73 22 
73 23 
73 27 
73 30 
73 32 
73 35 
73 36 
73 44 
73 45 
73 63 
73 68 
73 80 
73 84 
73 86 
73 98 
73 100 
73 117 
73 121 
74 3 
74 4 
74 6 
74 11 
74 14 
74 15 
74 19 
74 22 
74 27 
74 30 
74 35 
74 37 
74 44 
74 52 
74 63 
74 68 
74 84 
74 87 
74 159 
75 15 
75 22 
75 23 
75 27 
75 44 
75 49 
75 71 
75 76 
75 109 
75 168 
76 2 
76 3 
76 4 
76 5 
76 6 
76 7 
76 8 
76 9 
76 10 
76 11 
76 13 
76 14 
76 15 
76 16 
76 17 
76 18 
76 19 
76 22 
76 23 
76 25 
76 26 
76 27 
76 28 
76 29 
76 30 
76 31 
76 32 
76 34 
76 35 
76 36 
76 37 
76 39 
76 40 
76 42 
76 44 
76 45 
76 49 
76 51 
76 52 
76 55 
76 58 
76 60 
76 63 
76 66 
76 67 
76 68 
76 69 
76 70 
76 71 
76 78 
76 79 
76 80 
76 82 
76 83 
76 84 
76 86 
76 87 
76 90 
76 91 
76 94 
76 95 
76 96 
76 97 
76 102 
76 105 
76 108 
76 109 
76 117 
76 125 
76 128 
76 136 
76 156 
76 158 
76 182 
77 15 
77 22 
77 32 
77 48 
77 51 
77 63 
77 90 
78 2 
78 3 
78 4 
78 5 
78 6 
78 7 
78 8 
78 9 
78 10 
78 11 
78 13 
78 14 
78 15 
78 17 
78 18 
78 22 
78 23 
78 25 
78 27 
78 28 
78 29 
78 30 
78 31 
78 32 
78 33 
78 34 
78 35 
78 36 
78 37 
78 39 
78 40 
78 42 
78 44 
78 45 
78 48 
78 49 
78 51 
78 52 
78 59 
78 60 
78 68 
78 69 
78 70 
78 76 
78 77 
78 80 
78 82 
78 84 
78 86 
78 87 
78 88 
78 90 
78 91 
78 94 
78 96 
78 104 
78 105 
78 108 
78 109 
78 116 
78 117 
78 134 
78 148 
78 150 
78 156 
78 187 
78 213 
79 4 
79 6 
79 7 
79 10 
79 14 
79 15 
79 16 
79 17 
79 22 
79 23 
79 27 
79 45 
79 58 
79 76 
79 97 
80 2 
80 4 
80 6 
80 7 
80 8 
80 9 
80 10 
80 11 
80 13 
80 14 
80 15 
80 16 
80 17 
80 21 
80 22 
80 23 
80 26 
80 27 
80 29 
80 30 
80 32 
80 35 
80 36 
80 37 
80 39 
80 40 
80 44 
80 45 
80 48 
80 49 
80 51 
80 55 
80 60 
80 69 
80 70 
80 71 
80 73 
80 78 
80 82 
80 84 
80 88 
80 92 
80 96 
80 98 
80 102 
80 105 
80 109 
80 113 
80 121 
80 125 
80 133 
80 158 
81 5 
81 6 
81 7 
81 9 
81 10 
81 16 
81 19 
81 22 
81 23 
81 34 
81 35 
81 39 
81 45 
81 58 
81 66 
81 76 
81 79 
81 94 
81 97 
81 103 
81 127 
81 128 
81 156 
82 2 
82 3 
82 4 
82 5 
82 6 
82 7 
82 8 
82 9 
82 11 
82 14 
82 15 
82 19 
82 22 
82 23 
82 25 
82 26 
82 27 
82 29 
82 30 
82 31 
82 32 
82 35 
82 37 
82 42 
82 44 
82 45 
82 49 
82 51 
82 53 
82 55 
82 57 
82 60 
82 63 
82 66 
82 67 
82 68 
82 69 
82 71 
82 74 
82 76 
82 77 
82 78 
82 80 
82 84 
82 86 
82 92 
82 94 
82 102 
82 104 
82 105 
82 109 
82 117 
82 128 
82 140 
82 150 
83 14 
83 15 
83 22 
83 27 
83 30 
83 32 
83 39 
83 40 
83 42 
83 52 
83 73 
83 84 
83 87 
83 100 
83 116 
83 117 
83 133 
84 3 
84 4 
84 5 
84 6 
84 7 
84 9 
84 11 
84 14 
84 15 
84 19 
84 22 
84 23 
84 27 
84 28 
84 30 
84 35 
84 37 
84 40 
84 42 
84 44 
84 45 
84 52 
84 60 
84 63 
84 68 
84 69 
84 73 
84 80 
84 82 
84 83 
84 86 
84 87 
84 88 
84 90 
84 102 
84 105 
84 109 
84 117 
85 82 
86 2 
86 3 
86 6 
86 11 
86 14 
86 15 
86 21 
86 22 
86 23 
86 27 
86 30 
86 32 
86 35 
86 37 
86 42 
86 44 
86 45 
86 51 
86 52 
86 60 
86 67 
86 68 
86 69 
86 77 
86 83 
86 84 
86 87 
86 88 
86 90 
86 109 
86 117 
87 2 
87 3 
87 4 
87 5 
87 7 
87 9 
87 14 
87 15 
87 22 
87 27 
87 30 
87 32 
87 35 
87 36 
87 37 
87 40 
87 42 
87 44 
87 45 
87 51 
87 52 
87 60 
87 63 
87 69 
87 70 
87 76 
87 80 
87 83 
87 84 
87 86 
87 88 
87 90 
87 100 
87 121 
88 2 
88 3 
88 4 
88 6 
88 11 
88 14 
88 15 
88 22 
88 27 
88 30 
88 32 
88 35 
88 36 
88 37 
88 39 
88 40 
88 44 
88 45 
88 48 
88 51 
88 52 
88 55 
88 60 
88 63 
88 68 
88 69 
88 70 
88 73 
88 77 
88 80 
88 83 
88 84 
88 86 
88 87 
88 90 
88 109 
88 117 
88 121 
89 3 
89 4 
89 6 
89 7 
89 9 
89 14 
89 15 
89 17 
89 21 
89 22 
89 25 
89 27 
89 28 
89 30 
89 31 
89 33 
89 35 
89 36 
89 37 
89 40 
89 42 
89 44 
89 45 
89 51 
89 62 
89 78 
89 80 
89 91 
89 94 
89 116 
89 125 
89 134 
89 146 
89 158 
89 213 
90 2 
90 3 
90 5 
90 6 
90 11 
90 14 
90 15 
90 22 
90 27 
90 30 
90 32 
90 36 
90 37 
90 40 
90 45 
90 48 
90 49 
90 51 
90 52 
90 60 
90 68 
90 69 
90 77 
90 78 
90 83 
90 84 
90 86 
90 88 
90 109 
90 117 
90 121 
91 4 
91 6 
91 7 
91 9 
91 10 
91 14 
91 15 
91 17 
91 19 
91 22 
91 23 
91 25 
91 27 
91 28 
91 30 
91 31 
91 32 
91 33 
91 35 
91 37 
91 40 
91 42 
91 45 
91 51 
91 58 
91 63 
91 68 
91 78 
91 80 
91 84 
91 88 
91 133 
92 4 
92 6 
92 7 
92 8 
92 9 
92 10 
92 11 
92 14 
92 15 
92 22 
92 23 
92 25 
92 27 
92 30 
92 31 
92 32 
92 35 
92 37 
92 40 
92 44 
92 45 
92 58 
92 63 
92 69 
92 71 
92 80 
92 82 
92 102 
92 109 
92 113 
92 146 
92 159 
93 5 
93 7 
93 8 
93 9 
93 10 
93 11 
93 14 
93 17 
93 21 
93 22 
93 27 
93 28 
93 30 
93 31 
93 32 
93 33 
93 34 
93 36 
93 39 
93 40 
93 44 
93 48 
93 49 
93 58 
93 59 
93 60 
93 63 
93 66 
93 74 
93 77 
93 83 
93 84 
93 87 
93 88 
93 90 
93 91 
93 95 
93 96 
93 100 
93 102 
93 104 
93 110 
93 116 
93 133 
93 148 
93 157 
93 180 
94 6 
94 7 
94 8 
94 14 
94 15 
94 19 
94 22 
94 23 
94 27 
94 35 
94 44 
94 45 
94 49 
94 66 
94 76 
94 80 
94 82 
94 127 
95 2 
95 5 
95 6 
95 7 
95 9 
95 15 
95 22 
95 23 
95 27 
95 35 
95 36 
95 37 
95 45 
95 49 
95 55 
95 66 
95 96 
95 108 
96 2 
96 4 
96 5 
96 6 
96 7 
96 8 
96 9 
96 10 
96 11 
96 13 
96 14 
96 15 
96 16 
96 17 
96 18 
96 19 
96 21 
96 22 
96 23 
96 25 
96 26 
96 27 
96 29 
96 30 
96 31 
96 32 
96 33 
96 34 
96 35 
96 36 
96 37 
96 39 
96 40 
96 42 
96 44 
96 45 
96 49 
96 55 
96 58 
96 60 
96 63 
96 66 
96 71 
96 72 
96 76 
96 79 
96 80 
96 82 
96 86 
96 91 
96 94 
96 95 
96 97 
96 100 
96 102 
96 105 
96 108 
96 109 
96 117 
96 119 
96 134 
96 146 
96 156 
96 158 
97 4 
97 6 
97 7 
97 8 
97 14 
97 15 
97 16 
97 22 
97 23 
97 27 
97 32 
97 36 
97 37 
97 40 
97 45 
97 58 
97 68 
97 78 
97 79 
97 95 
97 102 
97 117 
98 2 
98 3 
98 4 
98 7 
98 9 
98 11 
98 13 
98 14 
98 15 
98 22 
98 27 
98 32 
98 36 
98 42 
98 44 
98 45 
98 69 
98 73 
98 77 
98 80 
98 84 
98 87 
98 88 
98 105 
98 117 
98 121 
99 2 
99 5 
99 6 
99 7 
99 8 
99 9 
99 10 
99 14 
99 15 
99 22 
99 23 
99 27 
99 29 
99 34 
99 45 
99 49 
99 60 
99 76 
99 105 
99 156 
100 7 
100 9 
100 23 
100 27 
100 32 
100 35 
100 40 
100 42 
100 45 
100 83 
100 109 
100 116 
100 117 
100 133 
101 2 
101 6 
101 7 
101 9 
101 10 
101 15 
101 16 
101 22 
101 23 
101 26 
101 27 
101 35 
101 37 
101 39 
101 40 
101 45 
101 58 
101 66 
101 79 
101 97 
101 108 
101 136 
102 3 
102 6 
102 7 
102 8 
102 9 
102 10 
102 11 
102 14 
102 15 
102 17 
102 21 
102 23 
102 27 
102 31 
102 35 
102 36 
102 37 
102 44 
102 45 
102 59 
102 60 
102 80 
102 88 
102 96 
102 105 
102 134 
102 150 
102 178 
102 187 
103 2 
103 4 
103 6 
103 14 
103 15 
103 17 
103 22 
103 44 
103 45 
103 76 
103 80 
103 105 
103 109 
103 112 
103 128 
104 2 
104 4 
104 5 
104 6 
104 7 
104 8 
104 9 
104 11 
104 14 
104 15 
104 17 
104 19 
104 22 
104 23 
104 25 
104 27 
104 29 
104 30 
104 31 
104 32 
104 34 
104 35 
104 37 
104 39 
104 40 
104 42 
104 44 
104 45 
104 49 
104 51 
104 60 
104 63 
104 68 
104 69 
104 70 
104 71 
104 76 
104 77 
104 78 
104 80 
104 82 
104 86 
104 91 
104 109 
104 150 
104 156 
104 158 
104 182 
105 2 
105 3 
105 4 
105 5 
105 6 
105 7 
105 8 
105 9 
105 10 
105 11 
105 13 
105 14 
105 15 
105 16 
105 17 
105 18 
105 19 
105 21 
105 22 
105 23 
105 25 
105 26 
105 27 
105 28 
105 29 
105 30 
105 31 
105 32 
105 33 
105 34 
105 35 
105 36 
105 37 
105 39 
105 40 
105 44 
105 45 
105 49 
105 51 
105 52 
105 55 
105 58 
105 60 
105 62 
105 63 
105 66 
105 67 
105 68 
105 69 
105 71 
105 73 
105 76 
105 78 
105 80 
105 82 
105 84 
105 86 
105 87 
105 88 
105 91 
105 92 
105 96 
105 99 
105 102 
105 103 
105 105 
105 108 
105 109 
105 117 
105 119 
105 121 
105 125 
105 134 
105 146 
105 148 
105 150 
105 155 
105 156 
105 158 
105 165 
105 166 
105 182 
106 2 
106 7 
106 8 
106 9 
106 14 
106 18 
106 23 
106 26 
106 34 
106 39 
106 45 
107 3 
107 4 
107 5 
107 6 
107 7 
107 8 
107 9 
107 10 
107 14 
107 15 
107 22 
107 23 
107 27 
107 29 
107 30 
107 32 
107 35 
107 37 
107 39 
107 40 
107 42 
107 44 
107 45 
107 49 
107 52 
107 55 
107 59 
107 60 
107 63 
107 66 
107 70 
107 76 
107 82 
107 96 
107 105 
107 108 
107 117 
107 119 
108 2 
108 3 
108 4 
108 5 
108 6 
108 7 
108 8 
108 9 
108 10 
108 13 
108 14 
108 15 
108 16 
108 18 
108 21 
108 22 
108 23 
108 25 
108 26 
108 27 
108 29 
108 30 
108 31 
108 32 
108 34 
108 35 
108 36 
108 37 
108 39 
108 40 
108 42 
108 44 
108 45 
108 49 
108 51 
108 55 
108 58 
108 60 
108 63 
108 66 
108 69 
108 70 
108 76 
108 78 
108 79 
108 80 
108 82 
108 86 
108 87 
108 88 
108 91 
108 94 
108 95 
108 96 
108 97 
108 105 
108 109 
108 128 
108 140 
108 158 
109 2 
109 3 
109 4 
109 5 
109 6 
109 7 
109 8 
109 9 
109 10 
109 11 
109 13 
109 14 
109 15 
109 17 
109 18 
109 21 
109 22 
109 23 
109 25 
109 26 
109 27 
109 28 
109 29 
109 30 
109 31 
109 32 
109 33 
109 34 
109 35 
109 36 
109 37 
109 39 
109 40 
109 42 
109 44 
109 45 
109 49 
109 51 
109 52 
109 54 
109 55 
109 58 
109 59 
109 60 
109 62 
109 63 
109 67 
109 68 
109 69 
109 70 
109 71 
109 75 
109 76 
109 77 
109 78 
109 79 
109 80 
109 82 
109 84 
109 86 
109 88 
109 90 
109 91 
109 92 
109 96 
109 102 
109 104 
109 105 
109 108 
109 109 
109 110 
109 112 
109 113 
109 115 
109 116 
109 117 
109 119 
109 125 
109 134 
109 138 
109 146 
109 150 
109 156 
109 158 
109 168 
109 181 
109 187 
110 2 
110 3 
110 4 
110 6 
110 7 
110 8 
110 9 
110 10 
110 11 
110 13 
110 14 
110 15 
110 17 
110 18 
110 19 
110 21 
110 22 
110 23 
110 25 
110 26 
110 27 
110 28 
110 30 
110 31 
110 32 
110 33 
110 34 
110 35 
110 36 
110 37 
110 39 
110 40 
110 42 
110 44 
110 45 
110 51 
110 52 
110 55 
110 58 
110 60 
110 62 
110 63 
110 66 
110 68 
110 69 
110 70 
110 73 
110 76 
110 78 
110 80 
110 82 
110 83 
110 86 
110 87 
110 88 
110 90 
110 91 
110 96 
110 98 
110 105 
110 109 
110 112 
110 117 
110 121 
110 125 
110 128 
110 133 
110 134 
110 146 
110 150 
110 156 
110 158 
110 182 
110 212 
111 6 
111 7 
111 9 
111 10 
111 13 
111 15 
111 16 
111 17 
111 22 
111 23 
111 25 
111 31 
111 32 
111 33 
111 39 
111 40 
111 45 
111 49 
111 55 
111 71 
111 76 
111 77 
111 78 
111 86 
111 90 
111 91 
111 94 
111 96 
111 104 
111 109 
111 116 
111 134 
111 146 
111 158 
112 7 
112 10 
112 14 
112 103 
112 120 
112 178 
113 2 
113 3 
113 4 
113 5 
113 6 
113 7 
113 8 
113 9 
113 11 
113 14 
113 15 
113 17 
113 18 
113 23 
113 26 
113 27 
113 28 
113 29 
113 32 
113 35 
113 37 
113 39 
113 42 
113 44 
113 45 
113 58 
113 60 
113 69 
113 71 
113 76 
113 80 
113 86 
113 92 
113 96 
113 109 
113 117 
113 158 
113 159 
113 168 
113 181 
114 3 
114 4 
114 5 
114 6 
114 7 
114 8 
114 9 
114 10 
114 11 
114 14 
114 15 
114 22 
114 23 
114 25 
114 27 
114 28 
114 30 
114 32 
114 35 
114 37 
114 39 
114 40 
114 44 
114 45 
114 49 
114 55 
114 60 
114 66 
114 70 
114 80 
114 82 
114 84 
114 88 
114 96 
114 105 
114 108 
114 109 
114 110 
114 112 
114 121 
114 150 
115 2 
115 3 
115 4 
115 7 
115 8 
115 11 
115 14 
115 15 
115 23 
115 27 
115 32 
115 35 
115 36 
115 44 
115 60 
115 63 
115 69 
115 80 
115 86 
115 98 
115 109 
115 158 
115 168 
116 32 
116 39 
117 3 
117 14 
117 15 
117 27 
117 30 
117 35 
117 42 
117 45 
117 63 
117 73 
117 90 
117 121 
118 6 
118 14 
118 27 
118 28 
119 4 
119 6 
119 7 
119 8 
119 9 
119 10 
119 13 
119 14 
119 15 
119 17 
119 22 
119 27 
119 32 
119 34 
119 35 
119 36 
119 44 
119 45 
119 59 
119 60 
119 76 
119 80 
119 109 
119 113 
119 170 
119 173 
120 6 
120 7 
120 9 
120 45 
120 130 
121 4 
121 11 
121 13 
121 14 
121 15 
121 22 
121 23 
121 27 
121 30 
121 32 
121 36 
121 39 
121 42 
121 45 
121 52 
121 63 
121 68 
121 70 
121 73 
121 76 
121 80 
121 88 
121 98 
121 100 
121 117 
121 133 
122 7 
122 8 
122 14 
122 23 
122 31 
122 45 
122 78 
122 119 
122 213 
123 6 
123 27 
123 116 
124 5 
124 6 
124 7 
124 8 
124 9 
124 10 
124 11 
124 14 
124 15 
124 16 
124 17 
124 22 
124 27 
124 28 
124 30 
124 31 
124 32 
124 34 
124 35 
124 40 
124 42 
124 44 
124 45 
124 51 
124 55 
124 60 
124 63 
124 68 
124 69 
124 70 
124 73 
124 76 
124 77 
124 80 
124 86 
124 90 
124 94 
124 96 
124 97 
124 109 
124 116 
124 117 
124 121 
124 157 
124 180 
125 6 
125 23 
125 27 
125 28 
125 29 
125 34 
125 45 
125 134 
125 158 
126 2 
126 4 
126 13 
126 22 
126 27 
126 44 
126 45 
126 88 
126 110 
127 45 
128 6 
128 39 
128 44 
128 45 
128 112 
128 178 
129 108 
129 127 
129 134 
130 2 
130 27 
130 32 
131 7 
131 10 
131 105 
132 6 
133 7 
133 9 
133 25 
133 32 
133 40 
133 42 
133 45 
133 76 
134 15 
134 17 
134 25 
134 68 
134 89 
135 6 
135 7 
135 8 
135 9 
135 10 
135 15 
135 17 
135 18 
135 19 
135 23 
135 28 
135 31 
135 33 
135 39 
135 44 
135 45 
135 109 
135 134 
135 158 
136 2 
136 6 
136 27 
136 37 
136 45 
138 2 
138 7 
138 8 
138 9 
138 14 
138 15 
138 35 
138 37 
138 58 
138 69 
138 76 
138 168 
139 7 
139 9 
139 10 
139 31 
139 39 
139 134 
139 150 
140 2 
140 6 
140 8 
140 25 
140 44 
140 45 
140 109 
141 2 
141 7 
141 9 
141 10 
141 17 
141 28 
141 39 
141 55 
141 94 
141 97 
142 4 
142 7 
142 9 
142 14 
142 15 
142 17 
142 45 
142 57 
142 181 
144 2 
144 15 
144 36 
145 14 
145 15 
145 27 
145 36 
145 39 
145 63 
146 3 
146 6 
146 14 
146 15 
146 22 
146 25 
146 27 
146 32 
146 33 
146 36 
146 40 
146 45 
146 105 
146 125 
146 134 
146 158 
147 4 
147 6 
147 7 
147 9 
147 10 
147 14 
147 15 
147 23 
147 34 
147 36 
147 39 
147 44 
147 80 
148 3 
148 5 
148 7 
148 9 
148 13 
148 14 
148 22 
148 23 
148 36 
148 45 
148 68 
148 82 
148 87 
149 2 
149 7 
149 10 
149 15 
149 45 
150 2 
150 4 
150 6 
150 7 
150 8 
150 9 
150 10 
150 14 
150 15 
150 17 
150 22 
150 23 
150 34 
150 37 
150 44 
150 45 
150 63 
150 68 
150 104 
150 105 
150 109 
150 113 
150 115 
150 138 
151 3 
151 7 
151 9 
151 10 
151 15 
151 22 
151 23 
151 25 
151 30 
151 31 
151 32 
151 36 
151 37 
151 89 
152 2 
152 7 
152 8 
152 9 
152 14 
152 15 
152 26 
152 27 
152 34 
152 35 
152 37 
152 60 
152 80 
152 109 
152 113 
152 168 
153 7 
153 9 
153 10 
153 15 
153 17 
153 23 
153 26 
153 28 
153 30 
153 31 
153 34 
153 39 
154 2 
154 3 
154 5 
154 6 
154 7 
154 8 
154 10 
154 11 
154 14 
154 15 
154 22 
154 23 
154 27 
154 35 
154 44 
154 45 
154 52 
154 60 
154 69 
154 70 
154 73 
154 77 
154 80 
154 86 
154 87 
154 102 
154 105 
155 2 
155 3 
155 6 
155 7 
155 8 
155 9 
155 10 
155 13 
155 14 
155 15 
155 17 
155 23 
155 27 
155 28 
155 31 
155 34 
155 36 
155 39 
155 45 
155 63 
155 70 
155 110 
155 158 
156 7 
156 9 
156 10 
156 14 
156 35 
156 104 
156 166 
157 14 
157 37 
157 76 
157 86 
157 109 
157 170 
158 17 
158 25 
158 27 
158 44 
158 45 
158 78 
158 89 
158 134 
159 4 
159 22 
159 44 
159 45 
159 82 
159 105 
160 6 
160 44 
161 30 
162 2 
162 6 
162 7 
162 8 
162 9 
162 14 
162 22 
162 23 
162 32 
162 45 
162 60 
162 76 
162 166 
163 15 
163 39 
163 77 
164 6 
164 187 
165 6 
165 45 
165 99 
165 105 
166 6 
166 7 
166 8 
166 9 
166 10 
166 15 
166 23 
166 34 
166 45 
166 105 
166 156 
167 7 
167 8 
167 9 
167 10 
167 15 
167 17 
167 28 
167 31 
167 33 
167 78 
167 125 
167 146 
167 158 
168 2 
168 3 
168 4 
168 6 
168 7 
168 9 
168 11 
168 14 
168 15 
168 23 
168 27 
168 32 
168 35 
168 36 
168 37 
168 42 
168 44 
168 45 
168 51 
168 52 
168 60 
168 69 
168 71 
168 80 
168 86 
168 102 
168 109 
168 115 
168 117 
168 138 
168 158 
169 14 
169 35 
169 157 
170 3 
170 4 
170 5 
170 6 
170 14 
170 15 
170 22 
170 30 
170 35 
170 39 
170 45 
170 76 
170 146 
170 173 
171 112 
172 14 
172 15 
172 19 
172 25 
172 125 
172 134 
172 158 
173 7 
173 8 
173 14 
173 15 
173 27 
173 45 
173 59 
173 119 
173 157 
173 180 
174 27 
175 6 
176 6 
176 15 
176 17 
176 28 
176 35 
176 45 
176 71 
176 78 
176 109 
176 134 
177 28 
177 36 
177 44 
178 6 
178 27 
178 44 
179 4 
179 7 
179 8 
179 82 
180 7 
180 10 
180 14 
180 37 
180 55 
181 4 
181 15 
181 159 
182 5 
182 6 
182 7 
182 9 
182 14 
182 17 
182 23 
182 31 
182 45 
182 156 
183 45 
183 80 
183 109 
184 6 
184 14 
184 15 
184 17 
184 23 
184 35 
184 45 
185 80 
186 4 
186 15 
186 22 
186 27 
186 45 
186 60 
186 146 
186 158 
187 4 
187 6 
187 7 
187 9 
187 10 
187 14 
187 15 
187 16 
187 22 
187 23 
187 27 
187 35 
187 40 
187 45 
187 53 
187 55 
187 76 
187 78 
187 104 
187 170 
187 213 
188 6 
188 18 
188 109 
189 14 
189 34 
189 150 
190 7 
190 8 
190 10 
190 39 
191 45 
192 15 
192 31 
192 76 
193 7 
193 10 
193 17 
193 27 
193 86 
194 22 
197 213 
198 6 
198 7 
198 10 
198 11 
198 27 
198 80 
198 102 
199 6 
200 6 
200 14 
201 22 
201 45 
202 34 
203 7 
203 9 
203 11 
203 23 
203 37 
203 80 
203 102 
204 7 
204 9 
204 59 
204 68 
204 91 
205 7 
205 9 
205 18 
205 31 
205 45 
206 7 
206 10 
206 45 
207 86 
210 14 
210 23 
210 37 
210 44 
211 14 
212 17 
212 45 
212 158 
213 78 
213 148 
213 187 
