2 2 
2 4 
2 6 
2 7 
2 8 
2 9 
2 10 
2 17 
2 18 
2 19 
2 22 
2 23 
2 25 
2 26 
2 29 
2 31 
2 32 
2 34 
2 36 
2 37 
2 39 
2 40 
2 44 
2 45 
2 60 
2 70 
2 76 
2 80 
2 86 
2 99 
2 105 
2 109 
2 134 
2 150 
2 156 
2 158 
2 165 
2 166 
2 182 
2 212 
3 2 
3 4 
3 5 
3 7 
3 8 
3 11 
3 13 
3 14 
3 15 
3 21 
3 22 
3 23 
3 27 
3 29 
3 30 
3 31 
3 32 
3 34 
3 35 
3 36 
3 37 
3 40 
3 42 
3 44 
3 48 
3 49 
3 51 
3 52 
3 60 
3 62 
3 63 
3 68 
3 69 
3 70 
3 73 
3 77 
3 80 
3 82 
3 84 
3 86 
3 87 
3 88 
3 90 
3 98 
3 102 
3 105 
3 109 
3 117 
3 121 
3 148 
3 156 
4 2 
4 3 
4 6 
4 7 
4 8 
4 10 
4 11 
4 13 
4 14 
4 15 
4 17 
4 18 
4 21 
4 22 
4 23 
4 25 
4 26 
4 27 
4 29 
4 30 
4 32 
4 35 
4 37 
4 42 
4 44 
4 45 
4 51 
4 52 
4 54 
4 59 
4 60 
4 62 
4 63 
4 68 
4 69 
4 70 
4 73 
4 74 
4 78 
4 80 
4 82 
4 84 
4 86 
4 87 
4 88 
4 98 
4 102 
4 105 
4 109 
4 112 
4 113 
4 117 
4 119 
4 121 
4 134 
4 146 
4 148 
4 170 
4 173 
4 180 
4 181 
4 182 
4 187 
4 193 
5 4 
5 6 
5 7 
5 8 
5 9 
5 10 
5 15 
5 17 
5 18 
5 19 
5 21 
5 22 
5 23 
5 26 
5 27 
5 29 
5 30 
5 31 
5 32 
5 34 
5 35 
5 37 
5 40 
5 45 
5 49 
5 52 
5 53 
5 55 
5 63 
5 66 
5 68 
5 70 
5 76 
5 82 
5 84 
5 94 
5 95 
5 96 
5 103 
5 108 
5 109 
5 112 
5 117 
5 120 
5 127 
5 130 
5 148 
6 2 
6 4 
6 6 
6 7 
6 8 
6 10 
6 11 
6 13 
6 14 
6 15 
6 16 
6 18 
6 22 
6 23 
6 25 
6 26 
6 27 
6 29 
6 30 
6 31 
6 32 
6 33 
6 34 
6 35 
6 36 
6 37 
6 40 
6 42 
6 44 
6 45 
6 52 
6 59 
6 60 
6 62 
6 63 
6 68 
6 69 
6 70 
6 73 
6 76 
6 80 
6 82 
6 83 
6 86 
6 87 
6 88 
6 90 
6 94 
6 96 
6 98 
6 102 
6 103 
6 105 
6 108 
6 109 
6 112 
6 117 
6 119 
6 120 
6 121 
6 128 
6 134 
6 146 
6 178 
7 2 
7 4 
7 5 
7 6 
7 11 
7 13 
7 14 
7 15 
7 17 
7 18 
7 19 
7 21 
7 22 
7 23 
7 25 
7 26 
7 27 
7 28 
7 29 
7 30 
7 31 
7 32 
7 34 
7 35 
7 36 
7 37 
7 39 
7 40 
7 44 
7 45 
7 48 
7 51 
7 52 
7 60 
7 63 
7 68 
7 69 
7 70 
7 72 
7 76 
7 77 
7 78 
7 80 
7 82 
7 84 
7 86 
7 87 
7 96 
7 97 
7 102 
7 105 
7 109 
7 110 
7 117 
7 119 
7 121 
7 125 
7 134 
7 139 
7 146 
7 150 
7 156 
7 158 
7 159 
7 182 
7 212 
8 6 
8 26 
8 27 
8 29 
8 36 
8 39 
8 63 
8 69 
8 70 
8 97 
8 110 
8 140 
9 2 
9 4 
9 5 
9 6 
9 8 
9 9 
9 11 
9 13 
9 14 
9 15 
9 17 
9 18 
9 19 
9 21 
9 22 
9 23 
9 25 
9 26 
9 27 
9 28 
9 29 
9 30 
9 31 
9 32 
9 34 
9 35 
9 36 
9 37 
9 39 
9 40 
9 44 
9 45 
9 48 
9 51 
9 52 
9 60 
9 63 
9 68 
9 69 
9 70 
9 72 
9 76 
9 77 
9 78 
9 80 
9 82 
9 84 
9 86 
9 87 
9 96 
9 102 
9 105 
9 109 
9 117 
9 119 
9 121 
9 125 
9 134 
9 146 
9 156 
9 158 
9 159 
9 182 
9 212 
10 6 
10 8 
10 18 
10 23 
10 25 
10 26 
10 29 
10 31 
10 34 
10 37 
10 39 
10 44 
10 45 
10 60 
10 109 
10 117 
10 139 
10 150 
11 2 
11 3 
11 4 
11 6 
11 13 
11 14 
11 15 
11 19 
11 21 
11 22 
11 23 
11 25 
11 27 
11 30 
11 31 
11 32 
11 35 
11 36 
11 37 
11 40 
11 44 
11 45 
11 52 
11 60 
11 62 
11 63 
11 68 
11 69 
11 73 
11 80 
11 82 
11 84 
11 86 
11 87 
11 88 
11 98 
11 102 
11 105 
11 117 
11 121 
11 156 
13 4 
13 11 
13 14 
13 15 
13 22 
13 30 
13 36 
13 63 
13 69 
13 73 
13 80 
13 87 
13 98 
13 121 
14 2 
14 3 
14 4 
14 6 
14 7 
14 8 
14 9 
14 10 
14 11 
14 13 
14 15 
14 17 
14 18 
14 19 
14 21 
14 22 
14 23 
14 25 
14 26 
14 27 
14 28 
14 29 
14 30 
14 31 
14 32 
14 33 
14 34 
14 35 
14 36 
14 37 
14 39 
14 40 
14 42 
14 44 
14 45 
14 48 
14 49 
14 51 
14 52 
14 53 
14 54 
14 57 
14 59 
14 60 
14 62 
14 63 
14 66 
14 68 
14 69 
14 70 
14 72 
14 73 
14 74 
14 76 
14 77 
14 78 
14 80 
14 82 
14 83 
14 84 
14 86 
14 87 
14 88 
14 90 
14 91 
14 96 
14 98 
14 100 
14 102 
14 104 
14 105 
14 109 
14 116 
14 117 
14 121 
14 125 
14 133 
14 134 
14 146 
14 148 
14 150 
14 156 
14 157 
14 158 
14 166 
14 170 
14 173 
14 180 
14 182 
14 187 
15 2 
15 3 
15 4 
15 5 
15 6 
15 7 
15 8 
15 10 
15 11 
15 13 
15 14 
15 17 
15 18 
15 19 
15 21 
15 22 
15 23 
15 25 
15 26 
15 27 
15 28 
15 29 
15 30 
15 31 
15 32 
15 34 
15 35 
15 36 
15 37 
15 39 
15 40 
15 42 
15 44 
15 45 
15 48 
15 51 
15 52 
15 59 
15 60 
15 62 
15 63 
15 67 
15 68 
15 69 
15 70 
15 71 
15 73 
15 74 
15 77 
15 80 
15 82 
15 83 
15 84 
15 86 
15 87 
15 88 
15 90 
15 98 
15 100 
15 102 
15 109 
15 116 
15 117 
15 121 
15 130 
15 133 
15 134 
15 148 
15 150 
15 156 
15 158 
15 182 
15 187 
15 193 
16 79 
16 97 
16 136 
17 2 
17 4 
17 6 
17 7 
17 10 
17 13 
17 15 
17 22 
17 23 
17 26 
17 27 
17 31 
17 35 
17 39 
17 44 
17 45 
17 60 
17 66 
17 71 
17 80 
17 86 
17 102 
17 110 
17 117 
17 119 
17 190 
18 7 
18 10 
18 23 
18 26 
18 29 
18 105 
18 148 
21 2 
21 3 
21 4 
21 11 
21 13 
21 14 
21 15 
21 22 
21 23 
21 30 
21 35 
21 36 
21 37 
21 44 
21 45 
21 63 
21 68 
21 71 
21 73 
21 78 
21 80 
21 82 
21 102 
21 109 
21 121 
22 3 
22 4 
22 6 
22 7 
22 8 
22 10 
22 11 
22 13 
22 14 
22 15 
22 17 
22 18 
22 19 
22 23 
22 25 
22 26 
22 27 
22 29 
22 30 
22 31 
22 32 
22 33 
22 34 
22 35 
22 36 
22 37 
22 39 
22 40 
22 42 
22 44 
22 45 
22 48 
22 51 
22 52 
22 53 
22 55 
22 60 
22 62 
22 63 
22 68 
22 69 
22 70 
22 71 
22 73 
22 74 
22 75 
22 77 
22 80 
22 82 
22 83 
22 84 
22 86 
22 87 
22 88 
22 90 
22 91 
22 98 
22 100 
22 102 
22 105 
22 109 
22 117 
22 119 
22 121 
22 125 
22 134 
22 146 
22 148 
22 156 
22 158 
22 187 
23 6 
23 7 
23 8 
23 10 
23 14 
23 15 
23 26 
23 29 
23 30 
23 31 
23 34 
23 39 
23 45 
23 70 
23 80 
23 117 
23 130 
25 170 
25 193 
26 7 
26 8 
26 10 
26 29 
26 34 
26 39 
26 45 
26 134 
27 2 
27 3 
27 4 
27 6 
27 7 
27 8 
27 9 
27 10 
27 11 
27 13 
27 14 
27 15 
27 17 
27 21 
27 22 
27 23 
27 25 
27 26 
27 29 
27 30 
27 31 
27 32 
27 33 
27 34 
27 35 
27 36 
27 37 
27 39 
27 40 
27 42 
27 44 
27 45 
27 48 
27 51 
27 52 
27 53 
27 60 
27 62 
27 63 
27 68 
27 69 
27 70 
27 73 
27 74 
27 77 
27 78 
27 80 
27 82 
27 83 
27 84 
27 86 
27 87 
27 88 
27 90 
27 96 
27 98 
27 100 
27 102 
27 105 
27 109 
27 110 
27 112 
27 116 
27 117 
27 119 
27 120 
27 121 
27 125 
27 127 
27 130 
27 133 
27 134 
27 146 
27 148 
27 150 
27 155 
27 156 
27 158 
27 193 
29 2 
29 7 
29 9 
29 23 
29 26 
30 3 
30 4 
30 7 
30 8 
30 10 
30 11 
30 13 
30 14 
30 15 
30 21 
30 22 
30 27 
30 32 
30 34 
30 35 
30 36 
30 37 
30 42 
30 44 
30 45 
30 51 
30 52 
30 60 
30 62 
30 63 
30 68 
30 69 
30 73 
30 80 
30 82 
30 84 
30 86 
30 87 
30 88 
30 90 
30 98 
30 102 
30 117 
30 121 
30 148 
30 156 
30 182 
31 2 
31 7 
31 8 
31 10 
31 23 
31 26 
31 34 
31 39 
31 45 
32 14 
32 40 
32 42 
32 72 
32 73 
32 76 
32 83 
32 100 
32 116 
32 117 
32 121 
32 133 
33 134 
34 2 
34 7 
34 8 
34 10 
34 18 
34 26 
34 29 
34 110 
35 3 
35 4 
35 7 
35 8 
35 10 
35 11 
35 13 
35 14 
35 15 
35 17 
35 21 
35 22 
35 23 
35 25 
35 27 
35 28 
35 29 
35 30 
35 31 
35 32 
35 33 
35 34 
35 36 
35 37 
35 40 
35 42 
35 44 
35 45 
35 52 
35 59 
35 60 
35 62 
35 63 
35 68 
35 69 
35 70 
35 73 
35 78 
35 80 
35 82 
35 83 
35 84 
35 86 
35 87 
35 88 
35 90 
35 91 
35 98 
35 100 
35 102 
35 104 
35 105 
35 113 
35 117 
35 121 
35 133 
35 134 
35 146 
35 148 
35 156 
35 158 
35 180 
35 182 
35 187 
36 3 
36 11 
36 13 
36 14 
36 15 
36 21 
36 22 
36 23 
36 27 
36 32 
36 37 
36 44 
36 68 
36 69 
36 73 
36 80 
36 82 
36 84 
36 87 
36 98 
36 102 
36 117 
36 121 
37 2 
37 3 
37 4 
37 13 
37 14 
37 15 
37 22 
37 23 
37 25 
37 27 
37 30 
37 31 
37 32 
37 35 
37 36 
37 40 
37 42 
37 44 
37 51 
37 60 
37 63 
37 68 
37 69 
37 73 
37 75 
37 77 
37 78 
37 80 
37 82 
37 83 
37 84 
37 86 
37 88 
37 105 
37 109 
37 117 
37 125 
37 127 
37 134 
37 156 
37 182 
39 2 
39 3 
39 4 
39 6 
39 7 
39 8 
39 9 
39 10 
39 11 
39 13 
39 14 
39 15 
39 17 
39 18 
39 19 
39 22 
39 23 
39 25 
39 26 
39 27 
39 28 
39 29 
39 30 
39 31 
39 32 
39 33 
39 34 
39 35 
39 36 
39 37 
39 39 
39 40 
39 42 
39 44 
39 45 
39 51 
39 54 
39 60 
39 62 
39 63 
39 68 
39 69 
39 70 
39 71 
39 76 
39 78 
39 80 
39 82 
39 84 
39 86 
39 87 
39 98 
39 102 
39 103 
39 105 
39 109 
39 113 
39 117 
39 121 
39 125 
39 134 
39 139 
39 140 
39 146 
39 148 
39 150 
39 155 
39 156 
39 158 
39 182 
39 190 
39 212 
40 15 
40 19 
40 25 
40 35 
40 36 
40 44 
40 52 
40 68 
40 69 
40 80 
40 86 
40 121 
40 133 
40 134 
42 32 
42 52 
42 63 
42 83 
42 117 
42 133 
43 19 
43 44 
43 92 
43 113 
43 125 
43 134 
43 158 
43 181 
44 3 
44 4 
44 6 
44 7 
44 8 
44 10 
44 11 
44 13 
44 14 
44 15 
44 17 
44 21 
44 22 
44 23 
44 25 
44 26 
44 27 
44 28 
44 29 
44 30 
44 31 
44 32 
44 33 
44 34 
44 35 
44 36 
44 37 
44 39 
44 40 
44 45 
44 48 
44 52 
44 60 
44 62 
44 63 
44 68 
44 69 
44 70 
44 71 
44 73 
44 74 
44 80 
44 82 
44 84 
44 87 
44 88 
44 96 
44 98 
44 102 
44 109 
44 110 
44 112 
44 113 
44 117 
44 119 
44 121 
44 125 
44 128 
44 134 
44 146 
44 148 
44 156 
44 158 
44 170 
44 173 
44 180 
44 182 
44 193 
45 2 
45 3 
45 4 
45 5 
45 6 
45 7 
45 8 
45 9 
45 10 
45 11 
45 13 
45 14 
45 15 
45 16 
45 17 
45 18 
45 21 
45 22 
45 23 
45 25 
45 26 
45 27 
45 28 
45 29 
45 30 
45 31 
45 32 
45 33 
45 34 
45 35 
45 36 
45 37 
45 39 
45 40 
45 42 
45 44 
45 48 
45 49 
45 51 
45 52 
45 53 
45 55 
45 59 
45 60 
45 62 
45 63 
45 66 
45 68 
45 69 
45 70 
45 73 
45 75 
45 76 
45 78 
45 79 
45 80 
45 82 
45 83 
45 84 
45 86 
45 88 
45 90 
45 94 
45 96 
45 97 
45 98 
45 100 
45 102 
45 103 
45 105 
45 108 
45 109 
45 110 
45 112 
45 116 
45 117 
45 119 
45 120 
45 121 
45 125 
45 127 
45 128 
45 130 
45 133 
45 134 
45 136 
45 139 
45 140 
45 146 
45 148 
45 155 
45 156 
45 158 
45 165 
45 166 
45 178 
45 182 
47 6 
47 7 
47 8 
47 10 
47 17 
47 23 
47 26 
47 29 
47 31 
47 63 
47 69 
47 139 
49 5 
49 6 
49 7 
49 8 
49 9 
49 15 
49 17 
49 26 
49 32 
49 35 
49 45 
49 49 
49 55 
49 66 
49 76 
49 80 
49 94 
49 95 
49 96 
49 108 
49 125 
49 128 
52 14 
52 15 
52 21 
52 27 
52 35 
52 62 
52 68 
52 69 
52 70 
52 84 
52 86 
52 90 
52 98 
52 100 
52 112 
55 16 
55 27 
55 45 
55 66 
55 76 
55 95 
55 96 
55 108 
55 134 
58 16 
58 45 
58 76 
58 79 
58 97 
58 103 
58 112 
58 127 
59 170 
60 22 
60 40 
60 51 
60 69 
60 70 
60 77 
62 30 
62 68 
62 70 
63 3 
63 4 
63 7 
63 8 
63 10 
63 11 
63 13 
63 14 
63 15 
63 19 
63 22 
63 27 
63 30 
63 32 
63 35 
63 37 
63 40 
63 42 
63 44 
63 51 
63 52 
63 60 
63 62 
63 68 
63 69 
63 70 
63 73 
63 80 
63 83 
63 84 
63 86 
63 87 
63 88 
63 90 
63 98 
63 100 
63 109 
63 117 
63 121 
63 148 
63 182 
65 100 
66 6 
68 4 
68 14 
68 22 
68 27 
68 35 
68 40 
68 48 
68 52 
68 62 
68 63 
68 82 
68 84 
68 86 
68 90 
69 2 
69 3 
69 4 
69 7 
69 8 
69 11 
69 13 
69 14 
69 15 
69 17 
69 21 
69 22 
69 27 
69 30 
69 32 
69 35 
69 36 
69 37 
69 39 
69 40 
69 42 
69 44 
69 48 
69 51 
69 52 
69 60 
69 62 
69 63 
69 68 
69 70 
69 72 
69 73 
69 76 
69 77 
69 78 
69 80 
69 82 
69 83 
69 84 
69 86 
69 87 
69 88 
69 90 
69 98 
69 100 
69 102 
69 105 
69 109 
69 116 
69 117 
69 121 
69 133 
69 148 
69 156 
69 182 
70 35 
70 40 
70 71 
70 133 
71 80 
72 40 
72 45 
73 3 
73 4 
73 11 
73 13 
73 14 
73 15 
73 21 
73 22 
73 27 
73 30 
73 32 
73 35 
73 36 
73 37 
73 40 
73 44 
73 51 
73 52 
73 60 
73 63 
73 68 
73 80 
73 82 
73 84 
73 86 
73 90 
73 98 
73 116 
73 117 
73 119 
73 121 
73 156 
73 182 
74 4 
74 11 
74 14 
74 15 
74 98 
76 6 
76 11 
76 14 
76 15 
76 16 
76 22 
76 23 
76 29 
76 31 
76 45 
76 55 
76 68 
76 79 
76 80 
76 97 
76 103 
76 134 
76 136 
78 35 
78 213 
80 7 
80 8 
80 11 
80 13 
80 15 
80 27 
80 36 
80 73 
80 102 
81 7 
81 8 
81 94 
82 4 
82 11 
82 14 
82 22 
82 27 
82 30 
82 35 
82 53 
82 62 
82 68 
82 74 
82 78 
84 7 
84 8 
84 14 
84 15 
84 52 
84 63 
84 69 
84 83 
84 87 
86 11 
86 13 
86 22 
86 30 
86 51 
86 52 
86 60 
86 63 
86 68 
86 69 
86 73 
86 77 
86 84 
86 87 
86 88 
86 90 
86 112 
86 121 
87 15 
87 22 
87 30 
87 52 
87 63 
87 69 
87 84 
87 86 
87 88 
88 6 
88 7 
88 10 
88 14 
88 17 
88 22 
88 23 
88 30 
88 31 
88 34 
88 45 
88 51 
88 52 
88 60 
88 77 
88 84 
88 86 
88 90 
88 148 
91 7 
91 8 
91 45 
93 14 
93 17 
93 28 
93 33 
93 48 
93 59 
93 63 
93 77 
93 84 
93 90 
93 96 
93 148 
94 127 
96 6 
96 16 
96 31 
96 44 
96 55 
96 66 
96 80 
96 95 
96 108 
96 127 
97 16 
97 79 
98 11 
98 13 
98 73 
98 121 
98 148 
100 133 
101 16 
101 79 
101 97 
101 127 
102 7 
102 8 
102 10 
102 15 
102 27 
102 39 
102 69 
102 80 
103 127 
105 2 
105 3 
105 6 
105 7 
105 8 
105 9 
105 10 
105 11 
105 13 
105 15 
105 17 
105 23 
105 26 
105 27 
105 29 
105 30 
105 31 
105 34 
105 36 
105 40 
105 44 
105 45 
105 60 
105 63 
105 70 
105 80 
105 99 
105 105 
105 165 
105 166 
105 182 
106 2 
108 6 
108 45 
108 55 
108 66 
108 95 
109 3 
109 15 
109 17 
109 25 
109 33 
109 37 
109 40 
109 44 
109 57 
109 67 
109 71 
109 75 
109 80 
109 92 
109 104 
109 113 
109 115 
109 119 
109 134 
109 138 
109 150 
109 158 
109 168 
109 170 
110 212 
112 103 
112 127 
112 128 
112 130 
112 178 
114 5 
114 15 
114 22 
114 23 
114 45 
114 70 
114 80 
114 95 
115 75 
117 15 
117 121 
119 170 
121 11 
121 14 
121 30 
121 32 
121 69 
121 73 
121 84 
121 98 
121 117 
128 178 
129 127 
135 6 
138 92 
138 168 
139 39 
139 45 
140 45 
148 22 
148 37 
148 88 
148 121 
150 14 
150 71 
150 104 
151 31 
153 26 
154 138 
155 45 
160 128 
160 178 
173 180 
186 100 
189 2 
193 7 
193 8 
