2 26 
2 29 
2 34 
2 105 
2 156 
3 14 
3 15 
3 22 
3 27 
3 30 
3 32 
3 37 
3 51 
3 52 
3 60 
3 63 
3 69 
3 73 
3 74 
3 84 
3 87 
3 88 
3 90 
3 98 
3 117 
4 3 
4 11 
4 14 
4 15 
4 22 
4 26 
4 27 
4 29 
4 30 
4 32 
4 35 
4 42 
4 44 
4 51 
4 52 
4 60 
4 62 
4 63 
4 69 
4 73 
4 74 
4 80 
4 83 
4 84 
4 88 
4 90 
4 109 
4 116 
4 117 
4 121 
4 133 
5 29 
5 32 
5 48 
5 49 
5 113 
5 116 
6 2 
6 6 
6 7 
6 8 
6 9 
6 16 
6 23 
6 26 
6 29 
6 31 
6 32 
6 34 
6 35 
6 45 
6 48 
6 55 
6 58 
6 66 
6 76 
6 90 
6 96 
6 97 
6 100 
6 105 
6 108 
6 109 
6 116 
6 133 
7 26 
7 29 
7 42 
8 29 
8 42 
9 26 
11 2 
11 4 
11 7 
11 9 
11 14 
11 15 
11 22 
11 23 
11 27 
11 29 
11 30 
11 32 
11 34 
11 36 
11 39 
11 42 
11 44 
11 49 
11 52 
11 60 
11 63 
11 69 
11 73 
11 80 
11 82 
11 84 
11 87 
11 88 
11 98 
11 100 
11 133 
11 150 
13 29 
13 31 
13 32 
13 62 
13 63 
13 73 
13 80 
13 98 
13 105 
14 3 
14 4 
14 7 
14 9 
14 11 
14 15 
14 21 
14 22 
14 23 
14 29 
14 30 
14 32 
14 34 
14 35 
14 42 
14 44 
14 52 
14 54 
14 59 
14 60 
14 62 
14 63 
14 68 
14 69 
14 73 
14 74 
14 82 
14 84 
14 87 
14 88 
14 100 
14 109 
14 116 
14 117 
14 118 
14 121 
14 133 
14 148 
14 150 
14 182 
15 3 
15 4 
15 11 
15 14 
15 21 
15 22 
15 26 
15 27 
15 29 
15 30 
15 32 
15 34 
15 35 
15 36 
15 42 
15 44 
15 51 
15 52 
15 60 
15 62 
15 63 
15 68 
15 69 
15 73 
15 74 
15 77 
15 80 
15 82 
15 83 
15 84 
15 86 
15 87 
15 88 
15 90 
15 98 
15 100 
15 109 
15 117 
15 121 
21 4 
21 22 
21 27 
21 29 
21 30 
21 32 
21 34 
21 44 
21 109 
22 3 
22 4 
22 11 
22 13 
22 14 
22 15 
22 26 
22 27 
22 30 
22 32 
22 35 
22 36 
22 37 
22 42 
22 44 
22 48 
22 52 
22 60 
22 63 
22 68 
22 69 
22 73 
22 74 
22 80 
22 83 
22 84 
22 86 
22 87 
22 88 
22 90 
22 98 
22 100 
22 116 
22 121 
22 133 
27 3 
27 4 
27 11 
27 13 
27 14 
27 15 
27 21 
27 22 
27 26 
27 29 
27 30 
27 32 
27 34 
27 35 
27 36 
27 42 
27 44 
27 48 
27 51 
27 52 
27 60 
27 62 
27 63 
27 68 
27 69 
27 73 
27 77 
27 80 
27 83 
27 84 
27 87 
27 88 
27 98 
27 100 
27 117 
27 121 
27 125 
27 127 
27 193 
30 3 
30 11 
30 15 
30 22 
30 32 
30 35 
30 42 
30 44 
30 52 
30 60 
30 63 
30 69 
30 72 
30 73 
30 83 
30 84 
30 87 
30 88 
30 98 
30 117 
30 121 
30 133 
31 29 
32 3 
32 11 
32 15 
32 30 
32 35 
32 73 
34 29 
35 3 
35 4 
35 6 
35 7 
35 9 
35 11 
35 14 
35 15 
35 22 
35 23 
35 26 
35 27 
35 29 
35 30 
35 32 
35 42 
35 44 
35 52 
35 60 
35 63 
35 68 
35 69 
35 73 
35 82 
35 84 
35 87 
35 90 
35 98 
35 100 
35 109 
35 116 
35 117 
35 121 
35 133 
35 187 
36 11 
36 22 
36 27 
36 30 
36 32 
36 34 
36 52 
36 60 
36 63 
36 73 
36 80 
36 84 
36 98 
36 105 
36 156 
37 15 
39 29 
40 51 
42 30 
42 127 
44 4 
44 11 
44 14 
44 21 
44 22 
44 27 
44 29 
44 30 
44 34 
44 35 
44 52 
44 63 
44 69 
44 84 
44 87 
44 105 
44 121 
44 125 
44 148 
45 2 
45 6 
45 7 
45 9 
45 10 
45 16 
45 23 
45 26 
45 29 
45 31 
45 32 
45 34 
45 35 
45 48 
45 55 
45 58 
45 66 
45 76 
45 79 
45 90 
45 96 
45 97 
45 108 
45 112 
45 116 
45 127 
45 128 
49 59 
52 84 
58 16 
60 51 
60 86 
62 27 
62 30 
62 48 
62 52 
62 68 
62 69 
62 84 
63 22 
63 30 
63 69 
63 84 
63 87 
65 100 
68 48 
68 52 
68 62 
68 63 
68 69 
68 84 
68 90 
69 3 
69 22 
69 30 
69 34 
69 42 
69 51 
69 52 
69 60 
69 63 
69 70 
69 73 
69 83 
69 84 
69 86 
69 87 
69 88 
69 100 
69 121 
73 15 
73 30 
73 32 
73 35 
73 44 
73 98 
73 121 
74 4 
74 14 
74 15 
74 62 
76 23 
77 51 
77 90 
80 11 
82 35 
82 53 
82 74 
84 4 
84 14 
84 22 
84 35 
84 63 
84 69 
86 51 
86 77 
86 90 
87 30 
87 63 
87 69 
88 3 
88 22 
88 51 
88 69 
88 70 
88 87 
90 77 
90 86 
93 14 
96 7 
96 8 
96 31 
96 32 
96 34 
96 49 
96 55 
96 58 
96 60 
96 66 
96 76 
96 95 
96 108 
98 73 
98 121 
105 29 
105 166 
117 30 
117 116 
121 35 
121 73 
121 98 
