1 44 
2 2 
2 3 
2 6 
2 7 
2 8 
2 9 
2 10 
2 11 
2 15 
2 17 
2 18 
2 23 
2 26 
2 29 
2 31 
2 32 
2 34 
2 36 
2 39 
2 44 
2 45 
2 62 
2 76 
2 99 
2 105 
2 109 
2 110 
2 125 
2 134 
2 139 
2 146 
2 150 
2 155 
2 156 
2 158 
2 165 
2 166 
2 170 
2 182 
2 212 
3 2 
3 4 
3 6 
3 7 
3 9 
3 10 
3 11 
3 13 
3 14 
3 15 
3 17 
3 18 
3 21 
3 22 
3 23 
3 25 
3 26 
3 27 
3 28 
3 29 
3 30 
3 31 
3 32 
3 33 
3 34 
3 35 
3 36 
3 37 
3 42 
3 44 
3 45 
3 48 
3 51 
3 52 
3 57 
3 60 
3 62 
3 63 
3 67 
3 68 
3 69 
3 70 
3 73 
3 74 
3 76 
3 77 
3 80 
3 83 
3 84 
3 86 
3 87 
3 88 
3 90 
3 91 
3 98 
3 102 
3 105 
3 116 
3 117 
3 119 
3 121 
3 128 
3 133 
3 134 
3 146 
3 148 
3 156 
3 157 
3 159 
3 170 
3 187 
3 193 
3 212 
4 2 
4 3 
4 7 
4 9 
4 11 
4 13 
4 14 
4 15 
4 17 
4 21 
4 22 
4 26 
4 27 
4 30 
4 32 
4 33 
4 34 
4 35 
4 36 
4 37 
4 40 
4 42 
4 44 
4 45 
4 54 
4 57 
4 59 
4 62 
4 63 
4 67 
4 68 
4 70 
4 74 
4 78 
4 80 
4 82 
4 84 
4 86 
4 87 
4 88 
4 102 
4 104 
4 105 
4 109 
4 116 
4 119 
4 130 
4 134 
4 139 
4 148 
4 155 
4 156 
4 170 
4 173 
4 180 
4 181 
4 182 
4 187 
4 193 
4 213 
5 2 
5 3 
5 4 
5 6 
5 7 
5 9 
5 11 
5 14 
5 15 
5 16 
5 17 
5 22 
5 23 
5 27 
5 31 
5 34 
5 35 
5 36 
5 37 
5 44 
5 45 
5 49 
5 53 
5 55 
5 57 
5 58 
5 63 
5 66 
5 70 
5 76 
5 78 
5 80 
5 82 
5 88 
5 95 
5 96 
5 97 
5 102 
5 103 
5 105 
5 109 
5 112 
5 117 
5 125 
5 127 
5 130 
5 157 
5 158 
6 2 
6 3 
6 4 
6 6 
6 7 
6 8 
6 9 
6 10 
6 14 
6 15 
6 16 
6 17 
6 18 
6 21 
6 22 
6 23 
6 26 
6 27 
6 29 
6 30 
6 31 
6 32 
6 34 
6 36 
6 37 
6 39 
6 40 
6 42 
6 44 
6 45 
6 54 
6 59 
6 70 
6 76 
6 79 
6 97 
6 103 
6 104 
6 105 
6 108 
6 109 
6 112 
6 113 
6 119 
6 120 
6 127 
6 128 
6 134 
6 178 
7 2 
7 3 
7 4 
7 5 
7 6 
7 11 
7 13 
7 14 
7 15 
7 17 
7 18 
7 19 
7 21 
7 22 
7 23 
7 25 
7 26 
7 27 
7 28 
7 29 
7 30 
7 31 
7 32 
7 33 
7 34 
7 35 
7 36 
7 37 
7 39 
7 40 
7 42 
7 44 
7 45 
7 48 
7 52 
7 54 
7 57 
7 58 
7 59 
7 62 
7 63 
7 67 
7 69 
7 70 
7 71 
7 72 
7 75 
7 76 
7 78 
7 79 
7 80 
7 84 
7 87 
7 91 
7 92 
7 94 
7 95 
7 96 
7 98 
7 99 
7 100 
7 103 
7 104 
7 105 
7 108 
7 109 
7 110 
7 112 
7 113 
7 115 
7 119 
7 125 
7 128 
7 134 
7 136 
7 138 
7 139 
7 146 
7 150 
7 155 
7 156 
7 157 
7 158 
7 165 
7 170 
7 173 
7 178 
7 180 
7 181 
7 182 
7 187 
7 193 
7 213 
8 2 
8 6 
8 9 
8 10 
8 23 
8 26 
8 29 
8 31 
8 34 
8 39 
8 44 
8 57 
8 59 
8 94 
8 99 
8 104 
8 109 
8 112 
8 113 
8 128 
8 139 
8 140 
8 158 
8 170 
9 2 
9 3 
9 4 
9 5 
9 6 
9 8 
9 10 
9 11 
9 13 
9 14 
9 15 
9 17 
9 18 
9 19 
9 21 
9 22 
9 23 
9 25 
9 26 
9 27 
9 28 
9 29 
9 30 
9 31 
9 32 
9 33 
9 34 
9 35 
9 36 
9 37 
9 39 
9 40 
9 42 
9 44 
9 45 
9 48 
9 52 
9 54 
9 57 
9 59 
9 62 
9 63 
9 67 
9 70 
9 71 
9 72 
9 75 
9 76 
9 78 
9 79 
9 84 
9 87 
9 91 
9 92 
9 95 
9 96 
9 98 
9 99 
9 103 
9 104 
9 105 
9 108 
9 109 
9 110 
9 112 
9 113 
9 115 
9 119 
9 125 
9 134 
9 136 
9 138 
9 139 
9 140 
9 146 
9 156 
9 157 
9 158 
9 165 
9 170 
9 173 
9 178 
9 180 
9 181 
9 187 
9 193 
9 213 
10 2 
10 5 
10 6 
10 8 
10 9 
10 14 
10 15 
10 17 
10 18 
10 23 
10 26 
10 27 
10 29 
10 31 
10 34 
10 37 
10 39 
10 44 
10 45 
10 57 
10 58 
10 59 
10 69 
10 76 
10 80 
10 94 
10 96 
10 99 
10 100 
10 105 
10 109 
10 119 
10 136 
10 138 
10 139 
10 140 
10 146 
10 150 
10 155 
10 170 
10 180 
10 182 
11 2 
11 3 
11 4 
11 6 
11 7 
11 9 
11 13 
11 14 
11 15 
11 17 
11 19 
11 21 
11 22 
11 23 
11 25 
11 26 
11 27 
11 30 
11 31 
11 32 
11 33 
11 34 
11 35 
11 36 
11 37 
11 39 
11 42 
11 44 
11 54 
11 59 
11 60 
11 62 
11 63 
11 68 
11 70 
11 73 
11 80 
11 82 
11 88 
11 92 
11 98 
11 99 
11 102 
11 105 
11 109 
11 110 
11 127 
11 134 
11 146 
11 158 
11 193 
11 212 
11 213 
12 2 
12 4 
12 6 
12 7 
12 8 
12 9 
12 11 
12 14 
12 15 
12 21 
12 22 
12 25 
12 26 
12 27 
12 28 
12 33 
12 34 
12 35 
12 37 
12 44 
12 45 
12 54 
12 57 
12 59 
12 62 
12 67 
12 70 
12 71 
12 75 
12 78 
12 80 
12 82 
12 84 
12 89 
12 91 
12 92 
12 104 
12 105 
12 109 
12 113 
12 115 
12 118 
12 119 
12 120 
12 125 
12 130 
12 134 
12 146 
12 148 
12 150 
12 157 
12 158 
12 168 
12 170 
12 180 
12 181 
12 187 
12 193 
12 212 
12 213 
13 3 
13 7 
13 9 
13 11 
13 14 
13 15 
13 22 
13 23 
13 27 
13 30 
13 31 
13 32 
13 36 
13 37 
13 73 
13 80 
13 98 
13 121 
14 2 
14 3 
14 4 
14 5 
14 6 
14 7 
14 8 
14 9 
14 10 
14 11 
14 13 
14 15 
14 17 
14 18 
14 21 
14 22 
14 23 
14 25 
14 26 
14 27 
14 28 
14 29 
14 30 
14 31 
14 32 
14 33 
14 34 
14 35 
14 36 
14 37 
14 39 
14 40 
14 42 
14 44 
14 45 
14 52 
14 53 
14 54 
14 57 
14 59 
14 60 
14 62 
14 63 
14 67 
14 68 
14 69 
14 71 
14 73 
14 74 
14 76 
14 78 
14 80 
14 82 
14 84 
14 86 
14 87 
14 88 
14 91 
14 96 
14 98 
14 103 
14 104 
14 105 
14 109 
14 116 
14 118 
14 119 
14 121 
14 125 
14 133 
14 134 
14 139 
14 146 
14 148 
14 150 
14 156 
14 157 
14 158 
14 166 
14 170 
14 173 
14 180 
14 182 
14 187 
14 193 
14 212 
14 213 
15 2 
15 3 
15 4 
15 5 
15 6 
15 7 
15 8 
15 9 
15 10 
15 11 
15 13 
15 14 
15 17 
15 18 
15 19 
15 21 
15 22 
15 23 
15 25 
15 26 
15 27 
15 28 
15 29 
15 30 
15 31 
15 32 
15 33 
15 34 
15 35 
15 36 
15 37 
15 39 
15 40 
15 42 
15 44 
15 45 
15 48 
15 49 
15 51 
15 52 
15 53 
15 54 
15 55 
15 57 
15 59 
15 60 
15 62 
15 63 
15 68 
15 69 
15 70 
15 71 
15 72 
15 73 
15 74 
15 76 
15 77 
15 78 
15 80 
15 82 
15 83 
15 84 
15 86 
15 87 
15 88 
15 89 
15 90 
15 96 
15 98 
15 100 
15 102 
15 103 
15 105 
15 109 
15 112 
15 116 
15 117 
15 119 
15 121 
15 130 
15 133 
15 134 
15 146 
15 148 
15 150 
15 156 
15 158 
15 182 
15 187 
15 193 
15 212 
15 213 
16 5 
16 6 
16 35 
16 45 
16 58 
16 66 
16 79 
16 94 
16 97 
16 103 
16 112 
16 119 
16 127 
16 128 
16 136 
17 2 
17 3 
17 4 
17 6 
17 7 
17 9 
17 10 
17 11 
17 14 
17 15 
17 18 
17 21 
17 22 
17 23 
17 26 
17 27 
17 29 
17 33 
17 34 
17 35 
17 36 
17 39 
17 44 
17 45 
17 59 
17 62 
17 70 
17 71 
17 76 
17 78 
17 89 
17 92 
17 96 
17 99 
17 105 
17 109 
17 110 
17 113 
17 115 
17 116 
17 119 
17 125 
17 134 
17 138 
17 139 
17 155 
17 157 
17 158 
17 168 
17 170 
17 190 
17 193 
17 212 
18 2 
18 5 
18 6 
18 7 
18 9 
18 10 
18 14 
18 15 
18 23 
18 26 
18 27 
18 29 
18 31 
18 33 
18 34 
18 39 
18 44 
18 45 
18 54 
18 59 
18 76 
18 79 
18 88 
18 92 
18 99 
18 104 
18 105 
18 109 
18 139 
18 155 
18 158 
18 165 
18 166 
18 182 
18 193 
18 212 
19 2 
19 3 
19 6 
19 7 
19 9 
19 11 
19 14 
19 15 
19 17 
19 23 
19 26 
19 27 
19 28 
19 31 
19 32 
19 36 
19 37 
19 39 
19 42 
19 44 
19 45 
19 52 
19 72 
19 76 
19 84 
19 105 
19 133 
19 134 
20 40 
21 4 
21 7 
21 9 
21 13 
21 14 
21 22 
21 27 
21 30 
21 32 
21 33 
21 35 
21 37 
21 40 
21 42 
21 44 
21 51 
21 52 
21 60 
21 63 
21 68 
21 74 
21 82 
21 84 
21 86 
21 87 
22 2 
22 3 
22 4 
22 5 
22 6 
22 7 
22 8 
22 9 
22 10 
22 11 
22 13 
22 14 
22 15 
22 17 
22 18 
22 19 
22 21 
22 23 
22 25 
22 26 
22 27 
22 28 
22 29 
22 30 
22 31 
22 32 
22 33 
22 34 
22 35 
22 36 
22 37 
22 39 
22 40 
22 42 
22 44 
22 45 
22 48 
22 49 
22 51 
22 52 
22 53 
22 54 
22 55 
22 57 
22 59 
22 60 
22 62 
22 63 
22 67 
22 68 
22 69 
22 70 
22 71 
22 73 
22 74 
22 76 
22 77 
22 82 
22 84 
22 87 
22 88 
22 89 
22 91 
22 92 
22 94 
22 96 
22 98 
22 100 
22 102 
22 104 
22 105 
22 109 
22 113 
22 116 
22 117 
22 119 
22 121 
22 146 
22 148 
22 150 
22 156 
22 173 
22 187 
22 212 
23 2 
23 3 
23 6 
23 7 
23 8 
23 9 
23 10 
23 14 
23 15 
23 17 
23 18 
23 22 
23 26 
23 27 
23 29 
23 31 
23 32 
23 34 
23 35 
23 37 
23 39 
23 44 
23 45 
23 54 
23 63 
23 76 
23 80 
23 99 
23 105 
23 109 
23 116 
23 130 
23 139 
23 140 
23 158 
23 213 
24 72 
25 2 
25 4 
25 6 
25 11 
25 14 
25 15 
25 22 
25 30 
25 33 
25 36 
25 44 
25 45 
25 54 
25 57 
25 62 
25 63 
25 68 
25 76 
25 78 
25 84 
25 89 
25 92 
25 94 
25 104 
25 105 
25 115 
25 116 
25 119 
25 125 
25 130 
25 134 
25 146 
25 157 
25 158 
25 168 
25 170 
25 173 
25 180 
25 187 
25 193 
26 2 
26 6 
26 7 
26 8 
26 9 
26 10 
26 14 
26 15 
26 17 
26 18 
26 25 
26 28 
26 29 
26 33 
26 34 
26 39 
26 44 
26 45 
26 67 
26 69 
26 71 
26 76 
26 80 
26 99 
26 105 
26 109 
26 110 
26 119 
26 125 
26 128 
26 134 
26 139 
26 155 
26 157 
26 158 
26 166 
26 170 
26 193 
26 212 
26 213 
27 2 
27 3 
27 4 
27 5 
27 6 
27 7 
27 8 
27 9 
27 11 
27 13 
27 14 
27 15 
27 17 
27 18 
27 21 
27 22 
27 23 
27 25 
27 26 
27 29 
27 30 
27 31 
27 32 
27 33 
27 34 
27 35 
27 36 
27 37 
27 39 
27 40 
27 42 
27 44 
27 45 
27 51 
27 52 
27 53 
27 57 
27 59 
27 60 
27 62 
27 63 
27 68 
27 69 
27 70 
27 71 
27 72 
27 73 
27 74 
27 76 
27 77 
27 78 
27 80 
27 82 
27 84 
27 86 
27 87 
27 88 
27 89 
27 90 
27 91 
27 94 
27 98 
27 100 
27 102 
27 104 
27 105 
27 109 
27 112 
27 113 
27 116 
27 119 
27 121 
27 125 
27 127 
27 130 
27 133 
27 134 
27 146 
27 148 
27 158 
27 182 
27 193 
27 213 
28 2 
28 6 
28 7 
28 9 
28 14 
28 15 
28 17 
28 26 
28 34 
28 44 
28 45 
28 57 
28 71 
28 72 
28 92 
28 104 
28 105 
28 109 
28 115 
28 119 
28 125 
28 134 
28 150 
28 158 
28 168 
29 2 
29 4 
29 5 
29 6 
29 7 
29 8 
29 9 
29 11 
29 15 
29 17 
29 18 
29 21 
29 22 
29 23 
29 26 
29 27 
29 28 
29 31 
29 34 
29 37 
29 39 
29 44 
29 45 
29 62 
29 63 
29 70 
29 71 
29 72 
29 78 
29 82 
29 96 
29 103 
29 105 
29 109 
29 112 
29 116 
29 125 
29 127 
29 128 
29 134 
29 139 
29 155 
29 158 
29 165 
29 166 
29 187 
29 212 
30 2 
30 3 
30 4 
30 5 
30 6 
30 7 
30 9 
30 10 
30 11 
30 13 
30 14 
30 15 
30 19 
30 21 
30 22 
30 23 
30 26 
30 27 
30 29 
30 31 
30 32 
30 34 
30 35 
30 36 
30 37 
30 39 
30 42 
30 44 
30 45 
30 52 
30 60 
30 62 
30 63 
30 68 
30 69 
30 70 
30 72 
30 73 
30 76 
30 80 
30 83 
30 84 
30 86 
30 87 
30 88 
30 90 
30 96 
30 98 
30 102 
30 105 
30 109 
30 116 
30 117 
30 121 
30 125 
30 128 
30 133 
30 148 
30 158 
31 2 
31 3 
31 5 
31 6 
31 7 
31 9 
31 10 
31 13 
31 14 
31 15 
31 17 
31 18 
31 21 
31 23 
31 26 
31 29 
31 33 
31 34 
31 39 
31 44 
31 45 
31 48 
31 54 
31 59 
31 66 
31 72 
31 76 
31 94 
31 96 
31 100 
31 103 
31 105 
31 119 
31 127 
31 133 
31 139 
31 155 
31 158 
31 187 
31 212 
32 4 
32 6 
32 7 
32 9 
32 15 
32 31 
32 42 
32 45 
32 63 
32 70 
32 72 
32 73 
32 83 
32 98 
32 100 
32 105 
32 116 
32 117 
32 121 
32 133 
32 146 
33 2 
33 6 
33 11 
33 14 
33 15 
33 17 
33 18 
33 26 
33 28 
33 34 
33 36 
33 37 
33 44 
33 45 
33 48 
33 67 
33 71 
33 78 
33 89 
33 91 
33 92 
33 105 
33 109 
33 119 
33 125 
33 134 
33 146 
33 155 
33 157 
33 158 
33 168 
33 173 
33 187 
33 193 
33 212 
33 213 
34 2 
34 7 
34 9 
34 15 
34 17 
34 18 
34 26 
34 29 
34 39 
34 45 
34 66 
34 99 
34 104 
34 109 
34 110 
34 119 
34 125 
34 139 
34 156 
34 165 
34 166 
34 212 
34 213 
35 2 
35 3 
35 4 
35 6 
35 7 
35 9 
35 13 
35 14 
35 15 
35 16 
35 17 
35 18 
35 19 
35 21 
35 22 
35 23 
35 25 
35 26 
35 27 
35 30 
35 31 
35 32 
35 33 
35 34 
35 36 
35 37 
35 39 
35 44 
35 45 
35 48 
35 52 
35 53 
35 54 
35 55 
35 57 
35 59 
35 62 
35 63 
35 68 
35 69 
35 70 
35 73 
35 76 
35 78 
35 80 
35 82 
35 86 
35 87 
35 91 
35 98 
35 102 
35 103 
35 105 
35 112 
35 116 
35 117 
35 119 
35 120 
35 125 
35 127 
35 128 
35 134 
35 146 
35 148 
35 150 
35 156 
35 157 
35 158 
35 170 
35 173 
35 180 
35 182 
35 187 
35 193 
35 213 
36 2 
36 3 
36 4 
36 6 
36 7 
36 9 
36 11 
36 13 
36 14 
36 15 
36 17 
36 23 
36 26 
36 27 
36 30 
36 31 
36 32 
36 34 
36 35 
36 37 
36 40 
36 42 
36 45 
36 62 
36 63 
36 69 
36 73 
36 74 
36 80 
36 82 
36 84 
36 87 
36 88 
36 100 
36 102 
36 117 
36 121 
36 148 
36 156 
37 2 
37 3 
37 4 
37 5 
37 6 
37 7 
37 8 
37 9 
37 10 
37 11 
37 13 
37 14 
37 15 
37 17 
37 19 
37 22 
37 26 
37 27 
37 29 
37 30 
37 31 
37 32 
37 34 
37 35 
37 36 
37 39 
37 40 
37 42 
37 44 
37 45 
37 49 
37 51 
37 52 
37 60 
37 63 
37 70 
37 74 
37 76 
37 77 
37 80 
37 84 
37 86 
37 87 
37 88 
37 102 
37 105 
37 109 
37 121 
37 127 
37 156 
37 158 
38 32 
39 2 
39 4 
39 5 
39 6 
39 7 
39 8 
39 9 
39 10 
39 11 
39 13 
39 14 
39 15 
39 17 
39 18 
39 19 
39 22 
39 23 
39 26 
39 27 
39 28 
39 29 
39 30 
39 31 
39 32 
39 33 
39 34 
39 35 
39 36 
39 37 
39 39 
39 40 
39 42 
39 44 
39 45 
39 51 
39 53 
39 55 
39 58 
39 59 
39 62 
39 63 
39 67 
39 69 
39 70 
39 71 
39 75 
39 76 
39 78 
39 80 
39 82 
39 84 
39 86 
39 88 
39 91 
39 92 
39 94 
39 95 
39 96 
39 99 
39 102 
39 103 
39 104 
39 105 
39 108 
39 109 
39 110 
39 112 
39 119 
39 121 
39 125 
39 130 
39 134 
39 139 
39 146 
39 150 
39 155 
39 156 
39 157 
39 158 
39 166 
39 170 
39 180 
39 182 
39 187 
39 190 
39 193 
39 212 
39 213 
40 2 
40 3 
40 4 
40 6 
40 7 
40 8 
40 9 
40 10 
40 11 
40 14 
40 15 
40 17 
40 18 
40 19 
40 21 
40 22 
40 23 
40 26 
40 27 
40 28 
40 29 
40 30 
40 31 
40 32 
40 33 
40 34 
40 35 
40 36 
40 37 
40 39 
40 42 
40 44 
40 45 
40 48 
40 51 
40 52 
40 59 
40 68 
40 69 
40 70 
40 71 
40 72 
40 76 
40 78 
40 80 
40 84 
40 86 
40 87 
40 89 
40 90 
40 91 
40 92 
40 96 
40 98 
40 100 
40 103 
40 105 
40 109 
40 110 
40 112 
40 113 
40 119 
40 128 
40 133 
40 134 
40 146 
40 148 
40 150 
40 157 
40 158 
40 178 
40 180 
40 187 
40 193 
40 213 
42 2 
42 6 
42 14 
42 15 
42 27 
42 30 
42 32 
42 34 
42 37 
42 45 
42 69 
42 70 
42 72 
42 73 
42 83 
42 87 
42 98 
42 100 
42 116 
42 117 
42 121 
42 133 
42 146 
43 2 
43 6 
43 7 
43 9 
43 11 
43 14 
43 15 
43 17 
43 18 
43 19 
43 21 
43 22 
43 25 
43 26 
43 27 
43 29 
43 33 
43 34 
43 35 
43 36 
43 37 
43 39 
43 44 
43 45 
43 48 
43 54 
43 57 
43 59 
43 67 
43 71 
43 75 
43 88 
43 89 
43 91 
43 92 
43 100 
43 104 
43 105 
43 109 
43 110 
43 113 
43 115 
43 118 
43 119 
43 125 
43 133 
43 134 
43 138 
43 146 
43 155 
43 158 
43 170 
43 173 
43 180 
43 181 
43 187 
43 193 
43 212 
43 213 
44 2 
44 3 
44 4 
44 6 
44 7 
44 8 
44 9 
44 11 
44 13 
44 14 
44 15 
44 16 
44 17 
44 19 
44 21 
44 22 
44 23 
44 26 
44 27 
44 28 
44 30 
44 31 
44 32 
44 33 
44 34 
44 35 
44 36 
44 37 
44 39 
44 40 
44 42 
44 45 
44 52 
44 54 
44 59 
44 60 
44 62 
44 63 
44 68 
44 69 
44 70 
44 71 
44 73 
44 74 
44 78 
44 80 
44 82 
44 84 
44 87 
44 88 
44 91 
44 92 
44 94 
44 95 
44 96 
44 102 
44 103 
44 104 
44 105 
44 109 
44 112 
44 113 
44 119 
44 125 
44 128 
44 134 
44 138 
44 139 
44 146 
44 148 
44 150 
44 155 
44 156 
44 158 
44 178 
44 180 
44 187 
44 193 
44 212 
45 2 
45 3 
45 4 
45 5 
45 6 
45 7 
45 8 
45 9 
45 10 
45 11 
45 13 
45 14 
45 15 
45 16 
45 17 
45 18 
45 21 
45 22 
45 23 
45 25 
45 26 
45 27 
45 28 
45 29 
45 30 
45 31 
45 32 
45 33 
45 34 
45 35 
45 36 
45 37 
45 39 
45 40 
45 42 
45 44 
45 48 
45 49 
45 51 
45 52 
45 53 
45 54 
45 55 
45 57 
45 58 
45 60 
45 62 
45 63 
45 66 
45 68 
45 69 
45 70 
45 71 
45 73 
45 76 
45 77 
45 79 
45 80 
45 82 
45 84 
45 86 
45 88 
45 92 
45 94 
45 95 
45 96 
45 97 
45 98 
45 99 
45 100 
45 102 
45 103 
45 105 
45 108 
45 109 
45 112 
45 115 
45 116 
45 119 
45 120 
45 125 
45 127 
45 128 
45 130 
45 134 
45 136 
45 139 
45 140 
45 146 
45 148 
45 155 
45 156 
45 158 
45 165 
45 166 
45 168 
45 170 
45 173 
45 178 
45 182 
45 187 
45 193 
45 212 
46 31 
46 32 
46 33 
46 72 
46 133 
47 2 
47 4 
47 6 
47 7 
47 9 
47 10 
47 11 
47 14 
47 15 
47 17 
47 22 
47 23 
47 26 
47 27 
47 29 
47 31 
47 34 
47 37 
47 39 
47 44 
47 45 
47 63 
47 82 
47 87 
47 102 
47 105 
47 109 
47 119 
47 134 
47 139 
47 155 
47 182 
47 187 
49 2 
49 5 
49 6 
49 15 
49 17 
49 22 
49 27 
49 29 
49 34 
49 37 
49 40 
49 44 
49 45 
49 55 
49 58 
49 60 
49 66 
49 70 
49 76 
49 96 
49 98 
49 104 
49 108 
49 109 
49 115 
49 155 
49 212 
51 2 
51 6 
51 11 
51 15 
51 27 
51 36 
51 60 
51 77 
51 88 
52 2 
52 3 
52 6 
52 14 
52 15 
52 33 
52 35 
52 44 
52 45 
52 53 
52 57 
52 62 
52 68 
52 69 
52 70 
52 73 
52 84 
52 100 
52 104 
52 116 
52 121 
52 146 
52 157 
52 170 
52 173 
52 180 
54 4 
54 14 
54 37 
54 45 
54 57 
54 109 
54 118 
55 2 
55 4 
55 5 
55 6 
55 17 
55 22 
55 27 
55 33 
55 35 
55 37 
55 45 
55 58 
55 66 
55 78 
55 89 
55 91 
55 94 
55 103 
55 108 
55 109 
55 127 
55 136 
58 4 
58 6 
58 7 
58 9 
58 10 
58 14 
58 15 
58 16 
58 22 
58 23 
58 27 
58 31 
58 35 
58 37 
58 42 
58 44 
58 45 
58 49 
58 70 
58 76 
58 79 
58 97 
58 98 
58 103 
58 112 
58 120 
58 128 
58 158 
59 27 
59 170 
59 187 
60 2 
60 3 
60 6 
60 30 
60 34 
60 36 
60 37 
60 45 
60 51 
60 77 
60 86 
60 88 
61 15 
61 22 
61 37 
61 80 
62 3 
62 7 
62 8 
62 9 
62 13 
62 14 
62 17 
62 26 
62 27 
62 34 
62 36 
62 39 
62 54 
62 67 
62 68 
62 70 
62 73 
62 78 
62 80 
62 91 
62 98 
62 104 
62 109 
62 110 
62 116 
62 119 
62 134 
62 139 
62 146 
62 148 
62 150 
62 170 
62 178 
62 193 
62 212 
63 3 
63 4 
63 11 
63 14 
63 15 
63 17 
63 21 
63 22 
63 27 
63 30 
63 32 
63 36 
63 44 
63 52 
63 68 
63 69 
63 73 
63 80 
63 83 
63 84 
63 87 
63 100 
63 105 
63 158 
64 14 
64 86 
64 112 
64 130 
65 14 
65 15 
65 27 
65 35 
65 45 
65 76 
65 120 
65 127 
66 2 
66 3 
66 5 
66 6 
66 7 
66 9 
66 10 
66 14 
66 15 
66 23 
66 27 
66 31 
66 32 
66 35 
66 37 
66 39 
66 42 
66 44 
66 45 
66 55 
66 58 
66 62 
66 68 
66 70 
66 76 
66 82 
66 96 
66 105 
66 108 
66 109 
66 120 
66 128 
66 182 
67 27 
68 6 
68 11 
68 14 
68 15 
68 22 
68 25 
68 27 
68 30 
68 33 
68 36 
68 40 
68 44 
68 45 
68 48 
68 52 
68 62 
68 69 
68 70 
68 78 
68 84 
68 86 
68 89 
68 109 
68 119 
68 133 
69 3 
69 5 
69 6 
69 7 
69 9 
69 10 
69 15 
69 30 
69 37 
69 40 
69 42 
69 45 
69 48 
69 51 
69 52 
69 60 
69 63 
69 73 
69 77 
69 84 
69 86 
69 87 
69 88 
69 90 
69 98 
69 100 
69 116 
69 117 
70 2 
70 3 
70 4 
70 6 
70 7 
70 9 
70 10 
70 13 
70 14 
70 15 
70 17 
70 22 
70 23 
70 27 
70 29 
70 30 
70 31 
70 32 
70 34 
70 37 
70 39 
70 40 
70 42 
70 44 
70 45 
70 52 
70 60 
70 63 
70 69 
70 73 
70 83 
70 84 
70 86 
70 88 
70 90 
70 98 
70 100 
70 102 
70 105 
70 109 
70 116 
70 117 
70 119 
70 121 
70 133 
70 156 
71 2 
71 48 
71 67 
71 75 
71 92 
71 104 
71 113 
71 115 
71 116 
71 119 
71 150 
71 158 
71 168 
71 181 
71 193 
73 13 
73 21 
73 22 
73 30 
73 35 
73 52 
73 68 
73 88 
73 98 
73 121 
74 4 
74 14 
75 115 
75 168 
76 2 
76 6 
76 7 
76 9 
76 14 
76 15 
76 16 
76 27 
76 34 
76 35 
76 45 
76 51 
76 53 
76 55 
76 58 
76 70 
76 78 
76 79 
76 86 
76 94 
76 95 
76 96 
76 97 
76 102 
76 103 
76 109 
76 119 
76 125 
76 127 
76 130 
76 136 
76 158 
77 48 
78 6 
78 14 
78 35 
78 59 
78 91 
78 119 
78 125 
78 157 
78 158 
78 187 
78 213 
80 3 
80 6 
80 11 
80 15 
80 36 
80 63 
80 102 
81 7 
81 10 
81 22 
81 45 
81 58 
81 94 
81 96 
81 97 
81 112 
81 127 
81 130 
82 2 
82 4 
82 6 
82 7 
82 8 
82 9 
82 14 
82 15 
82 22 
82 27 
82 30 
82 32 
82 35 
82 37 
82 44 
82 45 
82 53 
82 57 
82 74 
82 78 
82 80 
82 98 
82 109 
82 113 
82 121 
82 156 
82 180 
82 182 
82 187 
82 193 
82 212 
83 6 
83 32 
83 42 
83 45 
83 72 
83 73 
83 84 
83 98 
83 100 
83 117 
83 121 
84 3 
84 15 
84 22 
84 27 
84 30 
84 44 
84 52 
84 62 
84 63 
84 68 
84 69 
84 83 
84 87 
84 193 
86 2 
86 3 
86 6 
86 14 
86 15 
86 22 
86 27 
86 30 
86 32 
86 37 
86 42 
86 44 
86 45 
86 51 
86 52 
86 60 
86 63 
86 68 
86 69 
86 72 
86 77 
86 84 
86 87 
86 88 
86 90 
87 3 
87 25 
87 30 
87 39 
87 52 
87 63 
87 68 
87 69 
87 73 
87 84 
87 88 
88 2 
88 3 
88 7 
88 8 
88 22 
88 27 
88 32 
88 34 
88 42 
88 45 
88 51 
88 60 
88 62 
88 63 
88 77 
88 86 
88 87 
88 90 
88 102 
89 4 
89 5 
89 11 
89 26 
89 36 
89 44 
89 62 
89 68 
89 78 
89 80 
89 91 
89 105 
89 116 
89 134 
89 146 
89 158 
89 187 
89 213 
90 2 
90 3 
90 6 
90 15 
90 27 
90 86 
91 57 
91 78 
91 187 
92 4 
92 71 
92 113 
92 159 
92 181 
93 7 
93 9 
93 10 
93 14 
93 19 
93 27 
93 28 
93 33 
93 34 
93 36 
93 48 
93 58 
93 59 
93 68 
93 77 
93 96 
93 97 
93 100 
93 116 
93 127 
93 146 
93 157 
93 213 
94 7 
94 9 
94 127 
94 182 
95 45 
96 2 
96 3 
96 5 
96 6 
96 7 
96 9 
96 14 
96 15 
96 16 
96 23 
96 27 
96 31 
96 32 
96 34 
96 35 
96 39 
96 44 
96 45 
96 49 
96 53 
96 55 
96 66 
96 76 
96 78 
96 86 
96 94 
96 95 
96 100 
96 105 
96 108 
96 109 
96 127 
96 133 
96 136 
97 6 
97 7 
97 10 
97 16 
97 45 
97 58 
97 79 
97 136 
98 13 
98 32 
98 69 
98 73 
98 121 
99 2 
99 3 
99 7 
99 9 
99 10 
99 13 
99 27 
99 30 
99 31 
99 32 
99 34 
99 35 
99 37 
99 51 
99 63 
99 105 
99 109 
99 156 
99 165 
99 166 
100 2 
100 3 
100 6 
100 7 
100 9 
100 14 
100 15 
100 22 
100 26 
100 30 
100 42 
100 45 
100 68 
100 69 
100 70 
100 109 
100 117 
100 133 
101 16 
101 27 
101 58 
101 79 
101 97 
101 136 
103 6 
103 14 
103 44 
103 45 
103 112 
103 119 
103 127 
103 128 
103 130 
103 136 
103 178 
104 27 
105 2 
105 4 
105 6 
105 7 
105 8 
105 9 
105 10 
105 17 
105 18 
105 22 
105 23 
105 26 
105 27 
105 29 
105 31 
105 34 
105 36 
105 37 
105 39 
105 45 
105 96 
105 99 
105 105 
105 128 
105 156 
105 165 
105 166 
105 182 
107 5 
107 15 
107 35 
107 119 
108 2 
108 3 
108 5 
108 6 
108 7 
108 9 
108 10 
108 14 
108 15 
108 22 
108 23 
108 27 
108 28 
108 32 
108 35 
108 36 
108 37 
108 44 
108 45 
108 49 
108 55 
108 58 
108 66 
108 69 
108 78 
108 94 
108 96 
108 105 
108 108 
108 109 
108 127 
108 158 
109 2 
109 4 
109 5 
109 6 
109 7 
109 8 
109 9 
109 10 
109 13 
109 14 
109 15 
109 17 
109 18 
109 21 
109 22 
109 23 
109 26 
109 27 
109 28 
109 29 
109 31 
109 32 
109 33 
109 34 
109 35 
109 37 
109 39 
109 44 
109 45 
109 49 
109 53 
109 54 
109 57 
109 59 
109 62 
109 67 
109 70 
109 71 
109 75 
109 80 
109 82 
109 84 
109 86 
109 92 
109 96 
109 103 
109 104 
109 105 
109 109 
109 112 
109 113 
109 115 
109 116 
109 119 
109 120 
109 125 
109 127 
109 128 
109 134 
109 138 
109 140 
109 146 
109 150 
109 155 
109 158 
109 168 
109 170 
109 180 
109 187 
109 193 
109 212 
110 2 
110 6 
110 11 
110 14 
110 15 
110 17 
110 22 
110 27 
110 37 
110 45 
110 62 
110 63 
110 68 
110 105 
110 109 
110 134 
110 212 
112 6 
112 14 
112 44 
112 45 
112 97 
112 103 
112 112 
112 120 
112 127 
112 128 
112 130 
112 178 
113 71 
113 115 
113 168 
113 181 
114 27 
114 45 
114 76 
115 75 
115 113 
115 168 
116 14 
116 26 
116 32 
116 42 
116 45 
116 69 
117 42 
117 45 
117 69 
117 70 
117 116 
117 133 
119 53 
119 57 
119 157 
119 170 
119 173 
119 180 
119 187 
119 193 
120 6 
120 112 
120 130 
120 178 
121 15 
121 21 
121 32 
121 44 
121 45 
121 70 
121 73 
121 98 
121 102 
122 170 
124 6 
124 157 
124 170 
124 180 
125 17 
125 27 
125 134 
125 158 
128 112 
128 120 
128 136 
129 45 
129 127 
129 130 
130 27 
130 120 
133 2 
133 6 
133 15 
133 22 
133 23 
133 29 
133 30 
133 32 
133 40 
133 42 
133 44 
133 45 
133 68 
133 69 
133 70 
133 73 
133 83 
133 98 
133 105 
133 117 
133 121 
134 26 
134 34 
134 125 
134 146 
134 158 
135 2 
135 6 
135 17 
135 22 
135 26 
135 27 
135 33 
135 34 
135 44 
135 45 
135 57 
135 59 
135 62 
135 109 
135 119 
135 125 
135 134 
135 139 
135 146 
135 155 
135 158 
135 170 
135 173 
135 180 
135 187 
135 213 
136 16 
138 168 
139 7 
139 9 
139 31 
140 8 
141 7 
141 9 
141 28 
141 130 
141 187 
142 57 
146 6 
146 14 
146 33 
146 89 
146 109 
146 134 
146 158 
148 22 
148 63 
148 67 
148 173 
148 212 
150 75 
150 104 
150 115 
150 119 
151 7 
151 9 
151 31 
152 168 
154 115 
154 118 
154 138 
154 168 
155 17 
156 166 
158 134 
159 6 
159 37 
159 181 
160 128 
161 2 
161 23 
161 26 
161 27 
161 31 
161 45 
161 105 
165 31 
166 45 
166 156 
167 2 
167 33 
167 44 
167 67 
167 71 
167 125 
167 213 
168 75 
168 109 
168 115 
168 138 
169 6 
169 14 
169 48 
169 157 
169 187 
170 37 
170 59 
171 59 
172 7 
172 9 
172 17 
172 19 
172 25 
172 33 
172 125 
172 134 
172 146 
172 158 
173 119 
173 157 
173 180 
176 67 
178 128 
180 57 
180 170 
182 2 
182 4 
182 6 
182 14 
182 15 
182 23 
182 30 
182 31 
182 45 
182 96 
182 156 
186 146 
187 4 
187 14 
187 22 
187 180 
187 193 
187 213 
190 17 
191 6 
191 15 
191 23 
191 60 
191 69 
191 80 
191 105 
193 173 
194 53 
195 105 
201 193 
202 105 
204 59 
204 91 
204 146 
207 7 
207 10 
