2 26 
3 4 
3 11 
3 14 
3 15 
3 22 
3 27 
3 30 
3 37 
3 52 
3 63 
3 68 
3 69 
3 80 
3 87 
3 88 
4 3 
4 6 
4 11 
4 13 
4 14 
4 15 
4 21 
4 22 
4 27 
4 30 
4 35 
4 36 
4 37 
4 44 
4 45 
4 49 
4 63 
4 74 
4 80 
4 82 
4 83 
4 86 
4 88 
4 90 
4 105 
4 109 
4 116 
5 94 
5 96 
5 109 
6 45 
7 4 
7 6 
7 18 
7 23 
7 26 
7 27 
7 28 
7 31 
7 32 
7 34 
7 35 
7 37 
7 39 
7 40 
7 45 
7 80 
7 96 
7 98 
7 109 
8 18 
9 4 
9 6 
9 8 
9 10 
9 18 
9 23 
9 26 
9 27 
9 28 
9 31 
9 32 
9 34 
9 35 
9 37 
9 39 
9 40 
9 45 
9 80 
9 96 
9 98 
9 109 
11 13 
11 14 
11 15 
11 26 
11 27 
11 30 
11 32 
11 34 
11 35 
11 36 
11 45 
11 68 
11 80 
11 82 
11 84 
11 88 
11 102 
11 121 
11 146 
12 26 
14 3 
14 4 
14 5 
14 6 
14 11 
14 13 
14 15 
14 17 
14 21 
14 22 
14 23 
14 27 
14 30 
14 31 
14 32 
14 35 
14 37 
14 42 
14 44 
14 45 
14 49 
14 63 
14 68 
14 69 
14 70 
14 73 
14 74 
14 76 
14 82 
14 86 
14 87 
14 88 
14 117 
15 2 
15 3 
15 4 
15 6 
15 11 
15 13 
15 14 
15 22 
15 26 
15 27 
15 29 
15 30 
15 31 
15 32 
15 35 
15 36 
15 37 
15 42 
15 44 
15 45 
15 63 
15 68 
15 70 
15 80 
15 83 
15 84 
15 87 
15 88 
15 105 
15 117 
17 18 
17 23 
17 39 
17 40 
17 110 
17 155 
18 18 
18 23 
18 28 
21 44 
22 3 
22 4 
22 11 
22 14 
22 15 
22 26 
22 27 
22 35 
22 37 
22 39 
22 44 
22 62 
22 68 
22 83 
22 86 
22 88 
23 18 
23 22 
23 31 
23 109 
26 34 
27 3 
27 4 
27 6 
27 11 
27 13 
27 14 
27 15 
27 22 
27 26 
27 30 
27 31 
27 32 
27 34 
27 35 
27 36 
27 37 
27 44 
27 45 
27 52 
27 63 
27 68 
27 69 
27 73 
27 74 
27 80 
27 82 
27 83 
27 88 
27 121 
27 148 
27 159 
28 4 
28 22 
28 27 
29 7 
29 10 
30 3 
30 11 
30 15 
30 22 
30 27 
30 37 
30 44 
30 63 
30 69 
30 73 
30 87 
30 98 
30 121 
31 6 
31 23 
32 40 
32 117 
35 4 
35 14 
35 15 
35 22 
35 44 
35 82 
35 117 
36 2 
36 7 
36 9 
36 10 
36 11 
36 13 
36 14 
36 23 
36 30 
36 32 
36 35 
36 37 
36 39 
36 42 
36 44 
36 69 
36 70 
36 80 
36 117 
36 121 
37 70 
39 7 
39 9 
39 10 
39 18 
39 23 
39 29 
39 34 
39 36 
40 100 
42 32 
42 40 
42 60 
42 62 
42 70 
42 73 
42 117 
42 121 
43 19 
43 26 
44 4 
44 11 
44 13 
44 14 
44 15 
44 21 
44 22 
44 27 
44 30 
44 37 
44 60 
44 109 
44 121 
45 2 
45 5 
45 6 
45 7 
45 10 
45 11 
45 16 
45 18 
45 23 
45 26 
45 27 
45 29 
45 31 
45 32 
45 34 
45 37 
45 39 
45 40 
45 55 
45 66 
45 70 
45 76 
45 78 
45 79 
45 80 
45 83 
45 86 
45 94 
45 96 
45 97 
45 108 
45 109 
45 117 
45 125 
47 7 
47 9 
47 10 
47 23 
47 26 
47 139 
49 96 
49 109 
52 3 
52 13 
52 30 
52 35 
52 40 
52 44 
52 62 
52 68 
52 84 
52 90 
55 66 
55 76 
55 108 
58 79 
63 4 
63 15 
63 22 
63 27 
63 30 
63 68 
63 69 
63 80 
63 87 
69 3 
69 4 
69 11 
69 14 
69 15 
69 22 
69 27 
69 30 
69 32 
69 40 
69 51 
69 52 
69 60 
69 63 
69 68 
69 80 
69 84 
69 86 
69 87 
69 88 
70 40 
73 30 
73 98 
73 121 
74 4 
74 14 
80 36 
81 55 
82 14 
82 35 
84 22 
84 40 
84 52 
84 68 
84 69 
84 87 
86 51 
86 60 
86 63 
86 68 
86 88 
87 3 
87 11 
87 15 
87 22 
87 27 
87 30 
87 32 
87 44 
87 60 
87 63 
87 69 
87 73 
87 80 
87 88 
88 60 
97 16 
98 4 
105 2 
109 2 
109 115 
109 138 
115 138 
115 168 
121 73 
121 98 
124 157 
183 18 
