1 28 
2 17 
2 18 
2 26 
2 29 
2 39 
2 105 
2 212 
3 11 
3 15 
3 19 
3 22 
3 30 
3 32 
3 36 
3 37 
3 42 
3 48 
3 60 
3 63 
3 69 
3 73 
3 74 
3 83 
3 84 
3 87 
3 88 
3 102 
3 116 
4 3 
4 14 
4 15 
4 22 
4 27 
4 30 
4 31 
4 35 
4 37 
4 44 
4 52 
4 63 
4 68 
4 74 
4 82 
4 84 
5 44 
5 80 
6 7 
6 8 
6 103 
6 128 
6 134 
7 2 
7 5 
7 6 
7 11 
7 14 
7 15 
7 17 
7 23 
7 26 
7 27 
7 28 
7 29 
7 31 
7 34 
7 36 
7 39 
7 44 
7 45 
7 57 
7 78 
7 80 
7 90 
7 103 
7 105 
7 109 
7 110 
7 119 
7 134 
7 155 
7 158 
7 166 
7 187 
8 6 
8 27 
8 29 
9 2 
9 5 
9 6 
9 10 
9 11 
9 14 
9 15 
9 17 
9 23 
9 26 
9 27 
9 28 
9 31 
9 34 
9 36 
9 39 
9 44 
9 45 
9 57 
9 78 
9 80 
9 90 
9 103 
9 105 
9 109 
9 110 
9 119 
9 134 
9 158 
9 166 
9 187 
10 6 
10 155 
11 30 
11 36 
11 44 
11 80 
11 102 
12 6 
12 33 
12 51 
13 6 
13 36 
13 98 
13 121 
14 3 
14 4 
14 11 
14 15 
14 21 
14 22 
14 25 
14 27 
14 32 
14 35 
14 36 
14 37 
14 44 
14 45 
14 54 
14 57 
14 59 
14 60 
14 62 
14 74 
14 78 
14 82 
14 116 
14 182 
14 212 
15 2 
15 3 
15 4 
15 5 
15 6 
15 7 
15 9 
15 10 
15 11 
15 13 
15 14 
15 16 
15 17 
15 18 
15 22 
15 27 
15 30 
15 32 
15 34 
15 35 
15 36 
15 37 
15 39 
15 44 
15 45 
15 52 
15 60 
15 62 
15 63 
15 66 
15 68 
15 69 
15 70 
15 73 
15 74 
15 80 
15 82 
15 84 
15 86 
15 87 
15 88 
15 94 
15 96 
15 98 
15 102 
15 105 
15 109 
15 110 
15 121 
15 150 
16 2 
16 4 
16 5 
16 6 
16 7 
16 9 
16 10 
16 13 
16 14 
16 15 
16 17 
16 18 
16 23 
16 25 
16 26 
16 27 
16 28 
16 31 
16 32 
16 33 
16 34 
16 36 
16 37 
16 40 
16 42 
16 44 
16 45 
16 49 
16 51 
16 58 
16 60 
16 67 
16 70 
16 76 
16 80 
16 83 
16 89 
16 91 
16 97 
16 99 
16 102 
16 105 
16 109 
16 112 
16 116 
16 117 
16 120 
16 125 
16 128 
16 134 
16 146 
16 150 
16 155 
16 156 
16 158 
16 182 
17 2 
17 3 
17 4 
17 5 
17 6 
17 7 
17 8 
17 9 
17 10 
17 11 
17 13 
17 14 
17 15 
17 16 
17 18 
17 19 
17 22 
17 23 
17 25 
17 26 
17 27 
17 28 
17 29 
17 30 
17 31 
17 32 
17 33 
17 34 
17 35 
17 36 
17 37 
17 39 
17 40 
17 42 
17 44 
17 45 
17 48 
17 49 
17 52 
17 60 
17 62 
17 63 
17 67 
17 68 
17 70 
17 71 
17 76 
17 78 
17 80 
17 83 
17 84 
17 86 
17 90 
17 94 
17 98 
17 99 
17 100 
17 105 
17 109 
17 110 
17 112 
17 117 
17 119 
17 121 
17 125 
17 128 
17 134 
17 146 
17 150 
17 155 
17 156 
17 158 
17 168 
17 190 
17 212 
18 2 
18 4 
18 5 
18 6 
18 7 
18 8 
18 9 
18 10 
18 14 
18 15 
18 17 
18 22 
18 23 
18 25 
18 26 
18 27 
18 28 
18 29 
18 30 
18 31 
18 32 
18 34 
18 35 
18 37 
18 39 
18 40 
18 42 
18 44 
18 45 
18 48 
18 49 
18 51 
18 52 
18 55 
18 58 
18 59 
18 60 
18 70 
18 71 
18 76 
18 78 
18 80 
18 83 
18 84 
18 86 
18 90 
18 94 
18 96 
18 99 
18 105 
18 108 
18 109 
18 116 
18 117 
18 119 
18 128 
18 134 
18 146 
18 150 
18 156 
18 158 
18 182 
19 28 
19 134 
19 158 
21 44 
22 3 
22 4 
22 5 
22 7 
22 10 
22 11 
22 14 
22 15 
22 27 
22 29 
22 30 
22 31 
22 32 
22 37 
22 42 
22 44 
22 45 
22 48 
22 49 
22 52 
22 60 
22 68 
22 70 
22 73 
22 74 
22 82 
22 88 
22 90 
22 96 
22 148 
23 7 
23 9 
23 39 
23 105 
25 3 
25 5 
25 6 
25 14 
25 36 
25 44 
25 84 
25 119 
25 134 
25 146 
25 158 
26 2 
26 7 
26 8 
26 10 
26 14 
26 15 
26 18 
26 27 
26 31 
26 34 
26 39 
26 92 
26 96 
26 105 
26 109 
27 2 
27 3 
27 4 
27 5 
27 6 
27 11 
27 13 
27 14 
27 15 
27 21 
27 22 
27 30 
27 31 
27 32 
27 34 
27 35 
27 36 
27 37 
27 40 
27 44 
27 45 
27 49 
27 52 
27 60 
27 62 
27 63 
27 68 
27 69 
27 73 
27 74 
27 80 
27 82 
27 84 
27 87 
27 98 
27 102 
27 105 
27 110 
27 115 
27 121 
27 130 
28 6 
28 15 
28 45 
28 68 
28 134 
30 15 
30 17 
30 22 
30 27 
30 32 
30 44 
30 63 
30 69 
30 73 
30 83 
30 84 
30 87 
30 98 
30 117 
30 121 
31 26 
31 34 
31 35 
32 17 
32 83 
32 100 
32 116 
32 117 
33 2 
33 6 
33 17 
33 105 
34 2 
34 5 
34 7 
34 8 
34 18 
34 26 
34 27 
34 29 
34 40 
34 44 
34 99 
34 109 
34 155 
34 212 
35 4 
35 5 
35 6 
35 7 
35 10 
35 11 
35 14 
35 15 
35 22 
35 30 
35 31 
35 37 
35 44 
35 45 
35 55 
35 58 
35 60 
35 66 
35 76 
35 78 
35 80 
35 82 
35 84 
35 96 
35 102 
36 4 
36 11 
36 13 
36 27 
36 30 
36 44 
36 73 
36 80 
36 98 
36 102 
37 14 
37 32 
37 55 
37 84 
39 7 
39 8 
39 10 
39 26 
39 44 
39 148 
40 80 
40 134 
40 187 
42 70 
42 83 
43 5 
43 17 
43 19 
43 26 
43 29 
43 45 
43 52 
43 71 
43 113 
43 119 
43 125 
43 134 
43 155 
43 158 
43 187 
43 212 
44 4 
44 11 
44 13 
44 14 
44 15 
44 21 
44 22 
44 27 
44 30 
44 32 
44 35 
44 36 
44 37 
44 45 
44 59 
44 62 
44 63 
44 68 
44 80 
44 109 
44 121 
44 148 
45 6 
45 7 
45 8 
45 10 
45 16 
45 18 
45 27 
45 31 
45 34 
45 36 
45 39 
45 44 
45 55 
45 58 
45 66 
45 70 
45 76 
45 79 
45 97 
45 99 
45 102 
45 103 
45 105 
45 108 
45 109 
45 110 
45 112 
45 120 
45 121 
45 127 
45 128 
45 130 
45 134 
45 136 
45 158 
45 178 
47 2 
47 3 
47 4 
47 6 
47 7 
47 9 
47 10 
47 14 
47 15 
47 21 
47 27 
47 28 
47 30 
47 34 
47 36 
47 44 
47 87 
47 98 
47 109 
49 108 
52 14 
52 27 
52 30 
52 83 
52 119 
54 17 
55 23 
55 33 
55 45 
55 80 
55 89 
58 16 
58 27 
58 79 
58 97 
59 78 
60 77 
63 30 
63 69 
63 73 
63 84 
63 87 
63 98 
63 121 
66 6 
66 15 
66 45 
67 2 
67 6 
67 17 
67 33 
67 45 
67 70 
67 146 
68 52 
68 62 
69 63 
69 84 
70 6 
70 14 
70 45 
70 80 
71 67 
72 45 
73 98 
73 121 
74 4 
74 14 
76 34 
76 55 
76 109 
78 80 
78 94 
79 6 
79 15 
79 16 
79 45 
80 11 
80 36 
80 63 
82 14 
82 35 
82 37 
82 44 
82 53 
84 70 
86 77 
87 63 
88 51 
88 77 
88 90 
89 30 
89 36 
89 116 
92 11 
93 17 
93 28 
93 33 
93 58 
96 100 
97 16 
97 58 
97 79 
98 4 
98 13 
98 32 
98 36 
98 40 
98 73 
98 121 
101 16 
101 27 
101 45 
104 6 
104 14 
104 60 
105 156 
105 166 
106 7 
106 9 
106 15 
106 27 
106 99 
109 34 
109 37 
109 45 
109 82 
109 115 
109 119 
109 125 
109 138 
109 168 
110 2 
110 3 
110 6 
110 11 
110 14 
110 15 
110 16 
110 17 
110 22 
110 23 
110 25 
110 26 
110 27 
110 28 
110 31 
110 34 
110 35 
110 36 
110 37 
110 40 
110 44 
110 45 
110 55 
110 59 
110 70 
110 71 
110 76 
110 78 
110 80 
110 84 
110 96 
110 99 
110 105 
110 117 
110 119 
110 128 
110 134 
110 158 
110 212 
112 120 
112 178 
113 4 
113 28 
113 80 
121 30 
121 73 
121 98 
126 26 
134 125 
135 6 
135 36 
144 33 
145 60 
147 39 
150 14 
153 150 
155 17 
155 28 
160 128 
167 158 
171 4 
171 6 
171 15 
171 27 
171 42 
171 44 
171 45 
171 48 
171 60 
171 80 
171 86 
171 103 
171 109 
171 112 
171 128 
178 6 
178 27 
178 45 
178 112 
204 59 
