2 15 
2 29 
2 34 
2 39 
2 44 
2 99 
2 105 
2 110 
2 139 
2 155 
2 165 
2 166 
3 11 
3 14 
3 15 
3 22 
3 27 
3 36 
3 37 
3 52 
3 63 
3 69 
3 84 
3 87 
3 88 
3 190 
4 11 
4 14 
4 15 
4 22 
4 27 
4 35 
4 37 
4 44 
4 54 
4 62 
4 68 
4 74 
4 82 
4 104 
4 121 
4 159 
4 181 
5 7 
5 10 
5 53 
5 54 
5 66 
5 94 
5 95 
5 96 
6 11 
6 14 
6 23 
6 34 
6 136 
7 4 
7 17 
7 23 
7 29 
7 34 
7 39 
7 99 
7 119 
7 120 
7 128 
7 136 
7 139 
7 150 
7 159 
7 170 
7 180 
8 29 
8 119 
8 139 
9 4 
9 8 
9 17 
9 23 
9 34 
9 39 
9 99 
9 119 
9 120 
9 128 
9 136 
9 150 
9 159 
9 170 
9 180 
10 9 
11 13 
11 15 
11 36 
11 37 
11 39 
11 45 
11 62 
11 91 
11 98 
13 11 
13 36 
13 98 
13 121 
14 2 
14 3 
14 4 
14 5 
14 6 
14 7 
14 9 
14 11 
14 13 
14 15 
14 16 
14 17 
14 21 
14 22 
14 23 
14 25 
14 27 
14 30 
14 32 
14 34 
14 35 
14 36 
14 37 
14 39 
14 40 
14 42 
14 44 
14 45 
14 52 
14 53 
14 54 
14 55 
14 57 
14 58 
14 59 
14 63 
14 68 
14 69 
14 70 
14 71 
14 73 
14 74 
14 76 
14 80 
14 82 
14 84 
14 86 
14 87 
14 88 
14 96 
14 97 
14 98 
14 104 
14 105 
14 109 
14 110 
14 112 
14 119 
14 121 
14 127 
14 128 
14 139 
14 148 
14 150 
14 156 
14 157 
14 166 
14 170 
14 173 
14 180 
14 182 
14 187 
15 2 
15 3 
15 4 
15 7 
15 8 
15 11 
15 13 
15 14 
15 21 
15 22 
15 23 
15 25 
15 27 
15 29 
15 30 
15 32 
15 34 
15 35 
15 36 
15 37 
15 40 
15 42 
15 44 
15 45 
15 52 
15 60 
15 62 
15 63 
15 68 
15 69 
15 72 
15 73 
15 74 
15 82 
15 84 
15 87 
15 88 
15 98 
15 109 
15 110 
15 117 
15 119 
15 121 
15 133 
15 148 
17 37 
17 119 
17 190 
21 4 
21 15 
21 25 
21 62 
21 63 
21 80 
21 155 
22 2 
22 3 
22 4 
22 5 
22 6 
22 7 
22 8 
22 9 
22 10 
22 11 
22 13 
22 14 
22 15 
22 16 
22 17 
22 21 
22 23 
22 25 
22 26 
22 27 
22 30 
22 31 
22 32 
22 34 
22 35 
22 36 
22 37 
22 39 
22 40 
22 42 
22 44 
22 45 
22 48 
22 51 
22 52 
22 53 
22 54 
22 55 
22 58 
22 59 
22 60 
22 62 
22 63 
22 66 
22 67 
22 68 
22 69 
22 70 
22 71 
22 72 
22 73 
22 74 
22 75 
22 76 
22 77 
22 78 
22 79 
22 80 
22 82 
22 83 
22 84 
22 86 
22 87 
22 88 
22 90 
22 91 
22 92 
22 94 
22 96 
22 98 
22 100 
22 102 
22 103 
22 104 
22 105 
22 108 
22 109 
22 110 
22 112 
22 113 
22 116 
22 117 
22 119 
22 121 
22 125 
22 128 
22 133 
22 134 
22 139 
22 146 
22 148 
22 150 
22 156 
22 157 
22 166 
22 170 
22 173 
22 178 
22 180 
22 182 
22 187 
22 212 
23 7 
23 10 
23 14 
23 32 
23 34 
23 45 
23 138 
25 14 
25 170 
26 11 
26 31 
27 3 
27 4 
27 11 
27 14 
27 15 
27 21 
27 22 
27 30 
27 32 
27 35 
27 37 
27 42 
27 44 
27 52 
27 53 
27 57 
27 62 
27 63 
27 68 
27 71 
27 73 
27 74 
27 80 
27 82 
27 84 
27 87 
27 88 
27 98 
27 113 
27 117 
27 121 
27 127 
27 136 
27 148 
29 45 
30 4 
30 7 
30 9 
30 32 
30 40 
30 45 
30 73 
30 98 
30 121 
31 34 
31 139 
33 158 
34 7 
34 8 
34 29 
34 110 
34 139 
34 155 
34 212 
35 3 
35 4 
35 6 
35 7 
35 9 
35 10 
35 11 
35 13 
35 14 
35 15 
35 16 
35 21 
35 22 
35 23 
35 25 
35 27 
35 30 
35 31 
35 32 
35 34 
35 36 
35 37 
35 40 
35 42 
35 44 
35 45 
35 48 
35 51 
35 52 
35 53 
35 54 
35 55 
35 57 
35 58 
35 59 
35 60 
35 62 
35 63 
35 68 
35 69 
35 70 
35 73 
35 74 
35 76 
35 78 
35 82 
35 84 
35 86 
35 87 
35 88 
35 92 
35 94 
35 97 
35 98 
35 103 
35 105 
35 109 
35 113 
35 119 
35 121 
35 128 
35 139 
35 148 
35 155 
35 156 
35 157 
35 170 
35 173 
35 180 
35 182 
35 187 
35 193 
36 4 
36 11 
36 13 
36 14 
36 15 
36 30 
36 34 
36 35 
36 37 
36 62 
36 69 
36 80 
36 82 
36 87 
36 98 
36 121 
37 7 
37 9 
37 14 
37 15 
37 22 
37 42 
37 63 
37 70 
37 71 
37 84 
37 92 
37 110 
40 27 
42 32 
42 70 
42 72 
42 83 
42 119 
43 27 
43 62 
43 71 
43 92 
43 110 
43 113 
43 125 
43 155 
43 158 
44 4 
44 13 
44 14 
44 17 
44 21 
44 22 
44 23 
44 25 
44 27 
44 34 
44 35 
44 36 
44 37 
44 39 
44 42 
44 45 
44 52 
44 62 
44 63 
44 68 
44 80 
44 82 
44 97 
44 109 
44 110 
44 121 
44 125 
44 127 
44 128 
44 150 
44 178 
44 187 
44 212 
45 4 
45 6 
45 7 
45 8 
45 9 
45 10 
45 11 
45 14 
45 15 
45 16 
45 17 
45 23 
45 26 
45 27 
45 29 
45 34 
45 39 
45 44 
45 55 
45 58 
45 62 
45 66 
45 70 
45 76 
45 96 
45 103 
45 110 
45 120 
45 125 
45 127 
45 128 
45 136 
47 139 
49 5 
49 27 
49 37 
49 55 
49 76 
49 90 
49 95 
49 96 
49 103 
49 110 
50 125 
51 48 
52 30 
52 32 
52 45 
52 84 
52 98 
52 121 
55 94 
59 170 
60 30 
60 51 
60 77 
60 86 
60 90 
62 68 
63 7 
63 10 
63 30 
63 69 
63 73 
63 84 
63 87 
63 98 
66 108 
68 2 
68 3 
68 15 
68 27 
68 45 
68 62 
68 84 
69 6 
69 30 
69 73 
69 84 
69 87 
69 88 
69 98 
69 121 
70 27 
70 39 
70 62 
71 92 
73 30 
73 37 
73 42 
73 44 
73 98 
73 121 
74 4 
74 27 
74 70 
76 130 
76 136 
80 13 
80 36 
81 16 
81 27 
81 58 
81 72 
81 97 
81 136 
82 4 
82 13 
82 14 
82 15 
82 34 
82 35 
82 37 
82 39 
82 44 
82 53 
82 57 
82 74 
82 80 
82 109 
82 110 
82 125 
82 180 
82 187 
83 30 
83 32 
83 42 
83 70 
83 117 
83 121 
84 22 
84 35 
84 44 
84 62 
84 68 
84 69 
86 35 
86 51 
86 60 
86 77 
87 63 
87 84 
88 22 
88 60 
93 14 
93 17 
93 27 
93 30 
93 55 
93 59 
93 82 
93 84 
93 87 
93 104 
93 110 
93 178 
96 2 
96 4 
96 23 
96 27 
96 36 
96 45 
96 55 
96 70 
96 76 
96 79 
96 108 
96 119 
98 13 
98 72 
98 73 
98 121 
100 35 
100 70 
100 72 
102 134 
103 44 
103 112 
103 120 
103 128 
103 130 
103 136 
103 178 
105 165 
105 166 
108 6 
109 4 
109 14 
109 15 
109 39 
109 52 
109 57 
109 71 
109 74 
109 75 
109 92 
109 110 
109 113 
109 115 
109 119 
109 138 
109 150 
109 168 
109 181 
110 15 
110 212 
112 120 
116 14 
119 173 
119 193 
121 44 
121 72 
121 73 
121 98 
124 180 
148 73 
150 104 
150 181 
165 165 
173 180 
195 139 
