2 18 
2 156 
2 166 
2 182 
3 15 
3 22 
3 69 
3 88 
4 3 
4 14 
4 15 
4 21 
4 27 
4 36 
4 37 
4 44 
4 63 
4 73 
4 74 
4 121 
5 15 
5 27 
5 32 
5 35 
5 77 
5 82 
6 6 
7 6 
7 18 
7 32 
7 44 
7 45 
7 53 
7 105 
7 113 
7 180 
7 187 
8 6 
8 9 
8 45 
8 140 
9 6 
9 8 
9 18 
9 32 
9 44 
9 53 
9 113 
9 140 
9 180 
9 187 
10 6 
10 45 
10 105 
11 4 
11 13 
11 14 
11 15 
11 36 
11 44 
12 27 
12 158 
14 4 
14 11 
14 15 
14 21 
14 22 
14 27 
14 30 
14 35 
14 37 
14 44 
14 45 
14 54 
14 57 
14 59 
14 63 
14 68 
14 69 
14 71 
14 74 
14 82 
14 84 
14 119 
14 134 
14 156 
14 158 
14 170 
14 182 
14 187 
15 3 
15 4 
15 11 
15 13 
15 14 
15 22 
15 27 
15 30 
15 31 
15 35 
15 36 
15 37 
15 60 
15 63 
15 69 
15 74 
15 82 
15 87 
15 88 
15 98 
15 100 
16 79 
16 97 
17 2 
17 4 
17 6 
17 14 
17 15 
17 19 
17 21 
17 25 
17 28 
17 33 
17 34 
17 35 
17 37 
17 40 
17 44 
17 45 
17 71 
17 80 
17 105 
17 109 
17 116 
17 125 
17 133 
17 134 
17 138 
17 146 
17 150 
17 155 
17 158 
17 187 
17 190 
18 5 
18 6 
18 7 
18 8 
18 9 
18 14 
18 15 
18 22 
18 25 
18 26 
18 27 
18 28 
18 31 
18 32 
18 34 
18 39 
18 44 
18 53 
18 69 
18 83 
18 84 
18 96 
18 100 
18 117 
18 121 
18 150 
18 158 
19 125 
19 158 
21 44 
22 3 
22 4 
22 11 
22 15 
22 21 
22 27 
22 30 
22 35 
22 37 
22 44 
22 52 
22 68 
22 73 
22 84 
22 88 
22 148 
22 158 
25 4 
25 94 
25 158 
26 2 
26 23 
26 31 
26 33 
26 34 
26 39 
26 44 
26 83 
26 95 
26 158 
27 3 
27 4 
27 11 
27 13 
27 14 
27 15 
27 21 
27 22 
27 30 
27 35 
27 36 
27 37 
27 44 
27 52 
27 60 
27 62 
27 63 
27 68 
27 69 
27 73 
27 74 
27 82 
27 84 
27 87 
27 88 
27 98 
27 100 
27 121 
27 133 
27 148 
27 158 
28 6 
28 45 
28 158 
29 2 
29 4 
29 6 
29 7 
29 8 
29 9 
29 13 
29 15 
29 18 
29 23 
29 25 
29 26 
29 27 
29 31 
29 33 
29 35 
29 36 
29 44 
29 45 
29 55 
29 60 
29 66 
29 69 
29 70 
29 80 
29 94 
29 105 
29 109 
29 134 
29 156 
30 44 
30 69 
30 73 
31 158 
34 7 
34 9 
34 14 
34 18 
34 19 
34 27 
34 44 
34 45 
34 71 
35 4 
35 14 
35 15 
35 22 
35 27 
35 44 
35 53 
35 62 
35 68 
35 82 
35 158 
36 11 
36 13 
36 121 
39 2 
39 3 
39 4 
39 6 
39 7 
39 8 
39 9 
39 10 
39 11 
39 14 
39 15 
39 18 
39 19 
39 22 
39 23 
39 25 
39 26 
39 27 
39 31 
39 32 
39 34 
39 36 
39 37 
39 39 
39 44 
39 45 
39 70 
39 71 
39 80 
39 99 
39 102 
39 105 
39 109 
39 125 
39 133 
39 134 
39 158 
39 212 
40 3 
40 59 
40 158 
43 19 
43 71 
43 92 
43 113 
43 125 
43 158 
44 6 
44 11 
44 13 
44 14 
44 15 
44 21 
44 22 
44 27 
44 30 
44 35 
44 37 
44 63 
44 67 
44 68 
44 69 
44 82 
44 102 
44 134 
44 148 
45 2 
45 3 
45 6 
45 27 
45 44 
45 58 
45 66 
45 70 
45 79 
45 94 
45 97 
45 103 
45 127 
45 128 
45 134 
45 136 
45 158 
47 2 
47 6 
47 7 
47 8 
47 9 
47 14 
47 15 
47 25 
47 27 
47 31 
47 32 
47 33 
47 35 
47 44 
47 45 
47 69 
47 78 
47 80 
47 83 
47 96 
47 121 
47 133 
47 134 
47 139 
47 158 
49 158 
52 68 
52 100 
54 4 
55 6 
58 4 
58 6 
58 15 
58 27 
58 32 
58 42 
58 44 
58 45 
58 51 
58 80 
58 82 
58 117 
58 133 
59 4 
59 6 
59 11 
59 14 
59 15 
59 22 
59 25 
59 27 
59 32 
59 35 
59 37 
59 40 
59 42 
59 44 
59 45 
59 51 
59 53 
59 60 
59 70 
59 78 
59 80 
59 83 
59 86 
59 90 
59 91 
59 102 
59 117 
59 170 
59 182 
59 187 
61 27 
63 87 
63 88 
64 51 
64 128 
65 4 
65 6 
65 15 
65 22 
65 27 
65 32 
65 35 
65 37 
65 44 
65 45 
65 80 
66 6 
68 30 
68 48 
68 52 
68 62 
69 84 
69 87 
70 44 
71 113 
73 121 
74 4 
74 14 
76 6 
76 27 
76 45 
79 6 
79 45 
79 58 
80 11 
81 22 
81 27 
81 51 
81 60 
81 86 
82 14 
82 44 
82 53 
84 68 
85 54 
86 77 
87 3 
87 15 
87 52 
87 63 
87 69 
88 22 
89 6 
89 158 
90 6 
91 158 
93 33 
93 59 
93 97 
93 116 
94 55 
94 158 
96 6 
96 18 
96 27 
96 32 
96 45 
96 86 
96 117 
97 79 
98 13 
98 121 
99 2 
99 6 
99 105 
101 6 
101 97 
103 6 
103 44 
103 45 
105 99 
105 105 
105 165 
105 166 
105 182 
108 6 
108 22 
108 27 
108 96 
109 18 
109 31 
109 32 
109 44 
109 75 
109 115 
109 138 
109 168 
110 2 
110 4 
110 5 
110 6 
110 14 
110 15 
110 19 
110 22 
110 25 
110 27 
110 28 
110 31 
110 33 
110 35 
110 36 
110 37 
110 40 
110 44 
110 45 
110 51 
110 59 
110 60 
110 63 
110 68 
110 70 
110 77 
110 80 
110 83 
110 86 
110 89 
110 100 
110 105 
110 109 
110 116 
110 125 
110 134 
110 146 
110 150 
110 158 
110 182 
110 212 
111 134 
113 6 
119 4 
119 15 
119 25 
119 27 
119 37 
119 74 
119 146 
120 6 
120 27 
120 51 
120 112 
120 128 
121 73 
121 98 
125 134 
126 2 
130 14 
135 44 
150 32 
152 109 
156 166 
158 17 
160 44 
160 128 
161 2 
161 105 
162 105 
165 2 
165 105 
173 7 
173 8 
173 27 
178 112 
178 128 
183 54 
187 27 
195 105 
