2 166 
3 15 
3 22 
3 37 
3 63 
3 69 
3 87 
3 88 
4 11 
4 14 
4 21 
4 22 
4 27 
4 37 
4 44 
4 62 
4 74 
4 150 
4 180 
5 180 
7 116 
7 150 
8 116 
10 150 
11 13 
11 22 
11 26 
11 36 
11 73 
11 98 
14 3 
14 4 
14 11 
14 13 
14 15 
14 21 
14 22 
14 23 
14 27 
14 35 
14 36 
14 37 
14 44 
14 62 
14 63 
14 69 
14 74 
14 82 
14 121 
14 150 
14 180 
15 3 
15 4 
15 11 
15 13 
15 14 
15 21 
15 22 
15 27 
15 30 
15 35 
15 36 
15 37 
15 44 
15 63 
15 69 
15 74 
15 82 
15 84 
15 87 
21 44 
22 3 
22 4 
22 14 
22 37 
22 44 
22 48 
22 68 
22 82 
22 84 
22 88 
27 4 
27 13 
27 14 
27 15 
27 21 
27 22 
27 35 
27 36 
27 37 
27 44 
27 68 
27 73 
27 121 
27 148 
27 180 
30 3 
30 4 
30 11 
30 14 
30 15 
30 22 
30 27 
30 32 
30 37 
30 44 
30 63 
30 68 
30 73 
30 84 
30 87 
30 88 
30 98 
30 121 
35 14 
35 36 
44 14 
44 15 
44 21 
44 27 
45 76 
45 178 
45 193 
52 14 
52 37 
52 116 
63 22 
63 87 
69 3 
69 4 
69 14 
69 15 
69 22 
69 32 
69 37 
69 44 
69 60 
69 63 
69 84 
69 87 
69 88 
73 98 
73 121 
82 35 
84 87 
87 14 
87 30 
87 63 
87 69 
88 3 
88 22 
94 180 
98 73 
105 166 
121 73 
