2 29 
2 31 
2 34 
2 96 
2 99 
2 105 
2 156 
2 166 
2 170 
3 11 
3 15 
3 22 
3 27 
3 30 
3 32 
3 35 
3 37 
3 51 
3 63 
3 67 
3 69 
3 70 
3 80 
3 84 
3 86 
3 87 
3 88 
3 102 
3 157 
4 3 
4 13 
4 14 
4 27 
4 35 
4 37 
4 44 
4 57 
4 70 
4 74 
4 156 
5 2 
5 6 
5 14 
5 15 
5 27 
5 32 
5 35 
5 37 
5 45 
5 49 
5 53 
5 62 
5 70 
5 82 
5 95 
5 96 
5 105 
5 108 
6 6 
6 7 
6 9 
6 27 
6 31 
6 45 
7 6 
7 15 
7 19 
7 22 
7 26 
7 27 
7 28 
7 29 
7 31 
7 34 
7 35 
7 36 
7 45 
7 57 
7 59 
7 70 
7 72 
7 91 
7 99 
7 105 
7 119 
7 150 
7 180 
9 6 
9 15 
9 19 
9 22 
9 27 
9 28 
9 31 
9 34 
9 35 
9 36 
9 57 
9 59 
9 70 
9 72 
9 91 
9 99 
9 105 
9 119 
9 150 
9 180 
10 6 
10 9 
10 19 
10 26 
10 29 
10 31 
10 34 
10 45 
10 57 
10 59 
10 99 
10 119 
11 13 
11 40 
11 67 
11 102 
12 2 
12 6 
12 21 
12 54 
12 59 
12 67 
12 78 
12 92 
12 104 
12 109 
12 113 
12 119 
12 134 
12 150 
12 170 
12 180 
14 3 
14 4 
14 7 
14 8 
14 13 
14 21 
14 22 
14 27 
14 30 
14 35 
14 37 
14 40 
14 44 
14 52 
14 53 
14 54 
14 57 
14 59 
14 60 
14 63 
14 69 
14 70 
14 73 
14 74 
14 78 
14 82 
14 84 
14 87 
14 88 
14 91 
14 104 
14 134 
14 148 
14 156 
14 157 
14 170 
14 180 
15 3 
15 4 
15 11 
15 13 
15 14 
15 21 
15 22 
15 27 
15 30 
15 31 
15 32 
15 34 
15 35 
15 37 
15 40 
15 44 
15 52 
15 53 
15 55 
15 59 
15 60 
15 62 
15 63 
15 69 
15 73 
15 74 
15 80 
15 82 
15 84 
15 87 
15 88 
15 98 
15 102 
15 119 
15 156 
16 6 
16 79 
16 97 
17 6 
17 27 
17 34 
17 70 
17 99 
17 105 
17 190 
18 2 
18 6 
18 7 
18 9 
18 10 
18 14 
18 15 
18 22 
18 23 
18 26 
18 27 
18 28 
18 29 
18 31 
18 32 
18 33 
18 34 
18 35 
18 37 
18 40 
18 42 
18 44 
18 45 
18 49 
18 54 
18 70 
18 78 
18 82 
18 105 
18 134 
18 146 
21 44 
22 2 
22 3 
22 4 
22 6 
22 7 
22 10 
22 14 
22 15 
22 25 
22 27 
22 31 
22 32 
22 35 
22 37 
22 40 
22 44 
22 48 
22 52 
22 54 
22 57 
22 59 
22 62 
22 63 
22 68 
22 69 
22 70 
22 74 
22 77 
22 84 
22 86 
22 119 
22 148 
23 7 
23 10 
23 34 
25 2 
25 6 
25 14 
25 33 
25 75 
25 78 
25 104 
25 119 
25 125 
25 134 
25 158 
25 173 
26 28 
26 34 
26 45 
26 67 
26 99 
26 105 
26 125 
26 166 
27 3 
27 4 
27 11 
27 13 
27 14 
27 15 
27 21 
27 22 
27 30 
27 32 
27 33 
27 35 
27 36 
27 37 
27 40 
27 42 
27 44 
27 51 
27 52 
27 60 
27 62 
27 63 
27 68 
27 69 
27 72 
27 74 
27 80 
27 82 
27 84 
27 86 
27 87 
27 88 
27 90 
27 98 
27 100 
27 109 
27 119 
27 125 
27 127 
27 148 
28 6 
28 109 
29 2 
29 3 
29 6 
29 7 
29 8 
29 9 
29 10 
29 14 
29 18 
29 19 
29 22 
29 23 
29 25 
29 26 
29 27 
29 28 
29 30 
29 31 
29 32 
29 33 
29 34 
29 35 
29 37 
29 39 
29 42 
29 45 
29 49 
29 70 
29 86 
29 96 
29 105 
29 109 
29 112 
29 116 
29 127 
29 128 
29 134 
29 166 
30 2 
30 14 
30 15 
30 27 
30 44 
30 52 
30 63 
30 70 
30 73 
30 84 
30 98 
30 116 
31 6 
31 45 
31 59 
31 105 
31 180 
32 116 
32 117 
33 6 
33 18 
33 67 
33 91 
33 109 
33 125 
34 18 
34 26 
34 29 
34 39 
34 99 
34 180 
34 212 
35 4 
35 7 
35 8 
35 14 
35 22 
35 27 
35 30 
35 31 
35 34 
35 37 
35 44 
35 53 
35 59 
35 62 
35 78 
35 82 
35 87 
35 119 
35 156 
36 13 
36 98 
37 15 
37 31 
37 55 
37 60 
37 86 
39 2 
39 3 
39 4 
39 6 
39 7 
39 9 
39 10 
39 11 
39 14 
39 15 
39 18 
39 19 
39 21 
39 22 
39 23 
39 25 
39 26 
39 27 
39 28 
39 29 
39 30 
39 31 
39 32 
39 33 
39 34 
39 35 
39 37 
39 40 
39 42 
39 44 
39 45 
39 49 
39 59 
39 62 
39 67 
39 68 
39 69 
39 70 
39 72 
39 78 
39 80 
39 82 
39 86 
39 89 
39 90 
39 91 
39 95 
39 96 
39 99 
39 103 
39 105 
39 109 
39 112 
39 117 
39 119 
39 125 
39 127 
39 128 
39 134 
39 146 
39 155 
39 156 
39 157 
39 158 
39 180 
39 212 
40 4 
40 6 
40 14 
40 15 
40 19 
40 26 
40 34 
40 80 
40 92 
40 112 
40 113 
40 134 
40 150 
40 178 
42 34 
42 70 
43 2 
43 6 
43 7 
43 9 
43 18 
43 19 
43 34 
43 54 
43 57 
43 59 
43 67 
43 91 
43 92 
43 104 
43 109 
43 113 
43 125 
43 134 
43 150 
43 158 
43 173 
43 212 
44 11 
44 13 
44 14 
44 15 
44 21 
44 22 
44 27 
44 30 
44 31 
44 35 
44 59 
44 63 
44 70 
44 98 
44 112 
44 119 
44 125 
44 212 
45 2 
45 6 
45 7 
45 8 
45 16 
45 23 
45 26 
45 27 
45 28 
45 29 
45 31 
45 34 
45 36 
45 37 
45 42 
45 58 
45 70 
45 79 
45 95 
45 97 
45 99 
45 102 
45 103 
45 112 
45 119 
45 127 
45 128 
45 158 
45 178 
47 2 
47 6 
47 7 
47 9 
47 10 
47 11 
47 21 
47 22 
47 27 
47 29 
47 31 
47 32 
47 36 
47 45 
47 62 
47 119 
49 5 
49 27 
49 37 
52 6 
52 45 
52 78 
52 84 
52 116 
52 148 
52 150 
52 157 
52 170 
52 180 
54 14 
55 108 
58 2 
58 4 
58 6 
58 11 
58 14 
58 15 
58 16 
58 22 
58 23 
58 25 
58 27 
58 30 
58 31 
58 32 
58 35 
58 37 
58 44 
58 45 
58 49 
58 70 
58 78 
58 79 
58 80 
58 86 
58 91 
58 94 
58 96 
58 97 
59 27 
59 170 
60 51 
61 27 
62 19 
62 26 
62 33 
62 34 
62 39 
62 42 
62 54 
62 70 
62 78 
62 91 
62 109 
62 119 
62 125 
62 150 
62 170 
63 27 
63 30 
68 22 
68 27 
68 52 
68 62 
68 119 
69 73 
69 84 
70 3 
70 6 
70 13 
70 22 
70 27 
70 31 
70 32 
70 34 
70 40 
70 42 
70 44 
70 45 
70 52 
70 60 
70 62 
70 69 
70 73 
70 83 
70 90 
70 100 
70 109 
70 116 
70 117 
70 148 
71 15 
71 19 
71 21 
71 25 
71 27 
71 35 
71 37 
71 44 
71 45 
71 62 
71 68 
71 78 
71 82 
71 92 
71 96 
71 109 
71 113 
71 116 
71 119 
73 98 
76 6 
76 27 
76 45 
76 94 
76 97 
76 119 
76 127 
76 130 
78 91 
81 58 
81 96 
81 127 
82 6 
82 14 
82 15 
82 35 
82 37 
82 53 
82 74 
82 78 
82 87 
82 109 
82 156 
82 180 
84 30 
84 69 
86 77 
87 52 
87 63 
87 69 
88 7 
88 9 
88 51 
89 91 
89 170 
92 113 
93 14 
93 19 
93 27 
93 33 
93 58 
93 127 
96 53 
96 95 
96 97 
97 16 
97 58 
101 16 
101 35 
101 79 
101 97 
103 112 
105 34 
105 39 
105 99 
105 165 
105 166 
108 6 
108 45 
109 2 
109 5 
109 6 
109 11 
109 14 
109 15 
109 22 
109 26 
109 27 
109 32 
109 34 
109 35 
109 45 
109 49 
109 54 
109 57 
109 59 
109 67 
109 70 
109 75 
109 80 
109 92 
109 96 
109 98 
109 104 
109 109 
109 113 
109 119 
109 125 
109 134 
109 150 
109 168 
109 180 
112 178 
113 159 
115 168 
116 14 
119 27 
119 53 
119 170 
119 180 
121 98 
128 112 
128 120 
129 127 
135 2 
135 26 
135 57 
135 109 
135 119 
135 155 
135 170 
135 180 
136 103 
141 28 
141 130 
146 25 
147 14 
148 67 
159 92 
159 113 
163 21 
163 27 
163 44 
172 25 
172 33 
172 134 
172 146 
173 180 
180 157 
180 170 
204 59 
