2 2 
2 6 
2 7 
2 8 
2 9 
2 10 
2 18 
2 23 
2 26 
2 31 
2 34 
2 39 
2 44 
2 70 
2 71 
2 99 
2 105 
2 109 
2 110 
2 150 
2 156 
2 166 
2 212 
3 6 
3 13 
3 14 
3 15 
3 19 
3 22 
3 31 
3 32 
3 37 
3 42 
3 45 
3 48 
3 51 
3 52 
3 60 
3 63 
3 69 
3 82 
3 84 
3 86 
3 87 
3 88 
3 98 
3 109 
3 121 
3 158 
4 2 
4 6 
4 7 
4 8 
4 9 
4 14 
4 15 
4 16 
4 22 
4 23 
4 27 
4 30 
4 35 
4 37 
4 44 
4 52 
4 59 
4 63 
4 66 
4 68 
4 74 
4 76 
4 80 
4 84 
4 86 
4 104 
4 105 
4 109 
4 119 
4 156 
4 181 
4 182 
4 193 
4 212 
5 6 
5 44 
5 193 
6 2 
6 5 
6 6 
6 7 
6 8 
6 9 
6 10 
6 11 
6 13 
6 14 
6 15 
6 18 
6 19 
6 21 
6 23 
6 25 
6 26 
6 27 
6 29 
6 30 
6 31 
6 32 
6 34 
6 35 
6 36 
6 37 
6 39 
6 40 
6 44 
6 45 
6 49 
6 55 
6 58 
6 63 
6 66 
6 70 
6 76 
6 80 
6 82 
6 86 
6 91 
6 94 
6 96 
6 97 
6 102 
6 105 
6 108 
6 109 
6 112 
6 117 
6 121 
6 128 
7 2 
7 4 
7 5 
7 6 
7 14 
7 17 
7 18 
7 22 
7 26 
7 27 
7 31 
7 32 
7 34 
7 35 
7 36 
7 37 
7 39 
7 42 
7 44 
7 45 
7 49 
7 58 
7 67 
7 71 
7 76 
7 82 
7 96 
7 98 
7 99 
7 104 
7 105 
7 108 
7 109 
7 117 
7 127 
7 138 
7 150 
7 155 
7 156 
7 159 
7 170 
7 173 
7 180 
7 187 
8 2 
8 6 
8 27 
8 34 
8 99 
8 104 
8 109 
8 140 
8 156 
9 2 
9 4 
9 5 
9 6 
9 8 
9 9 
9 10 
9 14 
9 17 
9 18 
9 22 
9 26 
9 27 
9 31 
9 32 
9 34 
9 35 
9 36 
9 37 
9 39 
9 42 
9 44 
9 45 
9 49 
9 67 
9 71 
9 76 
9 82 
9 96 
9 98 
9 105 
9 108 
9 109 
9 117 
9 127 
9 138 
9 140 
9 150 
9 159 
9 170 
9 173 
9 180 
9 187 
10 2 
10 6 
10 8 
10 9 
10 26 
10 34 
10 35 
10 39 
10 42 
10 58 
10 96 
10 105 
10 155 
11 3 
11 6 
11 13 
11 14 
11 15 
11 23 
11 30 
11 32 
11 34 
11 35 
11 36 
11 44 
11 63 
11 73 
11 74 
11 80 
11 82 
11 102 
11 121 
12 6 
12 25 
12 28 
12 59 
12 71 
12 78 
12 91 
12 92 
12 113 
12 134 
12 146 
13 14 
13 32 
13 36 
13 73 
13 98 
13 102 
13 121 
14 2 
14 3 
14 4 
14 5 
14 6 
14 7 
14 8 
14 9 
14 10 
14 11 
14 13 
14 15 
14 17 
14 18 
14 21 
14 22 
14 23 
14 25 
14 26 
14 27 
14 29 
14 30 
14 31 
14 32 
14 34 
14 35 
14 36 
14 37 
14 39 
14 40 
14 42 
14 44 
14 45 
14 49 
14 51 
14 52 
14 53 
14 54 
14 55 
14 57 
14 58 
14 59 
14 60 
14 62 
14 63 
14 67 
14 68 
14 69 
14 70 
14 71 
14 73 
14 74 
14 76 
14 78 
14 79 
14 80 
14 82 
14 83 
14 84 
14 86 
14 87 
14 88 
14 90 
14 91 
14 94 
14 95 
14 96 
14 97 
14 98 
14 100 
14 102 
14 104 
14 105 
14 108 
14 109 
14 112 
14 116 
14 119 
14 121 
14 134 
14 139 
14 146 
14 150 
14 156 
14 157 
14 158 
14 166 
14 170 
14 173 
14 180 
14 182 
14 187 
14 193 
14 212 
14 213 
15 2 
15 3 
15 4 
15 5 
15 6 
15 7 
15 8 
15 9 
15 10 
15 11 
15 13 
15 14 
15 16 
15 18 
15 21 
15 22 
15 23 
15 25 
15 26 
15 27 
15 29 
15 30 
15 31 
15 32 
15 34 
15 35 
15 36 
15 37 
15 39 
15 40 
15 42 
15 44 
15 45 
15 48 
15 49 
15 51 
15 52 
15 58 
15 59 
15 60 
15 62 
15 63 
15 66 
15 68 
15 69 
15 70 
15 73 
15 74 
15 76 
15 78 
15 80 
15 82 
15 83 
15 84 
15 86 
15 87 
15 88 
15 90 
15 91 
15 95 
15 96 
15 97 
15 98 
15 100 
15 102 
15 105 
15 108 
15 109 
15 110 
15 116 
15 117 
15 121 
15 133 
15 146 
15 150 
15 156 
15 173 
15 212 
16 58 
16 79 
16 97 
16 136 
17 2 
17 6 
17 34 
17 37 
17 39 
17 44 
17 45 
17 71 
17 100 
17 105 
17 109 
17 110 
17 125 
17 150 
17 155 
17 158 
17 212 
18 26 
18 34 
21 44 
21 45 
22 2 
22 3 
22 4 
22 5 
22 6 
22 7 
22 8 
22 9 
22 11 
22 13 
22 14 
22 15 
22 21 
22 25 
22 30 
22 32 
22 34 
22 35 
22 36 
22 37 
22 44 
22 45 
22 48 
22 51 
22 58 
22 59 
22 60 
22 63 
22 68 
22 70 
22 71 
22 80 
22 82 
22 84 
22 88 
22 105 
22 109 
22 121 
22 146 
22 148 
22 150 
22 158 
23 3 
23 4 
23 5 
23 6 
23 7 
23 8 
23 9 
23 10 
23 14 
23 15 
23 18 
23 25 
23 26 
23 27 
23 29 
23 31 
23 34 
23 36 
23 37 
23 39 
23 42 
23 44 
23 45 
23 67 
23 76 
23 80 
23 82 
23 99 
23 105 
23 108 
23 109 
23 146 
23 150 
23 156 
23 182 
24 72 
25 146 
26 2 
26 7 
26 9 
26 18 
26 34 
26 45 
26 76 
26 212 
27 2 
27 3 
27 4 
27 6 
27 7 
27 8 
27 11 
27 13 
27 14 
27 15 
27 17 
27 21 
27 22 
27 23 
27 26 
27 30 
27 34 
27 35 
27 36 
27 37 
27 39 
27 44 
27 51 
27 52 
27 53 
27 54 
27 57 
27 59 
27 60 
27 62 
27 63 
27 67 
27 68 
27 69 
27 71 
27 73 
27 74 
27 80 
27 82 
27 84 
27 88 
27 90 
27 91 
27 92 
27 100 
27 102 
27 104 
27 105 
27 109 
27 121 
27 127 
27 130 
27 134 
27 150 
27 170 
27 182 
27 187 
27 193 
27 212 
27 213 
28 22 
28 102 
29 6 
29 23 
29 26 
29 31 
29 158 
30 2 
30 6 
30 7 
30 10 
30 13 
30 14 
30 15 
30 21 
30 22 
30 27 
30 32 
30 35 
30 36 
30 37 
30 42 
30 44 
30 45 
30 59 
30 60 
30 63 
30 68 
30 69 
30 73 
30 80 
30 84 
30 87 
30 88 
30 98 
30 102 
30 117 
30 121 
31 2 
31 3 
31 5 
31 6 
31 7 
31 9 
31 14 
31 15 
31 18 
31 26 
31 27 
31 32 
31 34 
31 45 
31 49 
31 70 
31 72 
31 78 
31 96 
31 105 
31 158 
32 6 
32 15 
32 23 
32 40 
32 42 
32 45 
32 52 
32 68 
32 70 
32 72 
32 73 
32 83 
32 100 
32 116 
32 117 
32 121 
32 133 
34 7 
34 8 
34 17 
34 18 
34 26 
34 29 
34 31 
34 71 
34 102 
34 105 
34 110 
34 125 
34 139 
34 212 
35 13 
35 14 
35 15 
35 21 
35 22 
35 27 
35 37 
35 44 
35 48 
35 53 
35 54 
35 58 
35 59 
35 62 
35 63 
35 68 
35 76 
35 78 
35 80 
35 82 
35 91 
35 102 
35 103 
35 112 
35 148 
35 156 
35 212 
36 2 
36 4 
36 6 
36 7 
36 8 
36 9 
36 10 
36 11 
36 13 
36 14 
36 22 
36 23 
36 30 
36 32 
36 34 
36 35 
36 37 
36 40 
36 45 
36 62 
36 63 
36 69 
36 73 
36 74 
36 80 
36 84 
36 87 
36 98 
36 102 
36 121 
37 3 
37 6 
37 14 
37 15 
37 25 
37 29 
37 32 
37 35 
37 44 
37 51 
37 60 
37 88 
39 2 
39 3 
39 6 
39 11 
39 18 
39 21 
39 23 
39 27 
39 34 
39 35 
39 36 
39 37 
39 44 
39 45 
39 49 
39 52 
39 70 
39 76 
39 80 
39 104 
39 105 
39 109 
39 148 
39 155 
39 182 
39 212 
40 19 
40 32 
40 36 
40 44 
40 71 
40 72 
40 100 
40 125 
40 133 
40 193 
42 6 
42 15 
42 19 
42 30 
42 32 
42 44 
42 68 
42 70 
42 72 
42 73 
42 83 
42 87 
42 98 
42 100 
42 116 
42 117 
42 121 
42 133 
43 17 
43 19 
43 25 
43 57 
43 92 
43 104 
43 110 
43 113 
43 125 
43 158 
43 181 
43 212 
44 2 
44 3 
44 4 
44 5 
44 6 
44 7 
44 8 
44 9 
44 10 
44 11 
44 13 
44 14 
44 15 
44 17 
44 21 
44 22 
44 23 
44 25 
44 26 
44 27 
44 30 
44 31 
44 32 
44 34 
44 35 
44 36 
44 37 
44 39 
44 40 
44 45 
44 48 
44 49 
44 62 
44 63 
44 68 
44 69 
44 70 
44 71 
44 74 
44 76 
44 80 
44 82 
44 84 
44 87 
44 92 
44 95 
44 96 
44 102 
44 103 
44 105 
44 109 
44 112 
44 113 
44 119 
44 121 
44 125 
44 128 
44 134 
44 146 
44 148 
44 150 
44 158 
44 168 
44 193 
45 2 
45 3 
45 4 
45 5 
45 6 
45 7 
45 8 
45 9 
45 10 
45 11 
45 13 
45 14 
45 15 
45 16 
45 17 
45 18 
45 21 
45 22 
45 23 
45 25 
45 26 
45 27 
45 28 
45 29 
45 31 
45 32 
45 33 
45 34 
45 35 
45 36 
45 37 
45 39 
45 42 
45 44 
45 49 
45 54 
45 55 
45 58 
45 62 
45 63 
45 66 
45 67 
45 68 
45 69 
45 70 
45 71 
45 76 
45 79 
45 80 
45 82 
45 92 
45 94 
45 95 
45 96 
45 97 
45 98 
45 99 
45 102 
45 103 
45 105 
45 108 
45 109 
45 112 
45 113 
45 116 
45 119 
45 120 
45 125 
45 127 
45 128 
45 130 
45 133 
45 134 
45 136 
45 139 
45 146 
45 148 
45 158 
45 165 
45 178 
45 182 
47 2 
47 6 
47 39 
49 5 
49 14 
49 16 
49 45 
49 94 
49 95 
49 108 
49 158 
52 14 
52 48 
52 62 
52 70 
52 84 
52 90 
52 116 
55 45 
55 58 
55 66 
55 96 
55 97 
58 3 
58 6 
58 16 
58 76 
58 79 
58 97 
59 57 
59 170 
60 2 
60 6 
60 51 
60 86 
60 88 
60 90 
62 7 
62 8 
63 3 
63 4 
63 6 
63 11 
63 14 
63 15 
63 27 
63 30 
63 35 
63 44 
63 45 
63 48 
63 52 
63 60 
63 68 
63 69 
63 70 
63 73 
63 82 
63 84 
63 87 
63 91 
63 98 
68 3 
68 6 
68 11 
68 15 
68 44 
68 48 
68 52 
68 59 
68 62 
68 86 
68 90 
68 98 
69 2 
69 3 
69 4 
69 6 
69 15 
69 27 
69 30 
69 32 
69 35 
69 42 
69 52 
69 63 
69 82 
69 84 
69 86 
69 88 
69 105 
69 121 
70 4 
70 6 
70 37 
70 44 
71 113 
73 15 
73 21 
73 32 
73 44 
73 98 
73 121 
74 4 
74 14 
75 168 
76 6 
76 16 
76 55 
76 97 
76 136 
78 6 
78 91 
78 187 
80 11 
80 36 
80 102 
81 36 
82 4 
82 5 
82 7 
82 14 
82 15 
82 23 
82 35 
82 37 
82 44 
82 53 
82 74 
82 109 
82 116 
82 140 
83 15 
83 68 
84 6 
84 22 
84 35 
84 44 
84 45 
84 52 
84 62 
84 63 
84 68 
84 69 
84 70 
84 83 
86 51 
86 60 
86 77 
86 88 
86 90 
87 6 
87 44 
87 52 
87 63 
87 69 
88 6 
88 22 
88 51 
88 52 
88 60 
88 77 
88 90 
89 44 
89 59 
90 48 
93 14 
93 27 
93 28 
93 33 
93 48 
93 59 
93 63 
93 77 
93 96 
93 97 
94 55 
96 49 
96 100 
96 108 
97 16 
97 58 
97 79 
98 13 
98 32 
98 36 
98 73 
98 121 
101 16 
101 79 
101 97 
104 14 
105 2 
105 7 
105 9 
105 99 
105 156 
108 66 
109 4 
109 15 
109 22 
109 27 
109 44 
109 75 
109 92 
109 104 
109 113 
109 115 
109 119 
109 138 
109 150 
109 168 
110 212 
112 103 
112 120 
112 128 
112 130 
112 178 
113 71 
117 83 
119 173 
121 15 
121 32 
121 44 
121 45 
121 73 
121 98 
122 170 
124 158 
125 25 
125 71 
125 146 
129 193 
135 6 
135 22 
135 158 
150 113 
156 166 
157 173 
168 115 
169 14 
187 27 
187 45 
187 54 
187 59 
187 180 
