2 2 
2 6 
2 7 
2 8 
2 9 
2 10 
2 17 
2 18 
2 22 
2 23 
2 26 
2 27 
2 32 
2 33 
2 34 
2 39 
2 44 
2 45 
2 51 
2 99 
2 105 
2 110 
2 117 
2 134 
2 156 
2 158 
2 166 
2 182 
2 212 
3 4 
3 15 
3 22 
3 27 
3 30 
3 37 
3 63 
3 69 
3 84 
3 87 
3 88 
4 3 
4 11 
4 13 
4 14 
4 15 
4 21 
4 22 
4 27 
4 30 
4 35 
4 36 
4 44 
4 52 
4 57 
4 63 
4 73 
4 74 
4 82 
4 121 
5 6 
5 18 
5 27 
5 32 
5 33 
5 34 
5 44 
5 80 
5 102 
5 134 
5 158 
6 6 
6 35 
7 6 
7 11 
7 17 
7 18 
7 23 
7 26 
7 29 
7 30 
7 32 
7 33 
7 34 
7 39 
7 42 
7 44 
7 45 
7 72 
7 80 
7 110 
7 116 
7 134 
7 139 
7 158 
7 159 
8 6 
8 34 
8 140 
9 6 
9 8 
9 11 
9 17 
9 18 
9 26 
9 29 
9 30 
9 32 
9 33 
9 34 
9 39 
9 42 
9 44 
9 45 
9 72 
9 80 
9 110 
9 116 
9 134 
9 140 
9 158 
9 159 
10 6 
10 8 
10 9 
10 18 
10 23 
10 26 
10 29 
10 34 
10 139 
11 14 
11 15 
11 27 
11 36 
12 6 
12 7 
12 8 
12 14 
12 18 
12 26 
12 27 
12 28 
12 32 
12 33 
12 34 
12 42 
12 44 
12 60 
12 62 
12 63 
12 71 
12 73 
12 89 
12 102 
12 116 
12 117 
12 121 
12 125 
12 134 
12 139 
12 148 
12 150 
12 158 
12 212 
13 22 
13 30 
13 98 
13 121 
14 3 
14 4 
14 6 
14 11 
14 13 
14 15 
14 21 
14 22 
14 27 
14 30 
14 34 
14 35 
14 36 
14 37 
14 44 
14 54 
14 57 
14 59 
14 63 
14 68 
14 69 
14 73 
14 74 
14 80 
14 88 
14 150 
14 157 
14 180 
15 3 
15 4 
15 11 
15 13 
15 14 
15 21 
15 22 
15 27 
15 30 
15 35 
15 36 
15 37 
15 44 
15 52 
15 60 
15 63 
15 68 
15 69 
15 73 
15 74 
15 84 
15 87 
15 88 
15 98 
15 212 
16 97 
17 29 
17 212 
18 34 
18 134 
19 6 
19 32 
19 36 
19 37 
19 39 
19 116 
19 117 
19 125 
19 134 
19 150 
19 158 
21 27 
21 44 
21 73 
21 87 
22 3 
22 4 
22 6 
22 11 
22 13 
22 14 
22 15 
22 27 
22 30 
22 32 
22 35 
22 36 
22 37 
22 42 
22 44 
22 45 
22 48 
22 51 
22 52 
22 53 
22 60 
22 62 
22 63 
22 68 
22 69 
22 73 
22 74 
22 78 
22 80 
22 82 
22 83 
22 84 
22 86 
22 87 
22 88 
22 90 
22 98 
22 102 
22 117 
22 121 
22 134 
22 148 
23 6 
23 7 
23 8 
23 10 
23 26 
23 32 
23 34 
23 39 
23 44 
23 105 
24 32 
25 25 
25 33 
25 125 
25 134 
25 146 
25 158 
26 18 
26 34 
26 110 
26 212 
27 3 
27 4 
27 7 
27 8 
27 11 
27 13 
27 14 
27 15 
27 21 
27 22 
27 30 
27 32 
27 35 
27 36 
27 37 
27 39 
27 44 
27 52 
27 62 
27 63 
27 68 
27 69 
27 71 
27 73 
27 74 
27 84 
27 87 
27 88 
27 98 
27 102 
27 115 
27 117 
27 121 
27 127 
27 128 
27 133 
27 148 
28 4 
28 6 
28 7 
28 8 
28 15 
28 18 
28 19 
28 22 
28 26 
28 27 
28 29 
28 30 
28 32 
28 33 
28 34 
28 42 
28 44 
28 51 
28 52 
28 60 
28 72 
28 73 
28 80 
28 84 
28 86 
28 98 
28 102 
28 110 
28 116 
28 117 
28 121 
28 125 
28 134 
28 139 
28 150 
28 158 
28 187 
28 212 
29 26 
30 3 
30 14 
30 15 
30 22 
30 27 
30 35 
30 36 
30 63 
30 68 
30 73 
30 84 
30 87 
30 98 
30 117 
30 121 
31 6 
31 7 
31 8 
31 23 
31 26 
31 32 
31 34 
31 39 
31 44 
32 52 
32 60 
32 73 
33 80 
33 134 
33 158 
34 7 
34 8 
34 18 
34 26 
34 139 
34 212 
35 3 
35 4 
35 5 
35 6 
35 11 
35 13 
35 14 
35 15 
35 21 
35 22 
35 25 
35 26 
35 27 
35 30 
35 32 
35 33 
35 34 
35 36 
35 37 
35 42 
35 44 
35 45 
35 51 
35 52 
35 53 
35 59 
35 60 
35 62 
35 63 
35 68 
35 69 
35 71 
35 72 
35 73 
35 74 
35 76 
35 77 
35 80 
35 82 
35 83 
35 84 
35 86 
35 87 
35 88 
35 97 
35 98 
35 102 
35 109 
35 117 
35 121 
35 134 
35 139 
35 146 
35 148 
35 150 
35 157 
35 158 
36 11 
36 13 
36 15 
36 30 
36 35 
36 73 
36 121 
37 14 
37 35 
38 72 
39 7 
39 8 
39 9 
39 17 
39 18 
39 26 
39 32 
39 34 
39 139 
39 212 
40 3 
40 4 
40 11 
40 14 
40 15 
40 19 
40 22 
40 27 
40 30 
40 32 
40 33 
40 37 
40 42 
40 44 
40 48 
40 51 
40 52 
40 60 
40 63 
40 68 
40 69 
40 72 
40 73 
40 77 
40 80 
40 83 
40 84 
40 86 
40 87 
40 88 
40 90 
40 109 
40 117 
40 121 
40 125 
40 133 
40 134 
40 146 
40 158 
43 19 
43 125 
43 134 
43 212 
44 14 
44 15 
44 21 
44 27 
44 30 
44 35 
44 63 
44 69 
44 128 
45 2 
45 6 
45 7 
45 8 
45 9 
45 10 
45 16 
45 18 
45 21 
45 23 
45 26 
45 27 
45 29 
45 32 
45 34 
45 39 
45 44 
45 55 
45 76 
45 96 
45 97 
45 105 
45 127 
45 128 
45 134 
45 136 
45 139 
45 158 
45 182 
47 80 
47 139 
48 90 
49 4 
49 6 
49 7 
49 8 
49 9 
49 11 
49 13 
49 14 
49 15 
49 18 
49 21 
49 22 
49 26 
49 27 
49 32 
49 33 
49 34 
49 35 
49 36 
49 37 
49 42 
49 44 
49 48 
49 49 
49 51 
49 53 
49 60 
49 72 
49 73 
49 77 
49 80 
49 82 
49 83 
49 84 
49 86 
49 90 
49 98 
49 102 
49 116 
49 117 
49 133 
49 134 
49 139 
49 148 
49 158 
50 59 
52 15 
52 63 
52 68 
52 73 
52 84 
52 87 
54 37 
55 66 
55 127 
58 6 
58 27 
58 79 
58 97 
58 133 
60 3 
60 14 
60 15 
60 27 
60 30 
60 32 
60 36 
60 44 
60 48 
60 51 
60 63 
60 69 
60 73 
60 77 
60 80 
60 84 
60 86 
60 87 
60 88 
60 90 
60 117 
62 3 
62 4 
62 6 
62 7 
62 8 
62 13 
62 14 
62 15 
62 21 
62 22 
62 27 
62 30 
62 32 
62 36 
62 40 
62 42 
62 44 
62 60 
62 63 
62 68 
62 69 
62 80 
62 84 
62 86 
62 87 
62 88 
62 90 
62 102 
62 117 
62 148 
63 3 
63 22 
63 27 
63 30 
63 35 
63 84 
63 87 
65 6 
65 14 
65 128 
66 55 
67 37 
68 3 
68 11 
68 15 
68 22 
68 27 
68 30 
68 32 
68 35 
68 36 
68 42 
68 44 
68 48 
68 51 
68 52 
68 60 
68 62 
68 63 
68 69 
68 73 
68 77 
68 80 
68 83 
68 84 
68 86 
68 87 
68 88 
68 90 
68 102 
68 116 
68 117 
69 3 
69 15 
69 22 
69 27 
69 30 
69 63 
69 68 
69 84 
69 87 
70 2 
70 4 
70 6 
70 7 
70 8 
70 13 
70 14 
70 15 
70 21 
70 22 
70 27 
70 32 
70 36 
70 37 
70 42 
70 44 
70 45 
70 51 
70 60 
70 62 
70 68 
70 71 
70 73 
70 80 
70 86 
70 88 
70 109 
70 117 
70 150 
71 92 
71 158 
73 22 
73 30 
73 98 
73 121 
74 14 
76 6 
76 16 
76 45 
77 30 
77 32 
77 90 
78 4 
78 6 
78 7 
78 9 
78 13 
78 14 
78 15 
78 21 
78 27 
78 30 
78 32 
78 33 
78 35 
78 36 
78 37 
78 42 
78 44 
78 45 
78 51 
78 54 
78 59 
78 60 
78 72 
78 73 
78 80 
78 83 
78 86 
78 102 
78 116 
78 117 
78 119 
78 128 
78 134 
78 158 
78 173 
78 187 
78 213 
80 30 
80 35 
80 36 
81 6 
82 14 
82 15 
82 22 
82 30 
82 32 
82 35 
82 37 
82 42 
82 53 
82 73 
82 74 
82 87 
82 117 
84 3 
84 22 
84 35 
84 40 
84 52 
84 63 
84 68 
84 87 
86 32 
86 60 
86 90 
87 30 
87 63 
87 69 
87 73 
87 84 
87 88 
88 3 
88 14 
88 15 
88 22 
88 30 
88 35 
88 42 
88 60 
88 63 
88 69 
88 73 
88 84 
88 86 
88 87 
89 25 
89 32 
89 33 
89 36 
89 42 
89 62 
89 83 
89 90 
89 117 
89 125 
89 134 
89 146 
89 158 
90 51 
90 69 
90 84 
90 86 
91 32 
91 34 
93 21 
93 30 
93 32 
93 33 
93 77 
94 127 
96 6 
96 7 
96 8 
96 16 
96 22 
96 23 
96 26 
96 27 
96 29 
96 32 
96 35 
96 44 
96 45 
96 55 
96 80 
96 97 
96 117 
96 133 
96 158 
98 14 
98 30 
98 73 
98 121 
100 42 
100 83 
100 116 
100 117 
100 133 
101 16 
101 97 
101 117 
102 59 
103 6 
103 14 
103 27 
103 44 
103 45 
103 128 
104 150 
105 2 
105 7 
105 8 
105 18 
105 23 
105 44 
105 99 
105 156 
105 158 
105 165 
105 166 
105 182 
108 6 
108 7 
108 8 
108 11 
108 13 
108 14 
108 15 
108 16 
108 21 
108 22 
108 27 
108 32 
108 35 
108 36 
108 37 
108 42 
108 44 
108 45 
108 51 
108 55 
108 60 
108 66 
108 76 
108 77 
108 80 
108 83 
108 86 
108 90 
108 97 
108 102 
108 117 
108 128 
108 133 
109 4 
109 6 
109 7 
109 8 
109 9 
109 11 
109 13 
109 14 
109 15 
109 18 
109 19 
109 21 
109 22 
109 26 
109 27 
109 28 
109 32 
109 33 
109 34 
109 35 
109 36 
109 37 
109 42 
109 44 
109 45 
109 48 
109 51 
109 57 
109 59 
109 60 
109 71 
109 72 
109 73 
109 75 
109 80 
109 82 
109 83 
109 84 
109 86 
109 102 
109 104 
109 115 
109 116 
109 117 
109 119 
109 125 
109 133 
109 134 
109 138 
109 139 
109 146 
109 150 
109 158 
109 168 
109 180 
109 187 
110 158 
110 212 
112 6 
114 4 
114 5 
114 6 
114 13 
114 21 
114 22 
114 26 
114 27 
114 30 
114 32 
114 33 
114 34 
114 35 
114 36 
114 37 
114 42 
114 44 
114 51 
114 59 
114 60 
114 73 
114 80 
114 82 
114 83 
114 84 
114 86 
114 102 
114 117 
114 133 
114 157 
115 168 
117 30 
117 73 
120 128 
121 22 
121 73 
121 98 
121 117 
130 14 
133 32 
140 6 
146 33 
146 125 
146 134 
146 158 
148 27 
148 84 
163 27 
163 44 
168 115 
187 213 
203 37 
204 6 
204 59 
