1 19 
2 7 
2 9 
2 10 
2 18 
2 23 
2 25 
2 26 
2 28 
2 29 
2 32 
2 33 
2 40 
2 70 
2 105 
2 146 
2 150 
2 156 
2 158 
2 166 
3 15 
3 22 
3 25 
3 27 
3 30 
3 32 
3 35 
3 37 
3 40 
3 48 
3 51 
3 52 
3 60 
3 68 
3 69 
3 78 
3 83 
3 84 
3 87 
3 88 
3 133 
4 14 
4 15 
4 21 
4 22 
4 25 
4 27 
4 30 
4 35 
4 37 
4 63 
4 68 
4 69 
4 74 
5 25 
5 29 
5 40 
5 94 
5 95 
5 187 
6 6 
6 19 
6 26 
6 31 
6 32 
6 44 
6 45 
6 55 
6 76 
6 136 
7 26 
7 124 
9 8 
9 26 
9 124 
9 140 
11 3 
11 4 
11 14 
11 15 
11 22 
11 27 
11 35 
11 37 
11 44 
11 63 
11 68 
11 82 
11 87 
11 116 
13 32 
13 98 
14 3 
14 4 
14 14 
14 15 
14 22 
14 25 
14 26 
14 27 
14 35 
14 37 
14 44 
14 52 
14 60 
14 63 
14 68 
14 69 
14 74 
14 78 
14 82 
14 84 
14 87 
14 88 
14 91 
15 3 
15 4 
15 14 
15 21 
15 22 
15 25 
15 27 
15 30 
15 32 
15 35 
15 36 
15 37 
15 42 
15 44 
15 48 
15 51 
15 52 
15 60 
15 63 
15 68 
15 69 
15 74 
15 78 
15 82 
15 84 
15 87 
15 91 
15 98 
15 116 
15 121 
15 133 
16 58 
16 79 
16 97 
17 155 
21 4 
21 14 
21 22 
21 27 
21 35 
21 44 
21 48 
21 52 
21 68 
21 69 
21 78 
21 88 
22 3 
22 4 
22 14 
22 15 
22 25 
22 27 
22 28 
22 35 
22 37 
22 48 
22 51 
22 52 
22 60 
22 68 
22 69 
22 78 
22 82 
22 84 
22 87 
22 88 
26 29 
27 3 
27 4 
27 14 
27 15 
27 22 
27 25 
27 30 
27 32 
27 35 
27 37 
27 42 
27 44 
27 48 
27 52 
27 60 
27 63 
27 68 
27 69 
27 73 
27 78 
27 82 
27 84 
27 88 
27 91 
27 100 
27 113 
27 121 
27 127 
27 146 
28 1 
28 19 
28 26 
28 125 
28 134 
28 158 
30 4 
30 14 
30 15 
30 22 
30 25 
30 27 
30 32 
30 35 
30 51 
30 60 
30 68 
30 69 
30 73 
30 84 
30 87 
30 88 
32 117 
32 133 
33 158 
35 4 
35 14 
35 22 
35 25 
35 27 
35 68 
35 78 
35 79 
35 82 
36 32 
36 35 
36 73 
36 98 
37 3 
37 14 
37 15 
37 22 
37 63 
37 88 
37 116 
39 26 
39 39 
40 69 
42 32 
42 117 
43 33 
43 125 
43 158 
44 4 
44 21 
44 22 
44 27 
44 28 
44 35 
44 37 
44 60 
44 69 
44 124 
45 6 
45 16 
45 28 
45 31 
45 32 
45 40 
45 58 
45 76 
45 79 
45 119 
45 127 
45 128 
45 130 
49 5 
49 55 
49 95 
51 25 
52 22 
52 25 
52 48 
52 60 
52 68 
52 69 
52 84 
52 90 
55 25 
55 94 
55 108 
57 168 
58 16 
58 79 
58 97 
60 25 
60 77 
60 84 
63 3 
63 4 
63 14 
63 15 
63 18 
63 22 
63 25 
63 27 
63 30 
63 35 
63 37 
63 42 
63 44 
63 48 
63 51 
63 60 
63 68 
63 69 
63 84 
63 87 
63 88 
63 109 
63 116 
67 60 
68 3 
68 40 
68 48 
68 60 
68 69 
69 3 
69 4 
69 15 
69 22 
69 25 
69 27 
69 32 
69 40 
69 51 
69 60 
69 68 
69 70 
69 73 
69 84 
69 87 
69 88 
69 117 
69 148 
71 92 
71 113 
71 150 
73 15 
73 22 
73 27 
73 30 
73 35 
73 40 
73 60 
73 69 
73 70 
73 117 
74 3 
74 4 
74 14 
74 15 
74 22 
74 25 
74 27 
74 37 
74 84 
75 168 
76 16 
76 45 
76 58 
76 79 
76 136 
79 16 
79 58 
79 94 
79 97 
80 73 
81 16 
82 4 
82 22 
82 35 
83 25 
83 89 
84 3 
84 15 
84 22 
84 25 
84 27 
84 35 
84 51 
84 60 
84 68 
84 69 
84 87 
84 88 
84 89 
84 146 
86 25 
86 51 
86 77 
87 3 
87 22 
87 25 
87 27 
87 30 
87 32 
87 51 
87 60 
87 63 
87 68 
87 69 
87 88 
87 148 
88 3 
88 22 
88 25 
88 60 
88 68 
88 69 
89 134 
89 158 
90 48 
92 71 
92 159 
92 181 
93 33 
93 48 
93 83 
93 84 
98 3 
98 4 
98 15 
98 27 
98 32 
98 40 
98 73 
98 117 
98 121 
100 25 
101 16 
101 79 
101 97 
105 7 
105 9 
105 23 
105 26 
105 165 
107 49 
109 75 
109 113 
109 115 
109 138 
109 150 
109 168 
113 71 
113 75 
114 5 
114 7 
114 9 
114 25 
114 40 
114 89 
114 91 
114 146 
115 138 
121 3 
121 4 
121 15 
121 27 
121 30 
121 40 
121 70 
121 73 
121 98 
122 119 
122 157 
122 170 
125 28 
125 33 
126 25 
129 127 
142 168 
143 33 
143 125 
143 158 
145 170 
146 158 
153 26 
153 39 
154 115 
154 138 
157 170 
164 18 
168 75 
168 115 
170 59 
170 119 
170 173 
172 158 
176 125 
176 158 
179 109 
180 170 
213 78 
