2 7 
2 8 
2 34 
2 105 
2 110 
2 182 
2 212 
3 4 
3 14 
3 15 
3 22 
3 60 
3 63 
3 68 
3 69 
3 84 
3 87 
3 88 
4 3 
4 11 
4 14 
4 15 
4 21 
4 22 
4 27 
4 35 
4 37 
4 44 
4 62 
4 63 
4 68 
4 74 
4 82 
4 104 
4 148 
4 158 
4 170 
5 23 
5 33 
5 53 
5 94 
5 134 
5 213 
6 7 
6 8 
6 10 
6 23 
6 33 
6 45 
6 94 
6 112 
7 2 
7 6 
7 15 
7 18 
7 19 
7 23 
7 25 
7 27 
7 31 
7 34 
7 45 
7 67 
7 71 
7 105 
7 134 
9 2 
9 6 
9 8 
9 15 
9 18 
9 19 
9 23 
9 25 
9 27 
9 31 
9 45 
9 67 
9 71 
9 105 
9 134 
10 2 
10 6 
10 8 
10 9 
10 23 
10 34 
10 45 
11 3 
11 4 
11 13 
11 14 
11 15 
11 18 
11 27 
11 29 
11 30 
11 33 
11 35 
11 36 
11 37 
11 44 
11 52 
11 62 
11 63 
11 68 
11 69 
11 74 
11 80 
11 82 
11 84 
11 87 
11 102 
11 134 
11 148 
12 33 
12 146 
13 11 
13 36 
13 98 
13 121 
14 3 
14 4 
14 11 
14 13 
14 15 
14 21 
14 22 
14 25 
14 27 
14 30 
14 33 
14 34 
14 35 
14 37 
14 44 
14 52 
14 59 
14 63 
14 68 
14 74 
14 78 
14 82 
14 86 
14 87 
14 91 
14 94 
14 125 
14 148 
14 158 
14 182 
14 187 
15 3 
15 4 
15 11 
15 13 
15 14 
15 16 
15 21 
15 22 
15 27 
15 30 
15 35 
15 36 
15 37 
15 39 
15 44 
15 52 
15 63 
15 68 
15 69 
15 73 
15 74 
15 82 
15 84 
15 86 
15 87 
15 88 
15 98 
15 121 
15 158 
15 212 
17 18 
17 29 
17 33 
17 39 
17 104 
21 44 
22 3 
22 4 
22 14 
22 15 
22 27 
22 29 
22 30 
22 35 
22 36 
22 37 
22 40 
22 44 
22 51 
22 52 
22 60 
22 62 
22 63 
22 68 
22 69 
22 74 
22 84 
22 88 
22 148 
22 170 
23 7 
23 8 
23 31 
23 39 
23 45 
27 3 
27 4 
27 11 
27 13 
27 14 
27 15 
27 21 
27 22 
27 30 
27 35 
27 36 
27 37 
27 44 
27 63 
27 68 
27 73 
27 74 
27 82 
27 104 
27 127 
27 130 
27 148 
27 193 
30 3 
30 4 
30 11 
30 14 
30 15 
30 27 
30 35 
30 36 
30 52 
30 63 
30 69 
30 73 
30 84 
30 87 
30 121 
31 17 
32 133 
33 125 
33 158 
34 212 
35 4 
35 11 
35 14 
35 15 
35 22 
35 27 
35 29 
35 30 
35 37 
35 44 
35 52 
35 53 
35 68 
35 82 
36 11 
36 13 
37 15 
39 2 
39 6 
39 23 
39 45 
39 105 
39 134 
40 187 
43 110 
43 125 
43 134 
43 158 
43 159 
43 187 
43 212 
44 2 
44 4 
44 11 
44 14 
44 15 
44 21 
44 22 
44 27 
44 35 
44 36 
44 63 
44 68 
44 120 
44 134 
44 148 
45 4 
45 6 
45 7 
45 8 
45 9 
45 15 
45 16 
45 22 
45 23 
45 25 
45 27 
45 29 
45 31 
45 33 
45 34 
45 36 
45 39 
45 58 
45 66 
45 76 
45 79 
45 97 
45 127 
45 128 
45 134 
45 146 
45 158 
45 178 
47 7 
47 8 
49 96 
51 60 
51 86 
52 68 
52 84 
59 193 
60 51 
63 11 
63 15 
63 27 
63 30 
63 69 
63 84 
63 87 
68 48 
68 52 
68 62 
68 84 
69 3 
69 52 
69 84 
71 113 
73 98 
73 121 
74 4 
74 14 
76 27 
76 58 
78 213 
80 11 
82 14 
82 35 
82 44 
82 53 
82 74 
84 14 
84 15 
84 22 
84 27 
84 30 
84 52 
87 63 
87 69 
93 14 
93 33 
98 13 
98 73 
98 121 
105 2 
105 7 
105 8 
105 99 
108 66 
109 113 
109 168 
110 212 
115 113 
121 15 
121 30 
121 73 
121 98 
125 158 
129 193 
146 158 
149 113 
158 4 
