2 2 
2 6 
2 7 
2 8 
2 9 
2 10 
2 18 
2 21 
2 23 
2 25 
2 26 
2 29 
2 31 
2 32 
2 33 
2 34 
2 39 
2 42 
2 44 
2 45 
2 59 
2 67 
2 76 
2 78 
2 91 
2 96 
2 99 
2 105 
2 109 
2 110 
2 112 
2 125 
2 134 
2 139 
2 146 
2 150 
2 156 
2 158 
2 165 
2 166 
2 178 
2 182 
2 187 
2 212 
3 11 
3 14 
3 15 
3 22 
3 27 
3 35 
3 40 
3 44 
3 51 
3 52 
3 60 
3 63 
3 68 
3 69 
3 77 
3 82 
3 84 
3 87 
3 88 
3 90 
4 3 
4 11 
4 13 
4 14 
4 15 
4 21 
4 22 
4 25 
4 27 
4 30 
4 32 
4 35 
4 36 
4 37 
4 40 
4 44 
4 52 
4 57 
4 59 
4 62 
4 63 
4 68 
4 69 
4 74 
4 82 
4 84 
4 88 
4 98 
4 119 
4 133 
4 148 
4 182 
5 1 
5 7 
5 8 
5 19 
5 21 
5 25 
5 27 
5 29 
5 32 
5 33 
5 44 
5 53 
5 59 
5 80 
5 91 
5 125 
5 127 
5 133 
5 134 
5 158 
6 7 
6 8 
6 14 
6 23 
6 29 
6 32 
6 37 
6 45 
6 59 
6 76 
6 104 
6 112 
6 119 
6 134 
6 173 
6 178 
6 187 
7 1 
7 26 
7 32 
7 72 
7 125 
7 158 
8 140 
9 1 
9 26 
9 32 
9 72 
9 125 
9 158 
11 4 
11 13 
11 14 
11 15 
11 21 
11 22 
11 27 
11 30 
11 32 
11 35 
11 36 
11 40 
11 44 
11 51 
11 60 
11 63 
11 68 
11 73 
11 80 
11 82 
11 87 
11 102 
12 125 
12 134 
12 158 
13 27 
13 36 
13 68 
13 80 
13 98 
14 3 
14 4 
14 7 
14 8 
14 11 
14 15 
14 21 
14 22 
14 25 
14 27 
14 29 
14 30 
14 35 
14 36 
14 37 
14 40 
14 44 
14 52 
14 54 
14 57 
14 59 
14 60 
14 62 
14 68 
14 69 
14 70 
14 71 
14 74 
14 78 
14 80 
14 82 
14 84 
14 88 
14 119 
14 121 
14 139 
14 148 
14 150 
14 173 
14 182 
14 187 
15 3 
15 4 
15 11 
15 13 
15 14 
15 21 
15 22 
15 27 
15 30 
15 32 
15 34 
15 35 
15 36 
15 37 
15 40 
15 44 
15 51 
15 52 
15 60 
15 63 
15 68 
15 69 
15 73 
15 74 
15 80 
15 82 
15 84 
15 87 
15 88 
15 90 
15 91 
15 98 
15 100 
15 119 
15 121 
15 125 
15 148 
15 158 
15 173 
15 212 
16 97 
17 1 
17 26 
17 28 
17 29 
17 33 
17 119 
17 125 
17 133 
17 134 
17 155 
17 158 
17 180 
17 187 
17 190 
17 193 
17 212 
19 1 
19 158 
21 4 
21 11 
21 14 
21 15 
21 19 
21 22 
21 27 
21 32 
21 35 
21 36 
21 37 
21 44 
21 54 
21 62 
21 63 
21 68 
21 82 
21 87 
21 115 
21 119 
21 148 
22 3 
22 4 
22 11 
22 14 
22 15 
22 27 
22 29 
22 30 
22 32 
22 35 
22 36 
22 37 
22 40 
22 44 
22 48 
22 51 
22 52 
22 54 
22 59 
22 63 
22 68 
22 69 
22 71 
22 73 
22 82 
22 84 
22 87 
22 88 
22 119 
22 148 
22 212 
25 134 
25 158 
26 34 
26 134 
26 139 
26 158 
27 3 
27 4 
27 7 
27 8 
27 11 
27 13 
27 14 
27 15 
27 19 
27 21 
27 22 
27 25 
27 30 
27 34 
27 35 
27 36 
27 37 
27 40 
27 44 
27 51 
27 53 
27 57 
27 59 
27 60 
27 62 
27 63 
27 68 
27 69 
27 70 
27 73 
27 74 
27 80 
27 82 
27 84 
27 87 
27 88 
27 119 
27 121 
27 125 
27 127 
27 130 
27 148 
27 182 
28 1 
28 33 
28 125 
28 134 
28 158 
29 158 
30 3 
30 4 
30 11 
30 13 
30 14 
30 15 
30 21 
30 22 
30 27 
30 32 
30 35 
30 36 
30 40 
30 44 
30 51 
30 52 
30 54 
30 59 
30 60 
30 62 
30 63 
30 68 
30 69 
30 73 
30 82 
30 84 
30 87 
30 88 
30 90 
30 98 
30 116 
30 121 
30 148 
31 7 
31 8 
31 158 
32 80 
32 117 
33 113 
33 134 
33 158 
33 170 
33 187 
34 18 
34 212 
35 4 
35 7 
35 8 
35 11 
35 14 
35 15 
35 21 
35 22 
35 27 
35 29 
35 32 
35 35 
35 36 
35 37 
35 40 
35 44 
35 52 
35 53 
35 62 
35 63 
35 68 
35 82 
35 84 
35 88 
35 119 
35 148 
35 150 
36 4 
36 13 
36 14 
36 69 
37 59 
39 21 
39 125 
39 190 
40 1 
40 125 
40 133 
42 32 
43 1 
43 19 
43 33 
43 57 
43 125 
43 134 
43 158 
43 212 
44 3 
44 4 
44 11 
44 14 
44 15 
44 21 
44 22 
44 27 
44 30 
44 35 
44 36 
44 37 
44 62 
44 63 
44 68 
44 82 
44 119 
44 148 
44 158 
45 1 
45 6 
45 7 
45 10 
45 16 
45 18 
45 23 
45 25 
45 26 
45 29 
45 31 
45 32 
45 33 
45 34 
45 37 
45 55 
45 58 
45 59 
45 62 
45 76 
45 79 
45 100 
45 103 
45 104 
45 108 
45 112 
45 119 
45 120 
45 125 
45 127 
45 128 
45 134 
45 136 
45 146 
45 158 
45 165 
45 170 
45 178 
45 182 
45 187 
47 7 
47 8 
47 26 
49 5 
49 7 
49 8 
49 14 
49 21 
49 27 
49 32 
49 34 
49 44 
49 54 
49 70 
49 78 
49 119 
49 127 
49 158 
49 187 
52 14 
52 22 
52 35 
52 68 
55 94 
55 108 
58 45 
58 76 
58 97 
58 127 
60 22 
60 51 
60 88 
62 4 
62 14 
62 30 
62 68 
63 3 
63 11 
63 15 
63 27 
63 30 
63 40 
63 68 
63 69 
63 84 
63 87 
67 33 
67 134 
68 40 
68 48 
68 52 
68 59 
68 62 
68 69 
68 84 
69 3 
69 11 
69 22 
69 27 
69 40 
69 52 
69 84 
69 87 
69 88 
69 121 
71 113 
71 119 
71 125 
71 158 
73 11 
73 14 
73 15 
73 22 
73 27 
73 30 
73 32 
73 35 
73 36 
73 40 
73 59 
73 63 
73 68 
73 98 
73 121 
73 148 
74 4 
74 14 
74 15 
74 22 
74 44 
74 68 
74 100 
76 23 
76 31 
76 32 
76 45 
76 112 
77 51 
78 134 
79 7 
79 10 
79 16 
79 32 
79 45 
79 58 
79 97 
80 11 
80 36 
80 150 
81 7 
81 10 
81 97 
82 3 
82 4 
82 14 
82 22 
82 27 
82 35 
82 37 
82 44 
82 53 
83 32 
84 21 
84 22 
84 52 
84 63 
84 68 
84 80 
84 146 
86 22 
86 51 
86 77 
86 90 
87 3 
87 22 
87 27 
87 30 
87 40 
87 63 
87 69 
88 3 
88 15 
88 22 
88 27 
88 40 
88 51 
88 69 
93 28 
93 33 
93 63 
93 83 
96 14 
96 32 
96 44 
96 45 
96 70 
96 108 
98 13 
98 27 
98 36 
98 73 
98 82 
98 121 
101 97 
105 2 
105 6 
105 7 
105 8 
105 9 
105 10 
105 11 
105 18 
105 21 
105 23 
105 25 
105 26 
105 27 
105 29 
105 31 
105 32 
105 33 
105 34 
105 39 
105 44 
105 45 
105 57 
105 59 
105 62 
105 78 
105 99 
105 105 
105 109 
105 112 
105 119 
105 125 
105 134 
105 146 
105 156 
105 158 
105 165 
105 166 
105 178 
105 182 
107 32 
107 33 
107 57 
107 59 
107 134 
109 57 
109 59 
109 67 
109 75 
109 92 
109 115 
109 119 
109 125 
109 134 
109 138 
109 150 
109 158 
109 168 
109 181 
109 212 
110 212 
111 125 
111 146 
111 158 
113 125 
114 5 
114 7 
114 8 
114 9 
114 14 
114 21 
114 22 
114 32 
114 33 
114 34 
114 35 
114 36 
114 44 
114 49 
114 54 
114 66 
114 78 
114 80 
114 112 
114 127 
114 146 
114 148 
114 158 
114 187 
117 19 
117 116 
121 27 
121 30 
121 36 
121 40 
121 73 
121 98 
125 158 
131 165 
138 15 
138 27 
138 44 
138 62 
138 68 
142 57 
146 33 
146 134 
146 158 
148 3 
154 27 
154 44 
154 62 
154 68 
154 109 
154 168 
165 165 
166 2 
172 134 
174 44 
176 125 
195 139 
197 54 
