3 22 
4 6 
4 11 
4 14 
4 15 
4 17 
4 22 
4 27 
4 28 
4 32 
4 35 
4 37 
4 45 
4 49 
4 55 
4 76 
4 82 
6 45 
7 6 
7 18 
7 44 
9 6 
9 44 
10 18 
12 11 
12 146 
14 4 
14 7 
14 9 
14 15 
14 22 
14 30 
14 35 
14 37 
14 45 
14 59 
14 69 
14 76 
14 104 
14 156 
15 3 
15 22 
15 37 
15 121 
17 25 
22 14 
22 37 
22 69 
22 84 
22 91 
27 15 
27 22 
27 45 
27 102 
29 44 
30 69 
30 73 
30 121 
31 18 
32 117 
35 14 
35 82 
36 88 
39 44 
40 22 
44 21 
44 22 
44 23 
44 45 
44 158 
45 6 
45 37 
45 103 
65 103 
73 13 
73 45 
73 69 
73 121 
82 53 
84 22 
87 22 
121 13 
121 98 
122 157 
135 26 
