2 7 
2 10 
2 18 
2 26 
2 31 
2 105 
2 158 
3 11 
3 15 
3 22 
3 27 
3 31 
3 37 
3 60 
3 63 
3 69 
3 87 
3 88 
4 11 
4 14 
4 15 
4 21 
4 27 
4 35 
4 37 
4 44 
4 70 
4 74 
4 82 
5 80 
6 6 
6 7 
6 9 
6 10 
6 18 
6 21 
6 29 
6 31 
6 39 
6 45 
6 76 
6 158 
7 23 
7 26 
7 29 
7 31 
7 39 
9 23 
9 26 
9 29 
9 31 
9 39 
11 4 
11 13 
11 15 
11 27 
11 36 
11 68 
11 80 
13 11 
13 80 
13 98 
14 4 
14 15 
14 21 
14 27 
14 35 
14 37 
14 44 
14 52 
14 68 
14 74 
14 78 
14 82 
15 3 
15 4 
15 11 
15 13 
15 14 
15 21 
15 22 
15 27 
15 30 
15 32 
15 35 
15 36 
15 37 
15 44 
15 51 
15 52 
15 60 
15 63 
15 69 
15 70 
15 73 
15 74 
15 80 
15 84 
15 86 
15 87 
15 88 
15 98 
15 121 
17 7 
17 9 
17 10 
17 18 
17 19 
17 23 
17 25 
17 26 
17 29 
17 31 
17 34 
17 39 
17 110 
17 125 
17 155 
17 158 
18 31 
21 36 
21 44 
21 98 
22 3 
22 11 
22 14 
22 15 
22 27 
22 37 
22 44 
22 60 
22 69 
22 80 
24 15 
24 19 
24 27 
24 44 
24 72 
26 34 
26 158 
27 3 
27 4 
27 11 
27 13 
27 14 
27 15 
27 21 
27 30 
27 35 
27 36 
27 44 
27 63 
27 69 
27 74 
27 78 
27 82 
27 158 
28 7 
28 9 
28 18 
28 23 
28 26 
28 34 
28 39 
28 158 
30 11 
30 13 
30 14 
30 15 
30 21 
30 27 
30 35 
30 36 
30 42 
30 44 
30 63 
30 69 
30 73 
30 87 
30 98 
30 121 
32 14 
32 15 
32 19 
32 22 
32 35 
32 40 
32 68 
32 98 
32 121 
33 18 
34 26 
35 14 
35 70 
35 82 
36 4 
36 11 
36 15 
36 63 
36 80 
37 30 
37 70 
39 34 
41 19 
42 4 
42 30 
42 40 
42 73 
42 121 
43 7 
43 10 
43 18 
43 19 
43 23 
43 26 
43 33 
43 39 
44 4 
44 14 
44 15 
44 21 
44 27 
44 35 
44 70 
45 6 
45 7 
45 9 
45 18 
45 39 
45 76 
45 82 
45 158 
48 40 
49 7 
49 10 
49 96 
51 22 
51 60 
51 69 
51 86 
51 88 
52 3 
52 14 
52 15 
52 30 
52 35 
52 68 
52 84 
58 37 
60 22 
60 51 
60 69 
60 88 
63 3 
63 14 
63 15 
63 22 
63 30 
63 69 
63 87 
67 7 
67 9 
67 18 
68 48 
68 90 
69 3 
69 15 
69 22 
69 30 
69 60 
69 84 
69 87 
69 88 
69 98 
73 11 
73 30 
73 80 
73 98 
73 121 
74 4 
74 14 
75 115 
82 35 
82 53 
83 22 
83 37 
83 84 
84 14 
84 22 
84 35 
84 40 
84 52 
84 69 
84 78 
86 51 
86 60 
86 88 
86 90 
87 3 
87 15 
87 22 
87 30 
87 60 
87 63 
87 69 
87 88 
88 22 
88 30 
88 69 
98 80 
98 121 
101 16 
107 5 
107 96 
109 75 
113 181 
115 75 
117 98 
117 121 
121 15 
121 73 
121 80 
121 98 
133 19 
152 109 
