2 2 
2 18 
2 26 
2 29 
2 39 
2 63 
2 99 
2 105 
2 166 
2 212 
3 15 
3 22 
3 27 
3 30 
3 35 
3 51 
3 69 
3 84 
3 87 
3 88 
4 3 
4 5 
4 13 
4 14 
4 15 
4 22 
4 27 
4 35 
4 37 
4 44 
4 51 
4 60 
4 63 
4 68 
4 69 
4 74 
4 78 
4 84 
4 86 
4 110 
4 119 
4 158 
4 181 
5 94 
6 44 
6 45 
6 119 
6 128 
7 2 
7 4 
7 5 
7 6 
7 11 
7 13 
7 14 
7 15 
7 16 
7 17 
7 18 
7 19 
7 22 
7 23 
7 25 
7 26 
7 27 
7 28 
7 29 
7 30 
7 31 
7 32 
7 34 
7 35 
7 36 
7 37 
7 39 
7 40 
7 42 
7 44 
7 45 
7 49 
7 51 
7 52 
7 54 
7 59 
7 66 
7 67 
7 68 
7 71 
7 72 
7 73 
7 75 
7 76 
7 77 
7 79 
7 82 
7 86 
7 89 
7 90 
7 92 
7 95 
7 96 
7 99 
7 104 
7 105 
7 108 
7 109 
7 117 
7 119 
7 120 
7 130 
7 136 
7 146 
7 150 
7 157 
7 158 
7 165 
7 182 
7 212 
8 2 
8 6 
8 26 
8 27 
8 44 
8 45 
8 59 
8 99 
8 109 
8 140 
8 212 
9 2 
9 4 
9 5 
9 6 
9 8 
9 9 
9 10 
9 11 
9 13 
9 14 
9 15 
9 16 
9 17 
9 18 
9 19 
9 22 
9 23 
9 25 
9 26 
9 27 
9 28 
9 29 
9 30 
9 31 
9 32 
9 34 
9 35 
9 36 
9 37 
9 39 
9 40 
9 42 
9 44 
9 45 
9 49 
9 51 
9 52 
9 54 
9 66 
9 67 
9 68 
9 71 
9 72 
9 73 
9 75 
9 76 
9 77 
9 79 
9 82 
9 86 
9 89 
9 90 
9 92 
9 95 
9 96 
9 104 
9 105 
9 108 
9 109 
9 117 
9 119 
9 120 
9 130 
9 136 
9 140 
9 146 
9 150 
9 157 
9 158 
9 165 
9 182 
9 212 
10 2 
10 6 
10 9 
10 23 
10 26 
10 27 
10 28 
10 29 
10 31 
10 45 
10 109 
10 150 
11 36 
11 44 
11 80 
11 98 
11 212 
12 5 
12 6 
12 22 
12 35 
12 44 
12 45 
12 116 
12 125 
12 134 
12 158 
12 168 
13 22 
13 98 
14 2 
14 3 
14 4 
14 7 
14 9 
14 11 
14 13 
14 15 
14 17 
14 18 
14 21 
14 22 
14 23 
14 27 
14 30 
14 34 
14 35 
14 36 
14 37 
14 39 
14 44 
14 54 
14 57 
14 59 
14 63 
14 68 
14 69 
14 71 
14 74 
14 78 
14 84 
14 104 
14 119 
14 134 
14 156 
14 180 
14 187 
14 212 
15 3 
15 4 
15 6 
15 7 
15 9 
15 11 
15 13 
15 14 
15 17 
15 22 
15 27 
15 29 
15 30 
15 34 
15 35 
15 36 
15 37 
15 39 
15 44 
15 52 
15 63 
15 68 
15 69 
15 73 
15 74 
15 78 
15 80 
15 82 
15 84 
15 86 
15 87 
15 98 
15 119 
15 121 
15 212 
16 79 
16 97 
17 2 
17 4 
17 5 
17 6 
17 7 
17 9 
17 13 
17 14 
17 15 
17 18 
17 22 
17 23 
17 25 
17 27 
17 29 
17 30 
17 31 
17 32 
17 34 
17 35 
17 39 
17 40 
17 42 
17 44 
17 45 
17 60 
17 62 
17 63 
17 68 
17 71 
17 76 
17 78 
17 82 
17 83 
17 84 
17 96 
17 105 
17 109 
17 110 
17 117 
17 125 
17 130 
17 134 
17 158 
17 187 
17 212 
18 2 
18 18 
18 23 
18 34 
19 2 
19 4 
19 6 
19 11 
19 15 
19 27 
19 35 
19 40 
19 44 
19 134 
21 22 
21 44 
22 2 
22 3 
22 4 
22 5 
22 6 
22 7 
22 8 
22 9 
22 11 
22 13 
22 14 
22 15 
22 21 
22 23 
22 26 
22 27 
22 29 
22 30 
22 34 
22 35 
22 36 
22 37 
22 39 
22 40 
22 44 
22 45 
22 48 
22 51 
22 52 
22 60 
22 62 
22 63 
22 68 
22 69 
22 70 
22 71 
22 76 
22 78 
22 84 
22 88 
22 90 
22 105 
22 109 
22 113 
22 119 
22 121 
22 148 
22 150 
22 212 
23 4 
23 6 
23 7 
23 9 
23 11 
23 14 
23 15 
23 17 
23 26 
23 27 
23 31 
23 34 
23 37 
23 39 
23 45 
23 128 
25 2 
25 6 
25 14 
25 15 
25 36 
25 42 
25 44 
25 45 
25 57 
25 75 
25 78 
25 125 
25 158 
26 5 
26 7 
26 9 
26 17 
26 26 
26 34 
26 212 
27 2 
27 3 
27 4 
27 5 
27 6 
27 11 
27 13 
27 14 
27 15 
27 17 
27 21 
27 22 
27 26 
27 30 
27 32 
27 35 
27 36 
27 37 
27 40 
27 44 
27 45 
27 49 
27 51 
27 52 
27 55 
27 60 
27 62 
27 63 
27 68 
27 69 
27 74 
27 83 
27 84 
27 87 
27 88 
27 98 
27 102 
27 109 
27 110 
27 119 
27 121 
27 127 
27 130 
27 134 
27 148 
27 158 
27 193 
29 11 
29 23 
30 3 
30 4 
30 6 
30 11 
30 14 
30 15 
30 21 
30 22 
30 27 
30 35 
30 36 
30 37 
30 44 
30 45 
30 52 
30 63 
30 68 
30 73 
30 84 
30 86 
30 87 
30 88 
30 98 
30 117 
30 121 
31 7 
31 9 
31 10 
31 18 
31 21 
31 23 
31 26 
31 29 
31 45 
31 82 
31 134 
32 7 
32 9 
32 14 
32 15 
32 22 
32 23 
32 30 
32 36 
32 42 
32 117 
33 134 
33 158 
34 17 
34 18 
34 28 
34 71 
34 109 
34 110 
34 128 
34 212 
35 2 
35 3 
35 4 
35 5 
35 6 
35 7 
35 9 
35 11 
35 14 
35 15 
35 16 
35 17 
35 21 
35 22 
35 23 
35 26 
35 27 
35 29 
35 30 
35 34 
35 36 
35 37 
35 39 
35 40 
35 44 
35 45 
35 49 
35 51 
35 52 
35 55 
35 66 
35 68 
35 73 
35 76 
35 78 
35 80 
35 82 
35 84 
35 88 
35 94 
35 96 
35 97 
35 108 
35 109 
35 110 
35 119 
35 212 
36 11 
36 13 
36 14 
36 98 
37 3 
37 29 
37 212 
39 2 
39 6 
39 11 
39 14 
39 15 
39 17 
39 18 
39 23 
39 26 
39 27 
39 30 
39 35 
39 36 
39 39 
39 44 
39 45 
39 71 
39 76 
39 105 
39 109 
39 110 
39 134 
39 158 
39 190 
39 212 
40 2 
40 3 
40 4 
40 5 
40 6 
40 7 
40 9 
40 11 
40 14 
40 15 
40 17 
40 18 
40 22 
40 23 
40 27 
40 32 
40 34 
40 35 
40 37 
40 44 
40 45 
40 48 
40 52 
40 55 
40 68 
40 80 
40 84 
40 94 
40 97 
40 98 
40 102 
40 105 
40 148 
40 150 
42 6 
42 14 
42 15 
42 22 
42 30 
42 36 
42 73 
42 117 
43 17 
43 92 
43 113 
43 158 
43 181 
43 212 
44 4 
44 6 
44 13 
44 14 
44 15 
44 17 
44 21 
44 22 
44 27 
44 30 
44 34 
44 35 
44 36 
44 68 
44 71 
44 73 
44 87 
44 109 
44 119 
44 134 
44 148 
44 193 
45 2 
45 6 
45 11 
45 16 
45 17 
45 18 
45 23 
45 26 
45 27 
45 29 
45 39 
45 40 
45 44 
45 58 
45 66 
45 76 
45 79 
45 94 
45 95 
45 96 
45 97 
45 103 
45 105 
45 112 
45 116 
45 119 
45 127 
45 128 
45 130 
45 134 
45 136 
45 158 
45 165 
45 178 
46 2 
46 22 
46 40 
47 2 
47 4 
47 6 
47 7 
47 9 
47 10 
47 11 
47 14 
47 15 
47 22 
47 23 
47 27 
47 30 
47 31 
47 32 
47 34 
47 35 
47 39 
47 44 
47 45 
47 52 
47 63 
47 139 
47 187 
48 22 
48 68 
49 27 
49 76 
49 212 
50 4 
51 3 
51 11 
51 22 
51 86 
51 88 
52 14 
52 15 
52 22 
52 30 
52 35 
52 36 
52 51 
52 62 
52 68 
52 73 
52 84 
54 14 
55 45 
55 55 
55 58 
55 127 
58 45 
58 97 
60 48 
60 88 
62 44 
62 68 
63 14 
63 21 
63 52 
63 84 
63 87 
65 27 
65 103 
66 45 
68 2 
68 4 
68 6 
68 11 
68 14 
68 15 
68 17 
68 22 
68 27 
68 32 
68 36 
68 40 
68 44 
68 45 
68 48 
68 52 
68 62 
68 84 
68 88 
68 90 
69 4 
69 15 
69 60 
69 63 
69 68 
69 73 
69 84 
69 86 
69 87 
69 98 
70 6 
70 14 
70 44 
70 45 
70 96 
71 113 
71 159 
72 15 
72 40 
73 13 
73 14 
73 15 
73 21 
73 22 
73 44 
73 98 
73 121 
74 4 
74 14 
75 30 
76 6 
76 21 
76 36 
76 44 
76 45 
76 55 
77 22 
77 90 
78 2 
78 5 
78 6 
78 11 
78 14 
78 15 
78 16 
78 22 
78 23 
78 27 
78 35 
78 37 
78 39 
78 40 
78 44 
78 48 
78 55 
78 76 
78 80 
78 94 
78 97 
78 150 
80 11 
80 35 
80 36 
80 63 
82 5 
82 11 
82 14 
82 27 
82 35 
82 44 
82 53 
82 74 
82 109 
84 14 
84 15 
84 22 
84 30 
84 52 
84 68 
86 3 
86 14 
86 15 
86 22 
86 32 
86 44 
86 51 
86 52 
86 77 
86 88 
87 3 
87 22 
87 52 
87 63 
87 69 
87 84 
88 15 
88 22 
88 51 
89 4 
89 5 
89 6 
89 14 
89 15 
89 22 
89 26 
89 35 
89 40 
89 44 
89 96 
90 14 
90 22 
90 30 
90 35 
90 52 
90 60 
90 68 
90 77 
90 86 
90 88 
91 14 
91 22 
91 35 
91 48 
93 14 
93 33 
93 58 
93 180 
96 5 
96 13 
96 14 
96 15 
96 22 
96 32 
96 35 
96 78 
96 98 
98 13 
98 22 
98 36 
98 121 
99 2 
101 44 
103 44 
103 45 
104 14 
105 29 
105 34 
105 99 
105 156 
105 165 
105 166 
105 182 
108 6 
108 22 
108 45 
108 76 
108 95 
109 2 
109 59 
109 71 
109 75 
109 92 
109 105 
109 113 
109 115 
109 138 
109 168 
110 2 
110 23 
110 28 
110 33 
110 45 
110 62 
110 105 
110 109 
110 212 
115 109 
117 14 
117 15 
117 22 
117 30 
117 36 
117 37 
117 52 
117 73 
121 13 
121 73 
121 98 
125 158 
133 32 
133 63 
138 168 
141 7 
141 9 
146 125 
147 23 
147 39 
152 168 
157 45 
168 109 
169 14 
169 22 
184 45 
190 39 
