2 6 
2 7 
2 10 
2 17 
2 18 
2 26 
2 28 
2 29 
2 34 
2 37 
2 39 
2 99 
2 105 
2 109 
2 113 
2 125 
2 134 
2 150 
2 157 
2 166 
2 212 
3 22 
3 30 
3 37 
3 68 
3 69 
3 70 
4 3 
4 7 
4 9 
4 21 
4 22 
4 25 
4 26 
4 27 
4 29 
4 34 
4 35 
4 37 
4 40 
4 45 
4 59 
4 60 
4 70 
4 80 
4 82 
4 86 
4 105 
4 109 
4 139 
4 157 
4 170 
4 173 
5 6 
5 37 
5 45 
5 49 
5 96 
5 193 
6 2 
6 6 
6 7 
6 8 
6 17 
6 21 
6 29 
6 34 
6 39 
6 45 
6 76 
6 109 
6 112 
6 120 
6 128 
6 157 
6 178 
7 2 
7 6 
7 16 
7 17 
7 21 
7 23 
7 26 
7 28 
7 31 
7 34 
7 36 
7 39 
7 45 
7 49 
7 58 
7 59 
7 60 
7 67 
7 76 
7 79 
7 80 
7 83 
7 92 
7 96 
7 99 
7 104 
7 105 
7 108 
7 109 
7 112 
7 116 
7 117 
7 120 
7 127 
7 133 
7 136 
7 139 
7 146 
7 150 
7 157 
7 165 
7 182 
8 2 
8 16 
8 21 
8 34 
8 45 
8 99 
8 105 
8 109 
8 112 
8 127 
8 140 
8 182 
9 2 
9 6 
9 8 
9 10 
9 17 
9 21 
9 23 
9 26 
9 28 
9 31 
9 34 
9 36 
9 39 
9 45 
9 49 
9 58 
9 59 
9 60 
9 67 
9 80 
9 83 
9 92 
9 96 
9 99 
9 104 
9 105 
9 108 
9 109 
9 116 
9 117 
9 120 
9 127 
9 133 
9 136 
9 139 
9 146 
9 150 
9 157 
9 165 
9 182 
10 2 
10 6 
10 8 
10 9 
10 23 
10 26 
10 34 
10 39 
10 45 
10 49 
10 58 
10 76 
10 79 
10 105 
10 109 
10 165 
11 7 
11 10 
11 13 
11 30 
11 35 
11 36 
11 80 
11 102 
12 104 
13 6 
13 7 
13 10 
13 27 
13 36 
13 40 
13 117 
14 3 
14 6 
14 11 
14 21 
14 22 
14 23 
14 25 
14 26 
14 27 
14 30 
14 35 
14 36 
14 37 
14 39 
14 42 
14 54 
14 59 
14 60 
14 68 
14 78 
14 82 
14 91 
14 96 
14 102 
14 104 
14 125 
14 133 
14 139 
14 146 
14 150 
14 156 
14 157 
14 173 
14 180 
14 182 
14 187 
15 3 
15 6 
15 7 
15 8 
15 9 
15 11 
15 13 
15 17 
15 18 
15 21 
15 22 
15 23 
15 25 
15 26 
15 27 
15 30 
15 35 
15 36 
15 37 
15 39 
15 45 
15 51 
15 52 
15 59 
15 60 
15 62 
15 67 
15 68 
15 69 
15 77 
15 80 
15 82 
15 83 
15 90 
15 100 
15 102 
15 117 
15 146 
15 193 
16 45 
16 58 
16 79 
16 97 
17 2 
17 6 
17 7 
17 8 
17 21 
17 25 
17 26 
17 34 
17 37 
17 39 
17 45 
17 59 
17 71 
17 80 
17 92 
17 99 
17 103 
17 105 
17 110 
17 115 
17 125 
17 134 
17 138 
17 146 
17 150 
17 155 
18 2 
18 26 
18 34 
18 45 
18 134 
19 67 
19 116 
19 133 
19 157 
21 35 
21 70 
22 2 
22 3 
22 6 
22 7 
22 9 
22 10 
22 11 
22 17 
22 21 
22 25 
22 26 
22 27 
22 28 
22 29 
22 30 
22 34 
22 35 
22 36 
22 37 
22 40 
22 45 
22 48 
22 51 
22 59 
22 60 
22 62 
22 68 
22 70 
22 71 
22 78 
22 80 
22 82 
22 83 
22 86 
22 90 
22 91 
22 97 
22 102 
22 104 
22 105 
22 108 
22 113 
22 146 
22 148 
22 150 
22 157 
23 2 
23 6 
23 7 
23 8 
23 9 
23 10 
23 17 
23 18 
23 26 
23 27 
23 31 
23 34 
23 36 
23 37 
23 39 
23 45 
23 62 
23 70 
23 71 
23 99 
23 105 
23 109 
23 146 
23 155 
23 157 
24 72 
24 117 
25 6 
25 17 
25 36 
25 157 
26 2 
26 6 
26 7 
26 9 
26 18 
26 21 
26 34 
26 39 
26 125 
26 134 
27 2 
27 3 
27 6 
27 11 
27 13 
27 17 
27 22 
27 26 
27 30 
27 35 
27 36 
27 37 
27 40 
27 45 
27 51 
27 59 
27 68 
27 77 
27 80 
27 82 
27 86 
27 102 
27 105 
27 109 
27 125 
27 127 
27 134 
28 2 
28 25 
28 34 
28 37 
28 83 
28 91 
28 105 
29 6 
29 45 
29 59 
29 105 
29 134 
29 165 
30 2 
30 6 
30 21 
30 22 
30 35 
30 45 
30 68 
30 102 
31 2 
31 3 
31 6 
31 11 
31 26 
31 27 
31 36 
31 39 
31 45 
31 72 
31 96 
31 99 
31 105 
31 109 
31 117 
31 139 
32 6 
32 30 
32 37 
32 42 
32 45 
32 68 
32 72 
32 83 
32 100 
32 116 
32 117 
32 133 
33 125 
33 134 
33 146 
34 2 
34 17 
34 18 
34 26 
34 28 
34 99 
34 110 
34 139 
34 212 
35 16 
35 22 
35 27 
35 30 
35 37 
35 39 
35 45 
35 55 
35 60 
35 68 
35 76 
35 78 
35 82 
35 104 
35 108 
35 146 
35 150 
35 157 
36 11 
36 13 
36 18 
36 26 
36 30 
36 39 
36 80 
37 3 
37 6 
37 36 
37 117 
39 2 
39 3 
39 6 
39 7 
39 8 
39 9 
39 10 
39 11 
39 13 
39 17 
39 19 
39 21 
39 23 
39 25 
39 26 
39 29 
39 34 
39 36 
39 37 
39 39 
39 40 
39 45 
39 49 
39 55 
39 59 
39 62 
39 70 
39 76 
39 80 
39 83 
39 96 
39 99 
39 102 
39 104 
39 105 
39 108 
39 109 
39 128 
39 140 
39 146 
39 148 
39 150 
39 182 
40 6 
40 11 
40 28 
40 37 
40 72 
40 105 
40 133 
40 134 
40 146 
42 6 
42 17 
42 25 
42 28 
42 30 
42 37 
42 45 
42 52 
42 70 
42 83 
42 100 
42 116 
42 117 
42 133 
43 17 
43 59 
43 67 
43 71 
43 92 
43 104 
43 110 
43 113 
43 125 
43 134 
43 193 
43 212 
44 6 
44 7 
44 9 
44 10 
44 11 
44 13 
44 21 
44 22 
44 26 
44 27 
44 34 
44 35 
44 36 
44 37 
44 39 
44 45 
44 62 
44 68 
44 69 
44 70 
44 71 
44 80 
44 82 
44 102 
44 105 
44 109 
44 112 
44 113 
44 128 
44 178 
44 193 
45 2 
45 3 
45 6 
45 7 
45 8 
45 9 
45 10 
45 11 
45 16 
45 17 
45 21 
45 22 
45 23 
45 26 
45 27 
45 28 
45 29 
45 31 
45 34 
45 35 
45 36 
45 37 
45 39 
45 42 
45 49 
45 55 
45 58 
45 66 
45 67 
45 68 
45 70 
45 71 
45 76 
45 79 
45 80 
45 82 
45 83 
45 92 
45 94 
45 96 
45 97 
45 99 
45 102 
45 103 
45 105 
45 112 
45 113 
45 120 
45 127 
45 128 
45 136 
45 139 
45 146 
45 157 
45 165 
45 170 
45 178 
45 182 
45 187 
45 193 
47 2 
47 6 
47 11 
47 13 
47 27 
47 34 
47 36 
47 37 
47 45 
47 51 
47 80 
47 102 
47 105 
47 139 
49 109 
51 45 
51 77 
51 86 
52 68 
54 6 
55 6 
55 22 
55 35 
55 45 
55 55 
55 82 
55 108 
55 127 
55 128 
55 136 
58 79 
58 96 
60 40 
60 51 
63 3 
63 22 
63 30 
65 45 
66 22 
66 35 
66 45 
67 45 
68 22 
68 62 
68 90 
69 22 
69 60 
70 6 
70 45 
71 6 
71 45 
71 92 
73 21 
73 30 
73 80 
73 102 
74 27 
74 45 
75 115 
76 5 
76 6 
76 16 
76 37 
76 45 
76 55 
76 58 
76 79 
76 94 
76 96 
76 97 
76 136 
78 6 
78 27 
79 58 
79 97 
80 6 
80 11 
80 36 
80 157 
82 35 
82 37 
82 45 
84 22 
84 35 
84 68 
86 2 
86 51 
86 77 
86 90 
87 22 
87 105 
88 22 
88 60 
89 159 
90 6 
90 52 
91 193 
92 113 
92 159 
93 21 
93 28 
93 36 
93 59 
93 100 
93 157 
95 2 
95 6 
95 27 
95 45 
95 105 
95 108 
95 109 
96 6 
96 16 
96 49 
96 55 
96 58 
96 94 
96 108 
97 6 
97 45 
99 45 
99 105 
99 165 
99 166 
103 6 
103 45 
105 2 
105 6 
105 26 
105 99 
105 165 
105 166 
105 182 
108 6 
108 35 
108 37 
108 45 
108 96 
109 37 
109 71 
109 104 
109 109 
109 113 
109 115 
109 134 
109 138 
109 139 
109 150 
109 157 
109 168 
109 173 
110 2 
110 6 
110 25 
110 26 
110 34 
110 37 
110 62 
110 80 
110 105 
110 146 
111 2 
112 128 
114 58 
114 83 
117 116 
119 2 
119 6 
119 27 
119 45 
119 59 
119 80 
120 112 
120 128 
121 22 
121 37 
121 68 
122 45 
124 6 
124 39 
124 45 
124 59 
124 80 
124 109 
125 28 
129 193 
133 157 
135 7 
135 8 
135 26 
135 45 
143 45 
146 6 
146 45 
147 7 
147 9 
150 104 
153 34 
159 6 
169 37 
169 157 
171 112 
173 6 
180 157 
187 22 
187 27 
187 35 
187 45 
187 59 
204 59 
