1 6 
2 6 
2 7 
2 9 
2 14 
2 15 
2 18 
2 26 
2 29 
2 31 
2 34 
2 37 
2 39 
2 99 
2 105 
2 156 
2 166 
2 182 
2 212 
3 6 
3 7 
3 8 
3 9 
3 11 
3 14 
3 15 
3 22 
3 27 
3 30 
3 31 
3 32 
3 36 
3 37 
3 42 
3 44 
3 48 
3 51 
3 52 
3 60 
3 62 
3 63 
3 68 
3 69 
3 70 
3 73 
3 74 
3 80 
3 82 
3 84 
3 87 
3 88 
3 98 
3 102 
3 116 
4 2 
4 3 
4 6 
4 7 
4 8 
4 9 
4 14 
4 15 
4 22 
4 27 
4 30 
4 31 
4 32 
4 35 
4 36 
4 37 
4 44 
4 45 
4 52 
4 63 
4 68 
4 69 
4 70 
4 71 
4 74 
4 78 
4 82 
4 84 
4 87 
4 88 
4 102 
4 119 
4 148 
4 156 
4 157 
4 193 
5 2 
5 3 
5 4 
5 6 
5 7 
5 9 
5 10 
5 14 
5 15 
5 16 
5 22 
5 23 
5 25 
5 26 
5 27 
5 28 
5 30 
5 32 
5 35 
5 37 
5 39 
5 40 
5 42 
5 44 
5 45 
5 48 
5 49 
5 51 
5 52 
5 55 
5 59 
5 60 
5 67 
5 68 
5 70 
5 76 
5 77 
5 78 
5 80 
5 82 
5 83 
5 84 
5 86 
5 90 
5 91 
5 94 
5 95 
5 96 
5 102 
5 103 
5 105 
5 108 
5 109 
5 112 
5 117 
5 128 
5 130 
5 134 
5 146 
5 150 
5 156 
5 158 
5 182 
5 187 
5 193 
5 213 
6 2 
6 7 
6 8 
6 9 
6 14 
6 31 
6 44 
6 45 
6 58 
6 103 
6 112 
6 128 
6 158 
6 178 
7 2 
7 3 
7 4 
7 5 
7 6 
7 11 
7 14 
7 15 
7 17 
7 18 
7 21 
7 22 
7 23 
7 25 
7 26 
7 27 
7 28 
7 29 
7 30 
7 32 
7 34 
7 35 
7 36 
7 37 
7 39 
7 40 
7 44 
7 45 
7 48 
7 49 
7 51 
7 52 
7 54 
7 57 
7 58 
7 59 
7 60 
7 67 
7 68 
7 70 
7 71 
7 73 
7 76 
7 80 
7 82 
7 86 
7 91 
7 94 
7 95 
7 96 
7 97 
7 99 
7 100 
7 102 
7 103 
7 104 
7 105 
7 108 
7 109 
7 112 
7 113 
7 116 
7 117 
7 119 
7 120 
7 130 
7 134 
7 136 
7 150 
7 155 
7 156 
7 157 
7 158 
7 166 
7 182 
7 187 
7 193 
8 2 
8 6 
8 9 
8 26 
8 27 
8 34 
8 44 
8 45 
8 70 
8 99 
8 103 
8 105 
8 112 
8 140 
8 182 
9 2 
9 3 
9 4 
9 5 
9 6 
9 8 
9 9 
9 10 
9 11 
9 14 
9 15 
9 17 
9 18 
9 21 
9 22 
9 23 
9 25 
9 26 
9 27 
9 28 
9 29 
9 30 
9 32 
9 34 
9 35 
9 36 
9 37 
9 39 
9 40 
9 44 
9 45 
9 48 
9 49 
9 51 
9 52 
9 54 
9 57 
9 58 
9 59 
9 60 
9 67 
9 68 
9 70 
9 71 
9 73 
9 76 
9 80 
9 82 
9 86 
9 91 
9 94 
9 95 
9 96 
9 97 
9 99 
9 100 
9 102 
9 103 
9 104 
9 105 
9 108 
9 109 
9 112 
9 113 
9 116 
9 117 
9 119 
9 120 
9 130 
9 134 
9 136 
9 140 
9 150 
9 156 
9 157 
9 158 
9 166 
9 182 
9 187 
9 193 
10 2 
10 6 
10 8 
10 9 
10 18 
10 23 
10 26 
10 34 
10 44 
10 45 
10 96 
10 105 
10 155 
10 187 
11 3 
11 13 
11 14 
11 15 
11 22 
11 30 
11 35 
11 36 
11 37 
11 44 
11 80 
11 102 
11 109 
11 121 
11 193 
12 6 
12 22 
12 26 
12 27 
12 72 
12 80 
12 91 
12 134 
12 158 
13 4 
13 15 
13 36 
13 44 
13 98 
14 2 
14 3 
14 4 
14 6 
14 7 
14 8 
14 10 
14 11 
14 15 
14 21 
14 22 
14 23 
14 25 
14 27 
14 30 
14 32 
14 34 
14 35 
14 36 
14 37 
14 40 
14 42 
14 44 
14 45 
14 48 
14 54 
14 57 
14 58 
14 59 
14 60 
14 62 
14 63 
14 68 
14 70 
14 74 
14 76 
14 78 
14 82 
14 84 
14 88 
14 100 
14 102 
14 104 
14 105 
14 109 
14 112 
14 119 
14 134 
14 148 
14 150 
14 156 
14 157 
14 158 
14 166 
14 170 
14 180 
14 182 
14 187 
14 193 
15 2 
15 3 
15 4 
15 6 
15 7 
15 8 
15 9 
15 10 
15 11 
15 13 
15 14 
15 16 
15 17 
15 21 
15 22 
15 23 
15 25 
15 26 
15 27 
15 29 
15 30 
15 31 
15 32 
15 34 
15 35 
15 36 
15 37 
15 42 
15 44 
15 45 
15 51 
15 52 
15 54 
15 59 
15 60 
15 62 
15 63 
15 68 
15 69 
15 70 
15 72 
15 73 
15 74 
15 76 
15 80 
15 82 
15 83 
15 84 
15 87 
15 88 
15 94 
15 96 
15 98 
15 100 
15 102 
15 105 
15 109 
15 116 
15 117 
15 121 
15 150 
15 156 
15 157 
15 158 
15 168 
15 182 
15 193 
15 212 
16 14 
16 25 
16 44 
16 76 
16 79 
16 80 
16 97 
16 136 
17 2 
17 3 
17 4 
17 5 
17 6 
17 7 
17 8 
17 9 
17 10 
17 11 
17 13 
17 14 
17 15 
17 19 
17 21 
17 22 
17 23 
17 25 
17 26 
17 27 
17 28 
17 29 
17 30 
17 31 
17 32 
17 33 
17 34 
17 35 
17 36 
17 37 
17 39 
17 40 
17 42 
17 44 
17 45 
17 48 
17 49 
17 51 
17 52 
17 55 
17 59 
17 60 
17 62 
17 63 
17 67 
17 68 
17 69 
17 70 
17 71 
17 75 
17 76 
17 77 
17 78 
17 80 
17 82 
17 84 
17 86 
17 88 
17 90 
17 91 
17 92 
17 96 
17 98 
17 99 
17 100 
17 102 
17 103 
17 105 
17 109 
17 112 
17 113 
17 116 
17 117 
17 119 
17 120 
17 121 
17 125 
17 128 
17 134 
17 138 
17 146 
17 148 
17 150 
17 155 
17 156 
17 158 
17 178 
17 182 
17 187 
17 212 
18 2 
18 4 
18 5 
18 6 
18 7 
18 8 
18 9 
18 10 
18 11 
18 13 
18 14 
18 15 
18 17 
18 18 
18 22 
18 23 
18 25 
18 26 
18 27 
18 28 
18 29 
18 30 
18 31 
18 32 
18 33 
18 34 
18 35 
18 37 
18 39 
18 40 
18 42 
18 44 
18 45 
18 48 
18 49 
18 51 
18 52 
18 59 
18 60 
18 67 
18 76 
18 77 
18 78 
18 80 
18 83 
18 86 
18 90 
18 91 
18 94 
18 96 
18 102 
18 103 
18 105 
18 109 
18 112 
18 116 
18 117 
18 128 
18 150 
18 155 
18 156 
18 182 
18 212 
19 6 
19 28 
19 72 
19 158 
21 3 
21 44 
21 84 
21 187 
22 2 
22 3 
22 4 
22 5 
22 6 
22 7 
22 8 
22 9 
22 11 
22 13 
22 14 
22 15 
22 21 
22 23 
22 25 
22 27 
22 29 
22 30 
22 31 
22 32 
22 34 
22 35 
22 36 
22 37 
22 40 
22 42 
22 44 
22 45 
22 48 
22 49 
22 51 
22 52 
22 53 
22 60 
22 63 
22 68 
22 69 
22 70 
22 73 
22 74 
22 76 
22 77 
22 80 
22 82 
22 84 
22 86 
22 88 
22 90 
22 91 
22 96 
22 98 
22 102 
22 105 
22 109 
22 148 
22 158 
22 182 
23 2 
23 3 
23 4 
23 5 
23 6 
23 7 
23 8 
23 9 
23 10 
23 14 
23 15 
23 18 
23 25 
23 26 
23 27 
23 31 
23 32 
23 34 
23 36 
23 37 
23 39 
23 44 
23 45 
23 63 
23 70 
23 80 
23 105 
23 108 
23 110 
23 125 
23 134 
23 146 
25 3 
25 5 
25 6 
25 14 
25 15 
25 36 
25 37 
25 44 
25 45 
25 49 
25 84 
25 91 
25 119 
25 134 
25 180 
26 2 
26 6 
26 7 
26 8 
26 9 
26 10 
26 14 
26 15 
26 17 
26 18 
26 21 
26 22 
26 23 
26 26 
26 27 
26 28 
26 29 
26 31 
26 34 
26 35 
26 36 
26 37 
26 39 
26 42 
26 44 
26 45 
26 51 
26 60 
26 80 
26 92 
26 96 
26 99 
26 102 
26 105 
26 109 
26 128 
26 134 
26 150 
26 156 
26 158 
26 212 
27 2 
27 3 
27 4 
27 5 
27 6 
27 7 
27 8 
27 9 
27 10 
27 11 
27 13 
27 14 
27 15 
27 18 
27 21 
27 22 
27 23 
27 26 
27 30 
27 34 
27 35 
27 36 
27 37 
27 39 
27 44 
27 45 
27 51 
27 52 
27 58 
27 62 
27 63 
27 68 
27 69 
27 73 
27 74 
27 76 
27 77 
27 80 
27 82 
27 84 
27 86 
27 87 
27 88 
27 90 
27 98 
27 100 
27 102 
27 105 
27 109 
27 113 
27 121 
27 130 
27 134 
27 148 
27 168 
27 182 
28 6 
28 19 
28 26 
28 33 
28 36 
28 68 
28 80 
28 134 
28 150 
28 158 
29 7 
29 9 
29 39 
29 44 
29 146 
29 158 
30 4 
30 11 
30 14 
30 15 
30 21 
30 22 
30 27 
30 32 
30 42 
30 44 
30 45 
30 63 
30 69 
30 70 
30 73 
30 83 
30 84 
30 87 
30 88 
30 98 
30 102 
30 117 
30 121 
30 133 
31 2 
31 4 
31 5 
31 6 
31 7 
31 8 
31 9 
31 15 
31 18 
31 26 
31 27 
31 29 
31 34 
31 39 
31 44 
31 45 
31 49 
31 96 
31 104 
31 105 
31 109 
31 110 
31 112 
31 146 
31 155 
31 166 
31 168 
32 15 
32 70 
32 72 
32 83 
32 88 
32 100 
32 116 
32 117 
32 133 
33 28 
33 119 
33 158 
33 187 
34 2 
34 7 
34 8 
34 9 
34 10 
34 14 
34 15 
34 18 
34 23 
34 26 
34 28 
34 29 
34 31 
34 39 
34 40 
34 44 
34 45 
34 70 
34 90 
34 99 
34 109 
34 150 
34 155 
34 166 
34 212 
35 2 
35 3 
35 4 
35 5 
35 6 
35 7 
35 8 
35 9 
35 10 
35 11 
35 13 
35 14 
35 15 
35 16 
35 21 
35 22 
35 23 
35 25 
35 26 
35 27 
35 29 
35 30 
35 34 
35 36 
35 37 
35 42 
35 44 
35 45 
35 49 
35 52 
35 53 
35 55 
35 58 
35 63 
35 68 
35 69 
35 73 
35 76 
35 78 
35 80 
35 82 
35 87 
35 88 
35 91 
35 94 
35 96 
35 97 
35 102 
35 103 
35 105 
35 109 
35 110 
35 121 
35 146 
35 148 
35 168 
35 187 
35 193 
36 2 
36 3 
36 4 
36 6 
36 7 
36 9 
36 11 
36 13 
36 14 
36 27 
36 30 
36 32 
36 35 
36 37 
36 40 
36 44 
36 45 
36 63 
36 69 
36 80 
36 98 
36 102 
36 121 
36 193 
37 4 
37 6 
37 11 
37 14 
37 15 
37 26 
37 32 
37 55 
37 69 
37 70 
37 80 
37 94 
37 103 
37 146 
37 193 
38 32 
39 2 
39 3 
39 4 
39 6 
39 7 
39 8 
39 9 
39 10 
39 11 
39 14 
39 15 
39 17 
39 18 
39 26 
39 27 
39 28 
39 34 
39 35 
39 36 
39 37 
39 44 
39 45 
39 55 
39 67 
39 80 
39 96 
39 99 
39 102 
39 105 
39 109 
39 115 
39 130 
39 134 
39 150 
39 155 
39 212 
40 2 
40 3 
40 4 
40 6 
40 7 
40 9 
40 11 
40 14 
40 15 
40 23 
40 25 
40 27 
40 34 
40 35 
40 36 
40 37 
40 39 
40 44 
40 45 
40 48 
40 51 
40 54 
40 70 
40 72 
40 80 
40 90 
40 91 
40 99 
40 100 
40 133 
40 170 
40 187 
42 15 
42 32 
42 70 
42 83 
42 100 
42 116 
42 117 
42 133 
43 14 
43 17 
43 19 
43 21 
43 26 
43 33 
43 40 
43 52 
43 54 
43 57 
43 59 
43 71 
43 90 
43 91 
43 113 
43 119 
43 125 
43 133 
43 134 
43 158 
43 187 
43 212 
43 213 
44 3 
44 4 
44 6 
44 7 
44 8 
44 9 
44 11 
44 13 
44 14 
44 15 
44 21 
44 22 
44 25 
44 27 
44 30 
44 31 
44 32 
44 34 
44 35 
44 36 
44 37 
44 39 
44 52 
44 59 
44 62 
44 63 
44 68 
44 71 
44 80 
44 82 
44 84 
44 87 
44 95 
44 98 
44 102 
44 105 
44 109 
44 110 
44 112 
44 113 
44 119 
44 125 
44 128 
44 134 
44 146 
44 148 
44 158 
44 168 
44 178 
45 2 
45 4 
45 5 
45 6 
45 7 
45 8 
45 9 
45 10 
45 11 
45 14 
45 15 
45 16 
45 18 
45 21 
45 23 
45 25 
45 26 
45 27 
45 28 
45 29 
45 31 
45 34 
45 39 
45 44 
45 55 
45 58 
45 63 
45 66 
45 67 
45 68 
45 70 
45 71 
45 75 
45 76 
45 79 
45 80 
45 90 
45 94 
45 95 
45 96 
45 97 
45 99 
45 102 
45 103 
45 105 
45 108 
45 109 
45 110 
45 112 
45 119 
45 120 
45 127 
45 128 
45 130 
45 134 
45 136 
45 146 
45 156 
45 158 
45 168 
45 178 
45 182 
46 32 
47 2 
47 3 
47 4 
47 5 
47 6 
47 7 
47 8 
47 9 
47 10 
47 11 
47 13 
47 14 
47 15 
47 16 
47 17 
47 18 
47 19 
47 21 
47 22 
47 23 
47 25 
47 26 
47 27 
47 28 
47 29 
47 30 
47 31 
47 32 
47 33 
47 34 
47 35 
47 36 
47 37 
47 39 
47 40 
47 42 
47 44 
47 45 
47 48 
47 49 
47 51 
47 52 
47 55 
47 58 
47 59 
47 60 
47 62 
47 63 
47 67 
47 68 
47 69 
47 70 
47 71 
47 72 
47 73 
47 76 
47 77 
47 78 
47 80 
47 82 
47 83 
47 84 
47 86 
47 87 
47 88 
47 89 
47 90 
47 91 
47 94 
47 95 
47 96 
47 98 
47 99 
47 100 
47 102 
47 103 
47 105 
47 108 
47 109 
47 112 
47 116 
47 117 
47 120 
47 121 
47 125 
47 133 
47 134 
47 146 
47 148 
47 150 
47 155 
47 156 
47 158 
47 182 
47 187 
47 193 
47 213 
49 14 
49 15 
49 22 
49 31 
49 45 
49 90 
49 95 
49 108 
51 2 
51 45 
52 59 
52 60 
52 62 
52 68 
52 73 
52 83 
52 84 
52 90 
52 100 
54 6 
54 14 
54 37 
54 156 
55 112 
55 158 
58 6 
58 16 
58 35 
58 79 
58 97 
58 112 
58 128 
59 22 
60 45 
60 51 
60 77 
60 88 
63 4 
63 15 
63 30 
63 44 
63 55 
63 69 
63 73 
63 80 
63 84 
63 87 
63 98 
63 100 
63 117 
63 121 
64 128 
65 6 
65 103 
66 6 
66 15 
66 45 
66 49 
66 55 
66 94 
66 96 
66 108 
67 6 
67 27 
67 36 
67 44 
67 45 
67 70 
67 80 
67 109 
67 148 
68 6 
68 15 
68 36 
68 52 
68 62 
68 67 
68 84 
68 90 
68 109 
69 6 
69 15 
69 51 
69 63 
69 84 
69 87 
70 6 
70 37 
70 44 
70 45 
70 76 
70 80 
70 100 
70 109 
70 168 
71 28 
71 45 
71 67 
71 173 
73 11 
73 15 
73 32 
73 44 
73 98 
73 121 
74 4 
74 14 
74 15 
75 109 
75 168 
76 6 
76 14 
76 16 
76 25 
76 27 
76 36 
76 39 
76 44 
76 45 
76 55 
76 58 
76 66 
76 73 
76 83 
76 89 
76 91 
76 94 
76 95 
76 103 
76 108 
76 109 
76 116 
76 136 
76 158 
78 2 
78 4 
78 14 
78 58 
78 59 
78 80 
78 94 
78 109 
78 182 
80 36 
80 63 
81 6 
82 6 
82 7 
82 14 
82 35 
82 37 
82 44 
82 45 
82 53 
82 140 
84 22 
84 30 
84 44 
84 63 
84 68 
84 69 
85 14 
86 37 
86 51 
86 52 
86 77 
86 90 
87 30 
87 44 
87 52 
87 63 
87 69 
87 84 
87 105 
88 22 
88 36 
88 48 
88 51 
88 60 
88 77 
88 90 
89 4 
89 6 
89 25 
89 36 
89 44 
89 62 
89 116 
89 146 
89 182 
90 3 
90 6 
91 4 
91 14 
91 187 
92 44 
92 70 
92 159 
93 14 
93 28 
93 33 
93 40 
93 48 
93 59 
93 77 
93 96 
93 109 
94 25 
94 55 
94 155 
96 15 
96 27 
96 95 
96 100 
96 109 
97 16 
97 58 
97 79 
97 136 
98 4 
98 11 
98 13 
98 15 
98 32 
98 36 
98 73 
98 80 
98 117 
98 121 
99 165 
101 16 
101 79 
101 97 
102 36 
103 6 
103 14 
103 35 
103 45 
104 4 
104 6 
104 14 
104 15 
104 17 
104 22 
104 23 
104 26 
104 28 
104 34 
104 37 
104 59 
104 78 
104 80 
104 102 
104 105 
104 109 
104 150 
104 155 
104 156 
104 182 
105 2 
105 7 
105 8 
105 44 
105 45 
105 99 
105 165 
105 166 
105 182 
106 99 
108 4 
108 6 
108 15 
108 16 
108 42 
108 44 
108 58 
108 95 
108 127 
108 146 
108 178 
109 2 
109 4 
109 5 
109 6 
109 7 
109 9 
109 11 
109 15 
109 21 
109 22 
109 23 
109 27 
109 32 
109 34 
109 35 
109 36 
109 37 
109 44 
109 45 
109 67 
109 70 
109 71 
109 75 
109 76 
109 82 
109 92 
109 96 
109 104 
109 105 
109 109 
109 113 
109 115 
109 119 
109 125 
109 138 
109 150 
109 168 
110 2 
110 3 
110 4 
110 6 
110 7 
110 8 
110 9 
110 11 
110 14 
110 15 
110 17 
110 22 
110 23 
110 25 
110 27 
110 28 
110 30 
110 31 
110 33 
110 34 
110 35 
110 36 
110 37 
110 40 
110 44 
110 45 
110 49 
110 52 
110 62 
110 68 
110 70 
110 78 
110 79 
110 80 
110 84 
110 90 
110 91 
110 105 
110 109 
110 128 
110 134 
110 138 
110 146 
110 156 
110 158 
110 193 
110 212 
112 6 
112 128 
112 178 
113 4 
113 28 
113 71 
114 29 
115 168 
119 6 
119 14 
119 15 
119 23 
119 45 
119 59 
119 75 
120 6 
120 112 
120 130 
121 30 
121 32 
121 73 
121 98 
124 4 
124 27 
124 44 
124 109 
128 6 
130 6 
130 127 
135 25 
135 26 
135 33 
135 44 
135 62 
135 109 
135 134 
135 146 
135 158 
136 2 
139 2 
139 3 
139 6 
139 11 
139 14 
139 23 
139 37 
139 39 
139 45 
139 105 
141 7 
141 9 
142 4 
143 109 
146 80 
148 6 
150 14 
150 15 
150 27 
150 32 
150 76 
152 168 
153 26 
154 80 
155 31 
156 99 
156 166 
160 6 
160 45 
160 128 
166 155 
166 156 
168 75 
168 109 
168 115 
171 45 
173 119 
181 159 
187 53 
187 173 
187 193 
193 187 
194 193 
204 59 
213 187 
