2 2 
2 6 
2 7 
2 8 
2 10 
2 23 
2 25 
2 26 
2 31 
2 34 
2 39 
2 99 
2 110 
2 140 
2 156 
2 166 
2 182 
2 212 
3 14 
3 15 
3 22 
3 34 
3 37 
3 63 
3 69 
3 87 
3 88 
3 158 
4 3 
4 6 
4 11 
4 13 
4 14 
4 15 
4 21 
4 22 
4 23 
4 25 
4 27 
4 30 
4 35 
4 36 
4 37 
4 44 
4 63 
4 68 
4 73 
4 74 
4 80 
4 82 
4 121 
4 158 
5 6 
5 14 
6 6 
6 34 
6 44 
6 45 
7 2 
7 6 
7 15 
7 18 
7 23 
7 26 
7 35 
7 39 
7 60 
7 105 
8 140 
9 2 
9 6 
9 8 
9 15 
9 18 
9 23 
9 26 
9 35 
9 39 
9 60 
9 105 
9 140 
10 26 
11 36 
12 14 
12 15 
12 22 
12 25 
12 27 
12 44 
12 109 
12 146 
12 150 
14 2 
14 3 
14 4 
14 6 
14 7 
14 8 
14 10 
14 11 
14 15 
14 18 
14 21 
14 22 
14 23 
14 25 
14 26 
14 27 
14 32 
14 34 
14 35 
14 36 
14 37 
14 39 
14 44 
14 45 
14 57 
14 59 
14 68 
14 69 
14 73 
14 74 
14 80 
14 82 
14 84 
14 116 
14 150 
15 3 
15 4 
15 6 
15 7 
15 8 
15 11 
15 13 
15 14 
15 21 
15 22 
15 23 
15 25 
15 27 
15 30 
15 34 
15 35 
15 36 
15 37 
15 44 
15 45 
15 63 
15 68 
15 69 
15 73 
15 74 
15 80 
15 82 
15 88 
15 121 
15 150 
15 212 
16 6 
16 44 
16 97 
17 6 
17 44 
17 212 
19 44 
21 3 
21 44 
22 3 
22 4 
22 6 
22 11 
22 13 
22 14 
22 15 
22 21 
22 23 
22 25 
22 27 
22 30 
22 35 
22 36 
22 37 
22 44 
22 48 
22 52 
22 60 
22 63 
22 68 
22 69 
22 74 
22 80 
22 83 
22 84 
22 87 
22 88 
22 148 
23 7 
23 8 
23 10 
23 34 
26 27 
26 34 
26 212 
27 3 
27 4 
27 6 
27 7 
27 8 
27 10 
27 11 
27 13 
27 14 
27 15 
27 21 
27 22 
27 23 
27 25 
27 26 
27 30 
27 31 
27 32 
27 34 
27 35 
27 36 
27 37 
27 44 
27 52 
27 62 
27 63 
27 68 
27 69 
27 71 
27 73 
27 74 
27 80 
27 82 
27 84 
27 86 
27 87 
27 88 
27 98 
27 102 
27 115 
27 121 
27 127 
27 146 
27 148 
27 158 
28 26 
29 2 
29 7 
29 10 
29 23 
29 31 
30 3 
30 4 
30 14 
30 15 
30 36 
30 37 
30 44 
30 80 
31 23 
33 134 
34 26 
34 212 
35 3 
35 4 
35 11 
35 13 
35 14 
35 15 
35 21 
35 22 
35 23 
35 27 
35 30 
35 32 
35 36 
35 37 
35 44 
35 60 
35 68 
35 74 
35 78 
35 80 
35 82 
35 86 
35 150 
36 11 
36 27 
37 6 
37 14 
39 2 
39 3 
39 4 
39 6 
39 7 
39 8 
39 9 
39 10 
39 11 
39 14 
39 15 
39 17 
39 23 
39 25 
39 26 
39 27 
39 28 
39 31 
39 32 
39 34 
39 36 
39 37 
39 42 
39 44 
39 80 
39 109 
39 110 
39 134 
39 158 
39 212 
40 3 
40 22 
40 27 
40 36 
40 69 
43 212 
44 11 
44 14 
44 19 
44 21 
44 22 
44 27 
44 34 
44 128 
44 193 
45 2 
45 3 
45 6 
45 7 
45 8 
45 10 
45 14 
45 15 
45 21 
45 22 
45 23 
45 25 
45 26 
45 27 
45 31 
45 33 
45 34 
45 37 
45 44 
45 74 
45 76 
45 102 
45 103 
45 105 
45 112 
45 120 
45 127 
45 128 
45 130 
45 136 
45 178 
45 182 
47 7 
47 10 
49 6 
49 14 
49 22 
49 27 
49 35 
49 44 
49 45 
49 80 
55 27 
55 45 
55 58 
55 127 
58 6 
58 79 
63 15 
63 87 
65 6 
65 14 
66 6 
66 27 
66 35 
66 45 
66 80 
66 94 
68 3 
68 11 
68 14 
68 15 
68 22 
68 27 
68 35 
68 62 
68 63 
68 84 
68 86 
68 87 
68 88 
69 3 
69 13 
69 15 
69 27 
69 36 
69 37 
69 63 
69 80 
69 87 
69 88 
71 4 
71 14 
71 15 
71 27 
71 44 
71 80 
71 109 
73 121 
74 4 
74 14 
74 15 
76 2 
76 3 
76 4 
76 6 
76 7 
76 8 
76 10 
76 14 
76 15 
76 21 
76 22 
76 23 
76 25 
76 27 
76 31 
76 32 
76 35 
76 37 
76 40 
76 42 
76 44 
76 45 
76 51 
76 60 
76 80 
76 83 
76 86 
76 102 
76 109 
76 117 
76 146 
78 14 
78 35 
78 37 
78 44 
78 80 
81 45 
81 58 
81 127 
82 4 
82 35 
84 22 
87 3 
87 15 
87 63 
88 3 
89 125 
90 68 
91 14 
91 22 
92 22 
93 21 
93 28 
93 33 
96 5 
96 6 
96 14 
96 32 
96 35 
96 45 
96 76 
96 102 
97 44 
98 21 
99 105 
101 6 
105 2 
105 6 
105 7 
105 8 
105 23 
105 34 
105 99 
105 156 
105 166 
105 182 
108 2 
108 3 
108 4 
108 5 
108 6 
108 7 
108 8 
108 10 
108 11 
108 14 
108 15 
108 16 
108 21 
108 22 
108 23 
108 25 
108 27 
108 31 
108 32 
108 34 
108 35 
108 37 
108 40 
108 42 
108 44 
108 45 
108 49 
108 51 
108 55 
108 58 
108 60 
108 76 
108 77 
108 78 
108 80 
108 83 
108 86 
108 96 
108 102 
108 109 
108 117 
108 128 
108 146 
108 150 
108 158 
108 178 
109 44 
109 59 
109 71 
109 75 
109 115 
109 138 
109 150 
109 168 
110 212 
115 44 
121 98 
124 109 
135 28 
136 6 
148 4 
187 4 
203 37 
