2 105 
3 22 
3 69 
3 88 
4 22 
4 27 
4 74 
4 84 
6 6 
6 7 
6 8 
6 22 
6 45 
7 6 
7 14 
7 15 
7 22 
7 27 
7 35 
7 44 
7 45 
7 105 
7 182 
8 6 
8 27 
8 44 
8 45 
9 6 
9 8 
9 14 
9 15 
9 22 
9 27 
9 35 
9 44 
9 45 
9 105 
10 6 
10 14 
10 182 
11 15 
11 102 
12 25 
14 4 
14 15 
14 22 
14 25 
14 35 
14 44 
14 82 
14 84 
14 182 
15 3 
15 11 
15 14 
15 22 
15 27 
15 30 
15 32 
15 35 
15 44 
15 68 
15 69 
15 82 
15 84 
15 105 
17 105 
21 44 
22 14 
22 45 
22 48 
22 68 
22 82 
22 84 
22 88 
23 6 
23 15 
23 27 
27 4 
27 7 
27 8 
27 11 
27 35 
27 44 
27 82 
27 105 
30 15 
30 45 
30 84 
30 87 
31 6 
31 15 
31 27 
31 45 
31 105 
32 6 
32 15 
32 73 
35 22 
35 82 
37 14 
37 27 
39 14 
39 22 
39 35 
39 45 
42 4 
42 15 
42 32 
42 68 
44 21 
44 22 
44 35 
44 62 
44 68 
44 82 
44 102 
44 105 
45 6 
45 7 
45 8 
47 105 
52 68 
60 4 
63 87 
66 35 
66 45 
68 48 
69 3 
69 84 
69 88 
70 15 
70 45 
73 98 
73 121 
76 45 
79 45 
84 44 
87 69 
88 60 
89 25 
91 22 
95 45 
95 105 
105 22 
105 27 
105 45 
108 45 
121 73 
121 98 
