2 29 
2 158 
3 14 
3 15 
3 52 
3 60 
3 63 
3 74 
3 84 
3 87 
3 88 
4 14 
4 15 
4 44 
4 63 
4 74 
4 84 
4 88 
5 44 
5 130 
6 71 
6 119 
7 14 
7 15 
7 32 
7 44 
7 48 
7 73 
7 119 
7 130 
8 130 
9 14 
9 15 
9 32 
9 44 
9 48 
9 73 
9 119 
9 130 
10 44 
11 14 
11 15 
11 44 
12 134 
13 14 
13 32 
13 73 
13 98 
14 4 
14 15 
14 32 
14 44 
14 48 
14 52 
14 74 
14 84 
14 134 
14 158 
15 3 
15 4 
15 14 
15 32 
15 44 
15 52 
15 60 
15 63 
15 73 
15 74 
15 84 
15 87 
15 88 
15 98 
15 119 
15 121 
15 148 
17 4 
17 14 
17 15 
17 32 
17 44 
17 62 
17 119 
17 134 
17 155 
17 158 
21 14 
21 44 
22 4 
22 14 
22 15 
22 44 
22 48 
22 52 
22 53 
22 60 
22 63 
22 71 
22 74 
22 84 
22 87 
22 88 
22 134 
22 148 
23 4 
23 14 
23 15 
23 63 
23 155 
24 32 
25 4 
25 14 
25 44 
25 158 
27 4 
27 14 
27 15 
27 44 
27 52 
27 60 
27 63 
27 74 
27 84 
27 121 
27 130 
28 134 
28 158 
29 44 
29 134 
30 14 
30 15 
30 44 
30 63 
30 73 
30 84 
30 87 
30 121 
31 44 
31 63 
32 15 
32 73 
32 83 
33 134 
34 48 
34 71 
34 134 
35 4 
35 14 
35 15 
35 84 
35 87 
36 4 
36 14 
36 15 
36 44 
36 134 
37 15 
37 29 
39 4 
39 14 
39 15 
39 32 
39 44 
39 119 
39 134 
39 155 
40 4 
40 33 
40 48 
40 119 
42 15 
42 32 
42 44 
42 60 
42 63 
42 83 
42 88 
42 121 
43 158 
44 4 
44 14 
44 15 
44 32 
44 52 
44 62 
44 84 
44 88 
44 119 
44 134 
44 148 
44 158 
45 4 
45 14 
45 15 
45 29 
45 44 
45 63 
45 71 
45 119 
45 134 
47 14 
47 15 
47 32 
47 119 
52 62 
52 84 
53 14 
54 4 
54 14 
59 4 
59 14 
60 15 
63 15 
63 87 
68 4 
68 15 
68 48 
68 52 
68 62 
68 84 
69 14 
69 63 
69 84 
70 4 
70 44 
70 119 
73 44 
73 98 
73 121 
74 4 
74 14 
76 15 
78 14 
78 134 
80 15 
82 14 
82 15 
82 44 
82 52 
82 74 
83 84 
86 15 
86 88 
87 63 
91 14 
92 44 
93 14 
93 33 
95 15 
95 44 
109 75 
109 119 
109 138 
109 168 
110 4 
110 14 
110 15 
117 73 
117 83 
117 121 
119 4 
119 44 
120 130 
121 73 
121 98 
122 14 
124 4 
124 44 
124 158 
130 14 
142 4 
142 14 
145 4 
148 71 
159 4 
172 134 
173 4 
173 14 
184 14 
186 158 
187 4 
187 14 
