1 17 
1 28 
2 7 
2 8 
2 10 
2 17 
2 18 
2 25 
2 26 
2 27 
2 29 
2 32 
2 34 
2 39 
2 99 
2 105 
2 110 
2 134 
2 139 
2 146 
2 156 
2 158 
2 166 
2 182 
2 212 
3 14 
3 15 
3 22 
3 30 
3 37 
3 52 
3 63 
3 69 
3 74 
3 84 
3 87 
3 88 
4 3 
4 11 
4 13 
4 14 
4 15 
4 21 
4 22 
4 27 
4 30 
4 35 
4 36 
4 37 
4 44 
4 60 
4 63 
4 68 
4 73 
4 74 
4 82 
4 87 
4 88 
4 98 
4 119 
4 121 
4 146 
4 180 
4 181 
5 3 
5 4 
5 6 
5 11 
5 13 
5 15 
5 21 
5 22 
5 27 
5 32 
5 35 
5 36 
5 37 
5 42 
5 44 
5 45 
5 49 
5 51 
5 59 
5 60 
5 63 
5 73 
5 78 
5 80 
5 83 
5 86 
5 102 
5 117 
5 121 
5 128 
5 134 
5 158 
6 6 
6 18 
6 26 
6 34 
6 45 
6 77 
6 112 
6 120 
6 178 
7 6 
7 17 
7 18 
7 23 
7 26 
7 28 
7 29 
7 32 
7 34 
7 39 
7 53 
7 72 
7 110 
7 117 
7 133 
7 134 
7 158 
7 170 
7 187 
7 213 
8 29 
8 34 
8 140 
9 6 
9 8 
9 17 
9 18 
9 26 
9 28 
9 29 
9 32 
9 34 
9 39 
9 53 
9 72 
9 110 
9 117 
9 133 
9 134 
9 140 
9 158 
9 170 
9 187 
9 213 
10 8 
10 23 
10 26 
10 34 
11 13 
11 15 
11 22 
11 27 
11 36 
12 3 
12 4 
12 7 
12 8 
12 11 
12 14 
12 15 
12 17 
12 18 
12 21 
12 22 
12 26 
12 27 
12 32 
12 33 
12 34 
12 35 
12 36 
12 37 
12 42 
12 44 
12 54 
12 57 
12 60 
12 62 
12 63 
12 71 
12 73 
12 80 
12 83 
12 84 
12 86 
12 88 
12 92 
12 102 
12 109 
12 117 
12 119 
12 125 
12 134 
12 146 
12 150 
12 158 
12 173 
12 180 
12 187 
12 212 
13 27 
13 98 
14 3 
14 4 
14 7 
14 8 
14 11 
14 15 
14 21 
14 22 
14 27 
14 30 
14 32 
14 34 
14 35 
14 36 
14 37 
14 44 
14 54 
14 57 
14 59 
14 63 
14 68 
14 73 
14 74 
14 80 
14 82 
14 88 
14 104 
14 119 
14 156 
14 157 
14 173 
14 180 
14 187 
15 3 
15 4 
15 11 
15 13 
15 14 
15 21 
15 22 
15 27 
15 30 
15 35 
15 36 
15 37 
15 44 
15 63 
15 68 
15 69 
15 73 
15 74 
15 82 
15 84 
15 87 
15 88 
15 98 
15 121 
15 212 
16 6 
16 97 
17 4 
17 7 
17 8 
17 10 
17 11 
17 13 
17 14 
17 15 
17 18 
17 19 
17 21 
17 22 
17 26 
17 27 
17 28 
17 29 
17 32 
17 33 
17 34 
17 36 
17 37 
17 39 
17 40 
17 42 
17 44 
17 51 
17 59 
17 60 
17 71 
17 78 
17 80 
17 86 
17 102 
17 110 
17 117 
17 125 
17 134 
17 139 
17 150 
17 155 
17 158 
17 190 
17 212 
18 32 
18 80 
19 28 
19 32 
19 133 
19 134 
19 158 
21 14 
21 15 
21 27 
21 30 
21 44 
21 87 
22 3 
22 4 
22 5 
22 6 
22 7 
22 8 
22 11 
22 13 
22 14 
22 15 
22 17 
22 21 
22 25 
22 26 
22 27 
22 30 
22 32 
22 33 
22 34 
22 35 
22 36 
22 37 
22 40 
22 42 
22 44 
22 45 
22 48 
22 51 
22 52 
22 53 
22 54 
22 59 
22 60 
22 62 
22 63 
22 67 
22 68 
22 69 
22 73 
22 74 
22 77 
22 78 
22 80 
22 82 
22 83 
22 84 
22 86 
22 87 
22 88 
22 90 
22 98 
22 102 
22 104 
22 110 
22 117 
22 119 
22 121 
22 134 
22 146 
22 148 
22 150 
22 156 
22 157 
22 158 
22 173 
22 180 
22 187 
22 213 
23 7 
23 8 
23 10 
23 26 
23 32 
23 34 
23 39 
25 7 
25 8 
25 33 
25 44 
25 54 
25 62 
25 80 
25 84 
25 89 
25 119 
25 125 
25 134 
25 146 
25 158 
25 187 
26 26 
26 34 
26 35 
26 39 
26 212 
27 3 
27 4 
27 6 
27 11 
27 13 
27 14 
27 15 
27 17 
27 21 
27 22 
27 30 
27 32 
27 35 
27 36 
27 37 
27 44 
27 52 
27 59 
27 62 
27 63 
27 68 
27 69 
27 71 
27 73 
27 74 
27 82 
27 84 
27 87 
27 88 
27 92 
27 98 
27 104 
27 115 
27 117 
27 119 
27 121 
27 133 
27 146 
27 148 
27 170 
27 173 
28 134 
29 19 
29 134 
29 158 
30 3 
30 14 
30 15 
30 22 
30 27 
30 36 
30 63 
30 73 
30 87 
30 98 
30 121 
31 7 
31 8 
31 18 
31 26 
31 32 
31 34 
31 39 
31 45 
32 68 
32 73 
33 7 
33 8 
33 18 
33 26 
33 32 
33 34 
33 40 
33 51 
33 60 
33 71 
33 80 
33 125 
33 134 
33 139 
33 157 
33 158 
34 7 
34 8 
34 18 
34 26 
34 71 
34 139 
34 212 
35 3 
35 4 
35 5 
35 6 
35 7 
35 8 
35 11 
35 13 
35 14 
35 15 
35 21 
35 22 
35 25 
35 26 
35 27 
35 30 
35 32 
35 33 
35 34 
35 36 
35 37 
35 42 
35 44 
35 48 
35 51 
35 52 
35 53 
35 54 
35 55 
35 58 
35 59 
35 60 
35 63 
35 68 
35 69 
35 71 
35 73 
35 78 
35 80 
35 82 
35 83 
35 84 
35 86 
35 87 
35 88 
35 98 
35 102 
35 109 
35 110 
35 117 
35 119 
35 121 
35 134 
35 146 
35 148 
35 150 
35 156 
35 157 
35 158 
35 173 
35 180 
35 187 
36 11 
36 13 
36 15 
36 27 
37 6 
37 14 
37 22 
37 112 
38 32 
39 7 
39 8 
39 18 
39 26 
39 44 
39 155 
39 212 
40 3 
40 4 
40 11 
40 15 
40 22 
40 26 
40 27 
40 30 
40 32 
40 33 
40 34 
40 36 
40 37 
40 42 
40 44 
40 48 
40 51 
40 52 
40 60 
40 63 
40 69 
40 73 
40 77 
40 80 
40 83 
40 84 
40 86 
40 87 
40 88 
40 98 
40 117 
40 121 
40 125 
40 133 
40 134 
40 158 
40 187 
41 32 
42 32 
42 117 
42 128 
43 19 
43 113 
43 119 
43 125 
43 134 
43 150 
43 187 
43 212 
44 4 
44 11 
44 14 
44 15 
44 21 
44 22 
44 27 
44 30 
44 34 
44 35 
44 36 
44 63 
44 73 
44 87 
45 2 
45 5 
45 6 
45 7 
45 8 
45 9 
45 10 
45 15 
45 16 
45 17 
45 18 
45 21 
45 23 
45 25 
45 26 
45 27 
45 29 
45 31 
45 32 
45 33 
45 34 
45 39 
45 44 
45 55 
45 58 
45 66 
45 76 
45 79 
45 80 
45 94 
45 96 
45 97 
45 99 
45 102 
45 103 
45 105 
45 108 
45 110 
45 112 
45 117 
45 119 
45 120 
45 125 
45 127 
45 128 
45 134 
45 136 
45 139 
45 146 
45 150 
45 156 
45 158 
45 173 
45 178 
45 180 
45 182 
45 187 
46 32 
47 26 
49 4 
49 5 
49 6 
49 7 
49 8 
49 13 
49 14 
49 15 
49 17 
49 18 
49 22 
49 25 
49 26 
49 27 
49 32 
49 34 
49 35 
49 36 
49 37 
49 39 
49 42 
49 44 
49 45 
49 48 
49 51 
49 53 
49 59 
49 60 
49 62 
49 68 
49 73 
49 77 
49 78 
49 80 
49 82 
49 84 
49 86 
49 95 
49 98 
49 102 
49 117 
49 139 
49 148 
49 157 
51 3 
51 15 
51 27 
51 60 
51 77 
51 86 
51 87 
52 22 
52 44 
52 63 
52 68 
52 73 
52 121 
55 14 
55 60 
55 66 
55 80 
55 127 
58 6 
58 27 
58 32 
58 77 
58 178 
59 27 
59 83 
60 51 
60 88 
62 3 
62 15 
62 27 
62 40 
62 44 
62 51 
62 68 
63 3 
63 15 
63 22 
63 26 
63 27 
63 30 
63 35 
63 52 
63 69 
63 84 
63 87 
63 121 
63 158 
65 6 
66 6 
66 80 
68 3 
68 4 
68 6 
68 11 
68 13 
68 14 
68 15 
68 21 
68 22 
68 27 
68 30 
68 32 
68 35 
68 36 
68 42 
68 44 
68 48 
68 52 
68 60 
68 62 
68 63 
68 69 
68 77 
68 80 
68 83 
68 84 
68 86 
68 87 
68 88 
68 102 
68 117 
68 121 
69 3 
69 15 
69 30 
69 63 
69 84 
69 87 
70 4 
70 14 
70 18 
70 22 
70 27 
70 32 
70 34 
70 37 
70 42 
70 44 
70 51 
70 62 
70 68 
70 80 
70 83 
70 86 
70 88 
70 102 
70 104 
70 109 
70 110 
70 117 
70 119 
71 92 
71 109 
72 32 
73 11 
73 13 
73 15 
73 22 
73 27 
73 30 
73 90 
73 98 
73 121 
74 4 
74 14 
74 15 
74 27 
76 5 
76 6 
76 7 
76 8 
76 9 
76 14 
76 16 
76 17 
76 18 
76 23 
76 44 
76 45 
76 55 
76 58 
76 79 
76 97 
76 103 
76 105 
76 128 
76 136 
76 156 
76 158 
76 178 
77 32 
77 51 
77 60 
78 14 
78 15 
78 22 
78 27 
78 32 
78 35 
78 44 
78 59 
78 60 
78 80 
78 187 
80 22 
80 27 
80 36 
81 6 
81 117 
82 14 
82 35 
82 37 
82 44 
82 53 
82 74 
83 32 
83 42 
83 63 
83 84 
83 98 
83 117 
84 15 
84 27 
84 52 
84 69 
86 14 
86 32 
86 36 
86 51 
86 77 
86 84 
86 88 
86 90 
87 3 
87 22 
87 27 
87 30 
87 35 
87 63 
87 69 
87 73 
88 3 
88 14 
88 22 
88 27 
88 60 
88 84 
88 87 
89 25 
89 32 
89 33 
89 42 
89 125 
89 134 
89 146 
89 158 
90 3 
90 22 
90 30 
90 32 
90 36 
90 37 
90 42 
90 48 
90 51 
90 52 
90 60 
90 63 
90 68 
90 69 
90 73 
90 77 
90 84 
90 86 
90 87 
90 88 
90 117 
90 121 
91 14 
91 22 
91 32 
91 44 
91 117 
91 158 
93 14 
93 33 
93 77 
93 83 
93 96 
93 127 
96 4 
96 5 
96 6 
96 7 
96 8 
96 9 
96 10 
96 11 
96 14 
96 15 
96 16 
96 17 
96 18 
96 19 
96 21 
96 22 
96 23 
96 25 
96 26 
96 27 
96 29 
96 30 
96 31 
96 32 
96 33 
96 34 
96 35 
96 36 
96 37 
96 39 
96 40 
96 42 
96 44 
96 45 
96 48 
96 49 
96 51 
96 52 
96 53 
96 54 
96 55 
96 58 
96 59 
96 60 
96 62 
96 63 
96 66 
96 67 
96 68 
96 72 
96 73 
96 76 
96 77 
96 78 
96 79 
96 80 
96 82 
96 83 
96 84 
96 86 
96 90 
96 94 
96 95 
96 97 
96 102 
96 103 
96 105 
96 108 
96 112 
96 116 
96 117 
96 119 
96 125 
96 128 
96 133 
96 134 
96 139 
96 146 
96 156 
96 157 
96 158 
96 178 
96 180 
96 182 
96 187 
97 16 
98 13 
98 82 
98 121 
100 133 
101 6 
105 6 
105 7 
105 8 
105 23 
105 99 
105 102 
105 156 
105 165 
105 166 
105 182 
108 4 
108 5 
108 6 
108 7 
108 8 
108 9 
108 10 
108 11 
108 14 
108 15 
108 16 
108 17 
108 18 
108 21 
108 22 
108 25 
108 26 
108 27 
108 30 
108 32 
108 33 
108 34 
108 35 
108 36 
108 37 
108 39 
108 40 
108 42 
108 44 
108 45 
108 51 
108 55 
108 58 
108 59 
108 60 
108 66 
108 68 
108 73 
108 77 
108 78 
108 79 
108 80 
108 82 
108 83 
108 84 
108 86 
108 88 
108 90 
108 94 
108 95 
108 97 
108 103 
108 117 
108 128 
108 133 
108 139 
108 157 
108 158 
108 178 
108 182 
109 4 
109 6 
109 7 
109 8 
109 9 
109 10 
109 11 
109 13 
109 14 
109 15 
109 18 
109 19 
109 21 
109 22 
109 25 
109 26 
109 27 
109 28 
109 32 
109 33 
109 34 
109 35 
109 36 
109 37 
109 40 
109 42 
109 44 
109 45 
109 48 
109 51 
109 52 
109 53 
109 54 
109 57 
109 59 
109 60 
109 67 
109 70 
109 71 
109 72 
109 73 
109 75 
109 77 
109 78 
109 80 
109 82 
109 83 
109 84 
109 86 
109 90 
109 91 
109 92 
109 102 
109 104 
109 110 
109 113 
109 115 
109 116 
109 117 
109 119 
109 121 
109 125 
109 133 
109 134 
109 138 
109 139 
109 146 
109 150 
109 157 
109 158 
109 159 
109 168 
109 170 
109 173 
109 180 
109 187 
109 212 
110 212 
111 51 
111 60 
112 178 
115 42 
115 60 
116 18 
116 32 
116 42 
116 117 
117 32 
117 90 
118 51 
119 60 
120 127 
121 3 
121 22 
121 73 
121 98 
125 29 
125 158 
128 45 
133 32 
136 6 
146 25 
146 32 
146 42 
146 67 
146 84 
146 125 
146 134 
146 158 
146 212 
148 84 
154 4 
154 6 
154 14 
154 15 
154 18 
154 22 
154 27 
154 32 
154 33 
154 35 
154 40 
154 42 
154 44 
154 51 
154 60 
154 73 
154 78 
154 80 
154 83 
154 86 
154 102 
154 117 
158 125 
160 6 
167 33 
167 125 
173 180 
186 4 
186 146 
195 139 
199 97 
203 37 
204 59 
204 91 
