2 6 
2 7 
2 8 
2 18 
2 26 
2 34 
2 39 
2 99 
2 105 
2 134 
2 156 
2 158 
2 166 
2 212 
3 15 
3 22 
3 37 
3 63 
3 69 
3 71 
3 84 
3 87 
3 88 
4 3 
4 11 
4 13 
4 14 
4 15 
4 21 
4 22 
4 27 
4 30 
4 32 
4 35 
4 36 
4 37 
4 42 
4 44 
4 59 
4 62 
4 63 
4 68 
4 73 
4 74 
4 80 
4 82 
4 87 
4 88 
4 98 
4 102 
4 112 
4 117 
4 121 
4 150 
4 158 
5 37 
5 82 
6 6 
6 34 
6 45 
6 112 
7 5 
7 15 
7 18 
7 26 
7 29 
7 32 
7 99 
7 102 
7 109 
7 110 
7 155 
8 99 
8 140 
9 5 
9 8 
9 15 
9 18 
9 26 
9 29 
9 32 
9 102 
9 109 
9 110 
9 140 
10 155 
11 4 
11 18 
11 27 
11 35 
11 36 
12 3 
12 4 
12 7 
12 8 
12 11 
12 14 
12 15 
12 21 
12 22 
12 25 
12 26 
12 27 
12 32 
12 33 
12 34 
12 35 
12 36 
12 37 
12 42 
12 44 
12 51 
12 60 
12 62 
12 63 
12 68 
12 69 
12 71 
12 80 
12 83 
12 84 
12 86 
12 88 
12 91 
12 102 
12 109 
12 117 
12 125 
12 128 
12 134 
12 139 
12 146 
12 148 
12 150 
12 158 
12 212 
13 23 
13 35 
13 36 
13 98 
14 3 
14 4 
14 11 
14 13 
14 15 
14 21 
14 22 
14 25 
14 27 
14 30 
14 32 
14 34 
14 35 
14 36 
14 37 
14 44 
14 54 
14 57 
14 59 
14 63 
14 69 
14 73 
14 74 
14 82 
14 87 
14 88 
14 121 
14 150 
14 157 
14 180 
14 182 
15 3 
15 4 
15 11 
15 13 
15 14 
15 21 
15 22 
15 27 
15 30 
15 32 
15 35 
15 36 
15 37 
15 44 
15 60 
15 63 
15 68 
15 69 
15 74 
15 80 
15 82 
15 87 
15 88 
15 121 
15 212 
16 6 
16 58 
16 79 
16 97 
17 155 
17 212 
18 26 
18 34 
18 39 
21 44 
22 3 
22 4 
22 11 
22 13 
22 14 
22 15 
22 27 
22 30 
22 32 
22 35 
22 36 
22 37 
22 44 
22 48 
22 51 
22 52 
22 60 
22 63 
22 68 
22 73 
22 80 
22 83 
22 84 
22 86 
22 87 
22 88 
22 98 
22 121 
22 134 
22 148 
23 7 
23 8 
23 10 
23 26 
23 32 
23 34 
23 39 
23 140 
24 34 
25 117 
25 158 
26 32 
26 34 
26 139 
26 212 
27 3 
27 4 
27 11 
27 13 
27 14 
27 15 
27 21 
27 22 
27 30 
27 32 
27 35 
27 36 
27 37 
27 42 
27 44 
27 51 
27 52 
27 60 
27 62 
27 63 
27 68 
27 69 
27 73 
27 74 
27 80 
27 82 
27 83 
27 84 
27 86 
27 87 
27 88 
27 92 
27 98 
27 102 
27 115 
27 117 
27 121 
27 127 
27 148 
27 158 
28 26 
30 3 
30 4 
30 11 
30 14 
30 15 
30 22 
30 27 
30 32 
30 36 
30 42 
30 63 
30 68 
30 69 
30 71 
30 73 
30 80 
30 83 
30 84 
30 87 
30 98 
30 117 
30 121 
31 7 
31 8 
31 10 
31 23 
31 26 
31 32 
31 34 
31 39 
31 139 
34 18 
34 26 
34 139 
34 212 
35 3 
35 4 
35 7 
35 8 
35 11 
35 13 
35 14 
35 15 
35 21 
35 22 
35 27 
35 30 
35 32 
35 36 
35 37 
35 42 
35 44 
35 51 
35 52 
35 53 
35 60 
35 63 
35 69 
35 73 
35 74 
35 80 
35 82 
35 86 
35 87 
35 88 
35 98 
35 102 
35 117 
35 121 
35 150 
36 4 
36 11 
36 13 
36 27 
36 80 
37 3 
37 14 
37 15 
37 22 
37 35 
39 26 
39 212 
40 3 
40 4 
40 19 
40 30 
40 32 
40 42 
40 51 
40 52 
40 60 
40 68 
40 69 
40 72 
40 77 
40 83 
40 84 
40 86 
40 87 
40 88 
40 90 
40 100 
40 117 
40 121 
40 133 
42 83 
42 117 
43 113 
43 125 
43 134 
43 212 
44 4 
44 14 
44 15 
44 21 
44 22 
44 27 
44 32 
44 34 
44 35 
44 62 
44 63 
44 87 
44 92 
44 113 
44 128 
45 2 
45 4 
45 5 
45 6 
45 7 
45 8 
45 10 
45 14 
45 21 
45 23 
45 26 
45 27 
45 29 
45 32 
45 33 
45 34 
45 39 
45 42 
45 44 
45 58 
45 76 
45 79 
45 80 
45 96 
45 97 
45 102 
45 103 
45 105 
45 109 
45 112 
45 120 
45 125 
45 127 
45 128 
45 134 
45 136 
45 139 
45 158 
45 178 
45 182 
49 14 
49 45 
49 80 
51 60 
51 88 
52 14 
52 22 
52 44 
52 68 
52 69 
52 73 
52 84 
52 121 
55 7 
55 8 
55 102 
55 127 
58 6 
58 60 
58 79 
60 3 
60 15 
60 36 
62 4 
62 63 
62 68 
63 4 
63 32 
63 35 
63 69 
63 84 
63 87 
66 32 
66 35 
67 4 
67 15 
67 27 
67 32 
67 42 
67 44 
67 51 
67 80 
67 102 
67 117 
67 125 
67 134 
67 158 
68 11 
68 15 
68 22 
68 27 
68 30 
68 32 
68 42 
68 48 
68 52 
68 60 
68 62 
68 63 
68 69 
68 73 
68 77 
68 83 
68 84 
68 86 
68 87 
68 88 
68 90 
68 98 
68 121 
69 3 
69 30 
69 68 
69 84 
69 87 
70 4 
70 6 
70 7 
70 8 
70 14 
70 15 
70 22 
70 27 
70 32 
70 37 
70 42 
70 44 
70 52 
70 62 
70 80 
70 88 
70 102 
70 117 
70 121 
71 4 
71 7 
71 8 
71 15 
71 39 
72 32 
73 98 
73 121 
74 4 
74 14 
74 15 
76 6 
76 14 
76 23 
76 32 
76 45 
76 103 
76 136 
76 178 
77 37 
78 14 
78 15 
78 27 
78 35 
78 37 
78 42 
78 44 
78 51 
78 59 
78 60 
78 83 
78 86 
78 102 
78 158 
80 4 
82 13 
82 14 
82 22 
82 27 
82 32 
82 35 
82 37 
82 42 
82 44 
82 53 
82 74 
82 80 
82 102 
84 22 
84 35 
86 3 
86 32 
86 69 
86 77 
86 84 
86 88 
87 3 
87 30 
87 63 
87 69 
88 3 
88 14 
88 15 
88 22 
88 27 
88 84 
89 25 
90 60 
90 77 
90 86 
91 158 
93 14 
93 27 
93 32 
93 33 
93 77 
96 5 
96 6 
96 26 
96 34 
96 35 
96 49 
96 102 
96 150 
96 182 
98 13 
98 14 
98 82 
101 6 
101 79 
103 6 
105 2 
105 6 
105 7 
105 8 
105 10 
105 26 
105 29 
105 34 
105 39 
105 99 
105 156 
105 166 
105 182 
108 4 
108 6 
108 14 
108 22 
108 27 
108 35 
108 44 
108 45 
108 51 
108 83 
108 102 
109 7 
109 8 
109 59 
109 113 
109 115 
109 138 
109 150 
109 168 
110 17 
110 212 
121 73 
121 98 
125 158 
146 4 
146 32 
146 36 
146 42 
146 44 
146 52 
146 133 
146 134 
146 158 
148 22 
168 109 
182 14 
186 3 
186 4 
186 14 
186 22 
186 27 
186 37 
186 44 
186 62 
186 80 
186 88 
204 59 
