2 17 
2 44 
2 212 
3 22 
3 36 
3 87 
4 3 
4 6 
4 11 
4 13 
4 15 
4 22 
4 27 
4 32 
4 36 
4 37 
4 80 
4 121 
4 158 
5 14 
5 22 
5 37 
5 80 
6 6 
6 7 
6 10 
6 21 
6 27 
6 32 
6 40 
6 44 
6 45 
12 44 
14 4 
14 11 
14 15 
14 27 
14 32 
14 37 
14 44 
14 80 
15 3 
15 4 
15 11 
15 13 
15 14 
15 22 
15 36 
15 37 
15 44 
15 73 
15 80 
15 121 
16 44 
17 6 
21 44 
22 3 
22 15 
22 32 
22 36 
22 37 
22 44 
22 60 
25 158 
27 3 
27 4 
27 11 
27 13 
27 14 
27 15 
27 21 
27 22 
27 32 
27 36 
27 37 
27 40 
27 44 
27 45 
27 62 
27 73 
27 80 
27 87 
27 98 
27 100 
27 117 
27 121 
27 148 
27 158 
30 3 
30 11 
30 13 
30 32 
30 37 
30 44 
30 73 
30 80 
30 117 
32 121 
34 212 
35 3 
35 4 
35 14 
35 15 
35 22 
35 27 
35 32 
35 37 
35 40 
35 44 
35 60 
35 80 
35 82 
35 117 
35 158 
36 13 
36 80 
36 121 
37 6 
37 80 
39 17 
42 60 
42 117 
43 212 
44 4 
44 21 
44 27 
44 80 
45 4 
45 6 
45 7 
45 10 
45 15 
45 17 
45 21 
45 27 
45 32 
45 37 
45 44 
45 66 
45 80 
45 96 
45 120 
45 125 
49 4 
49 6 
49 14 
49 15 
49 21 
49 22 
49 27 
49 32 
49 35 
49 37 
49 40 
49 44 
49 60 
49 80 
49 117 
51 60 
51 88 
52 90 
55 6 
55 32 
65 6 
68 48 
68 52 
68 80 
73 37 
73 80 
73 121 
76 6 
76 27 
76 32 
76 44 
76 117 
78 32 
78 40 
78 44 
78 80 
80 4 
82 32 
82 80 
86 15 
86 27 
86 37 
92 80 
96 4 
96 6 
96 14 
96 15 
96 22 
96 27 
96 32 
96 35 
96 37 
96 40 
96 44 
96 60 
96 80 
96 117 
98 13 
103 6 
105 6 
105 7 
105 10 
105 27 
105 32 
105 44 
108 4 
108 44 
108 80 
109 27 
109 32 
109 44 
109 80 
109 158 
114 4 
114 6 
114 15 
114 22 
114 27 
114 32 
114 35 
114 44 
114 60 
114 80 
114 117 
117 37 
121 73 
121 98 
132 6 
141 7 
141 9 
