2 6 
2 34 
2 105 
2 125 
2 156 
2 158 
2 166 
2 212 
3 15 
3 21 
3 22 
3 27 
3 44 
3 63 
3 68 
3 69 
3 73 
3 84 
3 88 
4 3 
4 13 
4 14 
4 15 
4 21 
4 22 
4 27 
4 30 
4 35 
4 36 
4 44 
4 57 
4 60 
4 68 
4 74 
4 82 
4 88 
4 98 
4 119 
4 187 
4 213 
5 49 
6 6 
6 45 
6 70 
6 120 
6 128 
6 178 
7 2 
7 3 
7 4 
7 5 
7 6 
7 11 
7 13 
7 14 
7 15 
7 16 
7 17 
7 18 
7 19 
7 21 
7 22 
7 23 
7 25 
7 26 
7 27 
7 28 
7 29 
7 30 
7 31 
7 32 
7 33 
7 34 
7 35 
7 36 
7 37 
7 39 
7 40 
7 42 
7 44 
7 45 
7 48 
7 51 
7 52 
7 53 
7 54 
7 55 
7 57 
7 58 
7 59 
7 60 
7 62 
7 63 
7 66 
7 68 
7 69 
7 70 
7 71 
7 72 
7 73 
7 77 
7 78 
7 79 
7 80 
7 82 
7 83 
7 84 
7 86 
7 87 
7 88 
7 89 
7 90 
7 91 
7 92 
7 96 
7 97 
7 99 
7 100 
7 102 
7 103 
7 105 
7 109 
7 110 
7 112 
7 113 
7 115 
7 116 
7 117 
7 119 
7 120 
7 121 
7 125 
7 128 
7 130 
7 134 
7 138 
7 139 
7 146 
7 150 
7 155 
7 156 
7 157 
7 158 
7 166 
7 168 
7 170 
7 173 
7 178 
7 180 
7 182 
7 187 
7 193 
7 212 
7 213 
8 5 
8 26 
8 34 
8 58 
8 60 
8 99 
8 100 
8 105 
8 110 
8 140 
9 2 
9 3 
9 4 
9 5 
9 6 
9 8 
9 11 
9 13 
9 14 
9 15 
9 16 
9 17 
9 18 
9 19 
9 21 
9 22 
9 23 
9 25 
9 26 
9 27 
9 28 
9 29 
9 30 
9 31 
9 32 
9 33 
9 34 
9 35 
9 36 
9 37 
9 39 
9 40 
9 42 
9 44 
9 45 
9 48 
9 51 
9 52 
9 53 
9 54 
9 55 
9 57 
9 58 
9 59 
9 60 
9 62 
9 63 
9 66 
9 68 
9 69 
9 70 
9 71 
9 72 
9 73 
9 77 
9 78 
9 79 
9 80 
9 82 
9 83 
9 84 
9 86 
9 87 
9 88 
9 89 
9 90 
9 91 
9 92 
9 96 
9 97 
9 99 
9 100 
9 102 
9 103 
9 105 
9 109 
9 110 
9 112 
9 113 
9 115 
9 116 
9 117 
9 119 
9 120 
9 121 
9 125 
9 128 
9 130 
9 134 
9 138 
9 139 
9 140 
9 146 
9 150 
9 156 
9 157 
9 158 
9 166 
9 168 
9 170 
9 173 
9 178 
9 180 
9 182 
9 187 
9 193 
9 212 
9 213 
10 2 
10 5 
10 23 
10 34 
10 39 
10 55 
10 155 
11 13 
11 15 
11 35 
11 36 
11 80 
12 3 
12 4 
12 14 
12 15 
12 22 
12 27 
12 30 
12 32 
12 33 
12 35 
12 36 
12 37 
12 40 
12 42 
12 44 
12 60 
12 77 
12 80 
12 88 
12 89 
12 91 
12 109 
13 4 
13 11 
13 36 
13 80 
13 98 
14 3 
14 4 
14 6 
14 11 
14 13 
14 15 
14 21 
14 22 
14 27 
14 30 
14 32 
14 34 
14 35 
14 36 
14 37 
14 44 
14 45 
14 49 
14 54 
14 57 
14 60 
14 63 
14 68 
14 69 
14 73 
14 74 
14 78 
14 80 
14 82 
14 84 
14 87 
14 88 
14 96 
14 98 
14 102 
15 3 
15 4 
15 11 
15 13 
15 14 
15 21 
15 22 
15 27 
15 30 
15 35 
15 36 
15 37 
15 44 
15 63 
15 68 
15 69 
15 73 
15 74 
15 80 
15 82 
15 84 
15 87 
15 88 
15 121 
15 130 
15 213 
16 6 
16 58 
16 79 
16 80 
16 97 
16 128 
16 136 
17 18 
17 26 
17 28 
17 29 
17 32 
17 34 
17 37 
17 39 
17 45 
17 109 
17 110 
17 125 
17 134 
17 150 
17 155 
17 158 
17 190 
17 212 
18 39 
19 6 
19 32 
19 100 
19 116 
19 125 
19 133 
19 134 
21 44 
22 3 
22 4 
22 6 
22 11 
22 13 
22 14 
22 15 
22 27 
22 30 
22 35 
22 36 
22 37 
22 44 
22 48 
22 51 
22 52 
22 60 
22 63 
22 68 
22 69 
22 73 
22 78 
22 84 
22 86 
22 88 
22 91 
22 98 
22 121 
22 148 
23 7 
23 8 
23 26 
23 34 
23 37 
23 39 
23 45 
24 32 
25 25 
25 158 
26 18 
26 34 
26 110 
26 212 
27 3 
27 4 
27 11 
27 13 
27 14 
27 15 
27 21 
27 22 
27 25 
27 26 
27 30 
27 32 
27 35 
27 36 
27 37 
27 42 
27 44 
27 52 
27 53 
27 57 
27 58 
27 59 
27 62 
27 63 
27 68 
27 69 
27 73 
27 74 
27 80 
27 82 
27 84 
27 86 
27 87 
27 88 
27 98 
27 103 
27 112 
27 117 
27 120 
27 121 
27 127 
27 128 
27 130 
27 148 
27 170 
27 178 
27 187 
27 193 
27 213 
28 45 
28 134 
29 134 
30 15 
30 27 
30 32 
30 36 
30 42 
30 44 
30 63 
30 73 
30 84 
30 87 
30 88 
30 98 
30 121 
31 6 
31 18 
31 23 
31 45 
31 66 
33 125 
33 134 
33 158 
33 159 
34 26 
34 57 
34 110 
34 212 
35 2 
35 3 
35 4 
35 5 
35 7 
35 10 
35 11 
35 13 
35 14 
35 15 
35 21 
35 22 
35 23 
35 27 
35 30 
35 32 
35 36 
35 37 
35 44 
35 45 
35 51 
35 52 
35 53 
35 59 
35 60 
35 63 
35 68 
35 69 
35 70 
35 73 
35 78 
35 80 
35 82 
35 84 
35 86 
35 87 
35 88 
35 91 
35 98 
35 100 
35 102 
35 109 
35 117 
35 121 
36 11 
36 13 
36 30 
36 35 
36 80 
37 14 
37 102 
37 110 
37 155 
37 178 
38 32 
39 15 
39 18 
39 26 
39 27 
39 34 
39 39 
39 80 
39 105 
39 212 
40 3 
40 15 
40 27 
40 37 
40 45 
40 51 
40 52 
40 63 
40 90 
40 100 
42 30 
42 32 
42 100 
42 117 
43 19 
43 54 
43 113 
43 116 
43 125 
43 134 
43 212 
44 3 
44 4 
44 14 
44 15 
44 21 
44 22 
44 27 
44 30 
44 34 
44 35 
44 36 
44 37 
44 62 
44 63 
44 68 
44 82 
44 87 
44 128 
44 148 
44 187 
45 2 
45 6 
45 17 
45 23 
45 26 
45 27 
45 34 
45 35 
45 36 
45 39 
45 44 
45 70 
45 76 
45 97 
45 102 
45 103 
45 105 
45 109 
45 112 
45 120 
45 127 
45 128 
45 130 
45 134 
45 136 
45 156 
45 158 
45 178 
45 182 
46 32 
46 42 
47 7 
47 10 
47 26 
47 28 
47 44 
47 139 
48 51 
48 77 
48 86 
48 90 
49 2 
49 4 
49 5 
49 6 
49 7 
49 10 
49 14 
49 15 
49 22 
49 23 
49 27 
49 32 
49 35 
49 37 
49 44 
49 45 
49 49 
49 51 
49 60 
49 68 
49 76 
49 78 
49 80 
49 82 
49 86 
49 95 
49 96 
49 102 
49 128 
51 60 
51 88 
52 44 
52 51 
52 68 
54 28 
54 39 
55 94 
55 127 
58 6 
58 16 
58 79 
59 170 
60 51 
63 3 
63 30 
63 84 
63 87 
63 100 
63 121 
66 55 
67 71 
68 3 
68 15 
68 22 
68 27 
68 35 
68 36 
68 48 
68 52 
68 62 
68 69 
68 84 
69 3 
69 14 
69 15 
69 22 
69 27 
69 30 
69 36 
69 37 
69 51 
69 60 
69 63 
69 73 
69 84 
69 88 
69 98 
69 121 
70 32 
70 109 
70 146 
71 92 
71 113 
71 158 
72 32 
73 22 
73 83 
73 98 
73 121 
74 4 
74 14 
76 2 
76 4 
76 5 
76 6 
76 14 
76 16 
76 22 
76 27 
76 30 
76 35 
76 44 
76 45 
78 35 
81 58 
81 66 
82 6 
82 15 
82 35 
82 53 
84 27 
84 52 
86 51 
86 60 
86 77 
86 90 
87 3 
87 63 
87 69 
87 84 
87 88 
88 22 
88 60 
88 77 
88 87 
89 25 
89 36 
90 48 
90 51 
90 86 
91 22 
93 14 
93 27 
93 33 
93 53 
93 77 
96 5 
96 6 
96 14 
96 21 
96 27 
96 35 
96 45 
96 58 
96 76 
97 16 
98 13 
98 21 
98 73 
98 82 
98 121 
99 165 
100 133 
101 6 
104 14 
105 2 
105 23 
105 99 
105 134 
105 156 
105 165 
105 166 
105 182 
108 6 
108 35 
108 45 
108 55 
108 66 
108 76 
108 95 
108 96 
109 14 
109 15 
109 19 
109 21 
109 27 
109 32 
109 33 
109 37 
109 57 
109 75 
109 109 
109 115 
109 138 
109 158 
109 168 
110 212 
112 178 
113 92 
116 42 
120 127 
120 128 
121 15 
121 30 
121 73 
121 98 
122 170 
124 157 
129 112 
130 14 
130 120 
133 32 
136 6 
147 39 
148 27 
148 30 
148 84 
153 39 
157 170 
168 27 
168 32 
168 80 
168 109 
172 125 
173 119 
173 180 
187 53 
187 193 
187 213 
204 91 
