1 7 
1 9 
2 22 
2 34 
2 40 
2 212 
3 2 
3 15 
3 22 
3 30 
4 14 
4 15 
4 27 
4 74 
5 80 
6 7 
6 8 
7 6 
7 22 
7 25 
7 34 
7 37 
7 45 
7 82 
7 110 
8 34 
8 140 
9 6 
9 8 
9 9 
9 10 
9 22 
9 25 
9 34 
9 37 
9 45 
9 82 
9 110 
9 140 
11 27 
11 36 
12 125 
13 36 
14 3 
14 4 
14 11 
14 13 
14 15 
14 21 
14 22 
14 25 
14 27 
14 35 
14 36 
14 37 
14 40 
14 44 
14 45 
14 53 
14 59 
14 62 
14 67 
14 68 
14 69 
14 74 
14 78 
14 80 
14 82 
14 83 
14 86 
14 87 
14 88 
14 91 
14 156 
14 182 
14 187 
15 3 
15 4 
15 11 
15 13 
15 14 
15 21 
15 22 
15 27 
15 30 
15 35 
15 36 
15 37 
15 62 
15 63 
15 68 
15 69 
15 74 
15 82 
15 87 
15 88 
15 121 
15 212 
17 7 
17 9 
17 34 
17 44 
17 69 
17 78 
17 80 
17 125 
17 155 
17 158 
17 190 
19 7 
19 8 
19 28 
19 40 
19 44 
19 134 
19 158 
21 44 
22 3 
22 4 
22 11 
22 14 
22 15 
22 27 
22 32 
22 35 
22 36 
22 37 
22 44 
22 48 
22 68 
22 83 
22 84 
22 87 
22 88 
22 91 
22 148 
23 7 
23 9 
23 17 
26 7 
26 9 
26 212 
27 3 
27 4 
27 11 
27 13 
27 14 
27 15 
27 22 
27 30 
27 35 
27 36 
27 37 
27 44 
27 63 
27 67 
27 68 
27 80 
27 98 
27 102 
27 109 
27 121 
27 134 
27 148 
28 7 
28 8 
28 9 
28 44 
28 73 
28 134 
28 155 
30 3 
30 13 
30 21 
30 27 
30 32 
30 40 
30 44 
30 68 
30 73 
30 87 
32 7 
32 9 
32 117 
34 110 
34 212 
35 11 
35 14 
35 15 
35 22 
35 27 
35 37 
35 40 
35 53 
35 68 
35 78 
35 80 
35 82 
35 83 
35 84 
36 27 
37 14 
37 158 
38 7 
38 9 
38 32 
40 3 
40 22 
40 37 
40 80 
40 84 
40 91 
40 133 
42 2 
42 7 
42 8 
42 9 
42 14 
42 22 
42 25 
42 30 
42 32 
42 40 
42 52 
42 68 
42 73 
42 80 
42 83 
42 84 
42 89 
42 100 
42 117 
42 133 
43 40 
43 125 
43 134 
43 212 
44 21 
44 22 
44 27 
44 62 
44 71 
44 80 
44 115 
45 2 
45 4 
45 5 
45 6 
45 7 
45 8 
45 9 
45 10 
45 11 
45 14 
45 15 
45 16 
45 17 
45 22 
45 25 
45 26 
45 27 
45 28 
45 29 
45 30 
45 31 
45 32 
45 33 
45 34 
45 35 
45 36 
45 37 
45 40 
45 44 
45 48 
45 51 
45 55 
45 58 
45 60 
45 62 
45 66 
45 68 
45 70 
45 73 
45 76 
45 78 
45 80 
45 84 
45 91 
45 94 
45 96 
45 102 
45 109 
45 117 
45 120 
45 121 
45 128 
45 133 
45 134 
45 146 
45 148 
45 158 
45 182 
46 32 
46 40 
46 133 
47 7 
47 8 
47 9 
47 80 
49 22 
52 22 
52 25 
52 40 
52 48 
52 68 
62 7 
62 8 
63 4 
63 15 
66 22 
68 15 
68 48 
68 62 
68 100 
69 3 
69 11 
69 15 
69 22 
69 25 
69 44 
69 84 
69 87 
70 22 
70 80 
71 159 
72 7 
72 9 
72 32 
72 40 
73 30 
73 121 
74 14 
76 7 
76 8 
76 9 
82 14 
82 35 
82 53 
82 74 
82 109 
83 22 
83 30 
83 40 
83 68 
83 116 
83 117 
84 14 
84 22 
84 25 
84 37 
84 40 
84 68 
84 69 
84 82 
84 86 
84 102 
86 77 
87 15 
87 63 
87 69 
89 40 
89 80 
89 146 
91 60 
91 78 
93 33 
93 96 
96 3 
96 5 
96 14 
96 15 
96 22 
96 27 
96 35 
96 40 
96 49 
96 62 
96 66 
96 67 
96 82 
96 94 
96 108 
96 133 
96 158 
98 27 
98 82 
98 121 
100 11 
101 6 
105 156 
109 7 
109 9 
109 22 
109 138 
110 158 
110 212 
113 158 
121 73 
121 98 
148 27 
153 7 
153 9 
170 157 
172 158 
