2 7 
2 8 
2 26 
2 34 
2 39 
2 99 
2 156 
2 158 
2 166 
2 212 
3 14 
3 15 
3 22 
3 63 
3 69 
3 84 
3 87 
3 88 
4 3 
4 11 
4 14 
4 15 
4 21 
4 22 
4 27 
4 30 
4 35 
4 44 
4 52 
4 57 
4 63 
4 68 
4 74 
4 80 
4 82 
4 84 
4 112 
6 6 
6 45 
7 6 
7 18 
7 26 
7 27 
7 32 
7 34 
7 39 
7 45 
7 110 
7 212 
8 140 
9 6 
9 8 
9 18 
9 26 
9 27 
9 32 
9 34 
9 39 
9 45 
9 110 
9 140 
9 212 
10 34 
11 3 
11 4 
11 18 
11 22 
11 32 
11 36 
11 44 
11 73 
11 80 
11 98 
11 102 
11 148 
12 150 
12 158 
14 3 
14 4 
14 7 
14 9 
14 11 
14 15 
14 21 
14 22 
14 25 
14 27 
14 29 
14 32 
14 34 
14 35 
14 36 
14 37 
14 44 
14 63 
14 73 
14 74 
14 80 
14 84 
14 88 
15 3 
15 4 
15 11 
15 14 
15 22 
15 27 
15 30 
15 32 
15 35 
15 36 
15 37 
15 63 
15 68 
15 74 
15 80 
15 82 
15 87 
15 88 
15 212 
16 6 
16 97 
17 34 
17 44 
17 212 
18 26 
18 34 
19 125 
21 35 
21 44 
22 3 
22 4 
22 7 
22 10 
22 11 
22 13 
22 14 
22 15 
22 25 
22 27 
22 30 
22 32 
22 35 
22 36 
22 37 
22 42 
22 44 
22 48 
22 51 
22 60 
22 63 
22 68 
22 69 
22 73 
22 80 
22 82 
22 83 
22 84 
22 86 
22 87 
22 88 
22 98 
22 102 
22 121 
22 148 
23 7 
23 8 
23 26 
23 34 
24 32 
25 80 
26 34 
26 39 
26 212 
27 3 
27 4 
27 11 
27 13 
27 14 
27 15 
27 22 
27 25 
27 30 
27 32 
27 35 
27 36 
27 37 
27 44 
27 52 
27 63 
27 68 
27 73 
27 74 
27 80 
27 98 
27 102 
27 121 
27 125 
27 127 
27 148 
27 158 
27 213 
28 80 
30 15 
30 36 
30 63 
30 73 
31 26 
33 134 
33 158 
34 26 
34 212 
35 4 
35 11 
35 13 
35 14 
35 15 
35 21 
35 22 
35 27 
35 30 
35 36 
35 37 
35 44 
35 63 
35 73 
35 80 
35 82 
35 102 
35 121 
36 11 
36 13 
36 30 
36 73 
36 80 
36 84 
36 121 
37 14 
39 3 
39 6 
39 15 
39 26 
39 34 
39 36 
39 37 
39 44 
39 212 
40 3 
40 11 
40 15 
40 27 
40 36 
40 44 
40 51 
40 52 
40 63 
40 68 
40 80 
40 84 
40 86 
40 87 
41 32 
42 32 
43 212 
44 14 
44 21 
44 22 
44 27 
44 34 
44 35 
44 36 
44 63 
44 80 
44 128 
45 6 
45 7 
45 8 
45 10 
45 16 
45 26 
45 27 
45 34 
45 44 
45 76 
45 79 
45 97 
45 102 
45 103 
45 112 
45 127 
45 128 
45 130 
45 178 
45 182 
46 32 
47 7 
47 10 
47 15 
47 37 
47 80 
52 84 
55 6 
58 6 
58 79 
60 77 
62 32 
62 44 
62 80 
63 30 
63 87 
65 6 
68 15 
68 52 
69 30 
69 52 
69 84 
70 32 
70 73 
71 44 
71 109 
73 11 
73 121 
74 4 
74 14 
76 6 
76 45 
78 14 
80 11 
82 11 
82 35 
82 36 
82 44 
82 53 
82 80 
84 68 
86 3 
86 77 
87 63 
87 69 
88 22 
88 84 
89 25 
91 14 
93 27 
93 36 
93 110 
96 6 
99 105 
101 6 
103 6 
103 45 
105 26 
105 39 
105 99 
105 166 
105 182 
108 6 
109 138 
109 168 
110 212 
112 6 
119 4 
120 6 
121 73 
121 98 
122 187 
130 27 
133 32 
133 42 
135 34 
146 6 
171 6 
173 4 
173 6 
173 15 
185 80 
