1 60 
2 2 
2 6 
2 7 
2 8 
2 9 
2 10 
2 14 
2 18 
2 23 
2 26 
2 29 
2 31 
2 32 
2 34 
2 35 
2 44 
2 45 
2 99 
2 105 
2 134 
2 156 
2 166 
2 212 
3 6 
3 14 
3 15 
3 21 
3 22 
3 30 
3 36 
3 37 
3 51 
3 60 
3 63 
3 68 
3 69 
3 87 
3 88 
3 121 
3 193 
4 3 
4 6 
4 7 
4 8 
4 11 
4 14 
4 15 
4 21 
4 22 
4 26 
4 27 
4 30 
4 34 
4 35 
4 36 
4 37 
4 42 
4 44 
4 45 
4 52 
4 60 
4 63 
4 68 
4 70 
4 73 
4 74 
4 84 
4 87 
4 109 
4 121 
4 148 
5 2 
5 3 
5 4 
5 6 
5 7 
5 8 
5 9 
5 10 
5 11 
5 13 
5 14 
5 15 
5 17 
5 18 
5 22 
5 23 
5 25 
5 26 
5 27 
5 30 
5 31 
5 32 
5 33 
5 34 
5 35 
5 36 
5 37 
5 39 
5 40 
5 42 
5 44 
5 45 
5 48 
5 49 
5 51 
5 52 
5 53 
5 55 
5 60 
5 62 
5 63 
5 68 
5 70 
5 73 
5 76 
5 77 
5 78 
5 80 
5 82 
5 84 
5 86 
5 87 
5 88 
5 89 
5 90 
5 91 
5 94 
5 96 
5 102 
5 103 
5 105 
5 109 
5 112 
5 116 
5 117 
5 125 
5 134 
5 146 
5 150 
5 156 
5 158 
5 182 
5 187 
5 193 
5 213 
6 2 
6 4 
6 6 
6 14 
6 15 
6 22 
6 39 
6 44 
6 45 
6 105 
7 2 
7 3 
7 4 
7 6 
7 13 
7 14 
7 15 
7 18 
7 22 
7 23 
7 26 
7 27 
7 31 
7 32 
7 33 
7 34 
7 35 
7 36 
7 37 
7 44 
7 45 
7 63 
7 77 
7 82 
7 88 
7 90 
7 92 
7 119 
7 130 
7 134 
7 138 
7 158 
7 170 
7 180 
7 193 
7 213 
8 2 
8 34 
8 35 
8 36 
8 44 
8 63 
8 130 
8 140 
9 2 
9 3 
9 4 
9 6 
9 10 
9 13 
9 14 
9 15 
9 18 
9 22 
9 23 
9 26 
9 27 
9 31 
9 32 
9 33 
9 34 
9 35 
9 36 
9 37 
9 44 
9 45 
9 77 
9 82 
9 88 
9 90 
9 92 
9 119 
9 134 
9 158 
9 170 
9 180 
9 193 
9 213 
10 2 
10 6 
10 8 
10 9 
10 18 
10 34 
10 44 
10 138 
10 140 
11 3 
11 4 
11 13 
11 14 
11 15 
11 22 
11 27 
11 35 
11 36 
11 73 
11 121 
11 190 
12 44 
12 60 
12 158 
13 11 
13 15 
13 27 
13 35 
14 2 
14 4 
14 6 
14 7 
14 8 
14 9 
14 11 
14 15 
14 22 
14 23 
14 27 
14 30 
14 35 
14 37 
14 44 
14 45 
14 52 
14 53 
14 57 
14 68 
14 73 
14 74 
14 82 
14 84 
14 100 
14 119 
14 121 
14 150 
14 158 
14 170 
14 173 
14 180 
14 187 
14 213 
15 2 
15 3 
15 4 
15 6 
15 11 
15 13 
15 14 
15 18 
15 19 
15 21 
15 22 
15 26 
15 27 
15 29 
15 30 
15 31 
15 34 
15 35 
15 36 
15 37 
15 42 
15 44 
15 45 
15 49 
15 52 
15 60 
15 62 
15 63 
15 68 
15 69 
15 70 
15 73 
15 74 
15 80 
15 82 
15 84 
15 86 
15 87 
15 88 
15 92 
15 98 
15 100 
15 103 
15 105 
15 109 
15 121 
15 158 
15 168 
15 193 
15 212 
16 2 
16 3 
16 4 
16 6 
16 7 
16 8 
16 9 
16 10 
16 11 
16 13 
16 14 
16 15 
16 18 
16 22 
16 23 
16 25 
16 26 
16 27 
16 30 
16 31 
16 32 
16 33 
16 34 
16 35 
16 36 
16 37 
16 39 
16 40 
16 42 
16 44 
16 45 
16 48 
16 49 
16 51 
16 58 
16 60 
16 68 
16 70 
16 73 
16 76 
16 78 
16 80 
16 82 
16 83 
16 84 
16 86 
16 88 
16 90 
16 97 
16 102 
16 103 
16 105 
16 109 
16 116 
16 117 
16 134 
16 136 
16 156 
16 158 
17 2 
17 3 
17 4 
17 6 
17 7 
17 8 
17 10 
17 11 
17 13 
17 14 
17 15 
17 18 
17 19 
17 22 
17 23 
17 25 
17 26 
17 27 
17 30 
17 31 
17 32 
17 33 
17 34 
17 35 
17 36 
17 37 
17 39 
17 40 
17 42 
17 44 
17 45 
17 48 
17 49 
17 51 
17 52 
17 60 
17 63 
17 68 
17 70 
17 71 
17 73 
17 77 
17 78 
17 80 
17 82 
17 84 
17 86 
17 87 
17 88 
17 89 
17 90 
17 91 
17 105 
17 108 
17 109 
17 110 
17 115 
17 116 
17 117 
17 125 
17 134 
17 146 
17 155 
17 158 
17 165 
17 170 
17 190 
17 213 
18 2 
18 3 
18 4 
18 6 
18 7 
18 8 
18 9 
18 10 
18 11 
18 13 
18 14 
18 15 
18 17 
18 18 
18 19 
18 21 
18 22 
18 23 
18 25 
18 26 
18 27 
18 28 
18 29 
18 30 
18 31 
18 32 
18 33 
18 34 
18 35 
18 36 
18 37 
18 39 
18 40 
18 42 
18 44 
18 45 
18 48 
18 49 
18 51 
18 52 
18 60 
18 63 
18 66 
18 68 
18 70 
18 73 
18 78 
18 80 
18 82 
18 84 
18 86 
18 87 
18 88 
18 90 
18 100 
18 102 
18 105 
18 109 
18 116 
18 117 
18 134 
18 146 
18 148 
18 156 
18 165 
18 166 
21 44 
21 45 
22 2 
22 3 
22 4 
22 6 
22 7 
22 8 
22 9 
22 10 
22 11 
22 13 
22 14 
22 15 
22 17 
22 18 
22 19 
22 21 
22 25 
22 26 
22 27 
22 29 
22 30 
22 31 
22 33 
22 34 
22 35 
22 36 
22 37 
22 39 
22 40 
22 42 
22 44 
22 45 
22 48 
22 51 
22 52 
22 60 
22 62 
22 63 
22 68 
22 69 
22 70 
22 71 
22 73 
22 74 
22 77 
22 78 
22 80 
22 82 
22 83 
22 84 
22 87 
22 88 
22 90 
22 91 
22 92 
22 96 
22 98 
22 100 
22 104 
22 105 
22 108 
22 109 
22 110 
22 112 
22 116 
22 119 
22 121 
22 128 
22 134 
22 139 
22 148 
22 158 
22 187 
22 212 
23 2 
23 7 
23 8 
23 9 
23 18 
23 29 
23 31 
23 34 
23 44 
23 158 
25 6 
25 14 
25 36 
25 44 
25 45 
25 94 
25 125 
25 158 
25 170 
25 173 
25 187 
26 2 
26 6 
26 7 
26 8 
26 17 
26 18 
26 21 
26 29 
26 34 
26 44 
26 45 
26 67 
26 71 
26 105 
26 109 
26 125 
26 158 
26 180 
26 212 
27 2 
27 4 
27 6 
27 11 
27 13 
27 14 
27 15 
27 21 
27 22 
27 30 
27 31 
27 35 
27 36 
27 37 
27 44 
27 45 
27 51 
27 52 
27 62 
27 68 
27 69 
27 70 
27 71 
27 73 
27 74 
27 82 
27 84 
27 87 
27 96 
27 98 
27 109 
27 121 
27 148 
27 158 
29 6 
29 18 
29 23 
29 31 
29 45 
29 134 
30 6 
30 14 
30 42 
30 44 
30 45 
30 52 
30 63 
30 68 
30 69 
30 73 
30 87 
30 98 
30 121 
31 6 
31 7 
31 8 
31 9 
31 16 
31 18 
31 36 
31 109 
32 22 
32 45 
33 6 
33 11 
33 15 
33 21 
33 36 
33 45 
33 80 
33 158 
34 4 
34 6 
34 7 
34 8 
34 11 
34 13 
34 18 
34 22 
34 26 
34 27 
34 29 
34 36 
34 39 
34 42 
34 44 
34 45 
34 70 
34 110 
34 212 
35 2 
35 6 
35 13 
35 14 
35 15 
35 21 
35 22 
35 23 
35 27 
35 31 
35 37 
35 44 
35 45 
35 52 
35 53 
35 63 
35 68 
35 80 
35 82 
35 98 
35 105 
35 109 
35 121 
35 187 
35 193 
35 213 
36 6 
36 11 
36 13 
36 22 
36 34 
36 44 
36 73 
36 121 
37 2 
37 6 
37 11 
37 13 
37 14 
37 15 
37 22 
37 26 
37 31 
37 35 
37 36 
37 39 
37 42 
37 44 
37 45 
37 52 
37 60 
37 62 
37 70 
37 82 
37 86 
37 100 
37 109 
37 128 
37 134 
37 158 
37 212 
39 3 
39 4 
39 6 
39 7 
39 10 
39 14 
39 15 
39 22 
39 23 
39 27 
39 29 
39 31 
39 34 
39 36 
39 39 
39 44 
39 45 
39 105 
39 139 
39 158 
39 190 
39 212 
40 6 
40 15 
40 36 
40 44 
40 109 
40 133 
42 45 
43 4 
43 19 
43 34 
43 83 
43 92 
43 119 
43 125 
43 134 
43 158 
43 181 
43 187 
43 212 
44 3 
44 4 
44 6 
44 7 
44 8 
44 11 
44 13 
44 14 
44 15 
44 17 
44 21 
44 22 
44 26 
44 27 
44 28 
44 29 
44 30 
44 34 
44 35 
44 36 
44 37 
44 39 
44 60 
44 62 
44 63 
44 68 
44 69 
44 70 
44 73 
44 82 
44 88 
44 100 
44 109 
44 112 
44 116 
44 119 
44 121 
44 128 
44 134 
44 146 
44 158 
44 168 
44 193 
45 2 
45 3 
45 4 
45 6 
45 7 
45 8 
45 9 
45 10 
45 11 
45 14 
45 15 
45 16 
45 18 
45 21 
45 22 
45 23 
45 25 
45 26 
45 27 
45 28 
45 29 
45 31 
45 32 
45 33 
45 34 
45 35 
45 36 
45 37 
45 39 
45 42 
45 44 
45 49 
45 58 
45 63 
45 68 
45 70 
45 73 
45 76 
45 77 
45 80 
45 82 
45 97 
45 103 
45 105 
45 109 
45 112 
45 119 
45 120 
45 127 
45 128 
45 130 
45 134 
45 136 
45 139 
45 146 
45 155 
45 158 
45 165 
45 168 
45 178 
47 2 
47 3 
47 4 
47 6 
47 7 
47 8 
47 9 
47 10 
47 11 
47 13 
47 14 
47 15 
47 16 
47 17 
47 18 
47 19 
47 22 
47 23 
47 25 
47 26 
47 27 
47 29 
47 30 
47 31 
47 32 
47 33 
47 34 
47 35 
47 36 
47 37 
47 39 
47 40 
47 42 
47 44 
47 45 
47 48 
47 49 
47 51 
47 52 
47 53 
47 60 
47 62 
47 63 
47 66 
47 68 
47 70 
47 76 
47 77 
47 78 
47 79 
47 80 
47 82 
47 84 
47 86 
47 87 
47 88 
47 89 
47 90 
47 91 
47 96 
47 98 
47 100 
47 105 
47 109 
47 116 
47 117 
47 125 
47 134 
47 139 
47 146 
48 86 
49 6 
49 40 
49 70 
49 96 
49 102 
51 3 
51 36 
51 44 
51 45 
52 22 
52 30 
52 68 
52 84 
52 100 
53 22 
53 48 
54 3 
54 4 
54 7 
54 9 
54 10 
54 11 
54 14 
54 15 
54 17 
54 22 
54 23 
54 25 
54 27 
54 30 
54 32 
54 35 
54 37 
54 42 
54 44 
54 45 
54 48 
54 51 
54 52 
54 60 
54 63 
54 68 
54 70 
54 78 
54 80 
54 82 
54 84 
54 86 
54 87 
54 88 
54 90 
54 91 
54 109 
54 116 
54 187 
55 2 
55 3 
55 4 
55 6 
55 7 
55 8 
55 9 
55 10 
55 11 
55 13 
55 14 
55 15 
55 18 
55 21 
55 22 
55 23 
55 25 
55 26 
55 27 
55 31 
55 32 
55 33 
55 34 
55 35 
55 36 
55 37 
55 39 
55 40 
55 42 
55 44 
55 45 
55 48 
55 49 
55 51 
55 52 
55 60 
55 63 
55 68 
55 70 
55 76 
55 77 
55 78 
55 80 
55 82 
55 84 
55 86 
55 88 
55 89 
55 90 
55 96 
55 102 
55 105 
55 109 
55 116 
55 117 
55 128 
55 134 
55 146 
55 150 
55 156 
55 158 
56 4 
57 4 
57 6 
57 7 
57 10 
57 11 
57 14 
57 15 
57 22 
57 23 
57 27 
57 30 
57 35 
57 36 
57 37 
57 44 
57 45 
57 48 
57 51 
57 60 
57 63 
57 68 
57 78 
57 82 
57 84 
57 90 
58 2 
58 3 
58 4 
58 6 
58 7 
58 8 
58 9 
58 10 
58 11 
58 13 
58 14 
58 15 
58 16 
58 18 
58 22 
58 23 
58 25 
58 27 
58 31 
58 32 
58 34 
58 35 
58 36 
58 37 
58 39 
58 40 
58 42 
58 44 
58 45 
58 48 
58 49 
58 51 
58 52 
58 60 
58 68 
58 70 
58 76 
58 77 
58 78 
58 79 
58 80 
58 82 
58 84 
58 86 
58 88 
58 97 
58 102 
58 103 
58 105 
58 109 
58 116 
58 117 
58 121 
58 125 
58 148 
58 150 
59 3 
59 4 
59 14 
59 15 
59 17 
59 19 
59 22 
59 25 
59 27 
59 32 
59 35 
59 37 
59 42 
59 44 
59 45 
59 48 
59 51 
59 60 
59 63 
59 66 
59 68 
59 70 
59 78 
59 82 
59 88 
59 90 
59 91 
59 170 
59 193 
60 11 
60 51 
61 2 
61 6 
61 7 
61 10 
61 15 
61 23 
61 31 
61 32 
61 37 
61 42 
61 80 
61 105 
61 128 
62 30 
62 44 
62 68 
62 109 
63 14 
63 30 
63 69 
63 73 
63 87 
63 98 
63 121 
64 7 
64 10 
64 14 
64 23 
64 51 
65 2 
65 4 
65 6 
65 7 
65 9 
65 10 
65 14 
65 15 
65 22 
65 23 
65 31 
65 32 
65 35 
65 36 
65 37 
65 42 
65 44 
65 45 
65 70 
65 76 
65 80 
65 88 
65 100 
65 105 
65 109 
65 117 
66 3 
66 4 
66 6 
66 7 
66 9 
66 10 
66 11 
66 14 
66 15 
66 23 
66 32 
66 35 
66 37 
66 42 
66 44 
66 45 
66 55 
66 63 
66 80 
66 96 
66 108 
66 158 
67 2 
67 3 
67 4 
67 6 
67 7 
67 8 
67 9 
67 10 
67 11 
67 13 
67 14 
67 15 
67 18 
67 22 
67 23 
67 25 
67 26 
67 27 
67 30 
67 31 
67 32 
67 33 
67 34 
67 35 
67 36 
67 37 
67 39 
67 40 
67 42 
67 44 
67 45 
67 48 
67 49 
67 51 
67 52 
67 60 
67 62 
67 63 
67 68 
67 70 
67 78 
67 80 
67 82 
67 84 
67 86 
67 87 
67 88 
67 89 
67 90 
67 91 
67 102 
67 105 
67 109 
67 116 
67 117 
67 146 
67 150 
67 158 
67 182 
68 4 
68 15 
68 35 
68 44 
68 48 
68 52 
68 62 
69 3 
69 6 
69 30 
69 70 
69 84 
69 87 
70 2 
70 4 
70 6 
70 14 
70 45 
71 2 
71 3 
71 4 
71 6 
71 7 
71 9 
71 10 
71 11 
71 13 
71 14 
71 15 
71 17 
71 18 
71 22 
71 23 
71 25 
71 27 
71 31 
71 32 
71 33 
71 34 
71 35 
71 36 
71 37 
71 39 
71 40 
71 42 
71 44 
71 45 
71 49 
71 52 
71 63 
71 68 
71 70 
71 77 
71 80 
71 82 
71 84 
71 100 
71 102 
71 105 
71 109 
71 116 
71 117 
71 125 
71 134 
71 146 
71 150 
71 158 
71 159 
73 30 
73 44 
73 45 
73 52 
73 69 
73 98 
73 121 
74 4 
74 14 
74 22 
74 68 
75 4 
75 6 
75 7 
75 10 
75 13 
75 15 
75 22 
75 23 
75 27 
75 36 
75 44 
75 45 
75 80 
75 86 
75 105 
75 109 
76 2 
76 3 
76 4 
76 6 
76 7 
76 9 
76 10 
76 11 
76 13 
76 14 
76 15 
76 16 
76 22 
76 23 
76 25 
76 26 
76 27 
76 31 
76 32 
76 34 
76 35 
76 36 
76 37 
76 39 
76 42 
76 44 
76 45 
76 48 
76 49 
76 58 
76 60 
76 62 
76 66 
76 68 
76 70 
76 80 
76 82 
76 84 
76 90 
76 96 
76 97 
76 102 
76 103 
76 105 
76 108 
76 109 
76 116 
76 117 
76 146 
76 150 
79 2 
79 3 
79 4 
79 6 
79 7 
79 10 
79 11 
79 13 
79 14 
79 15 
79 21 
79 22 
79 23 
79 27 
79 31 
79 32 
79 35 
79 36 
79 37 
79 42 
79 44 
79 45 
79 48 
79 49 
79 58 
79 60 
79 68 
79 77 
79 78 
79 80 
79 82 
79 84 
79 86 
79 88 
79 89 
79 90 
79 94 
79 102 
79 105 
79 109 
79 116 
79 117 
79 146 
79 182 
80 2 
80 36 
80 45 
81 2 
81 4 
81 6 
81 7 
81 9 
81 10 
81 11 
81 13 
81 14 
81 15 
81 22 
81 23 
81 27 
81 31 
81 35 
81 37 
81 39 
81 42 
81 44 
81 45 
81 49 
81 58 
81 80 
81 82 
81 102 
81 105 
81 109 
81 117 
82 6 
82 14 
82 35 
82 37 
82 44 
82 45 
82 53 
82 74 
83 14 
84 22 
84 30 
84 35 
84 44 
84 45 
84 52 
84 68 
85 14 
86 6 
86 51 
87 30 
87 63 
88 22 
88 51 
88 52 
88 60 
88 68 
88 86 
89 25 
89 44 
90 3 
90 105 
92 2 
92 4 
92 6 
92 7 
92 9 
92 10 
92 11 
92 13 
92 14 
92 15 
92 17 
92 19 
92 22 
92 23 
92 25 
92 27 
92 30 
92 31 
92 32 
92 33 
92 35 
92 36 
92 37 
92 39 
92 40 
92 42 
92 44 
92 45 
92 48 
92 51 
92 52 
92 60 
92 66 
92 68 
92 70 
92 71 
92 78 
92 80 
92 82 
92 84 
92 86 
92 88 
92 89 
92 90 
92 105 
92 109 
92 116 
92 134 
92 159 
93 2 
93 7 
93 8 
93 14 
93 28 
93 33 
93 34 
93 44 
93 96 
93 178 
94 2 
94 4 
94 15 
94 35 
94 45 
94 51 
95 2 
95 4 
95 6 
95 7 
95 9 
95 10 
95 14 
95 15 
95 22 
95 23 
95 27 
95 31 
95 32 
95 35 
95 36 
95 37 
95 44 
95 45 
95 49 
95 80 
95 82 
95 102 
95 105 
96 35 
96 45 
97 2 
97 3 
97 4 
97 6 
97 7 
97 10 
97 11 
97 13 
97 14 
97 15 
97 22 
97 23 
97 25 
97 27 
97 30 
97 31 
97 32 
97 34 
97 35 
97 36 
97 37 
97 39 
97 40 
97 42 
97 44 
97 45 
97 49 
97 58 
97 60 
97 63 
97 70 
97 80 
97 82 
97 84 
97 86 
97 88 
97 90 
97 94 
97 102 
97 105 
97 109 
97 116 
97 117 
98 13 
98 121 
99 165 
100 45 
101 2 
101 3 
101 4 
101 6 
101 7 
101 8 
101 9 
101 10 
101 11 
101 13 
101 14 
101 15 
101 22 
101 23 
101 25 
101 27 
101 30 
101 31 
101 32 
101 34 
101 35 
101 36 
101 37 
101 40 
101 42 
101 44 
101 45 
101 51 
101 52 
101 58 
101 60 
101 63 
101 68 
101 70 
101 73 
101 76 
101 78 
101 79 
101 80 
101 82 
101 84 
101 86 
101 87 
101 88 
101 90 
101 91 
101 97 
101 105 
101 109 
101 116 
101 117 
101 146 
103 2 
103 4 
103 6 
103 7 
103 9 
103 10 
103 15 
103 18 
103 22 
103 23 
103 25 
103 26 
103 31 
103 32 
103 34 
103 35 
103 36 
103 37 
103 44 
103 45 
103 49 
103 63 
104 2 
104 4 
104 6 
104 7 
104 8 
104 14 
104 15 
104 22 
104 23 
104 27 
104 30 
104 32 
104 35 
104 37 
104 42 
104 44 
104 45 
104 52 
104 63 
104 68 
104 78 
104 80 
104 88 
104 116 
104 150 
105 2 
105 7 
105 8 
105 44 
105 165 
105 182 
106 2 
106 4 
106 6 
106 7 
106 8 
106 9 
106 10 
106 11 
106 13 
106 14 
106 15 
106 22 
106 23 
106 26 
106 27 
106 31 
106 32 
106 34 
106 35 
106 36 
106 37 
106 39 
106 42 
106 44 
106 45 
106 49 
106 82 
106 90 
106 99 
106 102 
106 105 
106 109 
106 117 
106 156 
106 182 
108 2 
108 3 
108 4 
108 6 
108 7 
108 9 
108 10 
108 11 
108 13 
108 14 
108 15 
108 22 
108 23 
108 25 
108 27 
108 30 
108 31 
108 32 
108 34 
108 35 
108 36 
108 37 
108 40 
108 42 
108 44 
108 45 
108 49 
108 52 
108 55 
108 58 
108 63 
108 66 
108 68 
108 70 
108 73 
108 78 
108 80 
108 82 
108 84 
108 88 
108 89 
108 90 
108 91 
108 96 
108 102 
108 105 
108 109 
108 117 
108 146 
108 182 
109 4 
109 6 
109 13 
109 15 
109 36 
109 44 
109 45 
109 63 
109 70 
109 75 
109 104 
109 115 
109 138 
109 150 
109 168 
109 187 
110 7 
110 8 
110 14 
110 23 
110 44 
110 62 
110 80 
110 212 
112 128 
112 178 
113 2 
113 4 
113 6 
113 7 
113 9 
113 10 
113 11 
113 13 
113 14 
113 15 
113 18 
113 22 
113 23 
113 27 
113 30 
113 31 
113 32 
113 34 
113 35 
113 36 
113 37 
113 39 
113 42 
113 44 
113 45 
113 49 
113 52 
113 60 
113 68 
113 70 
113 71 
113 78 
113 80 
113 82 
113 84 
113 86 
113 105 
113 109 
113 117 
115 2 
115 4 
115 6 
115 7 
115 10 
115 11 
115 13 
115 14 
115 15 
115 23 
115 27 
115 31 
115 32 
115 36 
115 42 
115 44 
115 45 
115 49 
115 60 
115 80 
115 84 
115 105 
115 109 
118 4 
118 14 
118 22 
118 27 
118 30 
118 32 
118 63 
118 78 
118 98 
119 4 
119 14 
119 15 
119 17 
119 22 
119 35 
119 45 
119 60 
119 63 
119 173 
119 180 
119 193 
120 128 
121 30 
121 44 
121 73 
122 170 
122 187 
124 14 
124 27 
124 36 
124 45 
124 60 
124 77 
126 4 
126 14 
126 15 
126 22 
126 36 
126 60 
126 63 
126 78 
126 84 
126 116 
128 37 
129 127 
130 27 
134 158 
136 2 
136 7 
136 10 
136 11 
136 105 
136 134 
138 168 
139 34 
140 8 
142 4 
142 13 
142 14 
142 15 
142 22 
142 30 
142 37 
142 44 
142 45 
142 51 
142 68 
142 70 
142 78 
142 92 
143 2 
143 4 
143 13 
143 15 
143 22 
143 27 
143 33 
143 35 
143 36 
143 44 
143 45 
145 3 
145 4 
145 6 
145 7 
145 10 
145 14 
145 15 
145 22 
145 30 
145 32 
145 35 
145 36 
145 37 
145 42 
145 45 
145 60 
145 63 
145 78 
145 80 
146 6 
147 2 
147 3 
147 4 
147 7 
147 8 
147 9 
147 10 
147 14 
147 15 
147 18 
147 22 
147 23 
147 27 
147 30 
147 31 
147 35 
147 36 
147 39 
147 45 
147 82 
147 105 
147 125 
149 68 
150 115 
152 22 
153 7 
153 10 
153 34 
154 138 
155 2 
155 4 
155 6 
155 7 
155 10 
155 15 
155 23 
155 31 
155 32 
155 36 
155 37 
155 42 
155 44 
156 4 
156 14 
156 31 
156 166 
157 60 
159 2 
159 4 
159 6 
159 7 
159 9 
159 10 
159 11 
159 13 
159 14 
159 15 
159 22 
159 23 
159 30 
159 31 
159 32 
159 35 
159 36 
159 39 
159 42 
159 44 
159 45 
159 51 
159 68 
159 70 
159 78 
159 80 
159 82 
159 84 
159 92 
159 109 
159 117 
162 31 
163 36 
164 2 
164 6 
164 7 
164 9 
164 10 
164 18 
164 23 
164 31 
164 44 
164 82 
164 105 
165 4 
166 105 
167 2 
167 6 
167 7 
167 10 
167 15 
167 23 
167 25 
167 30 
167 31 
167 32 
167 33 
167 42 
167 45 
167 146 
167 158 
168 4 
168 6 
168 7 
168 10 
168 11 
168 13 
168 14 
168 15 
168 32 
168 36 
168 45 
168 109 
172 33 
172 125 
172 158 
173 3 
173 4 
173 11 
173 14 
173 15 
173 22 
173 27 
173 32 
173 35 
173 37 
173 42 
173 54 
173 63 
173 78 
173 82 
175 13 
175 31 
176 6 
177 27 
179 35 
179 82 
181 4 
181 6 
181 7 
181 10 
181 11 
181 13 
181 14 
181 15 
181 22 
181 23 
181 30 
181 31 
181 32 
181 35 
181 36 
181 37 
181 42 
181 45 
181 63 
181 71 
181 78 
181 80 
181 84 
181 92 
181 102 
181 109 
183 4 
183 14 
184 4 
184 6 
184 7 
184 9 
184 14 
184 15 
184 22 
184 23 
184 30 
184 37 
184 45 
185 27 
185 51 
185 60 
185 90 
187 180 
188 15 
194 15 
194 36 
199 37 
202 14 
204 113 
212 36 
