2 4 
2 11 
2 23 
2 26 
2 31 
2 34 
2 45 
2 105 
2 156 
2 182 
3 7 
3 10 
3 15 
3 22 
3 30 
3 31 
3 37 
3 63 
3 69 
3 87 
3 88 
4 3 
4 6 
4 7 
4 10 
4 14 
4 15 
4 22 
4 27 
4 30 
4 37 
4 44 
4 74 
4 87 
4 110 
5 2 
5 4 
5 6 
5 14 
5 37 
5 44 
5 45 
5 58 
6 6 
6 23 
6 31 
6 45 
6 102 
6 128 
6 159 
7 2 
7 6 
7 14 
7 15 
7 18 
7 23 
7 26 
7 29 
7 31 
7 32 
7 34 
7 35 
7 44 
7 45 
7 105 
7 108 
7 109 
7 116 
7 173 
8 140 
9 2 
9 6 
9 8 
9 15 
9 18 
9 26 
9 31 
9 32 
9 34 
9 44 
9 108 
9 109 
9 116 
9 140 
9 173 
10 8 
10 14 
10 23 
10 29 
10 34 
10 35 
10 44 
10 45 
10 105 
11 3 
11 5 
11 14 
11 15 
11 26 
11 27 
11 30 
11 35 
11 36 
11 44 
11 80 
11 87 
11 102 
12 3 
12 6 
12 7 
12 10 
12 11 
12 14 
12 18 
12 21 
12 22 
12 27 
12 33 
12 35 
12 40 
12 44 
12 45 
12 62 
12 67 
12 68 
12 70 
12 80 
12 82 
12 89 
12 91 
12 146 
12 158 
13 11 
13 36 
13 45 
13 82 
13 98 
13 121 
14 3 
14 4 
14 6 
14 11 
14 15 
14 21 
14 22 
14 27 
14 30 
14 35 
14 37 
14 39 
14 44 
14 45 
14 74 
14 78 
14 82 
14 156 
14 158 
15 3 
15 4 
15 6 
15 7 
15 10 
15 11 
15 13 
15 14 
15 22 
15 26 
15 27 
15 30 
15 35 
15 37 
15 44 
15 45 
15 63 
15 70 
15 74 
15 80 
15 84 
15 87 
15 119 
16 6 
16 7 
16 10 
16 14 
16 21 
16 31 
16 44 
16 45 
17 2 
17 4 
17 6 
17 7 
17 10 
17 14 
17 15 
17 18 
17 19 
17 21 
17 22 
17 26 
17 27 
17 31 
17 34 
17 39 
17 44 
17 45 
17 71 
17 75 
17 80 
17 82 
17 99 
17 105 
17 109 
17 155 
17 158 
17 190 
18 2 
18 7 
18 10 
18 15 
18 17 
18 23 
18 29 
18 31 
18 34 
18 39 
18 44 
18 80 
18 82 
19 134 
21 27 
21 36 
21 44 
22 3 
22 4 
22 14 
22 34 
22 35 
22 45 
22 62 
22 82 
22 84 
22 88 
22 158 
22 187 
23 7 
23 10 
23 26 
23 29 
23 31 
23 34 
23 37 
23 39 
25 2 
25 4 
25 5 
25 6 
25 14 
25 44 
25 45 
25 80 
25 94 
25 105 
25 119 
25 125 
25 134 
25 146 
25 158 
26 6 
26 7 
26 8 
26 10 
26 18 
26 34 
27 4 
27 11 
27 13 
27 14 
27 15 
27 21 
27 22 
27 30 
27 35 
27 36 
27 37 
27 44 
27 45 
27 63 
27 68 
27 70 
27 80 
27 87 
27 127 
27 130 
28 2 
28 6 
28 14 
28 15 
28 19 
28 22 
28 27 
28 33 
28 44 
28 80 
28 110 
28 125 
28 130 
29 7 
29 8 
29 10 
29 23 
29 26 
29 31 
29 34 
30 4 
30 13 
30 14 
30 15 
30 36 
30 37 
30 44 
30 45 
30 60 
30 63 
30 69 
30 80 
30 82 
31 6 
31 45 
31 139 
32 7 
32 10 
32 11 
32 13 
32 19 
32 27 
32 30 
32 35 
32 40 
32 42 
32 52 
32 133 
32 146 
33 158 
34 2 
34 18 
34 26 
34 99 
34 110 
35 14 
35 15 
35 22 
35 44 
35 70 
36 11 
36 13 
36 45 
36 49 
36 80 
37 3 
37 6 
37 15 
37 29 
37 39 
37 70 
39 7 
39 8 
39 10 
39 17 
39 18 
39 23 
39 26 
39 27 
39 29 
39 31 
39 36 
39 44 
39 60 
39 80 
39 104 
40 2 
40 6 
40 14 
40 19 
40 22 
40 28 
40 44 
40 45 
40 80 
40 100 
40 146 
42 7 
42 10 
42 30 
42 35 
42 40 
42 63 
42 82 
42 121 
43 4 
43 11 
43 19 
43 33 
43 44 
43 71 
43 113 
43 125 
43 146 
43 158 
44 2 
44 3 
44 4 
44 11 
44 14 
44 15 
44 21 
44 22 
44 23 
44 25 
44 27 
44 30 
44 34 
44 35 
44 36 
44 37 
44 40 
44 52 
44 62 
44 63 
44 68 
44 80 
44 82 
44 87 
44 88 
44 102 
44 109 
44 119 
44 148 
45 2 
45 4 
45 6 
45 7 
45 8 
45 10 
45 14 
45 15 
45 16 
45 18 
45 21 
45 23 
45 25 
45 27 
45 31 
45 32 
45 33 
45 34 
45 35 
45 37 
45 39 
45 40 
45 44 
45 49 
45 70 
45 71 
45 76 
45 95 
45 103 
45 105 
45 112 
45 127 
45 128 
45 136 
45 146 
45 178 
47 21 
47 26 
47 35 
47 44 
47 45 
47 139 
49 26 
49 45 
49 96 
50 45 
51 3 
51 60 
51 90 
53 27 
53 82 
55 35 
55 37 
55 96 
55 105 
55 108 
58 6 
58 16 
58 45 
58 112 
58 128 
59 170 
60 3 
60 69 
60 88 
61 14 
61 27 
61 37 
61 44 
63 15 
63 30 
63 69 
63 87 
64 103 
65 45 
65 94 
65 128 
65 178 
67 80 
68 3 
68 48 
68 52 
68 62 
68 89 
68 90 
68 146 
69 3 
69 22 
69 52 
69 84 
69 87 
69 88 
70 80 
71 92 
71 168 
73 13 
73 15 
73 30 
73 36 
73 98 
73 121 
74 4 
75 6 
76 6 
76 21 
76 27 
76 44 
76 45 
76 105 
78 6 
78 14 
78 35 
78 82 
78 91 
79 7 
79 10 
79 14 
79 31 
79 44 
79 45 
79 58 
81 35 
82 13 
82 14 
82 27 
82 35 
82 44 
82 53 
83 84 
84 52 
84 69 
84 87 
86 23 
86 51 
86 52 
86 60 
86 69 
86 77 
86 84 
86 88 
86 90 
87 3 
87 63 
87 69 
89 2 
89 4 
89 6 
89 25 
89 44 
89 45 
89 94 
89 105 
89 146 
89 158 
90 48 
92 71 
93 19 
93 33 
93 48 
93 100 
94 127 
96 2 
97 21 
97 31 
97 44 
97 45 
97 103 
98 121 
99 7 
99 10 
99 31 
99 45 
99 112 
99 156 
99 182 
101 4 
101 14 
101 21 
101 44 
101 45 
101 79 
105 2 
105 182 
107 2 
107 6 
107 7 
107 10 
107 15 
107 22 
107 26 
107 27 
107 39 
107 44 
107 45 
107 69 
107 80 
107 90 
108 66 
109 63 
109 109 
109 115 
109 138 
109 150 
109 168 
110 2 
110 4 
110 6 
110 14 
110 44 
110 105 
110 158 
111 7 
111 10 
111 31 
112 178 
113 27 
113 71 
113 92 
113 109 
113 125 
113 146 
115 109 
115 138 
115 168 
117 30 
117 35 
117 44 
117 73 
117 98 
120 22 
120 44 
120 45 
120 112 
120 128 
120 178 
121 73 
134 125 
135 2 
135 6 
135 17 
135 44 
135 45 
136 4 
136 16 
136 21 
136 103 
136 112 
139 39 
146 109 
146 158 
147 39 
150 21 
150 27 
150 30 
150 31 
150 39 
150 44 
150 80 
150 104 
150 109 
150 125 
152 27 
152 109 
168 109 
169 44 
169 68 
169 82 
187 213 
204 59 
212 6 
213 31 
