2 2 
2 7 
2 8 
2 9 
2 23 
2 26 
2 45 
2 105 
2 133 
2 134 
2 150 
2 182 
2 212 
3 14 
3 15 
3 27 
3 37 
3 63 
3 68 
3 69 
3 84 
3 87 
3 88 
4 3 
4 11 
4 14 
4 15 
4 22 
4 27 
4 35 
4 36 
4 44 
4 62 
4 63 
4 68 
4 69 
4 74 
4 80 
4 82 
4 121 
4 187 
4 212 
5 4 
5 11 
5 14 
5 15 
5 21 
5 22 
5 27 
5 35 
5 36 
5 37 
5 44 
5 49 
5 62 
5 63 
5 82 
5 95 
5 96 
5 125 
5 148 
5 180 
6 45 
6 120 
6 127 
7 2 
7 6 
7 23 
7 26 
7 29 
7 31 
7 34 
7 39 
7 67 
7 113 
7 125 
7 168 
7 173 
8 6 
8 140 
9 2 
9 6 
9 8 
9 10 
9 23 
9 26 
9 29 
9 31 
9 34 
9 39 
9 67 
9 113 
9 125 
9 140 
9 168 
9 173 
10 23 
10 31 
11 13 
11 14 
11 15 
11 22 
11 27 
11 35 
11 36 
11 44 
11 49 
11 63 
11 69 
11 80 
11 86 
13 27 
13 36 
13 74 
13 98 
14 3 
14 4 
14 7 
14 8 
14 9 
14 11 
14 13 
14 15 
14 18 
14 22 
14 23 
14 25 
14 27 
14 30 
14 32 
14 33 
14 34 
14 35 
14 36 
14 37 
14 39 
14 44 
14 51 
14 52 
14 54 
14 55 
14 57 
14 59 
14 60 
14 63 
14 68 
14 69 
14 74 
14 78 
14 80 
14 82 
14 84 
14 86 
14 88 
14 91 
14 104 
14 121 
14 148 
14 150 
14 156 
14 157 
14 180 
14 182 
14 187 
15 3 
15 4 
15 11 
15 13 
15 14 
15 21 
15 22 
15 27 
15 30 
15 35 
15 36 
15 37 
15 44 
15 48 
15 52 
15 63 
15 68 
15 69 
15 74 
15 82 
15 84 
15 87 
15 88 
15 98 
15 100 
15 117 
15 121 
15 212 
17 125 
17 212 
18 7 
18 8 
18 10 
18 23 
21 4 
21 11 
21 14 
21 15 
21 27 
21 44 
21 119 
22 2 
22 3 
22 4 
22 11 
22 13 
22 14 
22 15 
22 21 
22 23 
22 27 
22 35 
22 37 
22 44 
22 48 
22 51 
22 52 
22 63 
22 68 
22 69 
22 71 
22 82 
22 84 
22 88 
22 148 
23 7 
23 8 
23 29 
23 31 
25 180 
26 7 
26 8 
26 34 
26 212 
27 3 
27 4 
27 7 
27 9 
27 11 
27 13 
27 14 
27 15 
27 21 
27 22 
27 25 
27 30 
27 31 
27 35 
27 36 
27 37 
27 44 
27 52 
27 62 
27 63 
27 68 
27 69 
27 73 
27 80 
27 82 
27 84 
27 87 
27 90 
27 127 
27 148 
29 158 
30 14 
30 15 
30 21 
30 22 
30 27 
30 44 
30 63 
30 69 
30 73 
30 82 
30 83 
30 84 
30 87 
30 121 
31 7 
31 9 
31 23 
31 39 
32 117 
34 18 
34 26 
34 212 
35 3 
35 14 
35 15 
35 16 
35 21 
35 22 
35 23 
35 25 
35 27 
35 30 
35 32 
35 44 
35 68 
35 69 
35 76 
35 80 
35 82 
35 84 
35 87 
35 105 
35 121 
36 4 
36 11 
36 13 
36 14 
36 15 
36 27 
36 30 
36 35 
36 37 
36 44 
36 62 
36 63 
36 69 
36 80 
36 84 
36 87 
37 69 
39 6 
39 7 
39 8 
39 10 
39 14 
39 21 
39 34 
39 39 
39 44 
40 134 
43 92 
43 212 
44 3 
44 4 
44 11 
44 14 
44 15 
44 21 
44 22 
44 27 
44 35 
44 49 
44 62 
44 63 
44 82 
44 84 
44 134 
44 148 
45 5 
45 6 
45 7 
45 8 
45 9 
45 13 
45 16 
45 23 
45 25 
45 29 
45 34 
45 53 
45 55 
45 58 
45 66 
45 67 
45 76 
45 79 
45 94 
45 96 
45 97 
45 108 
45 125 
45 127 
45 134 
45 158 
45 178 
45 182 
47 23 
47 173 
49 5 
49 15 
49 27 
49 35 
49 44 
49 49 
49 76 
52 14 
52 27 
52 63 
52 68 
52 84 
58 16 
63 27 
63 69 
63 73 
63 87 
68 27 
68 48 
68 52 
68 62 
68 84 
68 87 
69 22 
69 23 
69 37 
69 63 
69 84 
71 159 
73 27 
73 98 
73 121 
74 4 
74 14 
74 15 
77 51 
78 91 
80 4 
80 11 
80 15 
80 36 
80 37 
80 44 
80 63 
80 96 
82 3 
82 4 
82 14 
82 15 
82 22 
82 27 
82 35 
82 44 
82 63 
82 74 
84 22 
84 27 
84 52 
84 63 
86 51 
87 30 
87 63 
87 69 
87 84 
87 88 
90 86 
93 14 
93 21 
93 168 
96 15 
96 22 
96 23 
96 27 
96 31 
96 35 
96 44 
96 55 
96 66 
96 76 
96 79 
96 108 
98 13 
98 27 
98 73 
98 121 
101 58 
102 15 
102 36 
102 44 
102 80 
105 2 
105 6 
105 7 
105 10 
105 23 
109 27 
109 44 
109 52 
109 59 
109 75 
109 138 
109 168 
110 212 
121 15 
121 63 
121 73 
121 98 
151 23 
172 158 
187 170 
198 11 
