2 18 
2 26 
2 29 
2 34 
2 44 
2 105 
2 113 
2 158 
3 15 
3 22 
3 26 
3 30 
3 35 
3 37 
3 60 
3 63 
3 69 
3 87 
3 88 
4 14 
4 15 
4 21 
4 22 
4 27 
4 35 
4 74 
4 91 
4 117 
4 158 
6 4 
6 6 
6 26 
6 44 
6 45 
6 103 
6 112 
7 23 
7 26 
7 31 
7 34 
7 39 
7 45 
8 26 
9 8 
9 23 
9 26 
9 31 
9 39 
9 45 
10 26 
10 34 
10 39 
11 15 
11 29 
11 30 
11 35 
11 36 
11 80 
12 125 
13 14 
13 32 
14 2 
14 4 
14 6 
14 7 
14 9 
14 10 
14 11 
14 15 
14 22 
14 27 
14 30 
14 31 
14 35 
14 36 
14 37 
14 44 
14 45 
14 68 
14 74 
14 78 
14 105 
14 156 
14 182 
15 2 
15 3 
15 4 
15 7 
15 10 
15 11 
15 13 
15 14 
15 19 
15 21 
15 22 
15 27 
15 30 
15 32 
15 35 
15 36 
15 37 
15 44 
15 51 
15 52 
15 60 
15 63 
15 68 
15 69 
15 73 
15 74 
15 82 
15 88 
15 94 
15 105 
15 109 
17 26 
17 87 
17 125 
17 155 
17 158 
17 190 
18 7 
18 9 
18 23 
18 26 
18 29 
18 31 
18 33 
18 39 
18 105 
19 116 
19 125 
20 40 
21 44 
22 3 
22 4 
22 14 
22 15 
22 25 
22 30 
22 35 
22 40 
22 44 
22 62 
22 78 
22 83 
22 88 
22 91 
22 102 
22 146 
22 148 
23 7 
23 10 
23 18 
23 26 
23 31 
23 34 
23 63 
24 7 
24 9 
24 19 
24 117 
26 7 
26 9 
26 10 
26 34 
27 4 
27 11 
27 14 
27 15 
27 21 
27 22 
27 31 
27 34 
27 35 
27 36 
27 44 
27 70 
27 82 
27 88 
27 127 
28 31 
28 158 
29 26 
30 5 
30 7 
30 10 
30 15 
30 17 
30 18 
30 22 
30 32 
30 35 
30 44 
30 52 
30 63 
30 73 
30 84 
30 98 
30 109 
30 117 
30 121 
31 34 
31 109 
32 18 
32 19 
32 26 
32 31 
32 33 
32 40 
32 63 
32 78 
32 89 
32 91 
32 113 
32 116 
32 117 
32 133 
33 158 
34 7 
34 8 
34 9 
34 10 
34 18 
34 23 
34 26 
35 14 
35 22 
35 68 
35 78 
35 82 
36 11 
36 21 
36 30 
36 44 
36 63 
36 80 
37 3 
37 78 
37 84 
40 18 
40 26 
40 39 
40 125 
41 19 
42 15 
42 26 
42 29 
42 31 
42 40 
42 78 
42 91 
42 100 
42 113 
42 146 
42 158 
43 7 
43 8 
43 19 
43 29 
43 125 
43 158 
44 11 
44 15 
44 21 
44 23 
44 27 
44 30 
44 35 
44 37 
44 40 
44 49 
44 63 
44 68 
44 70 
45 2 
45 5 
45 6 
45 7 
45 8 
45 14 
45 18 
45 23 
45 25 
45 26 
45 29 
45 35 
45 39 
45 44 
45 49 
45 76 
45 83 
45 97 
45 108 
45 109 
45 112 
45 116 
45 130 
45 134 
47 18 
47 139 
49 5 
49 55 
49 95 
49 96 
49 108 
51 86 
52 30 
52 40 
52 62 
52 68 
52 78 
52 84 
52 91 
57 45 
57 78 
58 16 
59 35 
59 45 
59 78 
59 80 
59 82 
59 157 
59 187 
60 40 
60 51 
60 86 
60 88 
62 26 
62 29 
62 70 
63 3 
63 15 
63 22 
63 30 
63 36 
63 69 
63 84 
63 87 
63 88 
68 48 
68 62 
68 84 
68 91 
68 125 
69 3 
69 22 
69 30 
69 31 
69 51 
69 60 
69 84 
69 88 
71 113 
71 125 
73 15 
73 21 
73 30 
73 44 
73 121 
74 4 
74 14 
74 27 
75 109 
75 168 
76 45 
78 109 
79 16 
79 97 
80 45 
82 35 
82 53 
83 84 
84 29 
84 40 
84 69 
86 51 
86 60 
86 77 
86 90 
87 15 
87 22 
87 30 
87 51 
87 60 
87 63 
87 69 
87 84 
87 88 
88 22 
88 60 
90 40 
90 48 
90 68 
92 71 
92 125 
93 33 
93 48 
93 91 
93 100 
95 108 
96 66 
98 30 
98 36 
98 73 
98 121 
100 116 
101 16 
101 97 
103 45 
103 112 
103 130 
103 136 
106 2 
106 156 
107 5 
108 55 
108 66 
109 109 
109 138 
109 168 
110 17 
110 23 
110 26 
110 29 
110 31 
110 33 
112 128 
112 130 
113 71 
113 125 
113 158 
115 109 
115 138 
115 168 
119 78 
119 157 
120 128 
120 130 
121 11 
121 15 
121 21 
121 30 
121 44 
121 73 
121 98 
124 76 
124 78 
124 157 
124 180 
126 78 
130 31 
132 54 
133 19 
134 33 
136 16 
138 168 
142 35 
142 45 
142 78 
145 187 
150 7 
150 10 
150 14 
150 109 
150 168 
151 7 
151 9 
152 109 
152 158 
152 168 
155 17 
159 92 
167 33 
167 125 
167 158 
168 109 
170 157 
171 128 
173 78 
173 157 
173 180 
178 128 
183 45 
183 78 
187 80 
187 213 
