2 7 
2 10 
3 15 
3 37 
4 7 
4 9 
4 14 
4 15 
4 21 
4 22 
4 27 
4 35 
4 37 
4 44 
4 70 
4 74 
6 6 
6 11 
6 22 
6 37 
6 45 
6 128 
14 4 
14 19 
14 22 
14 35 
14 37 
14 74 
15 3 
15 4 
15 11 
15 14 
15 22 
15 27 
15 30 
15 37 
15 60 
15 63 
15 69 
15 70 
17 155 
17 190 
21 44 
22 3 
22 14 
22 27 
22 37 
23 31 
27 3 
27 4 
27 11 
27 14 
27 15 
27 21 
27 37 
27 44 
30 117 
32 15 
32 30 
32 37 
32 117 
35 14 
36 11 
36 13 
36 121 
37 22 
42 15 
42 22 
42 30 
42 37 
42 88 
43 125 
44 21 
44 27 
45 6 
45 7 
45 10 
45 11 
45 128 
49 22 
49 37 
68 84 
69 37 
74 4 
88 22 
105 63 
113 71 
117 73 
155 17 
