2 7 
2 8 
2 9 
2 14 
2 15 
2 18 
2 23 
2 27 
2 28 
2 34 
2 39 
2 49 
2 69 
2 99 
2 103 
2 105 
2 109 
2 156 
2 182 
2 212 
3 4 
3 7 
3 9 
3 11 
3 13 
3 14 
3 15 
3 22 
3 25 
3 27 
3 30 
3 32 
3 36 
3 37 
3 44 
3 51 
3 52 
3 60 
3 63 
3 68 
3 69 
3 73 
3 74 
3 80 
3 84 
3 87 
3 88 
3 146 
4 3 
4 11 
4 14 
4 15 
4 21 
4 22 
4 23 
4 27 
4 30 
4 36 
4 37 
4 44 
4 60 
4 62 
4 63 
4 68 
4 69 
4 74 
4 82 
4 84 
4 86 
4 108 
4 109 
4 121 
4 134 
4 148 
5 6 
5 44 
6 6 
6 7 
6 9 
6 14 
6 15 
6 16 
6 18 
6 19 
6 22 
6 23 
6 25 
6 26 
6 27 
6 29 
6 33 
6 35 
6 39 
6 40 
6 44 
6 45 
6 55 
6 58 
6 70 
6 76 
6 84 
6 89 
6 91 
6 94 
6 96 
6 97 
6 112 
6 120 
6 128 
6 130 
6 150 
6 158 
7 2 
7 3 
7 4 
7 5 
7 6 
7 11 
7 14 
7 15 
7 18 
7 19 
7 21 
7 22 
7 23 
7 25 
7 26 
7 27 
7 28 
7 29 
7 30 
7 31 
7 32 
7 33 
7 34 
7 35 
7 36 
7 37 
7 39 
7 40 
7 44 
7 45 
7 48 
7 51 
7 58 
7 60 
7 62 
7 63 
7 67 
7 68 
7 69 
7 70 
7 73 
7 75 
7 78 
7 80 
7 82 
7 84 
7 86 
7 87 
7 89 
7 90 
7 96 
7 98 
7 99 
7 100 
7 102 
7 105 
7 109 
7 112 
7 116 
7 117 
7 119 
7 121 
7 127 
7 133 
7 134 
7 146 
7 155 
7 156 
7 158 
7 182 
7 212 
8 6 
8 44 
8 140 
8 155 
9 2 
9 3 
9 4 
9 5 
9 6 
9 8 
9 10 
9 11 
9 14 
9 15 
9 18 
9 19 
9 21 
9 22 
9 23 
9 25 
9 26 
9 27 
9 28 
9 29 
9 30 
9 31 
9 32 
9 33 
9 34 
9 35 
9 36 
9 37 
9 39 
9 40 
9 44 
9 45 
9 48 
9 51 
9 58 
9 60 
9 62 
9 63 
9 67 
9 68 
9 69 
9 70 
9 73 
9 75 
9 78 
9 80 
9 82 
9 84 
9 86 
9 87 
9 89 
9 90 
9 96 
9 98 
9 99 
9 100 
9 102 
9 105 
9 109 
9 112 
9 116 
9 117 
9 119 
9 121 
9 127 
9 133 
9 134 
9 140 
9 146 
9 156 
9 158 
9 182 
9 212 
10 2 
10 23 
10 45 
10 80 
11 4 
11 13 
11 14 
11 15 
11 22 
11 30 
11 36 
11 37 
11 80 
11 82 
11 102 
12 4 
12 7 
12 10 
12 14 
12 15 
12 22 
12 27 
12 30 
12 35 
12 36 
12 39 
12 40 
12 44 
12 45 
12 62 
12 63 
12 70 
12 82 
12 89 
12 91 
12 134 
12 146 
12 158 
13 36 
13 68 
13 73 
13 80 
13 98 
13 121 
14 3 
14 4 
14 6 
14 7 
14 9 
14 11 
14 13 
14 15 
14 22 
14 23 
14 27 
14 28 
14 30 
14 32 
14 35 
14 36 
14 37 
14 39 
14 40 
14 42 
14 44 
14 45 
14 49 
14 52 
14 57 
14 60 
14 63 
14 68 
14 69 
14 74 
14 78 
14 82 
14 83 
14 84 
14 86 
14 87 
14 91 
14 94 
14 96 
14 109 
14 113 
14 117 
14 125 
14 150 
14 156 
14 170 
14 182 
14 187 
15 2 
15 3 
15 4 
15 6 
15 11 
15 13 
15 14 
15 18 
15 19 
15 21 
15 22 
15 23 
15 27 
15 30 
15 32 
15 34 
15 35 
15 36 
15 37 
15 42 
15 44 
15 45 
15 52 
15 55 
15 60 
15 62 
15 63 
15 68 
15 69 
15 71 
15 73 
15 74 
15 77 
15 80 
15 82 
15 84 
15 87 
15 88 
15 91 
15 96 
15 98 
15 100 
15 102 
15 121 
15 134 
15 146 
15 148 
15 150 
15 212 
16 15 
16 58 
16 66 
16 79 
16 97 
17 4 
17 6 
17 7 
17 9 
17 10 
17 11 
17 27 
17 28 
17 29 
17 39 
17 40 
17 44 
17 45 
17 68 
17 105 
17 109 
17 150 
18 51 
19 6 
19 15 
19 36 
19 44 
21 22 
21 44 
22 3 
22 4 
22 6 
22 11 
22 13 
22 14 
22 15 
22 27 
22 30 
22 32 
22 35 
22 36 
22 37 
22 42 
22 44 
22 45 
22 51 
22 52 
22 60 
22 62 
22 68 
22 69 
22 80 
22 82 
22 83 
22 84 
22 87 
22 88 
22 102 
23 6 
23 7 
23 9 
23 11 
23 14 
23 27 
23 31 
23 55 
23 96 
24 7 
24 9 
24 15 
24 32 
24 40 
24 72 
24 100 
25 4 
25 6 
25 15 
25 36 
25 158 
26 18 
27 3 
27 4 
27 6 
27 11 
27 13 
27 14 
27 15 
27 21 
27 22 
27 23 
27 28 
27 30 
27 32 
27 34 
27 35 
27 36 
27 37 
27 44 
27 45 
27 51 
27 52 
27 60 
27 63 
27 66 
27 68 
27 69 
27 70 
27 71 
27 73 
27 80 
27 82 
27 84 
27 87 
27 88 
27 96 
27 98 
27 102 
27 127 
27 130 
27 134 
27 148 
27 150 
28 21 
28 44 
30 3 
30 15 
30 21 
30 27 
30 32 
30 36 
30 42 
30 44 
30 63 
30 69 
30 73 
30 80 
30 87 
30 102 
30 121 
31 6 
32 4 
32 6 
32 15 
32 27 
32 42 
32 45 
32 68 
32 72 
32 83 
32 84 
32 105 
32 116 
32 117 
32 121 
32 133 
32 146 
34 18 
34 29 
34 71 
34 212 
35 4 
35 7 
35 9 
35 11 
35 14 
35 15 
35 22 
35 27 
35 30 
35 32 
35 36 
35 37 
35 40 
35 42 
35 44 
35 52 
35 60 
35 63 
35 68 
35 76 
35 77 
35 78 
35 80 
35 82 
35 83 
35 84 
35 86 
35 170 
35 187 
36 11 
36 13 
36 27 
36 30 
36 80 
36 102 
37 3 
37 11 
37 15 
37 80 
37 134 
38 19 
38 32 
39 23 
39 29 
39 31 
39 45 
39 67 
39 125 
39 128 
39 134 
39 212 
40 2 
40 3 
40 4 
40 6 
40 7 
40 8 
40 9 
40 11 
40 14 
40 15 
40 19 
40 25 
40 27 
40 28 
40 30 
40 32 
40 35 
40 36 
40 37 
40 42 
40 44 
40 45 
40 49 
40 52 
40 60 
40 69 
40 72 
40 73 
40 80 
40 83 
40 84 
40 87 
40 89 
40 102 
40 109 
40 117 
40 133 
40 158 
42 3 
42 4 
42 6 
42 11 
42 14 
42 15 
42 19 
42 22 
42 25 
42 27 
42 30 
42 32 
42 36 
42 40 
42 44 
42 45 
42 52 
42 63 
42 68 
42 69 
42 70 
42 72 
42 73 
42 78 
42 80 
42 82 
42 83 
42 84 
42 89 
42 91 
42 98 
42 100 
42 116 
42 117 
42 121 
42 133 
43 15 
43 19 
43 110 
43 113 
43 125 
43 134 
43 212 
44 3 
44 4 
44 11 
44 14 
44 15 
44 21 
44 22 
44 27 
44 32 
44 34 
44 36 
44 52 
44 62 
44 63 
44 70 
44 71 
44 80 
44 86 
44 109 
44 119 
44 128 
44 148 
44 158 
45 2 
45 3 
45 4 
45 6 
45 7 
45 8 
45 9 
45 10 
45 11 
45 13 
45 14 
45 15 
45 16 
45 18 
45 22 
45 23 
45 25 
45 26 
45 27 
45 28 
45 29 
45 30 
45 31 
45 32 
45 34 
45 35 
45 36 
45 37 
45 39 
45 40 
45 42 
45 44 
45 49 
45 52 
45 55 
45 58 
45 60 
45 62 
45 63 
45 66 
45 68 
45 69 
45 70 
45 76 
45 78 
45 80 
45 82 
45 83 
45 84 
45 86 
45 89 
45 90 
45 91 
45 95 
45 96 
45 97 
45 98 
45 99 
45 102 
45 103 
45 108 
45 109 
45 112 
45 119 
45 127 
45 128 
45 130 
45 134 
45 136 
45 146 
45 158 
45 168 
45 178 
46 19 
46 32 
46 40 
46 117 
46 133 
47 2 
47 29 
49 2 
49 3 
49 4 
49 5 
49 6 
49 7 
49 9 
49 10 
49 11 
49 14 
49 15 
49 16 
49 19 
49 22 
49 25 
49 26 
49 27 
49 28 
49 29 
49 30 
49 31 
49 32 
49 33 
49 35 
49 36 
49 37 
49 39 
49 40 
49 42 
49 44 
49 45 
49 49 
49 51 
49 55 
49 58 
49 60 
49 66 
49 69 
49 73 
49 76 
49 77 
49 80 
49 82 
49 83 
49 84 
49 86 
49 89 
49 91 
49 94 
49 95 
49 96 
49 97 
49 105 
49 108 
49 109 
49 112 
49 117 
49 121 
49 134 
49 158 
51 88 
52 3 
52 4 
52 5 
52 6 
52 7 
52 10 
52 11 
52 13 
52 14 
52 15 
52 18 
52 22 
52 23 
52 25 
52 27 
52 28 
52 30 
52 31 
52 32 
52 34 
52 35 
52 36 
52 37 
52 40 
52 42 
52 44 
52 45 
52 48 
52 51 
52 60 
52 62 
52 63 
52 68 
52 69 
52 70 
52 73 
52 78 
52 80 
52 82 
52 83 
52 84 
52 86 
52 87 
52 88 
52 90 
52 91 
52 98 
52 102 
52 105 
52 108 
52 117 
52 134 
52 148 
55 66 
60 42 
60 51 
60 69 
60 86 
60 88 
62 11 
62 68 
63 3 
63 11 
63 15 
63 22 
63 27 
63 30 
63 35 
63 36 
63 37 
63 69 
63 73 
63 80 
63 84 
63 87 
63 88 
67 70 
68 3 
68 14 
68 15 
68 22 
68 30 
68 35 
68 45 
68 52 
68 62 
68 82 
68 84 
68 90 
68 158 
69 3 
69 4 
69 11 
69 13 
69 14 
69 15 
69 22 
69 23 
69 27 
69 30 
69 32 
69 35 
69 36 
69 37 
69 40 
69 42 
69 44 
69 51 
69 52 
69 60 
69 63 
69 68 
69 73 
69 80 
69 82 
69 83 
69 84 
69 86 
69 87 
69 88 
69 117 
70 4 
70 6 
70 14 
70 15 
70 22 
70 27 
70 35 
70 37 
70 40 
70 44 
70 45 
70 52 
70 55 
70 69 
70 79 
70 80 
70 82 
70 84 
70 94 
70 105 
70 109 
70 121 
71 15 
71 92 
72 15 
72 19 
72 32 
72 40 
72 89 
72 100 
73 6 
73 13 
73 15 
73 27 
73 30 
73 35 
73 44 
73 80 
73 98 
73 100 
73 102 
73 117 
73 121 
74 4 
75 109 
75 150 
76 6 
76 16 
76 45 
76 66 
76 97 
78 91 
80 3 
80 11 
80 36 
80 102 
81 4 
82 14 
82 35 
82 42 
83 3 
83 14 
83 15 
83 22 
83 27 
83 30 
83 32 
83 40 
83 42 
83 45 
83 52 
83 63 
83 68 
83 69 
83 73 
83 80 
83 84 
83 86 
83 87 
83 90 
83 98 
83 117 
83 121 
84 3 
84 4 
84 6 
84 14 
84 15 
84 22 
84 27 
84 28 
84 30 
84 32 
84 35 
84 37 
84 40 
84 42 
84 44 
84 51 
84 52 
84 60 
84 62 
84 63 
84 68 
84 69 
84 73 
84 82 
84 83 
84 86 
84 87 
84 88 
84 89 
84 90 
84 109 
86 3 
86 7 
86 9 
86 14 
86 15 
86 22 
86 32 
86 35 
86 42 
86 49 
86 51 
86 52 
86 60 
86 68 
86 69 
86 77 
86 83 
86 84 
86 87 
86 88 
86 90 
87 3 
87 4 
87 11 
87 14 
87 15 
87 22 
87 27 
87 30 
87 36 
87 37 
87 44 
87 63 
87 69 
87 80 
87 84 
87 88 
87 98 
88 3 
88 11 
88 22 
88 27 
88 60 
89 4 
89 36 
89 40 
89 44 
89 78 
89 91 
89 146 
90 6 
90 48 
90 77 
92 71 
93 14 
93 21 
93 32 
93 33 
93 49 
93 77 
93 83 
93 90 
93 96 
94 127 
95 5 
95 35 
95 45 
95 49 
95 55 
95 94 
95 108 
96 3 
96 6 
96 7 
96 9 
96 11 
96 14 
96 15 
96 23 
96 27 
96 32 
96 35 
96 40 
96 42 
96 45 
96 49 
96 52 
96 69 
96 83 
96 84 
96 108 
97 79 
98 13 
98 73 
98 121 
100 116 
105 2 
105 26 
105 99 
105 109 
107 5 
107 49 
108 49 
108 96 
109 3 
109 7 
109 9 
109 14 
109 27 
109 28 
109 39 
109 42 
109 45 
109 49 
109 71 
109 75 
109 92 
109 113 
109 115 
109 119 
109 138 
109 150 
109 168 
113 27 
113 71 
113 92 
113 181 
114 49 
115 75 
115 138 
117 15 
121 44 
121 73 
121 87 
121 98 
121 102 
124 170 
133 19 
134 19 
146 71 
152 75 
186 146 
204 59 
