2 7 
2 9 
2 10 
2 18 
2 26 
2 29 
2 31 
2 34 
2 40 
2 49 
2 69 
2 76 
2 105 
2 109 
2 133 
2 139 
2 156 
2 166 
3 4 
3 6 
3 7 
3 9 
3 10 
3 15 
3 18 
3 22 
3 27 
3 30 
3 32 
3 34 
3 36 
3 37 
3 40 
3 44 
3 45 
3 60 
3 63 
3 68 
3 69 
3 80 
3 84 
3 87 
3 88 
4 2 
4 3 
4 7 
4 9 
4 11 
4 13 
4 14 
4 15 
4 16 
4 18 
4 19 
4 21 
4 22 
4 23 
4 25 
4 26 
4 27 
4 30 
4 31 
4 32 
4 34 
4 35 
4 36 
4 37 
4 39 
4 40 
4 44 
4 45 
4 55 
4 59 
4 60 
4 62 
4 63 
4 69 
4 70 
4 74 
4 76 
4 78 
4 80 
4 82 
4 84 
4 87 
4 88 
4 102 
4 104 
4 105 
4 109 
4 119 
4 121 
4 146 
5 2 
5 6 
5 7 
5 9 
5 14 
5 15 
5 18 
5 22 
5 23 
5 27 
5 30 
5 31 
5 36 
5 39 
5 40 
5 44 
5 45 
5 49 
5 55 
5 59 
5 66 
5 68 
5 76 
5 82 
5 86 
5 91 
5 96 
5 97 
5 108 
5 109 
6 3 
6 7 
6 9 
6 13 
6 26 
6 27 
6 30 
6 31 
6 45 
6 52 
6 58 
6 76 
6 79 
6 103 
6 105 
6 110 
6 119 
6 125 
6 130 
6 170 
7 2 
7 3 
7 6 
7 14 
7 15 
7 18 
7 19 
7 22 
7 23 
7 25 
7 26 
7 28 
7 29 
7 30 
7 31 
7 32 
7 34 
7 39 
7 40 
7 45 
7 49 
7 55 
7 60 
7 67 
7 68 
7 69 
7 70 
7 79 
7 84 
7 89 
7 104 
7 105 
7 109 
7 110 
7 116 
7 117 
7 134 
7 146 
8 2 
8 3 
8 9 
8 10 
8 18 
8 26 
8 29 
8 31 
8 104 
8 140 
9 2 
9 6 
9 8 
9 9 
9 10 
9 14 
9 15 
9 18 
9 19 
9 23 
9 25 
9 26 
9 28 
9 29 
9 30 
9 31 
9 32 
9 34 
9 39 
9 40 
9 45 
9 49 
9 55 
9 60 
9 67 
9 68 
9 69 
9 70 
9 79 
9 84 
9 109 
9 110 
9 116 
9 117 
9 134 
9 146 
10 2 
10 8 
10 9 
10 18 
10 19 
10 22 
10 23 
10 25 
10 26 
10 28 
10 29 
10 31 
10 32 
10 34 
10 39 
10 49 
10 70 
10 89 
10 105 
10 110 
11 2 
11 3 
11 6 
11 13 
11 15 
11 17 
11 18 
11 22 
11 27 
11 30 
11 32 
11 36 
11 42 
11 44 
11 62 
11 63 
11 69 
11 73 
11 76 
11 80 
11 82 
11 84 
11 86 
11 91 
11 98 
11 102 
11 103 
11 108 
11 109 
11 121 
11 168 
12 7 
12 9 
12 158 
13 7 
13 10 
13 11 
13 15 
13 19 
13 36 
13 80 
13 98 
13 121 
14 3 
14 4 
14 5 
14 6 
14 7 
14 9 
14 10 
14 11 
14 13 
14 15 
14 17 
14 18 
14 21 
14 22 
14 23 
14 26 
14 27 
14 30 
14 31 
14 32 
14 35 
14 36 
14 37 
14 39 
14 40 
14 42 
14 44 
14 45 
14 54 
14 55 
14 58 
14 63 
14 67 
14 68 
14 69 
14 70 
14 74 
14 76 
14 78 
14 82 
14 83 
14 84 
14 86 
14 88 
14 90 
14 91 
14 104 
14 109 
14 150 
14 156 
14 170 
14 180 
14 187 
15 2 
15 3 
15 4 
15 5 
15 6 
15 7 
15 8 
15 9 
15 10 
15 11 
15 13 
15 14 
15 17 
15 18 
15 19 
15 21 
15 22 
15 23 
15 25 
15 26 
15 27 
15 29 
15 30 
15 31 
15 32 
15 33 
15 34 
15 35 
15 36 
15 37 
15 39 
15 40 
15 42 
15 44 
15 45 
15 49 
15 51 
15 52 
15 54 
15 55 
15 59 
15 60 
15 63 
15 68 
15 69 
15 70 
15 73 
15 74 
15 76 
15 78 
15 80 
15 82 
15 83 
15 84 
15 86 
15 87 
15 88 
15 91 
15 96 
15 98 
15 108 
15 109 
15 110 
15 117 
15 121 
15 146 
15 158 
15 187 
17 2 
17 4 
17 6 
17 7 
17 8 
17 9 
17 10 
17 14 
17 15 
17 18 
17 22 
17 23 
17 25 
17 26 
17 27 
17 28 
17 31 
17 32 
17 34 
17 39 
17 40 
17 44 
17 45 
17 68 
17 70 
17 76 
17 105 
17 109 
17 110 
17 113 
17 146 
17 150 
17 155 
17 190 
18 4 
18 7 
18 9 
18 10 
18 14 
18 17 
18 22 
18 26 
18 27 
18 28 
18 29 
18 31 
18 33 
18 34 
18 40 
19 25 
19 116 
19 133 
21 14 
21 15 
21 27 
21 40 
21 44 
22 3 
22 4 
22 5 
22 6 
22 7 
22 9 
22 10 
22 11 
22 14 
22 15 
22 17 
22 18 
22 19 
22 23 
22 25 
22 26 
22 27 
22 28 
22 29 
22 30 
22 31 
22 32 
22 34 
22 35 
22 36 
22 37 
22 39 
22 40 
22 42 
22 44 
22 48 
22 51 
22 52 
22 55 
22 58 
22 60 
22 63 
22 67 
22 68 
22 69 
22 70 
22 73 
22 76 
22 78 
22 82 
22 84 
22 86 
22 87 
22 88 
22 91 
22 97 
22 108 
22 117 
22 121 
22 148 
22 158 
23 5 
23 6 
23 7 
23 8 
23 9 
23 10 
23 17 
23 18 
23 26 
23 29 
23 31 
23 34 
23 39 
23 40 
23 45 
23 76 
23 96 
25 44 
26 2 
26 5 
26 6 
26 7 
26 9 
26 10 
26 15 
26 17 
26 18 
26 23 
26 27 
26 28 
26 29 
26 31 
26 32 
26 33 
26 34 
26 39 
26 40 
26 48 
26 60 
26 75 
26 76 
26 105 
26 109 
26 110 
26 134 
26 139 
26 155 
27 2 
27 3 
27 4 
27 5 
27 6 
27 7 
27 8 
27 9 
27 10 
27 11 
27 13 
27 14 
27 15 
27 17 
27 21 
27 22 
27 26 
27 30 
27 32 
27 35 
27 36 
27 37 
27 39 
27 40 
27 44 
27 55 
27 58 
27 62 
27 63 
27 68 
27 69 
27 70 
27 76 
27 78 
27 80 
27 84 
27 87 
27 91 
27 97 
27 109 
27 117 
27 130 
27 158 
28 6 
29 17 
29 18 
29 31 
29 34 
30 3 
30 4 
30 6 
30 11 
30 15 
30 17 
30 22 
30 27 
30 36 
30 44 
30 52 
30 63 
30 69 
30 73 
30 84 
30 87 
30 121 
31 2 
31 5 
31 7 
31 8 
31 9 
31 11 
31 18 
31 19 
31 23 
31 26 
31 29 
31 32 
31 34 
31 39 
31 40 
31 45 
31 89 
31 105 
31 110 
31 139 
31 156 
32 6 
32 7 
32 10 
32 30 
32 45 
32 98 
32 100 
32 116 
32 117 
33 15 
33 28 
33 89 
34 4 
34 7 
34 9 
34 10 
34 11 
34 17 
34 18 
34 19 
34 26 
34 29 
34 31 
34 32 
34 39 
34 105 
34 110 
34 139 
34 166 
35 2 
35 3 
35 5 
35 6 
35 7 
35 9 
35 10 
35 11 
35 14 
35 15 
35 17 
35 18 
35 22 
35 23 
35 26 
35 27 
35 28 
35 29 
35 30 
35 31 
35 32 
35 34 
35 35 
35 36 
35 40 
35 42 
35 44 
35 45 
35 55 
35 60 
35 63 
35 68 
35 69 
35 70 
35 76 
35 78 
35 82 
35 84 
35 91 
35 121 
35 139 
36 7 
36 9 
36 11 
36 13 
36 14 
36 15 
36 22 
36 23 
36 27 
36 30 
36 32 
36 35 
36 44 
36 49 
36 68 
36 76 
36 80 
36 98 
36 102 
36 121 
36 148 
37 3 
37 4 
37 7 
37 9 
37 10 
37 14 
37 15 
37 17 
37 18 
37 22 
37 23 
37 27 
37 30 
37 32 
37 76 
37 82 
37 91 
37 117 
39 2 
39 4 
39 7 
39 9 
39 10 
39 18 
39 23 
39 26 
39 27 
39 29 
39 31 
39 34 
39 45 
39 105 
39 156 
40 2 
40 7 
40 9 
40 26 
40 29 
40 32 
40 51 
40 70 
40 90 
40 91 
40 116 
40 133 
42 32 
42 45 
42 116 
42 117 
43 4 
43 17 
43 19 
43 21 
43 22 
43 35 
43 44 
43 71 
43 110 
43 113 
43 125 
43 187 
44 2 
44 3 
44 4 
44 5 
44 6 
44 7 
44 9 
44 11 
44 13 
44 14 
44 15 
44 17 
44 21 
44 22 
44 25 
44 26 
44 27 
44 28 
44 30 
44 32 
44 33 
44 34 
44 35 
44 36 
44 37 
44 39 
44 40 
44 45 
44 60 
44 62 
44 63 
44 70 
44 74 
44 76 
44 80 
44 82 
44 87 
44 96 
44 97 
44 102 
44 105 
44 109 
44 110 
44 112 
44 146 
44 148 
45 2 
45 3 
45 4 
45 5 
45 6 
45 7 
45 8 
45 9 
45 10 
45 11 
45 14 
45 15 
45 16 
45 17 
45 18 
45 21 
45 22 
45 23 
45 26 
45 27 
45 28 
45 29 
45 30 
45 31 
45 32 
45 33 
45 34 
45 35 
45 36 
45 37 
45 39 
45 40 
45 42 
45 44 
45 49 
45 51 
45 55 
45 58 
45 60 
45 66 
45 68 
45 69 
45 70 
45 73 
45 74 
45 76 
45 79 
45 82 
45 84 
45 94 
45 96 
45 97 
45 102 
45 103 
45 105 
45 108 
45 109 
45 112 
45 117 
45 119 
45 120 
45 125 
45 127 
45 128 
45 130 
45 136 
45 146 
45 158 
45 170 
47 7 
47 9 
47 18 
47 31 
47 39 
47 139 
48 22 
49 5 
49 7 
49 9 
49 11 
49 15 
49 22 
49 27 
49 29 
49 35 
49 40 
49 55 
49 66 
49 70 
49 76 
49 96 
49 108 
49 109 
51 3 
52 15 
52 22 
52 36 
52 40 
52 48 
52 84 
52 90 
55 58 
55 66 
55 95 
60 3 
60 88 
62 68 
63 3 
63 15 
63 30 
63 36 
63 37 
63 69 
63 87 
65 16 
66 34 
66 45 
68 22 
68 52 
68 62 
68 69 
68 84 
68 148 
69 3 
69 30 
69 52 
69 76 
69 80 
69 84 
69 87 
69 88 
70 35 
70 62 
71 32 
71 92 
71 113 
71 181 
73 3 
73 11 
73 21 
73 27 
73 36 
73 63 
73 69 
73 121 
74 4 
74 14 
74 15 
74 44 
75 14 
76 5 
76 6 
76 7 
76 9 
76 16 
76 21 
76 28 
76 35 
76 40 
76 45 
76 49 
76 55 
76 58 
76 96 
76 97 
76 109 
78 7 
78 10 
78 14 
78 22 
78 27 
78 31 
80 5 
80 11 
80 21 
80 27 
80 34 
80 36 
80 73 
80 76 
80 102 
82 22 
82 35 
82 53 
82 70 
84 3 
84 15 
84 22 
84 27 
84 52 
84 68 
84 69 
86 3 
86 90 
87 3 
87 15 
87 30 
87 63 
87 69 
88 3 
88 22 
88 27 
88 60 
88 69 
89 19 
90 3 
91 3 
91 22 
91 27 
91 148 
92 159 
93 21 
93 22 
93 33 
93 91 
95 5 
96 7 
96 10 
96 31 
96 42 
96 44 
96 76 
96 108 
97 16 
98 13 
98 32 
98 73 
98 121 
99 166 
101 35 
105 2 
105 18 
105 26 
105 31 
105 34 
105 44 
105 45 
105 99 
105 156 
105 165 
105 166 
108 7 
108 9 
108 22 
108 45 
109 7 
109 9 
109 49 
109 76 
109 113 
109 115 
109 138 
109 150 
109 168 
110 17 
110 23 
110 26 
113 115 
114 7 
114 9 
116 2 
117 15 
117 42 
117 73 
119 22 
119 23 
119 170 
119 173 
121 63 
121 73 
129 26 
135 7 
135 9 
135 26 
135 45 
138 168 
141 28 
146 7 
146 9 
146 35 
146 37 
148 14 
148 36 
155 17 
158 14 
163 14 
167 22 
169 148 
172 17 
173 170 
184 6 
