2 7 
2 8 
2 9 
2 10 
2 18 
2 21 
2 26 
2 28 
2 29 
2 31 
2 34 
2 39 
2 97 
2 105 
2 110 
2 125 
2 156 
2 165 
2 166 
2 212 
3 4 
3 7 
3 9 
3 15 
3 22 
3 25 
3 27 
3 30 
3 31 
3 32 
3 37 
3 40 
3 42 
3 44 
3 48 
3 51 
3 52 
3 60 
3 62 
3 63 
3 69 
3 83 
3 84 
3 86 
3 87 
3 88 
3 90 
3 98 
3 116 
3 117 
3 121 
3 133 
4 3 
4 7 
4 9 
4 10 
4 11 
4 14 
4 16 
4 21 
4 25 
4 28 
4 31 
4 33 
4 35 
4 37 
4 44 
4 51 
4 54 
4 59 
4 68 
4 74 
4 78 
4 79 
4 82 
4 84 
4 102 
4 104 
4 119 
4 120 
4 121 
4 130 
4 148 
4 157 
4 180 
4 181 
4 187 
4 213 
5 15 
5 16 
5 23 
5 37 
5 44 
5 45 
5 49 
5 53 
5 54 
5 55 
5 59 
5 66 
5 82 
5 94 
5 95 
5 96 
5 103 
5 112 
5 119 
5 120 
5 128 
5 130 
5 136 
5 173 
5 178 
5 187 
5 193 
6 6 
6 7 
6 8 
6 10 
6 29 
6 31 
6 32 
6 45 
6 55 
6 58 
6 76 
6 82 
6 83 
6 96 
6 97 
6 108 
6 120 
6 178 
7 4 
7 6 
7 14 
7 18 
7 21 
7 26 
7 27 
7 29 
7 31 
7 35 
7 37 
7 39 
7 48 
7 49 
7 54 
7 120 
7 127 
7 170 
7 173 
7 180 
8 14 
8 29 
8 31 
8 127 
8 140 
9 8 
9 9 
9 14 
9 18 
9 21 
9 26 
9 27 
9 31 
9 37 
9 39 
9 48 
9 49 
9 54 
9 120 
9 170 
9 173 
9 180 
10 4 
10 6 
10 9 
10 18 
10 26 
10 29 
10 35 
10 39 
10 140 
11 7 
11 9 
11 13 
11 23 
11 25 
11 26 
11 27 
11 28 
11 29 
11 31 
11 32 
11 35 
11 36 
11 72 
11 74 
11 76 
11 80 
11 83 
11 88 
11 102 
11 108 
11 116 
11 139 
11 157 
12 2 
12 28 
12 37 
12 54 
12 67 
12 71 
12 158 
12 170 
13 32 
13 36 
13 72 
13 74 
13 98 
13 187 
14 2 
14 3 
14 4 
14 6 
14 7 
14 8 
14 9 
14 10 
14 11 
14 13 
14 15 
14 16 
14 18 
14 21 
14 22 
14 25 
14 26 
14 27 
14 28 
14 29 
14 30 
14 31 
14 32 
14 33 
14 34 
14 35 
14 36 
14 37 
14 39 
14 42 
14 44 
14 48 
14 51 
14 52 
14 54 
14 57 
14 58 
14 59 
14 60 
14 62 
14 63 
14 67 
14 68 
14 69 
14 70 
14 71 
14 72 
14 73 
14 74 
14 75 
14 76 
14 77 
14 78 
14 79 
14 80 
14 82 
14 83 
14 84 
14 86 
14 87 
14 88 
14 90 
14 91 
14 92 
14 97 
14 100 
14 102 
14 103 
14 104 
14 105 
14 109 
14 113 
14 116 
14 118 
14 119 
14 120 
14 125 
14 133 
14 134 
14 139 
14 146 
14 148 
14 150 
14 156 
14 157 
14 158 
14 166 
14 170 
14 173 
14 178 
14 180 
14 182 
14 187 
14 193 
14 213 
15 2 
15 3 
15 4 
15 6 
15 7 
15 8 
15 9 
15 10 
15 11 
15 13 
15 14 
15 16 
15 19 
15 21 
15 22 
15 25 
15 26 
15 28 
15 29 
15 30 
15 31 
15 32 
15 33 
15 34 
15 35 
15 36 
15 37 
15 39 
15 40 
15 42 
15 44 
15 48 
15 49 
15 51 
15 52 
15 54 
15 55 
15 57 
15 59 
15 60 
15 62 
15 63 
15 66 
15 68 
15 69 
15 70 
15 71 
15 72 
15 73 
15 74 
15 76 
15 77 
15 78 
15 79 
15 80 
15 82 
15 83 
15 84 
15 86 
15 87 
15 88 
15 90 
15 91 
15 94 
15 96 
15 97 
15 98 
15 100 
15 102 
15 103 
15 104 
15 105 
15 108 
15 109 
15 112 
15 116 
15 117 
15 119 
15 121 
15 125 
15 133 
15 134 
15 139 
15 146 
15 156 
15 158 
15 178 
15 182 
15 187 
15 212 
16 58 
16 76 
16 136 
16 178 
17 2 
17 4 
17 21 
17 26 
17 29 
17 33 
17 44 
17 92 
17 105 
17 110 
17 119 
17 125 
17 134 
17 150 
17 155 
17 190 
17 212 
18 7 
18 10 
18 26 
18 28 
18 29 
18 67 
18 110 
18 139 
18 212 
19 25 
19 66 
19 79 
19 125 
19 134 
19 158 
19 180 
21 2 
21 5 
21 6 
21 7 
21 9 
21 10 
21 15 
21 16 
21 18 
21 22 
21 25 
21 26 
21 27 
21 28 
21 29 
21 30 
21 31 
21 33 
21 34 
21 35 
21 39 
21 40 
21 44 
21 45 
21 55 
21 58 
21 62 
21 66 
21 68 
21 76 
21 79 
21 82 
21 91 
21 94 
21 96 
21 97 
21 103 
21 105 
21 108 
21 109 
21 112 
21 113 
21 116 
21 119 
21 120 
21 125 
21 128 
21 134 
21 139 
21 148 
21 158 
21 178 
22 3 
22 4 
22 6 
22 7 
22 9 
22 14 
22 15 
22 28 
22 32 
22 33 
22 35 
22 37 
22 44 
22 48 
22 52 
22 54 
22 68 
22 74 
22 82 
22 100 
22 125 
22 133 
22 134 
22 148 
22 173 
22 181 
23 7 
23 8 
23 9 
23 10 
23 18 
23 26 
23 27 
23 28 
23 29 
23 31 
23 34 
23 39 
23 109 
25 25 
25 94 
25 104 
25 119 
25 170 
26 2 
26 7 
26 9 
26 18 
26 19 
26 29 
26 34 
26 39 
26 59 
26 119 
26 139 
26 150 
26 212 
27 2 
27 3 
27 4 
27 5 
27 7 
27 8 
27 9 
27 10 
27 11 
27 13 
27 14 
27 15 
27 16 
27 18 
27 19 
27 21 
27 22 
27 25 
27 26 
27 28 
27 29 
27 30 
27 32 
27 33 
27 34 
27 35 
27 36 
27 37 
27 39 
27 40 
27 42 
27 44 
27 48 
27 49 
27 51 
27 52 
27 53 
27 54 
27 55 
27 57 
27 58 
27 59 
27 60 
27 62 
27 63 
27 66 
27 67 
27 68 
27 69 
27 70 
27 71 
27 72 
27 73 
27 74 
27 76 
27 77 
27 78 
27 79 
27 80 
27 82 
27 83 
27 84 
27 86 
27 88 
27 89 
27 90 
27 91 
27 94 
27 95 
27 96 
27 97 
27 100 
27 102 
27 103 
27 104 
27 105 
27 108 
27 109 
27 110 
27 112 
27 113 
27 115 
27 116 
27 117 
27 118 
27 119 
27 121 
27 125 
27 127 
27 128 
27 130 
27 133 
27 134 
27 136 
27 139 
27 146 
27 148 
27 150 
27 156 
27 157 
27 158 
27 170 
27 182 
27 187 
29 7 
29 9 
29 21 
29 25 
29 26 
29 28 
29 31 
29 34 
29 39 
29 105 
29 110 
30 3 
30 4 
30 6 
30 7 
30 9 
30 13 
30 14 
30 15 
30 21 
30 25 
30 27 
30 28 
30 32 
30 33 
30 37 
30 40 
30 44 
30 51 
30 60 
30 63 
30 68 
30 69 
30 73 
30 77 
30 80 
30 82 
30 83 
30 84 
30 86 
30 87 
30 88 
30 90 
30 91 
30 100 
30 102 
30 116 
30 121 
30 125 
30 133 
30 134 
30 148 
30 158 
31 7 
31 9 
31 10 
31 18 
31 29 
31 33 
31 39 
31 49 
31 54 
31 139 
31 193 
32 3 
32 37 
32 42 
32 72 
32 83 
32 100 
32 116 
32 117 
32 133 
33 2 
33 25 
33 125 
33 134 
33 146 
33 158 
34 7 
34 9 
34 10 
34 18 
34 21 
34 26 
34 27 
34 28 
34 29 
34 31 
34 33 
34 37 
34 39 
34 71 
34 110 
34 125 
34 134 
34 139 
34 150 
34 158 
34 212 
35 4 
35 6 
35 7 
35 8 
35 9 
35 10 
35 11 
35 13 
35 14 
35 15 
35 16 
35 18 
35 22 
35 25 
35 26 
35 27 
35 28 
35 29 
35 30 
35 32 
35 33 
35 34 
35 35 
35 36 
35 37 
35 39 
35 40 
35 42 
35 44 
35 48 
35 51 
35 52 
35 55 
35 60 
35 63 
35 66 
35 68 
35 72 
35 73 
35 76 
35 79 
35 80 
35 82 
35 83 
35 84 
35 86 
35 88 
35 90 
35 91 
35 94 
35 95 
35 96 
35 108 
35 113 
35 116 
35 117 
35 125 
35 133 
35 134 
35 148 
35 156 
35 157 
35 158 
35 182 
36 4 
36 11 
36 13 
36 15 
36 27 
36 32 
36 37 
36 40 
36 42 
36 52 
36 60 
36 73 
36 74 
36 80 
36 83 
36 84 
36 98 
36 100 
36 102 
36 117 
36 121 
37 2 
37 3 
37 4 
37 7 
37 8 
37 9 
37 10 
37 11 
37 14 
37 15 
37 17 
37 19 
37 22 
37 25 
37 26 
37 27 
37 28 
37 29 
37 30 
37 32 
37 33 
37 34 
37 35 
37 36 
37 39 
37 40 
37 42 
37 45 
37 48 
37 51 
37 52 
37 54 
37 59 
37 60 
37 62 
37 63 
37 68 
37 69 
37 71 
37 72 
37 76 
37 77 
37 78 
37 80 
37 82 
37 83 
37 84 
37 86 
37 91 
37 92 
37 100 
37 102 
37 109 
37 112 
37 116 
37 117 
37 119 
37 125 
37 133 
37 134 
37 146 
37 148 
37 150 
37 158 
39 17 
39 26 
39 28 
39 57 
39 110 
39 125 
40 7 
40 9 
40 15 
40 21 
40 30 
40 32 
40 42 
40 48 
40 63 
40 69 
40 82 
40 83 
40 84 
40 133 
40 187 
42 72 
42 83 
42 100 
42 116 
42 117 
42 125 
42 133 
43 25 
43 33 
43 54 
43 71 
43 92 
43 113 
43 125 
43 181 
43 187 
43 193 
43 212 
44 2 
44 4 
44 7 
44 8 
44 9 
44 10 
44 11 
44 14 
44 15 
44 21 
44 22 
44 25 
44 26 
44 27 
44 28 
44 29 
44 31 
44 33 
44 34 
44 35 
44 36 
44 40 
44 45 
44 55 
44 59 
44 60 
44 62 
44 63 
44 66 
44 68 
44 69 
44 73 
44 74 
44 77 
44 78 
44 80 
44 82 
44 86 
44 88 
44 91 
44 92 
44 94 
44 96 
44 100 
44 102 
44 105 
44 109 
44 113 
44 119 
44 120 
44 125 
44 128 
44 134 
44 138 
44 139 
44 148 
44 150 
44 157 
44 158 
44 159 
44 168 
44 178 
44 193 
45 2 
45 4 
45 5 
45 6 
45 7 
45 8 
45 9 
45 10 
45 14 
45 16 
45 17 
45 21 
45 22 
45 25 
45 26 
45 27 
45 28 
45 29 
45 30 
45 31 
45 32 
45 33 
45 34 
45 35 
45 37 
45 39 
45 44 
45 48 
45 49 
45 54 
45 55 
45 58 
45 66 
45 70 
45 76 
45 79 
45 80 
45 94 
45 95 
45 97 
45 102 
45 103 
45 108 
45 109 
45 112 
45 119 
45 120 
45 125 
45 127 
45 128 
45 130 
45 134 
45 136 
45 139 
45 150 
45 155 
45 158 
45 178 
47 29 
47 139 
49 5 
49 14 
49 33 
49 54 
49 55 
49 59 
49 66 
49 94 
49 95 
49 96 
49 103 
49 108 
49 112 
49 125 
49 128 
49 134 
49 173 
49 178 
52 35 
52 68 
52 84 
55 66 
57 168 
58 16 
58 79 
58 97 
59 119 
59 173 
59 187 
59 193 
60 3 
60 7 
60 10 
60 15 
60 25 
60 32 
60 36 
60 37 
60 40 
60 42 
60 44 
60 51 
60 63 
60 69 
60 77 
60 80 
60 83 
60 86 
60 87 
60 88 
60 90 
60 116 
62 68 
63 40 
63 44 
63 52 
63 83 
63 87 
65 45 
65 213 
68 4 
68 6 
68 15 
68 45 
68 48 
68 52 
68 62 
68 121 
69 3 
69 15 
69 30 
69 48 
69 51 
69 52 
69 60 
69 62 
69 63 
69 73 
69 83 
69 84 
69 86 
69 87 
69 88 
69 90 
69 100 
70 4 
70 6 
70 14 
70 32 
70 37 
70 42 
70 45 
71 92 
71 104 
71 113 
73 30 
73 98 
73 121 
74 4 
74 15 
74 98 
75 109 
75 115 
75 168 
76 6 
76 16 
76 21 
76 26 
76 45 
76 49 
76 55 
76 58 
76 66 
76 79 
76 94 
76 95 
76 96 
76 97 
76 103 
76 108 
76 112 
76 120 
76 128 
76 130 
76 136 
76 178 
77 48 
77 51 
78 91 
80 11 
80 13 
80 36 
80 102 
81 16 
81 58 
81 94 
81 97 
81 120 
81 127 
81 128 
82 4 
82 11 
82 14 
82 15 
82 22 
82 25 
82 27 
82 32 
82 35 
82 36 
82 37 
82 40 
82 44 
82 45 
82 52 
82 53 
82 54 
82 59 
82 60 
82 63 
82 68 
82 74 
82 80 
82 84 
82 150 
82 156 
82 157 
82 182 
83 69 
86 51 
86 77 
86 88 
86 90 
87 44 
87 63 
87 69 
88 14 
88 22 
88 32 
88 42 
88 48 
88 51 
88 69 
88 73 
88 83 
88 86 
88 100 
88 116 
88 117 
88 133 
89 25 
91 57 
91 134 
92 181 
93 27 
93 28 
93 33 
93 48 
93 53 
93 59 
93 77 
93 97 
93 109 
93 157 
94 127 
96 2 
96 6 
96 16 
96 45 
96 55 
96 58 
96 66 
96 76 
96 79 
96 94 
96 95 
96 97 
96 103 
96 108 
96 112 
96 120 
96 128 
96 136 
96 178 
97 16 
98 32 
98 121 
99 166 
100 103 
101 79 
103 44 
103 67 
103 136 
105 2 
105 7 
105 8 
105 9 
105 10 
105 15 
105 18 
105 21 
105 26 
105 29 
105 31 
105 32 
105 33 
105 34 
105 39 
105 40 
105 42 
105 44 
105 99 
105 125 
105 165 
105 187 
107 95 
108 66 
108 96 
109 7 
109 9 
109 67 
109 71 
109 75 
109 92 
109 104 
109 113 
109 115 
109 119 
109 138 
109 150 
109 168 
109 181 
109 212 
110 4 
110 6 
110 178 
110 212 
112 120 
112 127 
112 128 
112 130 
112 178 
113 181 
115 75 
115 168 
119 6 
119 54 
119 57 
119 59 
119 118 
119 157 
119 170 
119 173 
119 180 
119 187 
119 193 
120 103 
121 72 
121 73 
121 98 
122 170 
124 22 
124 80 
124 180 
125 28 
125 67 
125 146 
125 158 
126 44 
126 119 
128 58 
129 103 
129 112 
130 120 
132 178 
135 17 
136 58 
138 168 
142 57 
142 168 
146 25 
146 33 
146 67 
146 91 
146 125 
146 133 
150 92 
156 14 
156 166 
159 6 
168 44 
168 75 
168 115 
168 138 
170 173 
172 21 
172 134 
173 180 
180 4 
187 213 
195 139 
203 37 
204 59 
