2 6 
2 23 
2 44 
3 15 
3 21 
3 22 
3 63 
3 84 
3 87 
3 88 
4 3 
4 6 
4 11 
4 13 
4 14 
4 15 
4 22 
4 27 
4 32 
4 36 
4 44 
4 63 
4 73 
4 74 
4 121 
5 6 
6 6 
6 45 
6 112 
7 6 
7 27 
8 6 
9 6 
9 27 
10 6 
11 4 
11 27 
11 35 
11 36 
12 6 
12 14 
12 27 
12 44 
12 125 
13 98 
14 3 
14 4 
14 11 
14 13 
14 15 
14 21 
14 22 
14 27 
14 32 
14 35 
14 36 
14 44 
14 60 
14 74 
14 80 
14 82 
15 3 
15 11 
15 14 
15 22 
15 27 
15 30 
15 32 
15 36 
15 44 
15 52 
15 63 
15 74 
15 80 
15 84 
15 87 
16 6 
16 45 
16 79 
17 4 
17 6 
17 27 
17 44 
17 80 
17 125 
17 134 
17 158 
18 80 
19 125 
19 134 
21 44 
22 6 
22 14 
22 15 
22 32 
22 36 
22 44 
22 52 
22 84 
22 88 
25 125 
25 158 
27 3 
27 4 
27 6 
27 11 
27 13 
27 14 
27 15 
27 21 
27 22 
27 30 
27 32 
27 35 
27 36 
27 44 
27 52 
27 63 
27 68 
27 69 
27 73 
27 74 
27 80 
27 84 
27 87 
27 88 
27 98 
27 121 
27 148 
28 6 
29 6 
30 15 
30 32 
30 36 
30 63 
30 73 
30 80 
30 87 
30 121 
32 117 
33 125 
33 134 
33 158 
35 3 
35 4 
35 6 
35 11 
35 13 
35 14 
35 15 
35 21 
35 22 
35 27 
35 32 
35 36 
35 44 
35 63 
35 68 
35 80 
35 82 
36 6 
36 11 
37 6 
39 3 
39 4 
39 6 
39 7 
39 10 
39 11 
39 14 
39 15 
39 23 
39 32 
39 36 
39 44 
39 63 
39 80 
39 158 
40 3 
40 6 
40 32 
40 36 
40 133 
43 125 
44 4 
44 11 
44 14 
44 21 
44 22 
44 27 
44 35 
44 36 
44 80 
44 128 
45 6 
45 27 
45 32 
45 44 
45 52 
45 80 
45 94 
45 112 
45 128 
46 117 
47 6 
47 7 
47 10 
47 14 
49 6 
55 6 
58 6 
58 79 
59 170 
63 30 
63 87 
65 6 
66 6 
66 45 
67 4 
68 6 
68 44 
68 52 
69 4 
69 11 
69 13 
69 15 
69 22 
69 30 
69 32 
69 36 
69 44 
69 63 
69 68 
69 73 
69 84 
69 87 
69 88 
69 98 
69 121 
70 4 
70 6 
70 22 
70 32 
70 44 
70 60 
70 62 
70 68 
70 80 
70 88 
70 117 
71 4 
71 14 
71 15 
71 21 
71 27 
71 44 
71 80 
73 121 
74 14 
76 6 
76 27 
76 45 
78 6 
78 14 
78 15 
78 27 
78 35 
78 44 
78 80 
78 213 
79 6 
81 6 
82 14 
82 35 
84 22 
86 15 
87 3 
87 63 
88 14 
88 15 
88 27 
89 6 
89 11 
89 125 
89 158 
90 117 
92 4 
92 6 
92 44 
93 27 
93 84 
96 6 
99 6 
100 117 
101 6 
101 79 
103 6 
105 6 
108 6 
108 27 
108 35 
108 45 
109 3 
109 14 
109 15 
109 22 
109 27 
109 32 
109 35 
109 44 
109 80 
110 6 
112 6 
113 44 
115 44 
119 4 
119 6 
119 44 
120 6 
121 73 
126 6 
136 6 
146 6 
146 44 
146 68 
146 84 
146 158 
152 44 
163 14 
163 15 
168 44 
187 14 
187 27 
187 44 
187 80 
