2 105 
3 14 
3 22 
3 69 
4 2 
4 3 
4 6 
4 7 
4 9 
4 10 
4 11 
4 14 
4 15 
4 18 
4 21 
4 22 
4 23 
4 25 
4 27 
4 30 
4 31 
4 32 
4 34 
4 35 
4 36 
4 37 
4 39 
4 44 
4 45 
4 51 
4 60 
4 63 
4 68 
4 69 
4 70 
4 73 
4 74 
4 78 
4 80 
4 86 
4 102 
4 117 
4 156 
5 5 
5 23 
5 45 
5 49 
5 58 
5 96 
6 34 
6 45 
6 76 
7 31 
7 40 
7 49 
7 86 
7 96 
9 31 
9 40 
9 49 
9 86 
9 96 
14 2 
14 4 
14 6 
14 7 
14 9 
14 10 
14 13 
14 15 
14 22 
14 23 
14 25 
14 27 
14 30 
14 31 
14 32 
14 33 
14 34 
14 35 
14 37 
14 40 
14 42 
14 44 
14 45 
14 52 
14 60 
14 63 
14 68 
14 74 
14 78 
14 80 
14 82 
14 86 
14 88 
14 90 
14 100 
14 102 
14 104 
14 109 
14 134 
14 156 
14 158 
15 2 
15 3 
15 4 
15 6 
15 13 
15 14 
15 19 
15 21 
15 22 
15 27 
15 30 
15 32 
15 36 
15 37 
15 42 
15 44 
15 45 
15 52 
15 63 
15 68 
15 69 
15 70 
15 73 
15 74 
15 84 
15 86 
15 87 
15 88 
15 113 
15 117 
18 2 
18 5 
18 6 
18 7 
18 9 
18 15 
18 23 
18 29 
18 31 
18 35 
18 40 
18 45 
18 51 
18 68 
18 83 
18 105 
18 158 
21 4 
22 3 
22 4 
22 6 
22 14 
22 15 
22 23 
22 30 
22 32 
22 34 
22 35 
22 37 
22 45 
22 49 
22 68 
22 76 
22 88 
22 91 
23 4 
23 7 
23 9 
23 10 
23 31 
23 34 
23 44 
25 158 
26 2 
26 4 
26 7 
26 9 
26 10 
26 14 
26 17 
26 18 
26 23 
26 27 
26 29 
26 31 
26 34 
26 39 
26 69 
26 70 
26 109 
27 2 
27 3 
27 4 
27 6 
27 7 
27 9 
27 10 
27 11 
27 13 
27 14 
27 15 
27 21 
27 22 
27 23 
27 25 
27 30 
27 31 
27 32 
27 33 
27 34 
27 35 
27 36 
27 37 
27 40 
27 42 
27 44 
27 45 
27 51 
27 52 
27 60 
27 62 
27 63 
27 68 
27 69 
27 70 
27 73 
27 78 
27 80 
27 84 
27 86 
27 87 
27 88 
27 102 
27 105 
27 109 
27 117 
27 121 
27 146 
28 134 
29 15 
30 14 
30 15 
30 21 
30 27 
30 63 
30 69 
30 73 
30 84 
30 87 
30 117 
30 133 
30 158 
34 2 
34 7 
34 9 
34 10 
34 17 
34 18 
34 23 
34 26 
34 29 
34 31 
34 39 
34 70 
34 105 
34 109 
34 110 
35 2 
35 14 
35 15 
35 22 
35 25 
35 27 
35 31 
35 37 
35 44 
35 45 
35 53 
35 62 
35 68 
35 70 
35 78 
35 82 
35 84 
35 86 
35 87 
35 121 
36 4 
37 4 
37 14 
37 15 
37 22 
37 25 
37 45 
37 70 
37 74 
37 80 
39 4 
40 19 
40 33 
40 68 
40 70 
40 72 
40 109 
40 146 
40 213 
42 32 
42 116 
43 158 
44 2 
44 3 
44 4 
44 13 
44 15 
44 21 
44 27 
44 28 
44 30 
44 31 
44 32 
44 35 
44 37 
44 40 
44 42 
44 45 
44 52 
44 68 
44 70 
44 80 
44 82 
44 109 
44 146 
45 4 
45 5 
45 6 
45 7 
45 9 
45 23 
45 26 
45 27 
45 31 
45 32 
45 44 
45 76 
45 96 
45 105 
45 112 
45 158 
47 23 
52 40 
52 69 
52 84 
54 14 
54 27 
55 32 
55 45 
55 49 
55 58 
55 76 
55 89 
55 112 
58 4 
58 6 
58 15 
58 79 
59 2 
59 4 
59 5 
59 6 
59 7 
59 9 
59 14 
59 15 
59 17 
59 22 
59 23 
59 25 
59 26 
59 27 
59 30 
59 32 
59 33 
59 34 
59 35 
59 40 
59 42 
59 45 
59 51 
59 52 
59 60 
59 68 
59 70 
59 73 
59 78 
59 82 
59 83 
59 86 
59 89 
59 90 
59 98 
59 109 
59 116 
59 117 
59 121 
59 146 
59 156 
59 187 
62 68 
63 4 
63 87 
65 6 
65 14 
65 16 
65 27 
65 45 
66 2 
66 4 
66 6 
66 7 
66 9 
66 14 
66 15 
66 16 
66 22 
66 23 
66 27 
66 34 
66 35 
66 36 
66 44 
66 45 
66 49 
66 55 
66 63 
66 86 
66 94 
66 95 
66 96 
66 108 
66 109 
68 14 
68 52 
68 62 
68 84 
69 30 
69 52 
69 84 
73 121 
74 4 
76 2 
76 4 
76 45 
82 15 
84 30 
84 63 
85 14 
85 22 
87 30 
87 52 
88 109 
93 33 
94 27 
94 40 
95 37 
98 121 
100 42 
100 49 
101 97 
104 68 
106 26 
106 45 
108 6 
108 13 
108 14 
108 27 
108 30 
108 34 
108 35 
108 36 
108 44 
108 45 
108 58 
108 63 
108 80 
108 86 
108 94 
108 96 
109 27 
109 75 
109 115 
109 168 
110 17 
119 2 
119 3 
119 4 
119 5 
119 7 
119 9 
119 14 
119 15 
119 17 
119 22 
119 23 
119 25 
119 26 
119 27 
119 28 
119 30 
119 32 
119 33 
119 34 
119 35 
119 37 
119 40 
119 45 
119 51 
119 60 
119 77 
119 82 
119 86 
119 90 
119 98 
119 109 
119 117 
119 146 
121 73 
124 27 
133 33 
146 70 
