1 6 
1 7 
1 9 
1 15 
1 17 
1 19 
1 27 
1 28 
1 36 
1 44 
1 45 
1 80 
2 7 
2 9 
2 26 
2 34 
2 39 
2 99 
2 105 
2 150 
2 156 
2 166 
2 212 
3 14 
3 15 
3 22 
3 35 
3 37 
3 63 
3 68 
3 69 
3 74 
3 86 
3 87 
3 88 
4 3 
4 14 
4 15 
4 22 
4 27 
4 35 
4 63 
4 74 
5 7 
5 9 
5 96 
6 7 
6 9 
6 10 
6 19 
6 25 
6 112 
6 120 
6 128 
7 2 
7 6 
7 14 
7 15 
7 21 
7 23 
7 26 
7 27 
7 29 
7 32 
7 34 
7 36 
7 39 
7 44 
7 45 
7 48 
7 58 
7 60 
7 73 
7 76 
7 82 
7 99 
7 104 
7 105 
7 108 
7 120 
7 127 
7 139 
7 156 
8 6 
8 9 
8 26 
8 27 
8 34 
8 36 
8 45 
8 58 
8 99 
8 104 
8 105 
8 140 
9 2 
9 6 
9 8 
9 10 
9 14 
9 15 
9 21 
9 23 
9 26 
9 27 
9 29 
9 32 
9 34 
9 36 
9 39 
9 44 
9 45 
9 48 
9 58 
9 60 
9 73 
9 76 
9 82 
9 99 
9 104 
9 105 
9 108 
9 120 
9 127 
9 156 
10 2 
10 6 
10 8 
10 9 
10 14 
10 27 
10 29 
10 34 
10 36 
10 39 
10 44 
10 45 
10 60 
10 76 
10 139 
11 13 
11 14 
11 30 
11 36 
11 80 
11 102 
12 14 
13 98 
13 121 
14 3 
14 4 
14 6 
14 7 
14 9 
14 10 
14 11 
14 13 
14 15 
14 21 
14 22 
14 23 
14 25 
14 26 
14 27 
14 30 
14 31 
14 32 
14 35 
14 36 
14 37 
14 39 
14 44 
14 45 
14 48 
14 51 
14 54 
14 57 
14 59 
14 60 
14 62 
14 68 
14 71 
14 73 
14 74 
14 77 
14 78 
14 80 
14 82 
14 84 
14 86 
14 87 
14 88 
14 90 
14 91 
14 102 
14 104 
14 117 
14 119 
14 121 
14 148 
14 150 
14 156 
14 157 
14 166 
14 170 
14 180 
14 182 
14 187 
14 212 
15 3 
15 4 
15 7 
15 9 
15 10 
15 11 
15 13 
15 14 
15 21 
15 22 
15 27 
15 30 
15 31 
15 32 
15 34 
15 35 
15 36 
15 37 
15 40 
15 42 
15 44 
15 48 
15 52 
15 62 
15 63 
15 68 
15 69 
15 71 
15 73 
15 74 
15 80 
15 82 
15 83 
15 84 
15 86 
15 87 
15 88 
15 90 
15 98 
15 100 
15 102 
15 116 
15 121 
15 146 
15 148 
15 212 
16 97 
17 59 
17 80 
19 3 
19 6 
19 15 
19 17 
19 27 
19 28 
19 36 
19 44 
19 45 
21 44 
22 3 
22 4 
22 7 
22 10 
22 11 
22 13 
22 14 
22 15 
22 23 
22 25 
22 27 
22 30 
22 32 
22 35 
22 36 
22 37 
22 44 
22 48 
22 53 
22 60 
22 67 
22 68 
22 70 
22 71 
22 73 
22 77 
22 84 
22 88 
22 104 
22 116 
22 148 
23 7 
23 8 
23 10 
23 21 
23 22 
23 25 
23 27 
23 31 
23 90 
25 158 
25 187 
26 34 
26 212 
27 3 
27 4 
27 11 
27 13 
27 14 
27 15 
27 22 
27 30 
27 35 
27 36 
27 37 
27 44 
27 52 
27 53 
27 63 
27 68 
27 69 
27 73 
27 80 
27 84 
27 87 
27 88 
27 91 
27 98 
27 102 
27 109 
27 121 
27 134 
27 148 
28 2 
28 6 
28 11 
28 15 
28 17 
28 44 
28 45 
29 7 
29 8 
30 6 
30 15 
30 21 
30 27 
30 44 
30 63 
30 69 
30 73 
30 84 
30 87 
30 121 
32 117 
34 2 
34 6 
34 27 
34 29 
34 37 
34 99 
34 105 
34 109 
34 110 
34 139 
34 156 
34 212 
35 4 
35 11 
35 14 
35 15 
35 22 
35 25 
35 27 
35 30 
35 37 
35 39 
35 48 
35 53 
35 55 
35 59 
35 62 
35 68 
35 82 
35 91 
35 187 
36 11 
36 14 
36 80 
37 11 
37 14 
37 15 
37 26 
37 32 
37 35 
37 39 
37 69 
37 134 
38 32 
38 117 
39 6 
39 7 
39 8 
39 9 
39 26 
39 27 
39 34 
39 45 
39 63 
39 67 
39 212 
40 2 
40 3 
40 4 
40 14 
40 15 
40 19 
40 22 
40 23 
40 26 
40 27 
40 31 
40 35 
40 36 
40 37 
40 44 
40 67 
40 70 
40 80 
40 117 
40 150 
40 156 
42 32 
42 51 
42 117 
43 59 
43 113 
43 125 
43 146 
43 212 
44 11 
44 14 
44 15 
44 21 
44 22 
44 27 
44 34 
44 35 
44 37 
44 39 
44 62 
44 63 
44 69 
44 71 
44 88 
44 113 
44 128 
44 134 
44 148 
44 178 
45 2 
45 3 
45 4 
45 5 
45 6 
45 7 
45 8 
45 9 
45 10 
45 11 
45 13 
45 15 
45 16 
45 17 
45 18 
45 21 
45 22 
45 23 
45 25 
45 26 
45 27 
45 29 
45 30 
45 31 
45 32 
45 33 
45 34 
45 35 
45 36 
45 37 
45 39 
45 42 
45 44 
45 51 
45 52 
45 58 
45 59 
45 60 
45 62 
45 63 
45 66 
45 68 
45 69 
45 70 
45 71 
45 73 
45 76 
45 77 
45 79 
45 80 
45 82 
45 96 
45 97 
45 99 
45 102 
45 103 
45 105 
45 112 
45 117 
45 120 
45 127 
45 128 
45 134 
45 136 
45 146 
45 148 
45 158 
45 178 
45 182 
46 3 
46 15 
46 19 
46 32 
46 40 
46 42 
46 70 
46 100 
46 116 
46 133 
47 6 
47 27 
47 36 
49 2 
49 4 
49 5 
49 6 
49 7 
49 10 
49 11 
49 14 
49 15 
49 16 
49 22 
49 26 
49 27 
49 30 
49 32 
49 34 
49 35 
49 40 
49 42 
49 44 
49 45 
49 55 
49 60 
49 63 
49 69 
49 70 
49 73 
49 76 
49 80 
49 82 
49 84 
49 87 
49 91 
49 94 
49 95 
49 96 
49 103 
49 105 
49 109 
49 112 
49 116 
49 117 
49 121 
49 133 
49 134 
49 150 
49 158 
51 60 
52 3 
52 22 
52 32 
52 45 
52 68 
52 69 
58 16 
58 97 
58 128 
60 40 
60 51 
60 86 
63 3 
63 30 
63 32 
63 69 
63 84 
63 87 
68 3 
68 22 
68 30 
68 48 
68 52 
68 60 
68 62 
68 67 
68 84 
68 88 
68 90 
69 13 
69 22 
69 27 
69 37 
69 60 
69 63 
69 68 
69 73 
69 80 
69 84 
69 87 
69 98 
69 102 
70 32 
72 15 
72 32 
72 40 
73 13 
73 32 
73 44 
73 98 
73 100 
73 121 
74 4 
76 16 
76 45 
76 136 
78 91 
80 102 
82 14 
82 35 
82 36 
82 37 
82 53 
82 74 
83 22 
83 25 
83 30 
83 32 
83 42 
83 52 
83 84 
83 87 
83 88 
83 100 
83 117 
83 121 
86 3 
86 15 
86 22 
86 27 
86 32 
86 37 
86 42 
86 51 
86 52 
86 60 
86 68 
86 69 
86 77 
86 84 
86 88 
86 90 
87 3 
87 15 
87 30 
87 52 
87 63 
87 69 
87 88 
88 3 
88 22 
88 48 
88 52 
88 86 
89 6 
89 45 
89 116 
90 48 
90 52 
90 86 
91 14 
91 22 
91 156 
93 14 
93 33 
93 48 
93 77 
93 83 
96 2 
96 3 
96 4 
96 5 
96 6 
96 7 
96 8 
96 9 
96 10 
96 11 
96 13 
96 14 
96 15 
96 16 
96 22 
96 23 
96 27 
96 30 
96 31 
96 32 
96 34 
96 35 
96 36 
96 37 
96 39 
96 40 
96 42 
96 44 
96 45 
96 49 
96 51 
96 55 
96 58 
96 60 
96 62 
96 63 
96 66 
96 68 
96 69 
96 73 
96 76 
96 77 
96 79 
96 80 
96 82 
96 84 
96 86 
96 87 
96 88 
96 90 
96 94 
96 95 
96 97 
96 98 
96 102 
96 103 
96 105 
96 108 
96 109 
96 112 
96 116 
96 117 
96 121 
96 133 
96 156 
96 158 
96 182 
98 3 
98 13 
98 73 
98 121 
105 99 
107 53 
109 7 
109 8 
109 27 
109 71 
109 75 
109 92 
109 104 
109 113 
109 115 
109 119 
109 138 
109 150 
109 168 
110 212 
121 73 
121 98 
129 27 
147 39 
