2 2 
2 4 
2 5 
2 6 
2 7 
2 8 
2 9 
2 10 
2 11 
2 14 
2 15 
2 16 
2 17 
2 18 
2 22 
2 23 
2 25 
2 26 
2 27 
2 28 
2 29 
2 31 
2 32 
2 33 
2 34 
2 35 
2 37 
2 39 
2 44 
2 45 
2 49 
2 62 
2 68 
2 70 
2 76 
2 80 
2 82 
2 96 
2 99 
2 102 
2 105 
2 109 
2 110 
2 125 
2 134 
2 139 
2 146 
2 148 
2 150 
2 155 
2 156 
2 157 
2 158 
2 165 
2 166 
2 182 
2 212 
3 2 
3 4 
3 6 
3 7 
3 8 
3 9 
3 10 
3 11 
3 13 
3 14 
3 15 
3 19 
3 21 
3 22 
3 23 
3 25 
3 26 
3 27 
3 30 
3 31 
3 32 
3 33 
3 34 
3 35 
3 36 
3 37 
3 40 
3 42 
3 44 
3 45 
3 48 
3 51 
3 52 
3 60 
3 62 
3 63 
3 68 
3 69 
3 70 
3 72 
3 73 
3 74 
3 76 
3 77 
3 80 
3 82 
3 83 
3 84 
3 86 
3 87 
3 88 
3 90 
3 98 
3 102 
3 105 
3 108 
3 109 
3 116 
3 117 
3 121 
3 125 
3 133 
3 148 
3 150 
3 156 
3 182 
3 193 
4 2 
4 3 
4 5 
4 6 
4 7 
4 8 
4 9 
4 10 
4 11 
4 13 
4 14 
4 15 
4 16 
4 17 
4 18 
4 21 
4 22 
4 23 
4 25 
4 26 
4 27 
4 28 
4 29 
4 30 
4 31 
4 32 
4 33 
4 34 
4 35 
4 36 
4 37 
4 39 
4 40 
4 42 
4 44 
4 45 
4 48 
4 49 
4 51 
4 52 
4 53 
4 54 
4 55 
4 57 
4 58 
4 59 
4 60 
4 62 
4 63 
4 66 
4 67 
4 68 
4 69 
4 70 
4 71 
4 73 
4 74 
4 75 
4 76 
4 77 
4 78 
4 79 
4 80 
4 82 
4 83 
4 84 
4 86 
4 87 
4 88 
4 90 
4 91 
4 92 
4 96 
4 97 
4 98 
4 102 
4 104 
4 105 
4 108 
4 109 
4 112 
4 115 
4 116 
4 117 
4 119 
4 121 
4 125 
4 127 
4 128 
4 130 
4 133 
4 134 
4 140 
4 146 
4 148 
4 150 
4 156 
4 157 
4 158 
4 159 
4 168 
4 170 
4 173 
4 180 
4 181 
4 182 
4 193 
4 212 
4 213 
5 2 
5 5 
5 6 
5 7 
5 8 
5 9 
5 10 
5 14 
5 15 
5 16 
5 21 
5 23 
5 25 
5 26 
5 27 
5 29 
5 31 
5 32 
5 34 
5 35 
5 37 
5 39 
5 44 
5 45 
5 49 
5 53 
5 54 
5 55 
5 57 
5 58 
5 59 
5 66 
5 67 
5 70 
5 71 
5 76 
5 78 
5 79 
5 82 
5 86 
5 94 
5 95 
5 96 
5 97 
5 98 
5 99 
5 103 
5 104 
5 105 
5 108 
5 109 
5 112 
5 115 
5 116 
5 119 
5 120 
5 125 
5 127 
5 128 
5 130 
5 133 
5 134 
5 138 
5 150 
5 158 
5 166 
5 180 
5 182 
5 187 
5 193 
5 213 
6 2 
6 4 
6 5 
6 6 
6 7 
6 8 
6 9 
6 10 
6 11 
6 14 
6 15 
6 16 
6 17 
6 18 
6 21 
6 23 
6 25 
6 26 
6 27 
6 29 
6 30 
6 31 
6 32 
6 33 
6 34 
6 35 
6 36 
6 37 
6 39 
6 44 
6 45 
6 54 
6 55 
6 58 
6 59 
6 66 
6 76 
6 79 
6 80 
6 92 
6 94 
6 96 
6 97 
6 102 
6 103 
6 104 
6 105 
6 108 
6 109 
6 112 
6 113 
6 119 
6 120 
6 125 
6 127 
6 128 
6 134 
6 136 
6 146 
6 158 
6 170 
6 178 
6 182 
6 212 
7 2 
7 3 
7 4 
7 5 
7 6 
7 11 
7 13 
7 14 
7 15 
7 16 
7 17 
7 18 
7 21 
7 22 
7 23 
7 25 
7 26 
7 27 
7 28 
7 29 
7 30 
7 31 
7 32 
7 33 
7 34 
7 35 
7 36 
7 37 
7 39 
7 40 
7 42 
7 44 
7 45 
7 48 
7 49 
7 51 
7 52 
7 54 
7 55 
7 57 
7 58 
7 59 
7 60 
7 62 
7 63 
7 67 
7 68 
7 69 
7 70 
7 71 
7 72 
7 75 
7 76 
7 78 
7 79 
7 80 
7 82 
7 83 
7 84 
7 86 
7 90 
7 92 
7 94 
7 95 
7 96 
7 97 
7 99 
7 102 
7 103 
7 104 
7 105 
7 108 
7 109 
7 110 
7 112 
7 113 
7 115 
7 116 
7 117 
7 118 
7 119 
7 120 
7 121 
7 125 
7 127 
7 130 
7 133 
7 134 
7 136 
7 138 
7 139 
7 146 
7 150 
7 155 
7 156 
7 157 
7 158 
7 165 
7 166 
7 168 
7 170 
7 173 
7 178 
7 180 
7 181 
7 182 
7 187 
7 193 
7 212 
7 213 
8 2 
8 3 
8 4 
8 5 
8 6 
8 9 
8 10 
8 11 
8 14 
8 15 
8 16 
8 18 
8 21 
8 23 
8 26 
8 27 
8 29 
8 31 
8 32 
8 34 
8 36 
8 37 
8 39 
8 44 
8 45 
8 52 
8 57 
8 58 
8 59 
8 63 
8 70 
8 76 
8 80 
8 82 
8 94 
8 97 
8 99 
8 104 
8 105 
8 109 
8 118 
8 119 
8 127 
8 134 
8 139 
8 140 
8 146 
8 150 
8 155 
8 156 
8 166 
8 170 
8 173 
8 182 
8 193 
9 2 
9 3 
9 4 
9 5 
9 6 
9 8 
9 9 
9 10 
9 11 
9 13 
9 14 
9 15 
9 16 
9 17 
9 18 
9 21 
9 22 
9 23 
9 25 
9 26 
9 27 
9 28 
9 29 
9 30 
9 31 
9 32 
9 33 
9 34 
9 35 
9 36 
9 37 
9 39 
9 40 
9 42 
9 44 
9 45 
9 48 
9 49 
9 51 
9 52 
9 54 
9 55 
9 57 
9 58 
9 59 
9 60 
9 62 
9 63 
9 67 
9 68 
9 69 
9 70 
9 71 
9 72 
9 75 
9 76 
9 78 
9 79 
9 80 
9 82 
9 83 
9 84 
9 86 
9 90 
9 92 
9 94 
9 95 
9 96 
9 97 
9 99 
9 102 
9 103 
9 104 
9 105 
9 108 
9 109 
9 110 
9 112 
9 113 
9 116 
9 117 
9 119 
9 120 
9 121 
9 125 
9 127 
9 130 
9 133 
9 134 
9 136 
9 138 
9 139 
9 140 
9 146 
9 150 
9 156 
9 157 
9 158 
9 165 
9 166 
9 168 
9 170 
9 173 
9 178 
9 180 
9 181 
9 182 
9 187 
9 193 
9 212 
9 213 
10 2 
10 3 
10 4 
10 5 
10 6 
10 8 
10 9 
10 14 
10 15 
10 17 
10 18 
10 22 
10 23 
10 25 
10 26 
10 27 
10 29 
10 31 
10 32 
10 34 
10 35 
10 36 
10 37 
10 39 
10 44 
10 45 
10 49 
10 58 
10 59 
10 69 
10 76 
10 79 
10 80 
10 82 
10 96 
10 102 
10 105 
10 108 
10 109 
10 115 
10 136 
10 139 
10 140 
10 150 
10 155 
10 182 
11 2 
11 3 
11 4 
11 5 
11 6 
11 7 
11 8 
11 9 
11 10 
11 13 
11 14 
11 15 
11 16 
11 17 
11 21 
11 22 
11 23 
11 25 
11 26 
11 27 
11 28 
11 29 
11 30 
11 31 
11 32 
11 33 
11 34 
11 35 
11 36 
11 37 
11 39 
11 42 
11 44 
11 45 
11 49 
11 52 
11 54 
11 55 
11 58 
11 59 
11 60 
11 62 
11 63 
11 66 
11 67 
11 68 
11 69 
11 70 
11 71 
11 72 
11 73 
11 74 
11 76 
11 78 
11 79 
11 80 
11 82 
11 83 
11 84 
11 86 
11 87 
11 88 
11 92 
11 94 
11 96 
11 97 
11 98 
11 99 
11 102 
11 103 
11 105 
11 108 
11 109 
11 110 
11 112 
11 113 
11 116 
11 117 
11 119 
11 120 
11 121 
11 125 
11 127 
11 128 
11 133 
11 134 
11 139 
11 146 
11 148 
11 150 
11 156 
11 158 
11 168 
11 170 
11 173 
11 180 
11 182 
11 187 
11 193 
12 2 
12 3 
12 6 
12 14 
12 22 
12 25 
12 27 
12 33 
12 36 
12 44 
12 45 
12 54 
12 57 
12 59 
12 67 
12 70 
12 71 
12 75 
12 78 
12 89 
12 92 
12 104 
12 105 
12 109 
12 119 
12 125 
12 134 
12 146 
12 150 
12 157 
12 158 
12 180 
12 181 
12 187 
12 213 
13 4 
13 6 
13 7 
13 9 
13 11 
13 14 
13 15 
13 21 
13 22 
13 27 
13 31 
13 32 
13 35 
13 36 
13 42 
13 44 
13 73 
13 74 
13 80 
13 82 
13 83 
13 98 
13 117 
13 121 
13 133 
13 134 
14 2 
14 3 
14 4 
14 5 
14 6 
14 7 
14 8 
14 9 
14 10 
14 11 
14 13 
14 15 
14 17 
14 18 
14 21 
14 22 
14 23 
14 25 
14 26 
14 27 
14 28 
14 29 
14 30 
14 31 
14 32 
14 33 
14 34 
14 35 
14 36 
14 37 
14 39 
14 40 
14 42 
14 44 
14 45 
14 48 
14 49 
14 51 
14 52 
14 53 
14 54 
14 55 
14 57 
14 58 
14 59 
14 60 
14 62 
14 63 
14 67 
14 68 
14 69 
14 70 
14 73 
14 74 
14 76 
14 78 
14 79 
14 80 
14 82 
14 83 
14 84 
14 86 
14 87 
14 88 
14 91 
14 96 
14 97 
14 98 
14 100 
14 102 
14 103 
14 104 
14 105 
14 109 
14 112 
14 117 
14 118 
14 119 
14 120 
14 121 
14 125 
14 127 
14 128 
14 133 
14 134 
14 139 
14 140 
14 146 
14 148 
14 150 
14 156 
14 157 
14 158 
14 166 
14 170 
14 173 
14 180 
14 182 
14 187 
14 193 
14 212 
14 213 
15 2 
15 3 
15 4 
15 5 
15 6 
15 7 
15 8 
15 9 
15 10 
15 11 
15 13 
15 14 
15 16 
15 17 
15 18 
15 19 
15 21 
15 22 
15 23 
15 25 
15 26 
15 27 
15 28 
15 29 
15 30 
15 31 
15 32 
15 33 
15 34 
15 35 
15 36 
15 37 
15 39 
15 40 
15 42 
15 44 
15 45 
15 48 
15 49 
15 51 
15 52 
15 54 
15 55 
15 57 
15 58 
15 59 
15 60 
15 62 
15 63 
15 66 
15 67 
15 68 
15 69 
15 70 
15 71 
15 72 
15 73 
15 74 
15 76 
15 77 
15 78 
15 79 
15 80 
15 82 
15 83 
15 84 
15 86 
15 87 
15 88 
15 90 
15 91 
15 92 
15 94 
15 95 
15 96 
15 97 
15 98 
15 100 
15 102 
15 103 
15 105 
15 108 
15 109 
15 112 
15 113 
15 116 
15 117 
15 119 
15 121 
15 125 
15 127 
15 133 
15 134 
15 139 
15 146 
15 148 
15 150 
15 155 
15 156 
15 157 
15 158 
15 168 
15 182 
15 187 
15 193 
15 212 
15 213 
16 5 
16 6 
16 14 
16 22 
16 45 
16 58 
16 76 
16 79 
16 96 
16 97 
16 103 
16 108 
16 120 
16 136 
17 2 
17 3 
17 4 
17 6 
17 7 
17 8 
17 9 
17 10 
17 11 
17 14 
17 15 
17 21 
17 22 
17 23 
17 25 
17 26 
17 27 
17 28 
17 29 
17 30 
17 31 
17 32 
17 33 
17 34 
17 36 
17 37 
17 39 
17 40 
17 44 
17 45 
17 54 
17 57 
17 58 
17 59 
17 63 
17 67 
17 68 
17 70 
17 71 
17 75 
17 76 
17 78 
17 79 
17 80 
17 82 
17 92 
17 96 
17 99 
17 102 
17 104 
17 105 
17 109 
17 110 
17 112 
17 113 
17 115 
17 116 
17 117 
17 118 
17 119 
17 120 
17 125 
17 134 
17 138 
17 139 
17 146 
17 150 
17 155 
17 156 
17 157 
17 158 
17 165 
17 170 
17 173 
17 180 
17 181 
17 187 
17 190 
17 193 
17 212 
17 213 
18 2 
18 4 
18 5 
18 6 
18 7 
18 8 
18 9 
18 10 
18 11 
18 13 
18 14 
18 15 
18 17 
18 18 
18 19 
18 21 
18 23 
18 25 
18 26 
18 27 
18 28 
18 29 
18 31 
18 33 
18 34 
18 37 
18 39 
18 44 
18 45 
18 54 
18 57 
18 59 
18 70 
18 71 
18 75 
18 76 
18 80 
18 92 
18 96 
18 99 
18 104 
18 105 
18 108 
18 109 
18 110 
18 112 
18 116 
18 119 
18 120 
18 125 
18 130 
18 134 
18 139 
18 146 
18 150 
18 155 
18 156 
18 157 
18 158 
18 165 
18 166 
18 170 
18 173 
18 180 
18 182 
18 193 
18 212 
18 213 
19 2 
19 3 
19 4 
19 6 
19 7 
19 10 
19 11 
19 14 
19 15 
19 25 
19 26 
19 27 
19 28 
19 32 
19 36 
19 37 
19 40 
19 44 
19 45 
19 51 
19 54 
19 57 
19 59 
19 71 
19 72 
19 84 
19 91 
19 92 
19 95 
19 98 
19 100 
19 104 
19 105 
19 109 
19 116 
19 119 
19 125 
19 133 
19 134 
19 146 
19 150 
19 158 
19 170 
19 212 
20 40 
20 84 
21 2 
21 3 
21 4 
21 5 
21 6 
21 11 
21 14 
21 15 
21 22 
21 25 
21 27 
21 28 
21 35 
21 36 
21 37 
21 44 
21 45 
21 51 
21 52 
21 63 
21 70 
21 73 
21 74 
21 80 
21 82 
21 84 
21 102 
21 109 
21 125 
21 134 
21 146 
21 148 
21 150 
21 156 
21 182 
22 2 
22 3 
22 4 
22 5 
22 6 
22 7 
22 8 
22 9 
22 10 
22 11 
22 13 
22 14 
22 15 
22 16 
22 17 
22 18 
22 19 
22 21 
22 23 
22 25 
22 26 
22 27 
22 28 
22 29 
22 30 
22 31 
22 32 
22 33 
22 34 
22 35 
22 36 
22 37 
22 39 
22 40 
22 42 
22 44 
22 45 
22 48 
22 49 
22 51 
22 52 
22 53 
22 54 
22 55 
22 57 
22 58 
22 59 
22 60 
22 62 
22 63 
22 66 
22 67 
22 68 
22 69 
22 70 
22 71 
22 72 
22 73 
22 74 
22 76 
22 77 
22 78 
22 79 
22 80 
22 82 
22 83 
22 84 
22 86 
22 87 
22 88 
22 89 
22 90 
22 91 
22 92 
22 94 
22 95 
22 96 
22 97 
22 98 
22 100 
22 102 
22 104 
22 105 
22 108 
22 109 
22 112 
22 113 
22 115 
22 116 
22 117 
22 118 
22 119 
22 121 
22 125 
22 127 
22 128 
22 133 
22 134 
22 138 
22 139 
22 146 
22 148 
22 150 
22 155 
22 156 
22 157 
22 158 
22 166 
22 168 
22 170 
22 178 
22 180 
22 182 
22 187 
22 212 
22 213 
23 2 
23 3 
23 4 
23 5 
23 6 
23 7 
23 8 
23 9 
23 10 
23 11 
23 13 
23 14 
23 15 
23 17 
23 18 
23 22 
23 25 
23 26 
23 27 
23 28 
23 29 
23 30 
23 31 
23 32 
23 33 
23 34 
23 35 
23 36 
23 37 
23 39 
23 40 
23 42 
23 44 
23 45 
23 49 
23 52 
23 59 
23 60 
23 63 
23 68 
23 70 
23 71 
23 76 
23 79 
23 80 
23 82 
23 91 
23 99 
23 105 
23 108 
23 109 
23 113 
23 117 
23 119 
23 125 
23 134 
23 139 
23 140 
23 146 
23 150 
23 155 
23 156 
23 157 
23 182 
24 7 
24 9 
24 15 
24 32 
24 72 
24 100 
24 133 
25 2 
25 4 
25 5 
25 6 
25 11 
25 14 
25 15 
25 22 
25 25 
25 27 
25 30 
25 33 
25 36 
25 37 
25 44 
25 45 
25 54 
25 57 
25 58 
25 62 
25 63 
25 68 
25 78 
25 80 
25 94 
25 105 
25 115 
25 118 
25 119 
25 125 
25 134 
25 146 
25 157 
25 158 
25 170 
25 173 
25 180 
25 187 
25 193 
25 213 
26 2 
26 4 
26 6 
26 7 
26 8 
26 9 
26 10 
26 14 
26 15 
26 17 
26 18 
26 19 
26 21 
26 22 
26 23 
26 25 
26 26 
26 27 
26 28 
26 29 
26 31 
26 32 
26 33 
26 34 
26 36 
26 37 
26 39 
26 44 
26 45 
26 54 
26 57 
26 59 
26 60 
26 62 
26 70 
26 71 
26 76 
26 80 
26 86 
26 91 
26 92 
26 99 
26 103 
26 104 
26 105 
26 109 
26 110 
26 112 
26 113 
26 116 
26 119 
26 120 
26 125 
26 130 
26 133 
26 134 
26 139 
26 146 
26 150 
26 155 
26 156 
26 157 
26 158 
26 165 
26 166 
26 170 
26 173 
26 180 
26 182 
26 190 
26 193 
26 212 
26 213 
27 2 
27 3 
27 4 
27 5 
27 6 
27 7 
27 8 
27 9 
27 10 
27 11 
27 13 
27 14 
27 15 
27 17 
27 18 
27 21 
27 22 
27 23 
27 25 
27 26 
27 29 
27 30 
27 31 
27 32 
27 33 
27 34 
27 35 
27 36 
27 37 
27 39 
27 40 
27 42 
27 44 
27 45 
27 48 
27 49 
27 51 
27 52 
27 53 
27 54 
27 55 
27 57 
27 58 
27 59 
27 60 
27 62 
27 63 
27 67 
27 68 
27 69 
27 70 
27 71 
27 73 
27 74 
27 76 
27 77 
27 78 
27 80 
27 82 
27 83 
27 84 
27 86 
27 87 
27 88 
27 89 
27 90 
27 91 
27 92 
27 94 
27 95 
27 96 
27 98 
27 100 
27 102 
27 105 
27 109 
27 112 
27 113 
27 116 
27 117 
27 119 
27 120 
27 121 
27 125 
27 127 
27 128 
27 130 
27 133 
27 134 
27 139 
27 146 
27 148 
27 150 
27 156 
27 157 
27 158 
27 170 
27 178 
27 180 
27 182 
27 187 
27 193 
27 212 
27 213 
28 2 
28 3 
28 4 
28 6 
28 7 
28 8 
28 10 
28 11 
28 14 
28 15 
28 22 
28 25 
28 26 
28 27 
28 31 
28 33 
28 34 
28 37 
28 44 
28 45 
28 53 
28 57 
28 67 
28 71 
28 72 
28 80 
28 92 
28 104 
28 105 
28 109 
28 110 
28 113 
28 115 
28 117 
28 119 
28 125 
28 134 
28 138 
28 146 
28 150 
28 158 
28 187 
29 2 
29 4 
29 6 
29 7 
29 8 
29 9 
29 10 
29 11 
29 14 
29 15 
29 16 
29 21 
29 22 
29 23 
29 25 
29 26 
29 27 
29 31 
29 32 
29 33 
29 34 
29 35 
29 36 
29 37 
29 39 
29 44 
29 45 
29 62 
29 67 
29 68 
29 70 
29 76 
29 80 
29 82 
29 99 
29 102 
29 105 
29 109 
29 119 
29 125 
29 127 
29 130 
29 134 
29 139 
29 140 
29 146 
29 155 
29 158 
29 165 
29 166 
29 182 
29 212 
30 2 
30 3 
30 4 
30 5 
30 6 
30 7 
30 8 
30 9 
30 10 
30 11 
30 13 
30 14 
30 15 
30 17 
30 21 
30 22 
30 23 
30 25 
30 26 
30 27 
30 29 
30 31 
30 32 
30 33 
30 34 
30 35 
30 36 
30 37 
30 39 
30 40 
30 42 
30 44 
30 45 
30 48 
30 49 
30 51 
30 52 
30 59 
30 60 
30 62 
30 63 
30 68 
30 69 
30 70 
30 71 
30 72 
30 73 
30 76 
30 77 
30 78 
30 80 
30 82 
30 83 
30 84 
30 86 
30 87 
30 88 
30 90 
30 91 
30 96 
30 98 
30 100 
30 102 
30 105 
30 109 
30 112 
30 116 
30 117 
30 121 
30 125 
30 133 
30 134 
30 146 
30 148 
30 150 
30 156 
30 158 
30 182 
31 2 
31 3 
31 4 
31 5 
31 6 
31 7 
31 8 
31 9 
31 10 
31 14 
31 15 
31 16 
31 17 
31 18 
31 21 
31 22 
31 23 
31 26 
31 27 
31 29 
31 32 
31 33 
31 34 
31 35 
31 37 
31 39 
31 40 
31 44 
31 45 
31 49 
31 59 
31 63 
31 70 
31 71 
31 72 
31 73 
31 76 
31 79 
31 80 
31 87 
31 95 
31 96 
31 99 
31 105 
31 108 
31 109 
31 110 
31 116 
31 119 
31 125 
31 127 
31 133 
31 134 
31 139 
31 146 
31 150 
31 155 
31 158 
31 212 
31 213 
32 2 
32 3 
32 4 
32 6 
32 7 
32 9 
32 14 
32 15 
32 22 
32 25 
32 30 
32 31 
32 42 
32 44 
32 45 
32 52 
32 60 
32 62 
32 63 
32 68 
32 70 
32 72 
32 73 
32 76 
32 80 
32 83 
32 86 
32 87 
32 98 
32 100 
32 105 
32 116 
32 117 
32 119 
32 121 
32 133 
32 146 
33 2 
33 4 
33 6 
33 7 
33 10 
33 11 
33 14 
33 15 
33 17 
33 25 
33 26 
33 27 
33 28 
33 29 
33 31 
33 34 
33 36 
33 37 
33 39 
33 44 
33 45 
33 54 
33 59 
33 62 
33 67 
33 68 
33 71 
33 75 
33 76 
33 78 
33 89 
33 91 
33 92 
33 104 
33 105 
33 109 
33 110 
33 113 
33 115 
33 116 
33 119 
33 120 
33 125 
33 134 
33 146 
33 155 
33 157 
33 158 
33 166 
33 170 
33 173 
33 212 
33 213 
34 2 
34 3 
34 4 
34 6 
34 7 
34 8 
34 9 
34 10 
34 11 
34 14 
34 15 
34 17 
34 18 
34 21 
34 22 
34 23 
34 25 
34 26 
34 27 
34 29 
34 31 
34 32 
34 33 
34 35 
34 36 
34 37 
34 39 
34 40 
34 44 
34 45 
34 54 
34 55 
34 62 
34 68 
34 70 
34 71 
34 76 
34 80 
34 96 
34 99 
34 102 
34 104 
34 105 
34 108 
34 109 
34 110 
34 119 
34 125 
34 128 
34 134 
34 138 
34 139 
34 140 
34 146 
34 150 
34 155 
34 156 
34 158 
34 165 
34 166 
34 168 
34 180 
34 182 
34 193 
34 212 
35 2 
35 3 
35 4 
35 5 
35 6 
35 7 
35 8 
35 9 
35 10 
35 11 
35 13 
35 14 
35 15 
35 16 
35 17 
35 18 
35 19 
35 21 
35 22 
35 23 
35 25 
35 26 
35 27 
35 28 
35 29 
35 30 
35 31 
35 32 
35 33 
35 34 
35 35 
35 36 
35 37 
35 39 
35 40 
35 42 
35 44 
35 45 
35 48 
35 49 
35 51 
35 52 
35 53 
35 54 
35 55 
35 57 
35 58 
35 59 
35 60 
35 62 
35 63 
35 66 
35 67 
35 68 
35 69 
35 70 
35 73 
35 74 
35 76 
35 78 
35 79 
35 80 
35 82 
35 83 
35 84 
35 86 
35 87 
35 88 
35 90 
35 91 
35 92 
35 94 
35 96 
35 98 
35 102 
35 103 
35 104 
35 105 
35 108 
35 109 
35 112 
35 116 
35 117 
35 119 
35 121 
35 125 
35 127 
35 130 
35 134 
35 146 
35 148 
35 150 
35 155 
35 156 
35 157 
35 158 
35 170 
35 173 
35 180 
35 182 
35 187 
35 193 
35 212 
35 213 
36 2 
36 3 
36 4 
36 5 
36 6 
36 7 
36 8 
36 9 
36 10 
36 11 
36 13 
36 14 
36 15 
36 18 
36 22 
36 23 
36 25 
36 26 
36 27 
36 30 
36 32 
36 34 
36 35 
36 37 
36 39 
36 40 
36 42 
36 44 
36 45 
36 48 
36 51 
36 55 
36 58 
36 60 
36 62 
36 63 
36 68 
36 69 
36 70 
36 73 
36 74 
36 76 
36 80 
36 82 
36 84 
36 87 
36 88 
36 96 
36 98 
36 102 
36 105 
36 117 
36 121 
36 148 
36 150 
36 157 
36 158 
36 178 
36 182 
37 2 
37 3 
37 4 
37 5 
37 6 
37 7 
37 8 
37 9 
37 10 
37 11 
37 13 
37 14 
37 15 
37 17 
37 18 
37 21 
37 22 
37 23 
37 25 
37 26 
37 27 
37 29 
37 30 
37 31 
37 32 
37 33 
37 34 
37 35 
37 36 
37 39 
37 40 
37 42 
37 44 
37 45 
37 48 
37 49 
37 51 
37 52 
37 58 
37 59 
37 60 
37 63 
37 68 
37 69 
37 70 
37 72 
37 73 
37 74 
37 76 
37 77 
37 78 
37 80 
37 82 
37 83 
37 86 
37 87 
37 94 
37 95 
37 97 
37 98 
37 99 
37 104 
37 105 
37 108 
37 109 
37 116 
37 117 
37 119 
37 125 
37 127 
37 128 
37 133 
37 134 
37 136 
37 139 
37 146 
37 148 
37 150 
37 156 
37 158 
37 181 
37 182 
37 187 
37 212 
39 2 
39 3 
39 4 
39 5 
39 6 
39 7 
39 8 
39 9 
39 10 
39 11 
39 13 
39 14 
39 15 
39 17 
39 18 
39 21 
39 22 
39 23 
39 25 
39 26 
39 27 
39 28 
39 29 
39 30 
39 31 
39 32 
39 33 
39 34 
39 35 
39 36 
39 37 
39 39 
39 40 
39 42 
39 44 
39 45 
39 54 
39 62 
39 63 
39 67 
39 68 
39 70 
39 76 
39 78 
39 80 
39 82 
39 90 
39 94 
39 96 
39 97 
39 99 
39 102 
39 104 
39 105 
39 108 
39 109 
39 112 
39 119 
39 125 
39 130 
39 134 
39 136 
39 139 
39 140 
39 146 
39 148 
39 150 
39 155 
39 156 
39 158 
39 166 
39 173 
39 182 
39 190 
39 212 
40 2 
40 3 
40 4 
40 5 
40 6 
40 7 
40 8 
40 9 
40 10 
40 11 
40 13 
40 14 
40 15 
40 16 
40 17 
40 18 
40 19 
40 22 
40 23 
40 25 
40 26 
40 27 
40 28 
40 30 
40 31 
40 32 
40 33 
40 34 
40 35 
40 36 
40 37 
40 39 
40 42 
40 44 
40 45 
40 48 
40 49 
40 51 
40 52 
40 53 
40 54 
40 55 
40 58 
40 59 
40 60 
40 63 
40 67 
40 68 
40 69 
40 70 
40 71 
40 72 
40 73 
40 76 
40 77 
40 78 
40 79 
40 80 
40 82 
40 83 
40 84 
40 86 
40 87 
40 88 
40 89 
40 90 
40 91 
40 92 
40 94 
40 95 
40 97 
40 98 
40 100 
40 102 
40 103 
40 104 
40 105 
40 109 
40 112 
40 113 
40 119 
40 120 
40 121 
40 125 
40 128 
40 130 
40 133 
40 134 
40 136 
40 146 
40 148 
40 150 
40 155 
40 156 
40 157 
40 158 
40 170 
40 173 
40 180 
40 182 
40 187 
40 193 
40 212 
40 213 
41 94 
42 2 
42 3 
42 4 
42 6 
42 7 
42 9 
42 14 
42 15 
42 30 
42 32 
42 37 
42 45 
42 48 
42 63 
42 68 
42 70 
42 72 
42 73 
42 75 
42 80 
42 83 
42 84 
42 87 
42 90 
42 98 
42 100 
42 116 
42 117 
42 121 
42 133 
42 155 
42 182 
43 2 
43 4 
43 6 
43 7 
43 8 
43 9 
43 11 
43 14 
43 17 
43 18 
43 19 
43 21 
43 23 
43 25 
43 26 
43 29 
43 31 
43 33 
43 34 
43 37 
43 39 
43 44 
43 45 
43 53 
43 54 
43 57 
43 59 
43 62 
43 67 
43 68 
43 71 
43 72 
43 75 
43 76 
43 78 
43 89 
43 91 
43 92 
43 94 
43 99 
43 104 
43 105 
43 109 
43 110 
43 113 
43 115 
43 116 
43 118 
43 119 
43 120 
43 125 
43 130 
43 133 
43 134 
43 138 
43 146 
43 150 
43 155 
43 156 
43 157 
43 158 
43 165 
43 168 
43 170 
43 173 
43 180 
43 181 
43 187 
43 193 
43 212 
43 213 
44 2 
44 3 
44 4 
44 5 
44 6 
44 7 
44 8 
44 9 
44 10 
44 11 
44 13 
44 14 
44 15 
44 17 
44 18 
44 19 
44 21 
44 22 
44 23 
44 25 
44 26 
44 27 
44 28 
44 29 
44 30 
44 31 
44 32 
44 33 
44 34 
44 35 
44 36 
44 37 
44 39 
44 40 
44 42 
44 45 
44 48 
44 49 
44 51 
44 52 
44 54 
44 55 
44 58 
44 59 
44 60 
44 62 
44 63 
44 66 
44 67 
44 68 
44 69 
44 70 
44 71 
44 73 
44 74 
44 75 
44 76 
44 77 
44 78 
44 80 
44 82 
44 84 
44 86 
44 87 
44 88 
44 91 
44 92 
44 94 
44 95 
44 96 
44 97 
44 98 
44 99 
44 102 
44 103 
44 104 
44 105 
44 108 
44 109 
44 110 
44 112 
44 113 
44 115 
44 116 
44 119 
44 120 
44 121 
44 125 
44 128 
44 134 
44 136 
44 138 
44 146 
44 148 
44 150 
44 155 
44 156 
44 158 
44 168 
44 170 
44 178 
44 180 
44 182 
44 187 
44 193 
44 212 
45 2 
45 3 
45 4 
45 5 
45 6 
45 7 
45 8 
45 9 
45 10 
45 11 
45 13 
45 14 
45 15 
45 16 
45 17 
45 18 
45 21 
45 22 
45 23 
45 25 
45 26 
45 27 
45 28 
45 29 
45 30 
45 31 
45 32 
45 33 
45 34 
45 35 
45 36 
45 37 
45 39 
45 40 
45 42 
45 44 
45 48 
45 49 
45 53 
45 54 
45 55 
45 58 
45 59 
45 60 
45 62 
45 63 
45 66 
45 67 
45 68 
45 69 
45 70 
45 71 
45 76 
45 78 
45 79 
45 80 
45 82 
45 83 
45 84 
45 88 
45 90 
45 92 
45 94 
45 95 
45 96 
45 97 
45 99 
45 102 
45 103 
45 105 
45 108 
45 109 
45 110 
45 112 
45 113 
45 117 
45 119 
45 120 
45 125 
45 127 
45 128 
45 130 
45 133 
45 134 
45 136 
45 139 
45 140 
45 146 
45 148 
45 155 
45 156 
45 158 
45 165 
45 166 
45 168 
45 173 
45 178 
45 180 
45 182 
45 187 
45 193 
45 212 
46 72 
47 2 
47 3 
47 4 
47 5 
47 6 
47 7 
47 8 
47 9 
47 10 
47 11 
47 13 
47 14 
47 15 
47 17 
47 18 
47 21 
47 22 
47 23 
47 25 
47 26 
47 27 
47 29 
47 30 
47 31 
47 32 
47 33 
47 34 
47 35 
47 36 
47 37 
47 39 
47 40 
47 44 
47 45 
47 57 
47 59 
47 60 
47 63 
47 68 
47 69 
47 70 
47 71 
47 76 
47 80 
47 83 
47 84 
47 92 
47 100 
47 102 
47 104 
47 105 
47 109 
47 117 
47 119 
47 125 
47 133 
47 139 
47 146 
47 150 
47 155 
47 156 
47 158 
47 170 
47 180 
47 182 
47 193 
47 212 
48 25 
48 52 
48 59 
48 68 
48 90 
48 173 
49 2 
49 5 
49 6 
49 7 
49 9 
49 10 
49 14 
49 15 
49 16 
49 22 
49 23 
49 26 
49 29 
49 32 
49 35 
49 45 
49 48 
49 52 
49 53 
49 55 
49 57 
49 58 
49 66 
49 70 
49 76 
49 82 
49 84 
49 94 
49 95 
49 96 
49 97 
49 98 
49 99 
49 103 
49 104 
49 108 
49 109 
49 112 
49 115 
49 125 
49 128 
49 130 
49 133 
49 150 
49 155 
49 158 
49 178 
51 2 
51 3 
51 6 
51 11 
51 14 
51 15 
51 27 
51 36 
51 37 
51 44 
51 45 
51 48 
51 60 
51 69 
51 77 
51 86 
51 87 
51 88 
51 90 
52 2 
52 3 
52 4 
52 6 
52 7 
52 9 
52 11 
52 14 
52 15 
52 22 
52 25 
52 27 
52 30 
52 32 
52 33 
52 35 
52 36 
52 37 
52 39 
52 40 
52 42 
52 44 
52 45 
52 48 
52 49 
52 51 
52 60 
52 62 
52 63 
52 68 
52 69 
52 70 
52 73 
52 76 
52 77 
52 78 
52 80 
52 83 
52 84 
52 86 
52 87 
52 88 
52 90 
52 94 
52 98 
52 99 
52 100 
52 116 
52 121 
52 133 
52 146 
52 148 
52 155 
52 158 
53 45 
53 82 
54 14 
54 34 
54 57 
54 118 
55 2 
55 5 
55 6 
55 7 
55 8 
55 14 
55 16 
55 22 
55 27 
55 32 
55 35 
55 37 
55 39 
55 44 
55 45 
55 49 
55 55 
55 57 
55 58 
55 66 
55 76 
55 82 
55 94 
55 95 
55 96 
55 97 
55 103 
55 105 
55 108 
55 112 
55 119 
55 120 
55 127 
55 128 
55 130 
55 136 
55 148 
55 178 
55 213 
57 14 
58 2 
58 6 
58 16 
58 22 
58 45 
58 55 
58 79 
58 96 
58 97 
58 103 
58 112 
58 120 
58 128 
58 130 
58 136 
59 14 
59 54 
59 57 
59 113 
59 119 
59 157 
59 170 
59 173 
59 180 
60 2 
60 3 
60 6 
60 7 
60 8 
60 9 
60 11 
60 14 
60 15 
60 27 
60 30 
60 32 
60 33 
60 36 
60 37 
60 44 
60 45 
60 51 
60 52 
60 63 
60 69 
60 72 
60 77 
60 80 
60 82 
60 84 
60 86 
60 87 
60 88 
60 90 
60 102 
60 105 
60 117 
60 146 
60 148 
61 23 
62 6 
62 7 
62 8 
62 27 
62 34 
62 44 
62 45 
62 68 
62 70 
62 125 
62 134 
62 156 
62 166 
63 3 
63 4 
63 6 
63 7 
63 9 
63 11 
63 13 
63 14 
63 15 
63 22 
63 27 
63 30 
63 32 
63 33 
63 34 
63 35 
63 36 
63 37 
63 40 
63 42 
63 44 
63 45 
63 51 
63 52 
63 59 
63 60 
63 62 
63 68 
63 69 
63 73 
63 77 
63 78 
63 80 
63 82 
63 84 
63 86 
63 87 
63 88 
63 98 
63 100 
63 102 
63 117 
63 133 
63 134 
63 148 
63 150 
63 156 
63 158 
63 182 
64 103 
64 130 
65 6 
65 14 
65 35 
65 37 
65 45 
65 100 
65 103 
65 120 
65 127 
65 128 
66 14 
66 22 
66 35 
66 45 
66 55 
66 79 
66 94 
66 96 
66 108 
66 158 
67 44 
67 45 
67 80 
68 2 
68 3 
68 4 
68 5 
68 6 
68 7 
68 9 
68 11 
68 13 
68 14 
68 15 
68 17 
68 22 
68 23 
68 25 
68 26 
68 27 
68 30 
68 32 
68 33 
68 34 
68 35 
68 36 
68 39 
68 40 
68 44 
68 45 
68 48 
68 49 
68 52 
68 59 
68 60 
68 62 
68 63 
68 67 
68 69 
68 70 
68 71 
68 76 
68 77 
68 78 
68 80 
68 82 
68 83 
68 84 
68 86 
68 87 
68 88 
68 90 
68 98 
68 100 
68 105 
68 109 
68 116 
68 119 
68 121 
68 146 
68 148 
68 156 
68 182 
68 213 
69 2 
69 3 
69 4 
69 5 
69 6 
69 11 
69 13 
69 14 
69 15 
69 21 
69 22 
69 25 
69 27 
69 30 
69 32 
69 35 
69 36 
69 37 
69 42 
69 44 
69 45 
69 48 
69 51 
69 52 
69 60 
69 62 
69 63 
69 68 
69 70 
69 73 
69 74 
69 77 
69 82 
69 83 
69 84 
69 86 
69 87 
69 88 
69 98 
69 100 
69 109 
69 121 
69 133 
69 158 
70 2 
70 3 
70 4 
70 5 
70 6 
70 7 
70 8 
70 9 
70 11 
70 13 
70 14 
70 15 
70 17 
70 22 
70 27 
70 29 
70 30 
70 31 
70 32 
70 34 
70 35 
70 36 
70 37 
70 39 
70 40 
70 44 
70 45 
70 49 
70 51 
70 55 
70 58 
70 60 
70 62 
70 68 
70 69 
70 71 
70 76 
70 80 
70 84 
70 86 
70 90 
70 92 
70 94 
70 96 
70 100 
70 102 
70 105 
70 108 
70 109 
70 119 
70 121 
70 156 
71 45 
71 92 
71 113 
73 2 
73 3 
73 4 
73 6 
73 11 
73 13 
73 15 
73 21 
73 22 
73 27 
73 30 
73 32 
73 35 
73 36 
73 42 
73 44 
73 45 
73 52 
73 60 
73 62 
73 63 
73 68 
73 69 
73 70 
73 80 
73 84 
73 87 
73 88 
73 98 
73 102 
73 117 
73 121 
73 133 
74 3 
74 4 
74 7 
74 9 
74 11 
74 13 
74 14 
74 15 
74 22 
74 23 
74 27 
74 30 
74 32 
74 34 
74 35 
74 37 
74 44 
74 68 
74 70 
74 80 
74 88 
74 91 
74 134 
74 150 
74 156 
74 182 
75 115 
75 168 
76 2 
76 5 
76 6 
76 7 
76 9 
76 14 
76 16 
76 22 
76 23 
76 25 
76 27 
76 34 
76 35 
76 37 
76 39 
76 45 
76 48 
76 49 
76 55 
76 58 
76 67 
76 70 
76 79 
76 80 
76 82 
76 94 
76 95 
76 96 
76 97 
76 108 
76 112 
76 125 
76 127 
76 128 
76 136 
76 156 
76 158 
76 182 
77 3 
77 45 
77 48 
77 51 
77 90 
78 4 
78 6 
78 14 
78 15 
78 35 
78 37 
78 53 
78 54 
78 57 
78 59 
78 60 
78 117 
78 119 
78 156 
78 158 
78 173 
78 187 
78 213 
79 6 
79 16 
79 45 
79 58 
79 97 
79 103 
79 112 
79 120 
79 127 
79 128 
79 130 
80 2 
80 4 
80 5 
80 6 
80 7 
80 8 
80 9 
80 10 
80 11 
80 13 
80 15 
80 17 
80 23 
80 25 
80 26 
80 27 
80 29 
80 30 
80 31 
80 32 
80 34 
80 35 
80 36 
80 39 
80 40 
80 44 
80 45 
80 49 
80 60 
80 70 
80 71 
80 74 
80 76 
80 98 
80 102 
80 105 
80 112 
80 119 
80 134 
80 213 
81 6 
81 16 
81 45 
81 55 
81 58 
81 76 
81 94 
81 97 
81 102 
81 103 
81 120 
81 127 
82 2 
82 3 
82 4 
82 5 
82 6 
82 7 
82 8 
82 9 
82 10 
82 11 
82 13 
82 14 
82 15 
82 17 
82 21 
82 22 
82 23 
82 25 
82 27 
82 29 
82 30 
82 31 
82 32 
82 34 
82 35 
82 36 
82 37 
82 42 
82 44 
82 45 
82 48 
82 49 
82 53 
82 54 
82 55 
82 57 
82 59 
82 62 
82 63 
82 68 
82 69 
82 70 
82 74 
82 75 
82 76 
82 80 
82 84 
82 86 
82 88 
82 92 
82 94 
82 95 
82 96 
82 105 
82 109 
82 113 
82 116 
82 125 
82 130 
82 133 
82 134 
82 140 
82 148 
82 150 
82 156 
82 182 
82 187 
82 193 
83 6 
83 15 
83 32 
83 45 
83 51 
83 52 
83 62 
83 63 
83 68 
83 70 
83 73 
83 80 
83 84 
83 86 
83 98 
83 100 
83 121 
83 146 
84 2 
84 3 
84 4 
84 5 
84 6 
84 7 
84 8 
84 9 
84 13 
84 14 
84 15 
84 17 
84 22 
84 23 
84 25 
84 27 
84 30 
84 31 
84 32 
84 33 
84 34 
84 35 
84 36 
84 39 
84 44 
84 45 
84 48 
84 51 
84 52 
84 60 
84 62 
84 63 
84 68 
84 69 
84 70 
84 73 
84 77 
84 78 
84 80 
84 82 
84 83 
84 86 
84 87 
84 88 
84 90 
84 98 
84 100 
84 116 
84 117 
84 119 
84 121 
84 133 
84 134 
84 146 
84 148 
84 158 
84 187 
86 2 
86 3 
86 6 
86 14 
86 15 
86 22 
86 27 
86 32 
86 35 
86 37 
86 42 
86 44 
86 45 
86 51 
86 52 
86 60 
86 63 
86 68 
86 69 
86 77 
86 83 
86 84 
86 87 
86 88 
86 90 
86 100 
86 105 
86 116 
86 134 
87 3 
87 4 
87 5 
87 6 
87 14 
87 15 
87 22 
87 30 
87 32 
87 35 
87 42 
87 44 
87 45 
87 52 
87 60 
87 63 
87 69 
87 73 
87 84 
87 86 
87 88 
87 117 
87 121 
87 148 
88 2 
88 3 
88 4 
88 6 
88 7 
88 8 
88 11 
88 15 
88 19 
88 22 
88 27 
88 30 
88 36 
88 45 
88 48 
88 51 
88 52 
88 60 
88 62 
88 63 
88 68 
88 69 
88 77 
88 86 
88 87 
88 90 
88 102 
88 121 
88 148 
89 2 
89 3 
89 4 
89 5 
89 6 
89 7 
89 9 
89 11 
89 14 
89 15 
89 22 
89 23 
89 25 
89 26 
89 27 
89 30 
89 32 
89 33 
89 35 
89 36 
89 37 
89 40 
89 44 
89 45 
89 52 
89 62 
89 63 
89 68 
89 69 
89 73 
89 78 
89 80 
89 84 
89 87 
89 91 
89 94 
89 100 
89 105 
89 112 
89 117 
89 119 
89 125 
89 134 
89 146 
89 158 
89 170 
89 187 
89 213 
90 2 
90 3 
90 4 
90 6 
90 14 
90 15 
90 22 
90 25 
90 27 
90 36 
90 37 
90 40 
90 44 
90 45 
90 48 
90 51 
90 52 
90 60 
90 62 
90 63 
90 68 
90 69 
90 70 
90 77 
90 78 
90 84 
90 86 
90 87 
90 88 
90 105 
90 133 
91 4 
91 6 
91 14 
91 15 
91 21 
91 22 
91 25 
91 27 
91 32 
91 35 
91 36 
91 37 
91 54 
91 57 
91 59 
91 60 
91 62 
91 78 
91 82 
91 83 
91 84 
91 117 
91 119 
91 130 
91 134 
91 146 
91 150 
91 156 
91 157 
91 158 
91 170 
91 173 
91 180 
91 187 
91 213 
92 113 
92 159 
92 181 
93 14 
93 17 
93 19 
93 21 
93 27 
93 28 
93 33 
93 34 
93 36 
93 48 
93 59 
93 76 
93 77 
93 83 
93 84 
93 90 
93 91 
93 97 
93 100 
93 127 
93 133 
93 157 
93 180 
93 187 
94 5 
94 6 
94 45 
94 55 
94 58 
94 76 
94 127 
95 2 
95 6 
95 45 
96 5 
96 6 
96 16 
96 32 
96 36 
96 45 
96 49 
96 55 
96 58 
96 66 
96 76 
96 79 
96 94 
96 95 
96 97 
96 100 
96 108 
96 125 
96 127 
96 180 
96 182 
97 6 
97 16 
97 45 
97 58 
97 76 
97 79 
97 94 
97 136 
98 11 
98 13 
98 30 
98 32 
98 36 
98 42 
98 52 
98 60 
98 73 
98 80 
98 82 
98 84 
98 86 
98 117 
98 121 
99 2 
99 6 
99 45 
99 105 
99 156 
99 165 
99 166 
99 182 
101 16 
101 35 
101 45 
101 58 
101 60 
101 79 
101 97 
101 136 
102 11 
102 37 
102 44 
103 6 
103 22 
103 37 
103 44 
103 45 
103 105 
103 112 
103 120 
103 128 
103 130 
103 136 
103 178 
104 150 
104 158 
105 2 
105 6 
105 7 
105 8 
105 9 
105 10 
105 23 
105 26 
105 27 
105 29 
105 30 
105 31 
105 33 
105 34 
105 39 
105 44 
105 45 
105 55 
105 80 
105 99 
105 105 
105 127 
105 150 
105 156 
105 165 
105 166 
105 182 
105 212 
106 182 
107 6 
107 35 
107 45 
107 86 
108 4 
108 6 
108 14 
108 16 
108 22 
108 23 
108 27 
108 35 
108 36 
108 37 
108 45 
108 55 
108 58 
108 66 
108 76 
108 79 
108 80 
108 94 
108 95 
108 96 
108 97 
108 105 
108 112 
108 127 
108 130 
109 2 
109 4 
109 6 
109 7 
109 8 
109 11 
109 14 
109 17 
109 21 
109 26 
109 28 
109 33 
109 34 
109 37 
109 40 
109 44 
109 45 
109 62 
109 67 
109 70 
109 71 
109 75 
109 80 
109 82 
109 92 
109 104 
109 105 
109 109 
109 113 
109 115 
109 119 
109 138 
109 150 
109 158 
109 168 
109 180 
109 212 
109 213 
110 2 
110 4 
110 6 
110 7 
110 9 
110 11 
110 14 
110 15 
110 17 
110 22 
110 25 
110 27 
110 31 
110 34 
110 37 
110 44 
110 45 
110 52 
110 62 
110 63 
110 71 
110 80 
110 86 
110 99 
110 105 
110 113 
110 119 
110 120 
110 125 
110 134 
110 136 
110 138 
110 146 
110 148 
110 150 
110 155 
110 156 
110 158 
110 182 
110 193 
110 212 
112 6 
112 14 
112 45 
112 103 
112 120 
112 127 
112 128 
112 130 
112 136 
112 178 
113 71 
113 159 
113 181 
114 5 
114 35 
114 36 
114 45 
114 49 
114 55 
114 66 
114 76 
114 96 
115 75 
115 168 
117 6 
117 15 
117 42 
117 45 
117 63 
117 68 
117 70 
117 73 
117 83 
117 100 
117 105 
117 116 
117 121 
117 133 
119 4 
119 15 
119 57 
119 157 
119 170 
119 173 
119 193 
120 45 
120 128 
120 130 
120 178 
121 2 
121 13 
121 15 
121 21 
121 30 
121 32 
121 35 
121 36 
121 44 
121 45 
121 63 
121 68 
121 70 
121 73 
121 80 
121 87 
121 98 
121 102 
121 117 
121 119 
121 133 
122 17 
124 3 
124 44 
124 45 
124 109 
124 119 
124 157 
124 173 
124 180 
124 187 
125 2 
125 6 
125 7 
125 8 
125 9 
125 17 
125 22 
125 23 
125 25 
125 26 
125 28 
125 33 
125 34 
125 44 
125 45 
125 54 
125 57 
125 62 
125 67 
125 71 
125 89 
125 91 
125 92 
125 105 
125 109 
125 113 
125 116 
125 119 
125 134 
125 138 
125 146 
125 150 
125 155 
125 158 
125 166 
125 193 
125 213 
126 2 
128 6 
128 14 
128 26 
128 44 
128 45 
128 103 
128 112 
128 120 
128 130 
128 136 
128 178 
129 27 
129 39 
129 103 
129 112 
129 127 
129 193 
130 27 
130 128 
132 128 
132 178 
133 19 
133 32 
133 70 
134 33 
134 125 
134 158 
135 2 
135 6 
135 17 
135 22 
135 23 
135 25 
135 26 
135 31 
135 33 
135 34 
135 36 
135 44 
135 45 
135 62 
135 68 
135 105 
135 109 
135 119 
135 125 
135 134 
135 139 
135 146 
135 155 
135 158 
135 190 
135 212 
135 213 
138 115 
138 168 
139 14 
139 23 
139 34 
140 6 
140 8 
140 26 
140 44 
140 45 
141 28 
141 130 
142 57 
144 113 
146 2 
146 3 
146 4 
146 6 
146 14 
146 25 
146 27 
146 30 
146 33 
146 36 
146 39 
146 40 
146 44 
146 45 
146 62 
146 67 
146 68 
146 70 
146 71 
146 78 
146 80 
146 89 
146 109 
146 125 
146 134 
146 158 
146 213 
148 6 
148 14 
148 15 
148 21 
148 22 
148 25 
148 27 
148 34 
148 35 
148 62 
148 119 
148 125 
148 134 
148 146 
148 150 
148 156 
148 158 
148 193 
150 2 
150 14 
150 22 
150 40 
150 44 
150 71 
150 104 
150 109 
150 115 
150 119 
150 168 
151 31 
152 109 
152 168 
153 2 
153 34 
154 168 
155 17 
155 28 
155 34 
155 190 
156 45 
156 130 
156 166 
156 182 
158 17 
158 33 
158 134 
160 128 
160 178 
161 2 
167 25 
167 33 
167 45 
167 67 
167 92 
167 125 
167 134 
167 146 
168 44 
168 109 
168 115 
168 138 
169 6 
169 14 
169 78 
169 113 
169 157 
169 170 
169 187 
170 157 
172 25 
172 29 
172 31 
172 33 
172 44 
172 45 
172 125 
172 134 
172 146 
172 158 
173 6 
173 57 
173 119 
173 157 
173 173 
173 180 
173 187 
175 23 
178 128 
179 168 
180 157 
183 157 
184 45 
186 4 
186 22 
187 14 
187 27 
187 57 
187 157 
187 170 
187 213 
189 158 
198 11 
198 36 
201 57 
201 118 
201 120 
202 34 
203 11 
203 37 
204 59 
204 91 
204 173 
206 23 
209 2 
210 6 
210 44 
210 45 
210 76 
214 159 
