2 18 
2 34 
3 34 
3 49 
4 18 
4 34 
4 49 
5 18 
5 34 
5 49 
6 18 
6 34 
6 49 
7 18 
7 34 
7 49 
8 34 
9 18 
9 34 
9 49 
10 18 
10 34 
14 34 
14 49 
15 34 
15 49 
17 34 
17 49 
18 34 
21 34 
22 34 
22 49 
23 18 
23 34 
26 18 
26 34 
27 18 
27 34 
29 34 
31 18 
31 34 
31 49 
32 34 
34 18 
34 49 
35 18 
35 34 
35 49 
36 49 
37 34 
37 49 
39 18 
39 34 
40 34 
44 18 
44 34 
44 49 
45 18 
45 34 
45 49 
47 34 
49 18 
49 49 
52 34 
55 49 
60 49 
63 18 
69 34 
70 34 
76 34 
76 49 
80 18 
87 34 
87 49 
93 34 
105 18 
105 34 
109 34 
109 49 
114 49 
