2 18 
2 26 
3 37 
4 14 
4 33 
4 35 
4 80 
5 14 
5 18 
5 22 
5 27 
5 35 
5 37 
5 45 
5 53 
5 58 
5 105 
5 130 
6 7 
6 8 
6 45 
7 2 
7 14 
7 18 
7 21 
7 23 
7 26 
7 29 
7 31 
7 36 
7 37 
7 39 
7 45 
7 54 
7 55 
7 59 
7 63 
7 103 
7 105 
7 158 
8 2 
8 26 
8 45 
8 103 
8 140 
9 2 
9 8 
9 10 
9 14 
9 21 
9 23 
9 26 
9 29 
9 31 
9 36 
9 37 
9 39 
9 45 
9 54 
9 55 
9 59 
9 63 
9 105 
9 140 
9 158 
10 2 
10 8 
10 9 
10 18 
10 26 
10 45 
10 105 
10 140 
11 27 
14 4 
14 15 
14 22 
14 27 
14 35 
14 37 
14 91 
14 187 
15 3 
15 14 
15 21 
15 22 
15 23 
15 27 
15 29 
15 30 
15 33 
15 35 
15 36 
15 37 
15 39 
15 68 
15 69 
15 74 
15 88 
15 125 
15 158 
17 2 
17 7 
17 10 
17 14 
17 26 
17 29 
17 31 
17 35 
17 37 
17 45 
17 71 
17 105 
17 109 
17 110 
17 125 
17 134 
17 155 
17 212 
18 7 
18 9 
18 18 
18 26 
18 27 
18 29 
18 31 
18 37 
22 45 
22 68 
23 2 
23 7 
23 9 
23 10 
23 14 
23 31 
23 39 
23 45 
23 63 
23 105 
25 158 
26 2 
26 7 
26 8 
26 45 
26 125 
26 134 
26 212 
27 4 
27 13 
27 14 
27 21 
27 22 
27 33 
27 35 
27 37 
27 59 
27 68 
27 74 
27 80 
27 120 
27 130 
29 2 
29 4 
29 21 
29 23 
29 26 
29 37 
29 39 
29 45 
31 26 
31 45 
31 136 
32 117 
32 121 
34 2 
34 29 
34 125 
35 14 
35 21 
35 22 
35 27 
35 37 
35 55 
35 71 
35 158 
39 2 
39 4 
39 7 
39 8 
39 9 
39 10 
39 13 
39 14 
39 23 
39 26 
39 27 
39 29 
39 31 
39 33 
39 35 
39 37 
39 45 
39 63 
39 99 
39 105 
39 109 
39 128 
39 134 
39 155 
39 158 
43 125 
43 212 
44 14 
44 21 
44 22 
44 27 
44 30 
44 35 
44 37 
44 45 
44 52 
44 59 
44 62 
44 80 
44 119 
44 148 
45 2 
45 3 
45 14 
45 21 
45 22 
45 23 
45 26 
45 27 
45 35 
45 37 
45 39 
45 53 
45 58 
45 80 
45 103 
45 112 
45 119 
45 120 
45 128 
45 136 
45 178 
47 2 
47 7 
47 9 
47 10 
47 26 
47 27 
47 29 
47 31 
47 69 
47 155 
49 96 
54 4 
54 14 
54 21 
54 37 
54 57 
54 109 
55 127 
59 4 
59 14 
59 22 
59 37 
64 14 
66 35 
66 36 
76 23 
82 14 
82 37 
82 53 
92 181 
93 33 
105 2 
108 2 
108 3 
108 4 
108 13 
108 14 
108 22 
108 30 
108 31 
108 35 
108 36 
108 37 
108 45 
108 55 
108 63 
108 96 
108 105 
108 109 
110 2 
110 11 
110 14 
110 37 
112 120 
119 2 
119 4 
119 14 
119 21 
119 22 
119 27 
119 37 
119 45 
119 59 
119 109 
119 112 
119 138 
119 193 
124 2 
124 21 
124 27 
124 37 
124 45 
124 75 
124 80 
124 109 
124 138 
124 193 
126 193 
128 120 
142 4 
142 37 
145 14 
153 26 
159 4 
159 14 
159 37 
160 128 
173 4 
173 14 
173 35 
173 37 
178 14 
178 45 
180 14 
180 57 
181 159 
187 27 
194 53 
