2 4 
2 7 
2 10 
2 14 
2 15 
2 18 
2 22 
2 27 
2 35 
2 44 
2 63 
2 105 
2 109 
2 125 
3 4 
3 11 
3 14 
3 15 
3 22 
3 27 
3 37 
3 63 
3 68 
3 69 
3 74 
3 87 
3 88 
4 3 
4 11 
4 13 
4 14 
4 15 
4 22 
4 27 
4 35 
4 36 
4 37 
4 44 
4 62 
4 68 
4 74 
4 80 
4 88 
4 98 
4 193 
5 134 
6 14 
6 37 
7 45 
8 45 
9 45 
10 45 
11 13 
11 15 
11 27 
11 36 
11 37 
11 63 
11 80 
11 121 
13 3 
13 15 
13 36 
13 98 
14 3 
14 4 
14 11 
14 13 
14 15 
14 21 
14 22 
14 27 
14 30 
14 32 
14 35 
14 36 
14 37 
14 44 
14 62 
14 63 
14 68 
14 74 
14 80 
14 82 
14 88 
14 121 
14 173 
14 187 
15 3 
15 4 
15 11 
15 13 
15 14 
15 21 
15 22 
15 27 
15 30 
15 35 
15 36 
15 37 
15 44 
15 52 
15 63 
15 68 
15 69 
15 73 
15 74 
15 82 
15 83 
15 84 
15 87 
15 88 
15 98 
15 121 
17 125 
19 158 
21 14 
21 27 
21 44 
22 3 
22 4 
22 11 
22 14 
22 15 
22 21 
22 27 
22 35 
22 36 
22 37 
22 44 
22 53 
22 63 
22 68 
22 82 
22 84 
22 87 
22 88 
22 148 
23 14 
27 3 
27 4 
27 11 
27 13 
27 14 
27 15 
27 21 
27 22 
27 30 
27 35 
27 36 
27 37 
27 44 
27 62 
27 63 
27 68 
27 69 
27 74 
27 80 
27 82 
27 84 
27 88 
27 98 
27 121 
27 148 
27 193 
30 3 
30 4 
30 14 
30 15 
30 22 
30 27 
30 36 
30 37 
30 68 
30 87 
30 88 
35 3 
35 4 
35 11 
35 14 
35 15 
35 22 
35 27 
35 44 
35 53 
35 68 
35 69 
35 80 
35 82 
35 88 
35 121 
35 148 
36 4 
36 11 
36 13 
36 14 
36 15 
36 27 
36 37 
36 68 
36 74 
36 80 
37 3 
37 14 
37 63 
37 88 
39 45 
43 33 
43 158 
44 4 
44 11 
44 14 
44 15 
44 21 
44 22 
44 27 
44 35 
44 36 
44 37 
44 74 
44 80 
45 11 
45 27 
45 158 
47 45 
49 4 
49 14 
49 15 
49 22 
49 27 
49 37 
61 37 
63 3 
63 14 
63 15 
63 22 
63 27 
63 30 
63 37 
63 73 
63 87 
63 88 
68 62 
68 87 
69 3 
69 14 
69 15 
69 22 
69 27 
69 32 
69 35 
69 37 
69 52 
69 63 
69 84 
69 87 
69 88 
70 14 
70 27 
70 37 
73 11 
73 22 
73 36 
73 88 
73 121 
74 4 
74 14 
74 15 
74 82 
82 14 
82 15 
82 35 
82 44 
82 53 
82 74 
84 22 
87 3 
87 22 
87 37 
87 63 
88 3 
88 14 
88 15 
88 22 
88 37 
88 73 
91 22 
93 14 
93 33 
93 63 
96 27 
98 13 
98 15 
98 27 
98 36 
98 37 
98 73 
105 3 
105 4 
105 7 
105 10 
105 11 
105 13 
105 14 
105 15 
105 22 
105 27 
105 32 
105 36 
105 37 
105 44 
105 45 
105 54 
105 105 
109 3 
109 4 
109 13 
109 14 
109 15 
109 27 
109 32 
109 37 
109 44 
114 15 
114 27 
114 80 
121 36 
121 73 
156 14 
168 15 
168 27 
189 37 
203 11 
