1 28 
2 15 
2 17 
2 18 
2 36 
2 39 
2 45 
2 99 
2 158 
3 4 
3 13 
3 15 
3 22 
3 32 
3 51 
3 52 
3 66 
3 133 
4 7 
4 8 
4 11 
4 13 
4 14 
4 15 
4 22 
4 27 
4 30 
4 35 
4 36 
4 37 
4 44 
4 45 
4 48 
4 52 
4 53 
4 63 
4 69 
4 70 
4 71 
4 72 
4 80 
4 84 
4 96 
4 110 
4 121 
4 146 
4 173 
5 16 
6 45 
6 119 
7 2 
7 5 
7 15 
7 17 
7 18 
7 26 
7 32 
7 45 
7 52 
7 55 
7 76 
7 109 
7 133 
7 139 
8 139 
9 2 
9 5 
9 10 
9 15 
9 17 
9 18 
9 26 
9 32 
9 45 
9 52 
9 55 
9 76 
9 109 
9 133 
11 13 
11 36 
11 70 
11 73 
11 80 
11 102 
11 155 
14 2 
14 4 
14 6 
14 7 
14 10 
14 15 
14 22 
14 35 
14 37 
14 44 
14 45 
14 104 
14 156 
14 180 
14 182 
15 2 
15 3 
15 4 
15 5 
15 6 
15 7 
15 8 
15 9 
15 10 
15 11 
15 13 
15 14 
15 16 
15 17 
15 18 
15 19 
15 21 
15 22 
15 23 
15 26 
15 27 
15 28 
15 29 
15 30 
15 31 
15 32 
15 35 
15 36 
15 37 
15 39 
15 40 
15 42 
15 44 
15 45 
15 48 
15 49 
15 51 
15 52 
15 54 
15 55 
15 58 
15 59 
15 60 
15 62 
15 63 
15 66 
15 67 
15 68 
15 69 
15 70 
15 71 
15 72 
15 73 
15 74 
15 76 
15 77 
15 78 
15 80 
15 82 
15 83 
15 84 
15 86 
15 87 
15 88 
15 90 
15 91 
15 92 
15 94 
15 95 
15 96 
15 98 
15 100 
15 102 
15 105 
15 108 
15 109 
15 110 
15 113 
15 116 
15 117 
15 121 
15 127 
15 133 
15 136 
15 139 
15 148 
15 150 
15 155 
15 159 
17 71 
17 155 
17 158 
17 190 
18 39 
19 158 
21 44 
22 13 
22 14 
22 15 
22 21 
22 27 
22 35 
22 44 
22 48 
22 53 
22 70 
22 148 
23 15 
23 29 
26 34 
27 4 
27 14 
27 22 
27 30 
27 32 
27 36 
27 80 
27 98 
30 3 
30 6 
30 14 
30 15 
30 22 
30 27 
30 32 
30 42 
30 44 
30 45 
30 63 
30 73 
32 117 
33 134 
35 15 
35 82 
36 80 
37 15 
37 71 
37 113 
39 7 
39 8 
39 26 
39 29 
39 34 
39 113 
42 32 
42 63 
42 83 
42 117 
43 113 
43 134 
43 158 
44 2 
44 3 
44 4 
44 6 
44 7 
44 10 
44 11 
44 13 
44 14 
44 15 
44 18 
44 21 
44 22 
44 23 
44 25 
44 26 
44 32 
44 35 
44 36 
44 37 
44 45 
44 68 
44 70 
44 71 
44 76 
44 80 
44 87 
44 96 
44 102 
44 105 
44 109 
44 119 
44 121 
44 148 
45 2 
45 4 
45 5 
45 6 
45 7 
45 8 
45 9 
45 11 
45 15 
45 16 
45 17 
45 18 
45 21 
45 22 
45 23 
45 26 
45 27 
45 28 
45 29 
45 31 
45 32 
45 36 
45 37 
45 39 
45 40 
45 42 
45 44 
45 49 
45 54 
45 55 
45 58 
45 60 
45 66 
45 70 
45 71 
45 76 
45 80 
45 86 
45 94 
45 95 
45 96 
45 97 
45 102 
45 105 
45 108 
45 109 
45 110 
45 113 
45 120 
45 128 
45 134 
45 136 
45 139 
45 168 
45 178 
49 6 
49 45 
49 95 
49 96 
52 15 
52 31 
60 69 
60 88 
63 2 
63 3 
63 4 
63 5 
63 6 
63 7 
63 9 
63 10 
63 14 
63 15 
63 17 
63 22 
63 23 
63 27 
63 30 
63 32 
63 35 
63 37 
63 39 
63 42 
63 44 
63 45 
63 48 
63 51 
63 55 
63 60 
63 62 
63 69 
63 76 
63 83 
63 84 
63 86 
63 87 
63 90 
63 92 
63 100 
63 102 
63 105 
63 108 
63 109 
63 113 
63 133 
63 138 
67 6 
67 70 
69 6 
69 15 
69 32 
69 100 
69 133 
73 98 
73 121 
74 15 
82 15 
82 35 
84 15 
86 22 
86 88 
87 5 
87 15 
87 44 
87 72 
87 76 
88 4 
88 6 
88 7 
88 10 
88 11 
88 14 
88 15 
88 22 
88 30 
88 42 
88 44 
88 45 
88 49 
88 51 
88 52 
88 60 
88 76 
88 80 
88 90 
88 128 
98 73 
105 2 
105 3 
105 4 
105 6 
105 7 
105 9 
105 11 
105 15 
105 23 
105 31 
105 44 
105 45 
105 99 
105 105 
105 166 
109 31 
109 115 
109 138 
109 168 
110 134 
121 15 
121 44 
121 73 
121 98 
150 104 
150 138 
150 168 
