2 6 
2 7 
2 8 
2 18 
2 31 
2 34 
2 99 
2 109 
2 156 
2 182 
2 212 
3 14 
3 15 
3 22 
3 30 
3 37 
3 63 
3 69 
3 84 
3 87 
3 88 
4 3 
4 6 
4 7 
4 8 
4 11 
4 13 
4 14 
4 15 
4 21 
4 22 
4 27 
4 30 
4 35 
4 36 
4 37 
4 44 
4 63 
4 68 
4 69 
4 73 
4 74 
4 84 
4 87 
4 88 
4 98 
4 121 
4 148 
5 4 
5 6 
5 14 
5 15 
5 21 
5 22 
5 27 
5 32 
5 35 
5 37 
5 44 
5 49 
5 51 
5 82 
5 86 
5 117 
6 6 
7 6 
7 18 
7 19 
7 23 
7 27 
7 31 
7 32 
7 34 
7 37 
7 39 
7 48 
7 72 
7 134 
7 170 
7 180 
9 6 
9 8 
9 18 
9 19 
9 23 
9 27 
9 31 
9 32 
9 34 
9 37 
9 39 
9 48 
9 72 
9 134 
9 170 
9 180 
10 6 
10 9 
10 23 
11 4 
11 15 
11 27 
11 36 
11 102 
12 89 
12 117 
12 146 
13 5 
13 11 
13 14 
13 36 
13 98 
14 3 
14 4 
14 11 
14 15 
14 21 
14 22 
14 27 
14 30 
14 35 
14 36 
14 37 
14 44 
14 63 
14 67 
14 69 
14 73 
14 74 
14 82 
14 84 
14 87 
14 88 
14 91 
14 97 
14 121 
14 134 
15 3 
15 4 
15 7 
15 9 
15 11 
15 13 
15 14 
15 21 
15 22 
15 27 
15 30 
15 35 
15 36 
15 37 
15 44 
15 63 
15 69 
15 73 
15 74 
15 80 
15 82 
15 84 
15 87 
15 88 
15 98 
15 117 
15 121 
15 134 
15 146 
16 6 
16 22 
16 37 
16 40 
16 44 
16 45 
16 48 
16 58 
16 79 
16 89 
16 97 
17 2 
17 4 
17 6 
17 19 
17 21 
17 33 
17 34 
17 37 
17 42 
17 60 
17 105 
17 125 
17 134 
17 155 
17 158 
17 190 
17 212 
18 2 
18 7 
18 8 
18 26 
19 1 
19 91 
19 116 
19 125 
21 14 
21 15 
21 44 
21 62 
22 3 
22 4 
22 6 
22 14 
22 15 
22 27 
22 30 
22 35 
22 37 
22 48 
22 51 
22 52 
22 62 
22 63 
22 68 
22 69 
22 73 
22 74 
22 82 
22 84 
22 87 
22 88 
22 91 
22 134 
22 148 
23 7 
23 8 
25 25 
25 89 
25 146 
26 2 
26 7 
26 8 
26 18 
26 19 
26 27 
26 31 
26 33 
26 34 
26 40 
26 158 
26 212 
27 3 
27 4 
27 11 
27 13 
27 14 
27 15 
27 21 
27 22 
27 25 
27 30 
27 35 
27 36 
27 37 
27 44 
27 52 
27 55 
27 62 
27 63 
27 68 
27 69 
27 73 
27 74 
27 82 
27 84 
27 87 
27 88 
27 98 
27 117 
27 121 
27 148 
28 1 
29 2 
29 5 
29 6 
29 7 
29 8 
29 9 
29 18 
29 19 
29 23 
29 26 
29 27 
29 31 
29 32 
29 33 
29 34 
29 37 
29 39 
29 51 
29 60 
29 76 
29 80 
29 86 
29 88 
29 89 
29 91 
29 96 
29 98 
29 102 
29 105 
29 109 
29 125 
29 133 
29 134 
29 146 
29 156 
29 158 
29 182 
30 3 
30 15 
30 22 
30 44 
30 63 
30 69 
30 73 
30 84 
30 87 
30 117 
30 121 
30 148 
33 89 
33 125 
33 134 
33 146 
33 158 
34 18 
34 26 
35 4 
35 6 
35 13 
35 14 
35 15 
35 22 
35 27 
35 30 
35 36 
35 37 
35 44 
35 52 
35 62 
35 63 
35 69 
35 73 
35 80 
35 82 
35 134 
36 4 
36 11 
36 13 
36 14 
36 15 
36 27 
36 63 
37 6 
37 55 
39 2 
39 5 
39 6 
39 7 
39 8 
39 9 
39 15 
39 18 
39 23 
39 26 
39 32 
39 34 
39 37 
39 67 
39 70 
39 80 
39 91 
39 102 
39 158 
39 212 
40 19 
40 52 
40 72 
40 100 
40 146 
42 72 
43 19 
43 26 
43 125 
43 158 
43 212 
44 2 
44 4 
44 14 
44 15 
44 21 
44 22 
44 27 
44 30 
44 34 
44 35 
44 36 
44 63 
44 69 
44 71 
44 87 
44 148 
45 6 
45 7 
45 8 
45 14 
45 16 
45 55 
45 58 
45 76 
45 80 
45 97 
45 127 
45 134 
45 146 
45 158 
45 182 
47 2 
47 6 
47 7 
47 9 
47 18 
47 37 
47 42 
47 80 
49 6 
51 86 
52 13 
52 14 
52 68 
52 84 
54 4 
54 14 
54 15 
54 22 
54 35 
54 37 
54 44 
54 51 
54 78 
54 117 
55 2 
55 3 
55 4 
55 6 
55 11 
55 14 
55 15 
55 21 
55 22 
55 23 
55 25 
55 27 
55 30 
55 31 
55 32 
55 35 
55 36 
55 37 
55 40 
55 42 
55 44 
55 45 
55 48 
55 51 
55 55 
55 60 
55 68 
55 73 
55 77 
55 78 
55 80 
55 82 
55 83 
55 84 
55 86 
55 88 
55 89 
55 96 
55 100 
55 102 
55 116 
55 117 
55 127 
55 133 
55 148 
58 3 
58 4 
58 6 
58 7 
58 9 
58 11 
58 15 
58 21 
58 22 
58 27 
58 30 
58 32 
58 33 
58 35 
58 36 
58 37 
58 40 
58 42 
58 44 
58 45 
58 48 
58 49 
58 51 
58 52 
58 60 
58 68 
58 72 
58 73 
58 78 
58 79 
58 80 
58 82 
58 83 
58 84 
58 86 
58 88 
58 89 
58 91 
58 100 
58 102 
58 117 
58 127 
58 146 
58 158 
59 4 
59 14 
59 22 
59 32 
59 35 
59 37 
59 44 
59 78 
59 80 
59 157 
59 158 
59 170 
59 187 
59 213 
60 51 
62 68 
62 73 
62 148 
63 3 
63 4 
63 6 
63 14 
63 15 
63 30 
63 52 
63 69 
63 73 
63 84 
63 87 
63 121 
64 23 
64 44 
64 45 
64 60 
64 128 
65 4 
65 6 
65 14 
65 15 
65 21 
65 27 
65 35 
65 36 
65 37 
65 44 
65 45 
65 60 
65 78 
65 80 
65 82 
65 102 
65 112 
66 3 
66 4 
66 6 
66 7 
66 9 
66 11 
66 13 
66 14 
66 15 
66 16 
66 19 
66 21 
66 22 
66 23 
66 25 
66 27 
66 30 
66 31 
66 32 
66 33 
66 35 
66 36 
66 37 
66 40 
66 42 
66 44 
66 45 
66 48 
66 49 
66 51 
66 52 
66 55 
66 60 
66 68 
66 71 
66 72 
66 73 
66 77 
66 78 
66 80 
66 82 
66 83 
66 84 
66 86 
66 88 
66 89 
66 91 
66 96 
66 98 
66 100 
66 102 
66 105 
66 109 
66 116 
66 117 
66 121 
66 133 
66 146 
66 156 
66 158 
68 6 
68 22 
68 48 
68 52 
68 60 
68 62 
68 69 
68 84 
69 3 
69 15 
69 22 
69 27 
69 52 
69 84 
69 87 
71 37 
71 80 
71 158 
73 13 
73 27 
73 30 
73 98 
73 121 
74 14 
74 15 
76 4 
76 6 
76 15 
76 16 
76 21 
76 22 
76 23 
76 27 
76 32 
76 35 
76 36 
76 37 
76 44 
76 45 
76 52 
76 60 
76 68 
76 73 
76 78 
76 82 
76 117 
77 80 
78 6 
78 37 
78 213 
79 6 
79 16 
79 45 
79 58 
79 97 
81 4 
81 6 
81 15 
81 22 
81 27 
81 30 
81 32 
81 36 
81 37 
81 40 
81 44 
81 45 
81 48 
81 58 
81 60 
81 68 
81 79 
81 80 
81 82 
81 83 
81 84 
81 86 
81 88 
81 89 
81 100 
81 102 
81 117 
81 133 
82 14 
82 22 
82 35 
82 44 
82 74 
84 3 
84 22 
84 52 
84 63 
84 68 
84 87 
87 3 
87 4 
87 22 
87 30 
87 52 
87 63 
87 69 
87 84 
87 88 
88 3 
88 15 
88 22 
88 27 
88 30 
88 52 
88 63 
88 69 
88 84 
88 87 
92 4 
92 6 
92 15 
92 27 
92 36 
92 37 
92 44 
92 71 
92 80 
92 109 
92 159 
93 27 
93 33 
93 58 
94 37 
94 127 
95 49 
95 96 
96 6 
96 22 
96 44 
96 80 
98 13 
98 30 
98 121 
100 116 
101 4 
101 6 
101 15 
101 16 
101 21 
101 37 
101 44 
101 45 
101 58 
101 79 
101 86 
101 97 
103 2 
105 6 
107 49 
108 4 
108 6 
108 15 
108 21 
108 23 
108 27 
108 31 
108 32 
108 37 
108 44 
108 45 
108 80 
108 96 
108 102 
109 7 
109 8 
109 18 
109 32 
109 37 
109 80 
109 115 
109 134 
109 138 
109 168 
110 2 
110 6 
110 15 
110 33 
110 37 
110 80 
110 125 
110 158 
110 212 
111 146 
113 92 
115 168 
119 4 
119 14 
119 37 
119 44 
119 78 
119 157 
119 170 
119 187 
120 112 
120 127 
121 4 
121 30 
121 73 
121 98 
124 157 
125 134 
125 146 
125 158 
130 14 
130 112 
135 33 
135 158 
136 6 
136 21 
136 44 
142 37 
147 7 
147 9 
147 18 
147 39 
152 19 
152 22 
152 109 
152 115 
152 168 
153 7 
153 9 
158 125 
159 4 
160 6 
160 44 
160 112 
160 128 
161 105 
167 25 
167 33 
167 89 
167 125 
167 146 
168 109 
168 115 
168 138 
169 37 
169 157 
170 157 
171 112 
173 37 
173 180 
178 44 
178 112 
178 128 
181 4 
186 146 
187 213 
197 6 
197 40 
