2 7 
2 26 
2 34 
2 110 
2 140 
2 146 
2 165 
3 15 
3 22 
3 37 
3 52 
4 11 
4 13 
4 14 
4 15 
4 35 
4 37 
4 74 
5 6 
5 14 
5 22 
5 27 
5 44 
6 45 
6 128 
7 2 
7 4 
7 6 
7 14 
7 15 
7 18 
7 22 
7 23 
7 26 
7 27 
7 29 
7 31 
7 33 
7 34 
7 36 
7 37 
7 39 
7 44 
7 45 
7 74 
7 76 
7 80 
7 104 
7 105 
7 158 
8 2 
8 6 
8 26 
8 27 
8 44 
8 105 
8 140 
9 2 
9 4 
9 6 
9 8 
9 10 
9 14 
9 15 
9 18 
9 22 
9 23 
9 26 
9 27 
9 31 
9 33 
9 34 
9 36 
9 37 
9 39 
9 44 
9 45 
9 74 
9 76 
9 80 
9 104 
9 105 
9 140 
9 158 
10 2 
10 6 
10 8 
10 23 
10 26 
10 29 
10 34 
10 105 
11 13 
11 36 
11 80 
12 2 
12 3 
12 6 
12 7 
12 10 
12 14 
12 15 
12 22 
12 25 
12 27 
12 33 
12 36 
12 44 
12 105 
12 146 
12 158 
13 105 
14 3 
14 4 
14 11 
14 15 
14 21 
14 22 
14 27 
14 32 
14 34 
14 35 
14 36 
14 37 
14 44 
14 73 
14 74 
14 80 
14 88 
14 109 
14 146 
14 158 
14 182 
14 187 
15 3 
15 4 
15 11 
15 14 
15 17 
15 22 
15 27 
15 30 
15 35 
15 37 
15 44 
15 52 
15 69 
15 73 
15 74 
15 84 
15 158 
16 97 
16 127 
17 2 
17 3 
17 6 
17 15 
17 19 
17 21 
17 26 
17 27 
17 33 
17 34 
17 37 
17 44 
17 71 
17 92 
17 105 
17 113 
17 125 
17 134 
17 155 
17 158 
18 15 
18 18 
18 26 
18 27 
18 34 
21 44 
22 2 
22 3 
22 11 
22 14 
22 15 
22 27 
22 34 
22 35 
22 37 
22 44 
22 68 
22 69 
22 71 
22 84 
22 88 
22 109 
23 2 
23 6 
23 7 
23 8 
23 10 
23 14 
23 15 
23 18 
23 22 
23 26 
23 27 
23 31 
23 34 
23 36 
23 37 
23 39 
23 45 
23 49 
23 63 
23 90 
23 105 
25 2 
25 125 
25 158 
26 34 
27 3 
27 4 
27 11 
27 13 
27 14 
27 15 
27 22 
27 26 
27 30 
27 34 
27 35 
27 36 
27 37 
27 44 
27 60 
27 63 
27 68 
27 69 
27 73 
27 88 
27 98 
27 121 
27 127 
28 6 
28 11 
28 15 
28 34 
28 44 
28 80 
29 2 
29 6 
29 15 
29 37 
29 44 
29 62 
29 105 
30 14 
30 15 
30 44 
30 63 
31 2 
31 6 
31 18 
31 34 
31 105 
31 116 
32 52 
32 72 
32 117 
33 71 
34 14 
34 26 
35 3 
35 14 
35 15 
35 22 
35 27 
35 36 
35 37 
35 44 
35 60 
35 68 
35 86 
35 109 
36 11 
36 80 
37 3 
37 14 
37 67 
39 2 
39 6 
39 7 
39 8 
39 10 
39 13 
39 14 
39 15 
39 23 
39 26 
39 27 
39 32 
39 34 
39 35 
39 36 
39 37 
39 42 
39 44 
39 80 
39 105 
40 3 
40 51 
40 158 
43 125 
44 4 
44 14 
44 15 
44 21 
44 22 
44 27 
44 30 
44 35 
44 36 
44 68 
44 125 
44 128 
44 148 
45 6 
45 7 
45 8 
45 16 
45 23 
45 25 
45 26 
45 34 
45 109 
45 125 
45 127 
45 158 
45 178 
45 182 
47 2 
47 3 
47 4 
47 6 
47 7 
47 8 
47 10 
47 11 
47 14 
47 15 
47 23 
47 26 
47 27 
47 34 
47 36 
47 37 
47 44 
47 63 
47 80 
47 105 
48 68 
49 125 
54 14 
54 21 
54 27 
54 35 
54 37 
54 44 
55 4 
55 6 
55 15 
55 32 
55 44 
55 127 
58 4 
58 6 
58 14 
58 16 
58 22 
58 27 
58 35 
58 44 
58 45 
58 80 
58 127 
59 4 
59 14 
59 22 
59 27 
59 35 
59 187 
59 193 
62 14 
62 44 
62 68 
63 3 
63 87 
64 14 
64 44 
65 6 
65 14 
65 15 
65 45 
65 127 
66 6 
66 35 
66 45 
66 55 
68 52 
69 87 
69 109 
70 4 
70 27 
70 32 
70 34 
70 80 
71 44 
71 159 
76 6 
76 14 
76 16 
76 45 
78 76 
79 6 
79 45 
79 58 
81 14 
81 45 
81 58 
81 127 
82 21 
82 35 
82 44 
82 53 
84 69 
87 69 
92 44 
92 159 
92 181 
93 14 
93 21 
93 33 
94 27 
94 127 
95 35 
99 2 
99 6 
99 45 
99 105 
101 6 
101 14 
103 6 
103 44 
104 14 
105 105 
108 6 
108 15 
108 22 
108 23 
108 32 
108 45 
108 55 
109 75 
109 138 
109 168 
110 6 
110 15 
110 22 
110 37 
110 44 
110 62 
110 80 
113 181 
119 3 
119 4 
119 6 
119 14 
119 15 
119 22 
119 23 
119 27 
119 35 
119 37 
119 44 
119 74 
119 109 
119 157 
119 187 
119 193 
120 6 
120 128 
120 130 
121 98 
122 35 
124 26 
124 27 
124 35 
124 37 
124 44 
124 75 
124 109 
124 157 
130 27 
135 2 
135 33 
135 34 
135 44 
136 6 
145 35 
146 44 
153 23 
157 35 
159 181 
160 44 
161 105 
165 2 
165 23 
165 105 
166 105 
166 156 
170 35 
173 14 
173 37 
173 44 
178 44 
178 112 
178 128 
187 4 
187 35 
191 105 
193 27 
195 105 
213 78 
