2 7 
2 8 
2 10 
2 18 
2 23 
2 26 
2 28 
2 29 
2 34 
2 105 
2 134 
2 150 
2 156 
2 158 
3 22 
3 37 
3 63 
3 69 
3 87 
3 88 
4 14 
4 15 
4 21 
4 27 
4 36 
4 39 
4 44 
4 68 
4 70 
4 74 
4 150 
5 158 
6 6 
6 7 
6 9 
6 10 
6 23 
6 33 
6 44 
6 45 
6 88 
6 105 
6 112 
6 128 
6 158 
7 6 
7 26 
7 31 
7 34 
9 6 
9 8 
9 26 
9 31 
9 34 
10 9 
10 26 
11 13 
11 15 
11 36 
11 80 
11 102 
12 134 
12 158 
14 2 
14 4 
14 13 
14 15 
14 22 
14 23 
14 27 
14 29 
14 35 
14 37 
14 39 
14 44 
14 45 
14 74 
14 78 
14 82 
14 170 
15 3 
15 4 
15 11 
15 14 
15 22 
15 36 
15 37 
15 44 
15 63 
15 74 
15 80 
15 82 
15 84 
19 125 
19 158 
21 44 
22 3 
22 14 
22 15 
22 23 
22 33 
22 37 
22 40 
22 44 
22 51 
22 62 
22 68 
22 70 
22 78 
22 88 
22 91 
22 148 
23 158 
25 146 
25 158 
26 18 
26 29 
27 3 
27 4 
27 7 
27 8 
27 10 
27 11 
27 13 
27 14 
27 15 
27 21 
27 22 
27 23 
27 35 
27 36 
27 39 
27 44 
27 70 
27 74 
27 80 
27 84 
27 103 
27 134 
27 148 
28 125 
28 158 
30 4 
30 44 
30 73 
33 134 
35 7 
35 10 
35 14 
35 22 
35 23 
35 25 
35 27 
35 31 
35 33 
35 39 
35 44 
35 62 
35 68 
35 70 
35 78 
35 82 
35 91 
35 125 
35 146 
35 148 
35 158 
36 13 
36 80 
39 26 
40 146 
40 158 
43 125 
43 134 
43 158 
44 14 
44 15 
44 21 
44 22 
44 34 
44 35 
44 82 
44 148 
45 6 
45 7 
45 8 
45 9 
45 10 
45 15 
45 16 
45 18 
45 23 
45 26 
45 31 
45 33 
45 34 
45 36 
45 39 
45 44 
45 55 
45 58 
45 70 
45 76 
45 79 
45 103 
45 105 
45 112 
45 125 
45 128 
45 134 
45 136 
45 139 
45 156 
45 158 
45 182 
49 5 
49 33 
49 94 
49 96 
49 150 
52 68 
60 51 
63 3 
63 15 
63 22 
63 30 
63 37 
63 51 
63 60 
63 69 
63 87 
63 88 
68 48 
68 62 
69 3 
69 42 
69 51 
69 60 
69 84 
69 86 
69 88 
70 146 
73 121 
74 4 
76 45 
78 213 
82 35 
82 53 
84 158 
86 51 
87 22 
87 51 
87 60 
87 63 
87 69 
87 88 
88 69 
90 68 
93 33 
96 5 
96 16 
96 55 
96 66 
96 94 
96 108 
105 34 
105 109 
105 166 
109 115 
109 138 
109 150 
109 168 
111 158 
154 138 
172 158 
