2 7 
2 9 
2 18 
2 26 
2 34 
2 105 
2 165 
2 212 
3 4 
3 14 
3 15 
3 22 
3 27 
3 30 
3 36 
3 37 
3 52 
3 60 
3 63 
3 69 
3 70 
3 84 
3 87 
3 88 
3 90 
3 102 
3 116 
3 117 
4 2 
4 11 
4 13 
4 14 
4 15 
4 22 
4 26 
4 27 
4 32 
4 35 
4 36 
4 44 
4 52 
4 54 
4 60 
4 63 
4 68 
4 74 
4 80 
4 84 
4 86 
4 158 
5 15 
5 26 
5 27 
5 34 
5 37 
5 80 
5 94 
5 105 
5 125 
6 2 
6 26 
6 45 
6 90 
6 104 
6 119 
6 128 
7 17 
7 23 
7 26 
7 27 
7 39 
7 158 
7 159 
8 140 
9 8 
9 17 
9 26 
9 27 
9 39 
9 158 
9 159 
10 9 
10 23 
10 26 
11 13 
11 15 
11 30 
11 35 
11 36 
11 44 
11 63 
11 68 
11 69 
11 80 
11 102 
12 15 
12 26 
12 33 
12 36 
12 60 
12 91 
12 92 
12 115 
13 22 
13 36 
13 98 
14 3 
14 4 
14 7 
14 9 
14 13 
14 15 
14 17 
14 21 
14 22 
14 30 
14 32 
14 35 
14 36 
14 37 
14 42 
14 44 
14 45 
14 48 
14 52 
14 57 
14 59 
14 63 
14 69 
14 74 
14 78 
14 80 
14 82 
14 88 
14 91 
14 105 
14 156 
14 158 
14 173 
14 187 
15 3 
15 4 
15 7 
15 8 
15 9 
15 10 
15 11 
15 13 
15 14 
15 17 
15 22 
15 26 
15 27 
15 30 
15 32 
15 35 
15 37 
15 42 
15 44 
15 45 
15 51 
15 60 
15 63 
15 68 
15 69 
15 73 
15 74 
15 80 
15 82 
15 87 
15 88 
15 100 
15 119 
15 212 
16 79 
16 97 
17 14 
17 26 
17 44 
17 45 
17 125 
17 148 
17 158 
17 212 
18 158 
18 165 
19 3 
19 6 
19 11 
19 15 
19 23 
19 27 
19 32 
19 36 
19 37 
19 44 
19 105 
19 158 
21 37 
21 44 
21 48 
21 90 
21 109 
22 2 
22 3 
22 4 
22 7 
22 8 
22 9 
22 11 
22 13 
22 14 
22 15 
22 21 
22 23 
22 27 
22 30 
22 32 
22 34 
22 35 
22 36 
22 37 
22 39 
22 42 
22 44 
22 45 
22 48 
22 51 
22 52 
22 54 
22 60 
22 63 
22 68 
22 69 
22 70 
22 74 
22 76 
22 77 
22 78 
22 80 
22 82 
22 83 
22 84 
22 86 
22 87 
22 88 
22 90 
22 91 
22 102 
22 109 
22 127 
22 148 
22 158 
22 212 
23 2 
23 6 
23 7 
23 8 
23 9 
23 10 
23 11 
23 14 
23 15 
23 34 
23 37 
23 44 
23 45 
23 76 
25 4 
25 6 
25 15 
25 27 
25 33 
25 36 
25 44 
25 75 
25 84 
25 105 
25 125 
25 146 
25 158 
25 173 
26 2 
26 17 
26 34 
26 67 
26 110 
26 158 
26 212 
27 2 
27 3 
27 4 
27 11 
27 13 
27 14 
27 15 
27 17 
27 21 
27 22 
27 29 
27 33 
27 34 
27 35 
27 36 
27 37 
27 44 
27 51 
27 60 
27 63 
27 66 
27 69 
27 74 
27 80 
27 84 
27 105 
27 109 
27 121 
27 125 
27 130 
28 158 
29 7 
29 9 
29 17 
29 26 
29 80 
29 105 
29 158 
30 2 
30 21 
30 44 
30 52 
30 63 
30 68 
30 84 
30 87 
30 98 
30 116 
30 121 
31 17 
31 27 
31 32 
31 34 
31 39 
32 14 
33 26 
33 67 
33 109 
33 125 
33 158 
33 213 
34 2 
34 7 
34 8 
34 109 
34 212 
35 3 
35 4 
35 7 
35 9 
35 14 
35 15 
35 22 
35 23 
35 27 
35 32 
35 33 
35 37 
35 44 
35 53 
35 68 
35 70 
35 78 
35 82 
35 117 
35 125 
36 4 
36 11 
36 13 
36 80 
37 14 
37 15 
37 45 
37 63 
37 70 
37 80 
37 98 
39 2 
39 7 
39 8 
39 9 
39 11 
39 14 
39 15 
39 23 
39 26 
39 32 
39 34 
39 44 
39 45 
39 80 
39 99 
39 109 
39 158 
39 212 
40 2 
40 3 
40 4 
40 7 
40 9 
40 14 
40 15 
40 23 
40 26 
40 27 
40 32 
40 36 
40 37 
40 44 
40 76 
40 80 
40 133 
40 146 
43 17 
43 19 
43 48 
43 54 
43 57 
43 67 
43 71 
43 92 
43 109 
43 125 
43 158 
43 212 
44 3 
44 4 
44 7 
44 8 
44 11 
44 14 
44 15 
44 17 
44 21 
44 22 
44 26 
44 27 
44 30 
44 34 
44 35 
44 36 
44 37 
44 45 
44 68 
44 69 
44 73 
44 80 
44 84 
44 102 
44 109 
44 115 
44 119 
44 146 
44 158 
45 2 
45 3 
45 4 
45 6 
45 7 
45 8 
45 9 
45 11 
45 14 
45 15 
45 18 
45 23 
45 26 
45 29 
45 33 
45 34 
45 36 
45 37 
45 44 
45 49 
45 54 
45 55 
45 66 
45 70 
45 75 
45 76 
45 84 
45 94 
45 96 
45 97 
45 99 
45 102 
45 103 
45 105 
45 109 
45 115 
45 119 
45 120 
45 125 
45 127 
45 128 
45 146 
45 158 
45 165 
45 178 
45 181 
47 7 
47 9 
47 10 
47 26 
47 37 
49 7 
49 9 
49 22 
49 23 
49 36 
49 37 
49 45 
49 60 
49 66 
49 86 
49 105 
49 109 
52 4 
52 14 
52 68 
55 15 
55 27 
58 14 
58 32 
59 170 
60 51 
62 7 
62 9 
62 26 
62 68 
62 109 
62 146 
63 17 
63 30 
63 69 
63 87 
64 130 
65 45 
66 45 
68 2 
68 4 
68 6 
68 13 
68 15 
68 27 
68 32 
68 36 
68 44 
68 48 
68 63 
68 87 
68 119 
69 14 
69 73 
69 84 
69 116 
70 4 
70 7 
70 9 
70 14 
70 15 
70 17 
70 22 
70 27 
70 30 
70 32 
70 37 
70 80 
70 109 
70 133 
73 52 
74 4 
76 6 
76 15 
76 22 
76 23 
76 26 
76 27 
76 37 
76 44 
76 45 
76 55 
76 80 
76 96 
76 105 
80 37 
81 94 
82 3 
82 14 
82 15 
82 35 
82 69 
82 74 
82 119 
84 52 
84 62 
86 77 
87 63 
87 69 
88 51 
88 146 
92 71 
92 181 
93 14 
93 33 
93 77 
96 66 
96 76 
98 73 
101 27 
101 79 
105 2 
105 165 
108 15 
108 37 
108 44 
108 45 
108 66 
108 94 
108 98 
108 102 
109 7 
109 10 
109 11 
109 15 
109 26 
109 27 
109 34 
109 36 
109 37 
109 44 
109 45 
109 67 
109 75 
109 92 
109 105 
109 109 
109 115 
109 119 
109 138 
109 158 
109 168 
110 27 
110 212 
114 37 
115 75 
115 168 
117 116 
125 158 
134 158 
135 26 
135 44 
135 158 
135 190 
142 120 
159 92 
167 67 
168 109 
168 115 
172 33 
172 125 
172 158 
176 67 
