2 6 
2 7 
2 8 
2 10 
2 14 
2 15 
2 18 
2 22 
2 26 
2 27 
2 29 
2 32 
2 34 
2 37 
2 39 
2 44 
2 99 
2 110 
2 134 
2 139 
2 146 
2 156 
2 158 
2 166 
2 182 
2 212 
3 4 
3 15 
3 21 
3 22 
3 30 
3 37 
3 63 
3 68 
3 69 
3 87 
3 88 
4 3 
4 11 
4 13 
4 14 
4 15 
4 22 
4 27 
4 30 
4 32 
4 36 
4 37 
4 44 
4 63 
4 68 
4 73 
4 74 
4 82 
4 87 
4 88 
4 98 
4 121 
4 158 
5 6 
5 49 
5 158 
6 6 
6 18 
6 34 
6 45 
6 80 
7 18 
7 19 
7 26 
7 32 
7 34 
7 39 
7 110 
7 146 
8 140 
9 8 
9 18 
9 19 
9 26 
9 32 
9 34 
9 39 
9 110 
9 140 
9 146 
10 8 
11 15 
11 22 
11 27 
11 36 
12 3 
12 4 
12 14 
12 15 
12 22 
12 26 
12 27 
12 32 
12 33 
12 35 
12 40 
12 42 
12 44 
12 69 
12 80 
12 84 
12 87 
12 117 
12 148 
12 150 
12 158 
14 3 
14 4 
14 7 
14 8 
14 11 
14 13 
14 15 
14 21 
14 22 
14 27 
14 30 
14 32 
14 34 
14 35 
14 36 
14 37 
14 44 
14 51 
14 54 
14 59 
14 60 
14 63 
14 68 
14 69 
14 73 
14 74 
14 80 
14 82 
14 84 
14 86 
14 87 
14 88 
14 91 
14 156 
14 157 
14 158 
14 180 
14 187 
15 3 
15 4 
15 11 
15 13 
15 14 
15 21 
15 22 
15 27 
15 30 
15 35 
15 36 
15 37 
15 44 
15 52 
15 63 
15 68 
15 69 
15 73 
15 74 
15 82 
15 84 
15 87 
15 88 
15 98 
15 212 
16 6 
16 97 
17 212 
19 17 
19 40 
19 125 
19 134 
19 158 
21 14 
21 44 
21 148 
22 3 
22 4 
22 5 
22 6 
22 11 
22 13 
22 14 
22 15 
22 21 
22 25 
22 27 
22 30 
22 32 
22 33 
22 35 
22 36 
22 37 
22 42 
22 44 
22 48 
22 51 
22 52 
22 53 
22 55 
22 60 
22 62 
22 63 
22 68 
22 69 
22 73 
22 74 
22 80 
22 84 
22 86 
22 87 
22 88 
22 98 
22 102 
22 117 
22 121 
22 146 
22 148 
22 158 
23 7 
23 8 
23 9 
23 10 
23 26 
23 32 
23 34 
23 39 
25 33 
25 89 
25 125 
25 134 
25 146 
25 158 
26 212 
27 3 
27 4 
27 7 
27 8 
27 11 
27 13 
27 14 
27 15 
27 21 
27 22 
27 30 
27 32 
27 35 
27 36 
27 37 
27 44 
27 52 
27 62 
27 63 
27 68 
27 69 
27 71 
27 73 
27 74 
27 82 
27 84 
27 87 
27 88 
27 98 
27 100 
27 113 
27 115 
27 121 
27 148 
28 26 
28 158 
30 3 
30 15 
30 27 
30 32 
30 42 
30 63 
30 68 
30 69 
30 71 
30 73 
30 87 
30 98 
30 117 
30 121 
31 7 
31 8 
31 18 
31 26 
31 34 
31 39 
32 22 
32 35 
32 40 
32 68 
32 73 
32 86 
32 90 
33 26 
33 71 
33 125 
33 134 
33 158 
34 26 
34 71 
34 99 
34 139 
35 3 
35 4 
35 5 
35 11 
35 13 
35 14 
35 15 
35 17 
35 21 
35 22 
35 25 
35 26 
35 27 
35 29 
35 30 
35 32 
35 33 
35 34 
35 36 
35 37 
35 42 
35 44 
35 48 
35 51 
35 52 
35 53 
35 55 
35 58 
35 59 
35 60 
35 62 
35 63 
35 68 
35 69 
35 71 
35 73 
35 74 
35 78 
35 80 
35 82 
35 83 
35 84 
35 86 
35 87 
35 88 
35 90 
35 98 
35 102 
35 109 
35 117 
35 119 
35 121 
35 125 
35 134 
35 146 
35 148 
35 150 
35 156 
35 157 
35 158 
35 187 
36 11 
36 15 
36 121 
37 6 
37 14 
37 22 
37 35 
38 32 
39 7 
39 8 
39 32 
39 212 
40 3 
40 4 
40 11 
40 15 
40 19 
40 27 
40 30 
40 32 
40 33 
40 34 
40 36 
40 37 
40 42 
40 44 
40 48 
40 51 
40 52 
40 60 
40 63 
40 68 
40 69 
40 77 
40 80 
40 83 
40 84 
40 86 
40 87 
40 88 
40 89 
40 100 
40 117 
40 121 
40 125 
40 133 
40 134 
40 158 
42 32 
42 39 
42 68 
42 117 
43 19 
43 113 
43 125 
43 134 
43 212 
44 4 
44 14 
44 15 
44 21 
44 27 
44 34 
44 35 
44 73 
44 82 
44 128 
45 5 
45 6 
45 7 
45 8 
45 10 
45 14 
45 16 
45 17 
45 18 
45 26 
45 29 
45 32 
45 33 
45 34 
45 39 
45 44 
45 49 
45 55 
45 58 
45 66 
45 76 
45 79 
45 96 
45 97 
45 102 
45 103 
45 105 
45 108 
45 112 
45 120 
45 125 
45 127 
45 128 
45 139 
45 140 
45 156 
45 158 
45 165 
45 178 
45 182 
46 32 
46 42 
48 77 
48 84 
49 4 
49 5 
49 6 
49 14 
49 22 
49 25 
49 27 
49 32 
49 35 
49 36 
49 42 
49 44 
49 45 
49 53 
49 60 
49 78 
49 80 
49 82 
49 83 
49 86 
49 95 
49 102 
49 117 
51 60 
51 80 
52 15 
52 22 
52 32 
52 63 
52 68 
52 84 
58 6 
58 42 
62 22 
62 27 
62 36 
62 40 
62 68 
63 15 
63 27 
63 35 
63 69 
63 84 
63 87 
66 32 
68 3 
68 11 
68 14 
68 15 
68 22 
68 27 
68 30 
68 32 
68 35 
68 42 
68 44 
68 48 
68 51 
68 52 
68 60 
68 62 
68 63 
68 69 
68 73 
68 77 
68 80 
68 83 
68 84 
68 86 
68 87 
68 88 
68 116 
68 117 
68 121 
68 146 
69 3 
69 15 
69 22 
69 30 
69 63 
69 84 
69 87 
69 121 
70 22 
70 27 
70 32 
70 34 
70 44 
70 60 
70 62 
70 68 
70 71 
70 88 
70 109 
70 117 
72 32 
73 11 
73 22 
73 30 
73 98 
73 121 
74 14 
74 27 
76 6 
76 44 
76 45 
76 58 
76 105 
76 136 
77 32 
77 51 
77 60 
78 14 
78 22 
78 27 
78 32 
78 35 
78 37 
78 59 
78 80 
78 158 
82 5 
82 14 
82 30 
82 35 
82 37 
82 44 
82 53 
82 58 
82 74 
83 32 
83 42 
83 68 
83 117 
84 22 
84 52 
84 69 
84 73 
84 117 
86 3 
86 32 
86 42 
86 51 
86 52 
86 60 
86 69 
86 77 
86 83 
86 84 
86 88 
86 117 
87 3 
87 52 
87 63 
87 69 
87 73 
87 84 
88 22 
88 35 
88 84 
88 87 
89 25 
89 32 
89 33 
89 36 
89 125 
89 134 
89 146 
89 158 
90 3 
90 15 
90 22 
90 30 
90 32 
90 42 
90 48 
90 51 
90 60 
90 63 
90 68 
90 73 
90 77 
90 83 
90 84 
90 86 
90 88 
90 117 
90 121 
91 14 
91 22 
91 32 
91 42 
91 134 
91 146 
91 158 
93 14 
93 27 
93 33 
93 77 
96 4 
96 5 
96 6 
96 7 
96 8 
96 10 
96 11 
96 14 
96 15 
96 16 
96 19 
96 22 
96 25 
96 27 
96 32 
96 33 
96 35 
96 37 
96 40 
96 42 
96 44 
96 45 
96 49 
96 51 
96 54 
96 55 
96 58 
96 60 
96 66 
96 68 
96 74 
96 76 
96 77 
96 78 
96 79 
96 80 
96 82 
96 83 
96 84 
96 86 
96 90 
96 95 
96 97 
96 102 
96 103 
96 108 
96 112 
96 117 
96 128 
96 134 
96 146 
96 158 
96 178 
96 182 
98 73 
98 82 
98 121 
100 42 
100 116 
100 117 
100 133 
101 6 
101 90 
105 4 
105 7 
105 8 
105 10 
105 14 
105 15 
105 18 
105 27 
105 32 
105 34 
105 99 
105 156 
105 166 
105 182 
108 6 
108 66 
108 95 
108 97 
109 4 
109 6 
109 7 
109 8 
109 14 
109 15 
109 22 
109 26 
109 27 
109 32 
109 33 
109 34 
109 35 
109 37 
109 40 
109 44 
109 57 
109 59 
109 60 
109 62 
109 67 
109 71 
109 73 
109 75 
109 78 
109 80 
109 82 
109 83 
109 86 
109 102 
109 115 
109 117 
109 119 
109 125 
109 134 
109 138 
109 146 
109 150 
109 158 
109 168 
109 180 
109 187 
114 5 
115 168 
116 32 
117 32 
117 90 
121 73 
121 98 
125 158 
133 32 
146 25 
146 33 
146 89 
146 125 
146 134 
146 158 
146 212 
148 22 
166 117 
168 4 
168 27 
168 44 
168 109 
168 115 
204 59 
