2 18 
2 45 
2 99 
2 105 
3 14 
3 84 
3 87 
3 88 
3 90 
4 3 
4 11 
4 14 
4 15 
4 19 
4 22 
4 27 
4 30 
4 32 
4 35 
4 37 
4 44 
4 58 
4 59 
4 63 
4 68 
4 69 
4 71 
4 74 
4 78 
4 80 
4 82 
4 83 
4 84 
4 88 
4 91 
4 103 
4 117 
4 187 
5 14 
5 15 
5 27 
5 45 
5 49 
5 55 
5 58 
5 76 
5 96 
5 109 
6 2 
6 14 
7 2 
7 6 
7 18 
7 26 
7 39 
7 70 
7 105 
7 187 
9 2 
9 6 
9 8 
9 18 
9 39 
9 70 
9 105 
9 187 
10 8 
10 9 
10 26 
11 36 
11 80 
13 59 
14 3 
14 4 
14 5 
14 7 
14 9 
14 15 
14 18 
14 21 
14 22 
14 27 
14 30 
14 34 
14 35 
14 36 
14 37 
14 44 
14 45 
14 54 
14 59 
14 73 
14 82 
14 86 
14 87 
14 91 
14 102 
14 104 
14 156 
14 180 
14 182 
14 187 
15 2 
15 3 
15 4 
15 5 
15 6 
15 7 
15 9 
15 11 
15 13 
15 14 
15 16 
15 17 
15 18 
15 22 
15 27 
15 28 
15 30 
15 31 
15 32 
15 35 
15 36 
15 37 
15 39 
15 40 
15 44 
15 45 
15 51 
15 52 
15 55 
15 58 
15 60 
15 62 
15 63 
15 68 
15 69 
15 70 
15 73 
15 76 
15 80 
15 82 
15 83 
15 84 
15 86 
15 87 
15 88 
15 90 
15 91 
15 95 
15 98 
15 102 
15 108 
15 110 
15 112 
15 117 
15 121 
15 130 
15 187 
17 2 
17 3 
17 4 
17 5 
17 6 
17 7 
17 8 
17 9 
17 10 
17 13 
17 14 
17 15 
17 18 
17 19 
17 22 
17 23 
17 25 
17 26 
17 27 
17 28 
17 29 
17 30 
17 31 
17 32 
17 33 
17 34 
17 35 
17 37 
17 39 
17 40 
17 42 
17 44 
17 45 
17 49 
17 51 
17 55 
17 58 
17 59 
17 60 
17 67 
17 70 
17 71 
17 72 
17 76 
17 78 
17 80 
17 83 
17 84 
17 86 
17 88 
17 89 
17 90 
17 91 
17 92 
17 95 
17 96 
17 97 
17 99 
17 105 
17 108 
17 109 
17 110 
17 112 
17 116 
17 117 
17 121 
17 134 
17 146 
17 150 
17 155 
17 190 
17 212 
18 6 
18 26 
21 7 
21 9 
21 14 
21 30 
22 4 
22 6 
22 14 
22 15 
22 27 
22 35 
22 37 
22 40 
22 44 
22 45 
22 52 
22 63 
22 70 
22 77 
22 84 
22 88 
22 90 
23 7 
23 8 
23 9 
23 10 
23 15 
23 17 
23 18 
23 26 
23 31 
23 39 
23 45 
23 63 
23 105 
26 34 
26 45 
27 4 
27 11 
27 13 
27 14 
27 15 
27 18 
27 19 
27 22 
27 30 
27 35 
27 36 
27 37 
27 44 
27 52 
27 60 
27 63 
27 68 
27 70 
27 84 
27 88 
27 95 
27 102 
27 109 
28 110 
29 2 
29 7 
29 10 
29 31 
30 63 
30 73 
30 121 
31 7 
31 9 
31 16 
31 105 
32 72 
32 98 
32 117 
34 17 
34 70 
34 110 
35 14 
35 15 
35 18 
35 22 
35 27 
35 30 
35 32 
35 40 
35 44 
35 49 
35 52 
35 55 
35 63 
35 76 
35 78 
35 82 
35 84 
35 86 
35 91 
35 103 
35 119 
36 13 
36 14 
36 27 
36 40 
36 44 
36 84 
36 98 
37 11 
37 14 
37 15 
37 17 
37 30 
37 39 
37 55 
37 63 
37 70 
37 110 
39 2 
39 7 
39 8 
39 9 
39 10 
39 18 
39 26 
39 34 
39 105 
39 109 
40 19 
40 52 
43 19 
43 109 
43 125 
44 2 
44 3 
44 4 
44 6 
44 7 
44 9 
44 10 
44 13 
44 14 
44 15 
44 21 
44 22 
44 23 
44 25 
44 27 
44 28 
44 30 
44 31 
44 34 
44 35 
44 36 
44 37 
44 39 
44 45 
44 59 
44 67 
44 68 
44 71 
44 88 
44 112 
44 119 
44 120 
44 121 
44 125 
44 128 
44 134 
44 136 
44 178 
45 2 
45 5 
45 6 
45 7 
45 8 
45 9 
45 10 
45 11 
45 14 
45 15 
45 17 
45 18 
45 21 
45 22 
45 23 
45 26 
45 27 
45 28 
45 31 
45 32 
45 34 
45 35 
45 39 
45 44 
45 49 
45 55 
45 58 
45 70 
45 76 
45 82 
45 94 
45 96 
45 97 
45 103 
45 108 
45 109 
45 112 
45 120 
45 128 
49 14 
49 96 
55 35 
60 51 
63 30 
63 87 
66 55 
66 108 
68 52 
69 30 
70 32 
73 98 
73 121 
76 15 
76 32 
76 35 
76 45 
76 58 
80 6 
81 58 
82 4 
82 35 
82 53 
83 117 
86 51 
86 77 
86 88 
88 60 
89 84 
90 51 
93 33 
93 63 
93 77 
99 105 
103 6 
103 44 
104 14 
104 73 
105 76 
107 5 
107 49 
107 76 
107 109 
109 73 
109 138 
109 168 
110 80 
112 120 
117 73 
124 17 
184 14 
187 59 
