2 1 
2 2 
2 7 
2 8 
2 9 
2 10 
2 15 
2 16 
2 17 
2 18 
2 19 
2 23 
2 25 
2 26 
2 29 
2 31 
2 32 
2 33 
2 34 
2 39 
2 40 
2 76 
2 89 
2 97 
2 99 
2 103 
2 105 
2 108 
2 109 
2 110 
2 119 
2 120 
2 125 
2 134 
2 146 
2 150 
2 156 
2 165 
2 166 
2 212 
3 14 
3 15 
3 22 
3 27 
3 30 
3 32 
3 36 
3 42 
3 48 
3 52 
3 60 
3 68 
3 69 
3 74 
3 84 
3 87 
3 88 
3 112 
4 1 
4 7 
4 8 
4 9 
4 10 
4 11 
4 14 
4 15 
4 18 
4 21 
4 22 
4 25 
4 26 
4 27 
4 29 
4 30 
4 31 
4 32 
4 33 
4 34 
4 35 
4 36 
4 37 
4 39 
4 40 
4 42 
4 44 
4 48 
4 52 
4 53 
4 54 
4 57 
4 59 
4 60 
4 62 
4 63 
4 67 
4 68 
4 74 
4 78 
4 80 
4 82 
4 83 
4 84 
4 87 
4 88 
4 90 
4 91 
4 98 
4 103 
4 104 
4 108 
4 109 
4 112 
4 116 
4 119 
4 121 
4 125 
4 134 
4 146 
4 148 
4 150 
4 157 
4 158 
4 170 
4 173 
4 181 
4 187 
4 193 
4 213 
5 37 
5 109 
5 130 
5 146 
5 193 
5 213 
6 1 
6 7 
6 9 
6 18 
6 23 
6 25 
6 27 
6 28 
6 29 
6 34 
6 39 
6 40 
6 45 
6 70 
6 75 
6 76 
6 78 
6 91 
6 95 
6 103 
6 108 
6 109 
6 112 
6 125 
6 130 
6 134 
6 146 
6 157 
6 168 
6 178 
7 1 
7 11 
7 21 
7 26 
7 34 
7 37 
7 39 
7 53 
7 57 
7 72 
7 115 
7 118 
7 119 
7 139 
7 157 
7 168 
7 170 
7 180 
7 181 
7 193 
7 213 
8 10 
8 11 
8 57 
8 115 
8 140 
8 193 
9 1 
9 8 
9 21 
9 26 
9 34 
9 37 
9 53 
9 72 
9 118 
9 119 
9 139 
9 157 
9 168 
9 170 
9 180 
9 181 
9 193 
9 213 
10 8 
10 34 
10 39 
11 1 
11 3 
11 7 
11 9 
11 10 
11 13 
11 14 
11 15 
11 17 
11 18 
11 21 
11 22 
11 25 
11 26 
11 27 
11 29 
11 30 
11 33 
11 34 
11 35 
11 36 
11 39 
11 44 
11 48 
11 52 
11 59 
11 67 
11 68 
11 70 
11 73 
11 74 
11 80 
11 84 
11 87 
11 109 
11 120 
11 146 
11 148 
11 155 
11 213 
12 78 
12 91 
12 92 
12 134 
12 146 
12 158 
13 4 
13 7 
13 9 
13 10 
13 11 
13 15 
13 22 
13 27 
13 30 
13 32 
13 33 
13 34 
13 35 
13 36 
13 51 
13 73 
13 98 
13 121 
13 134 
14 1 
14 2 
14 3 
14 4 
14 7 
14 8 
14 9 
14 10 
14 11 
14 13 
14 15 
14 18 
14 21 
14 22 
14 23 
14 25 
14 26 
14 27 
14 28 
14 29 
14 30 
14 31 
14 32 
14 33 
14 34 
14 35 
14 36 
14 37 
14 39 
14 40 
14 44 
14 48 
14 52 
14 54 
14 57 
14 59 
14 62 
14 63 
14 67 
14 68 
14 69 
14 71 
14 73 
14 74 
14 78 
14 80 
14 82 
14 84 
14 86 
14 87 
14 88 
14 89 
14 91 
14 96 
14 100 
14 104 
14 105 
14 109 
14 115 
14 116 
14 118 
14 119 
14 125 
14 133 
14 139 
14 146 
14 148 
14 150 
14 156 
14 157 
14 158 
14 170 
14 173 
14 180 
14 182 
14 187 
14 193 
14 213 
15 1 
15 2 
15 3 
15 4 
15 7 
15 8 
15 9 
15 10 
15 11 
15 13 
15 14 
15 16 
15 17 
15 18 
15 19 
15 21 
15 22 
15 23 
15 25 
15 26 
15 27 
15 28 
15 29 
15 30 
15 31 
15 32 
15 33 
15 34 
15 35 
15 36 
15 37 
15 39 
15 40 
15 44 
15 48 
15 51 
15 52 
15 53 
15 54 
15 59 
15 60 
15 62 
15 63 
15 67 
15 68 
15 69 
15 70 
15 73 
15 74 
15 76 
15 77 
15 78 
15 80 
15 82 
15 83 
15 84 
15 86 
15 87 
15 88 
15 89 
15 90 
15 91 
15 92 
15 98 
15 109 
15 112 
15 115 
15 119 
15 121 
15 125 
15 133 
15 146 
15 148 
15 150 
15 155 
15 156 
15 158 
15 193 
15 212 
15 213 
16 136 
17 1 
17 7 
17 8 
17 22 
17 28 
17 29 
17 32 
17 33 
17 34 
17 39 
17 67 
17 78 
17 89 
17 109 
17 110 
17 115 
17 125 
17 134 
17 146 
17 150 
17 155 
17 158 
17 190 
17 193 
18 1 
18 26 
18 27 
18 29 
18 34 
18 165 
19 1 
19 37 
19 67 
19 72 
21 1 
21 3 
21 4 
21 7 
21 8 
21 9 
21 10 
21 11 
21 14 
21 15 
21 18 
21 19 
21 22 
21 26 
21 27 
21 29 
21 30 
21 32 
21 33 
21 34 
21 35 
21 39 
21 40 
21 44 
21 52 
21 59 
21 62 
21 67 
21 68 
21 69 
21 75 
21 76 
21 82 
21 84 
21 89 
21 91 
21 103 
21 108 
21 109 
21 112 
21 115 
21 119 
21 120 
21 130 
21 146 
21 148 
21 150 
21 157 
21 168 
21 170 
21 173 
21 187 
22 1 
22 2 
22 3 
22 4 
22 11 
22 14 
22 15 
22 25 
22 27 
22 30 
22 32 
22 34 
22 35 
22 37 
22 44 
22 48 
22 52 
22 53 
22 54 
22 60 
22 62 
22 63 
22 67 
22 68 
22 69 
22 74 
22 75 
22 77 
22 78 
22 82 
22 83 
22 84 
22 87 
22 88 
22 92 
22 94 
22 96 
22 98 
22 100 
22 104 
22 109 
22 116 
22 121 
22 138 
22 146 
22 148 
22 156 
22 170 
22 180 
22 182 
23 1 
23 7 
23 8 
23 10 
23 26 
23 34 
23 37 
23 92 
23 113 
25 25 
25 92 
25 119 
26 7 
26 8 
26 9 
26 18 
26 27 
26 28 
26 29 
26 33 
26 34 
26 37 
26 39 
26 57 
26 67 
26 75 
26 104 
26 105 
26 119 
26 125 
26 130 
26 134 
26 139 
26 150 
26 157 
26 158 
26 170 
26 193 
26 212 
26 213 
27 1 
27 2 
27 3 
27 4 
27 7 
27 8 
27 9 
27 10 
27 11 
27 13 
27 14 
27 15 
27 16 
27 17 
27 18 
27 19 
27 21 
27 22 
27 23 
27 25 
27 26 
27 29 
27 30 
27 31 
27 32 
27 33 
27 34 
27 35 
27 36 
27 37 
27 39 
27 40 
27 44 
27 51 
27 52 
27 53 
27 54 
27 59 
27 60 
27 62 
27 63 
27 67 
27 68 
27 69 
27 70 
27 71 
27 73 
27 74 
27 75 
27 77 
27 78 
27 80 
27 82 
27 84 
27 87 
27 88 
27 89 
27 90 
27 92 
27 96 
27 98 
27 100 
27 102 
27 103 
27 104 
27 105 
27 109 
27 113 
27 115 
27 118 
27 119 
27 120 
27 121 
27 125 
27 127 
27 128 
27 130 
27 134 
27 136 
27 139 
27 146 
27 148 
27 157 
27 158 
27 173 
27 178 
27 180 
27 193 
27 212 
27 213 
28 1 
28 92 
29 7 
29 8 
29 9 
29 14 
29 34 
29 37 
29 146 
29 158 
29 166 
30 1 
30 3 
30 4 
30 7 
30 9 
30 11 
30 13 
30 14 
30 15 
30 18 
30 21 
30 22 
30 23 
30 25 
30 26 
30 27 
30 28 
30 29 
30 32 
30 33 
30 35 
30 36 
30 39 
30 40 
30 42 
30 44 
30 48 
30 51 
30 52 
30 59 
30 60 
30 62 
30 63 
30 67 
30 68 
30 69 
30 70 
30 73 
30 74 
30 76 
30 78 
30 82 
30 83 
30 84 
30 86 
30 87 
30 88 
30 89 
30 90 
30 94 
30 98 
30 100 
30 108 
30 109 
30 119 
30 121 
30 146 
30 148 
30 170 
30 173 
30 187 
31 2 
32 13 
32 21 
32 28 
32 42 
32 72 
32 100 
32 116 
32 117 
32 133 
33 1 
33 28 
33 67 
33 125 
33 134 
33 146 
33 150 
33 158 
34 1 
34 7 
34 8 
34 9 
34 10 
34 18 
34 26 
34 28 
34 29 
34 33 
34 39 
34 40 
34 57 
34 104 
34 110 
34 119 
34 125 
34 134 
34 139 
34 146 
34 158 
34 193 
34 212 
34 213 
35 1 
35 4 
35 11 
35 14 
35 15 
35 22 
35 27 
35 30 
35 37 
35 44 
35 48 
35 52 
35 53 
35 59 
35 62 
35 68 
35 82 
35 88 
35 98 
35 104 
35 156 
35 213 
36 3 
36 4 
36 7 
36 8 
36 11 
36 13 
36 14 
36 15 
36 18 
36 22 
36 25 
36 27 
36 29 
36 32 
36 33 
36 35 
36 37 
36 40 
36 44 
36 48 
36 59 
36 63 
36 67 
36 68 
36 70 
36 73 
36 78 
36 80 
36 84 
36 102 
36 121 
36 134 
36 146 
37 3 
37 4 
37 7 
37 9 
37 11 
37 15 
37 18 
37 23 
37 25 
37 27 
37 29 
37 32 
37 33 
37 34 
37 40 
37 48 
37 67 
37 70 
37 71 
37 76 
37 78 
37 80 
37 89 
37 91 
37 95 
37 100 
37 103 
37 104 
37 109 
37 110 
37 115 
37 134 
37 146 
37 157 
37 170 
37 181 
38 1 
39 1 
39 7 
39 8 
39 27 
39 28 
39 34 
39 37 
39 116 
39 119 
39 125 
39 139 
39 158 
39 159 
39 180 
39 181 
39 190 
39 212 
40 1 
40 19 
40 37 
40 72 
40 113 
40 133 
40 134 
40 213 
42 1 
42 7 
42 9 
42 29 
42 32 
42 40 
42 70 
42 83 
42 89 
42 100 
42 116 
42 133 
43 1 
43 19 
43 33 
43 59 
43 67 
43 71 
43 75 
43 92 
43 104 
43 113 
43 119 
43 125 
43 134 
43 146 
43 158 
43 168 
43 181 
43 187 
43 212 
44 2 
44 4 
44 7 
44 8 
44 9 
44 11 
44 14 
44 15 
44 17 
44 18 
44 21 
44 22 
44 25 
44 26 
44 27 
44 28 
44 29 
44 30 
44 32 
44 33 
44 34 
44 35 
44 36 
44 37 
44 39 
44 52 
44 59 
44 62 
44 68 
44 69 
44 75 
44 76 
44 80 
44 82 
44 84 
44 89 
44 92 
44 94 
44 103 
44 104 
44 109 
44 113 
44 115 
44 119 
44 120 
44 125 
44 130 
44 134 
44 146 
44 148 
44 158 
44 168 
44 178 
44 180 
44 193 
45 1 
45 2 
45 5 
45 6 
45 7 
45 8 
45 9 
45 10 
45 11 
45 15 
45 16 
45 17 
45 18 
45 21 
45 23 
45 25 
45 26 
45 27 
45 28 
45 29 
45 31 
45 32 
45 33 
45 34 
45 35 
45 37 
45 39 
45 40 
45 48 
45 58 
45 68 
45 70 
45 71 
45 75 
45 76 
45 79 
45 89 
45 91 
45 94 
45 95 
45 96 
45 97 
45 100 
45 103 
45 105 
45 108 
45 109 
45 112 
45 116 
45 119 
45 120 
45 125 
45 127 
45 133 
45 134 
45 136 
45 146 
45 158 
45 165 
45 178 
45 193 
45 212 
47 1 
47 27 
47 29 
47 139 
49 5 
49 7 
49 9 
49 29 
49 32 
49 33 
49 55 
49 75 
49 76 
49 91 
49 94 
49 95 
49 96 
49 108 
49 112 
49 115 
49 119 
49 120 
49 125 
49 146 
49 150 
49 157 
49 178 
49 213 
52 22 
52 30 
52 48 
52 68 
52 84 
54 118 
55 108 
55 127 
57 168 
58 16 
58 79 
58 97 
58 120 
60 36 
60 51 
60 88 
60 90 
62 68 
63 3 
63 4 
63 14 
63 15 
63 18 
63 22 
63 25 
63 26 
63 27 
63 29 
63 30 
63 32 
63 39 
63 44 
63 51 
63 52 
63 60 
63 68 
63 69 
63 77 
63 84 
63 86 
63 87 
63 88 
63 90 
63 100 
64 112 
65 100 
65 127 
68 15 
68 27 
68 30 
68 48 
68 52 
68 62 
68 84 
69 22 
69 30 
69 48 
69 52 
69 63 
69 84 
69 90 
70 4 
70 27 
70 45 
70 120 
71 75 
71 92 
71 113 
71 115 
71 168 
71 181 
73 3 
73 4 
73 15 
73 22 
73 25 
73 27 
73 30 
73 32 
73 33 
73 35 
73 40 
73 42 
73 44 
73 52 
73 60 
73 63 
73 70 
73 72 
73 78 
73 84 
73 89 
73 90 
73 98 
73 100 
73 116 
73 117 
73 121 
74 4 
74 14 
74 15 
74 22 
75 115 
75 168 
76 7 
76 9 
76 21 
76 66 
76 79 
76 112 
76 120 
76 136 
76 178 
78 119 
78 213 
79 120 
80 4 
80 11 
81 127 
82 4 
82 11 
82 14 
82 15 
82 27 
82 35 
82 36 
82 37 
82 44 
82 53 
82 63 
82 74 
82 80 
82 112 
82 116 
83 29 
83 32 
83 48 
84 15 
84 22 
84 52 
84 68 
84 69 
86 51 
86 77 
86 187 
87 3 
87 14 
87 15 
87 22 
87 30 
87 35 
87 52 
87 60 
87 63 
87 69 
87 77 
87 86 
88 14 
88 15 
88 22 
88 51 
88 60 
88 63 
88 90 
88 187 
89 193 
92 71 
92 113 
92 181 
93 17 
93 27 
93 28 
93 33 
93 59 
93 83 
93 157 
93 180 
95 108 
96 5 
96 23 
96 37 
96 76 
96 94 
96 95 
96 108 
96 112 
97 16 
98 4 
98 11 
98 13 
98 15 
98 27 
98 32 
98 35 
98 52 
98 73 
98 100 
98 121 
99 165 
99 166 
101 16 
102 40 
102 100 
102 213 
103 120 
105 2 
105 6 
105 7 
105 8 
105 9 
105 10 
105 14 
105 15 
105 16 
105 17 
105 18 
105 19 
105 23 
105 26 
105 28 
105 29 
105 31 
105 32 
105 33 
105 34 
105 37 
105 39 
105 44 
105 45 
105 59 
105 67 
105 71 
105 75 
105 76 
105 78 
105 79 
105 89 
105 99 
105 103 
105 105 
105 108 
105 109 
105 110 
105 112 
105 115 
105 119 
105 120 
105 125 
105 127 
105 134 
105 146 
105 150 
105 155 
105 156 
105 158 
105 165 
105 166 
105 173 
105 178 
105 182 
109 34 
109 71 
109 75 
109 92 
109 113 
109 115 
109 138 
109 168 
109 180 
110 146 
110 212 
112 120 
112 127 
112 130 
112 178 
113 75 
113 181 
114 5 
114 7 
114 9 
114 23 
114 25 
114 26 
114 29 
114 33 
114 34 
114 39 
114 59 
114 78 
114 89 
114 91 
114 94 
114 95 
114 96 
114 109 
114 157 
114 170 
114 173 
114 187 
115 168 
117 4 
117 7 
117 9 
117 17 
117 19 
117 23 
117 25 
117 28 
117 34 
117 40 
117 42 
117 70 
117 83 
117 89 
117 100 
117 116 
117 133 
118 168 
119 193 
120 112 
120 130 
121 15 
121 27 
121 30 
121 31 
121 32 
121 33 
121 63 
121 73 
121 98 
121 100 
121 116 
122 130 
122 157 
122 170 
124 119 
124 157 
124 180 
125 33 
125 67 
125 113 
125 134 
125 146 
125 158 
129 127 
129 193 
132 120 
138 168 
140 8 
142 57 
145 193 
146 67 
146 89 
146 110 
146 134 
148 44 
149 27 
150 92 
150 104 
152 109 
152 168 
154 166 
156 166 
163 113 
167 33 
167 92 
168 75 
168 115 
169 14 
169 157 
172 134 
173 157 
173 170 
173 173 
173 180 
187 193 
187 213 
195 139 
204 59 
