2 6 
2 7 
2 10 
3 11 
3 15 
3 22 
3 52 
4 11 
4 15 
4 73 
4 173 
6 7 
6 10 
6 29 
6 45 
6 66 
6 91 
11 6 
11 7 
11 10 
11 14 
11 15 
11 35 
11 36 
11 45 
12 91 
13 36 
13 66 
14 7 
14 10 
14 15 
14 22 
14 30 
14 35 
14 54 
14 68 
14 82 
14 91 
14 173 
14 187 
15 3 
15 6 
15 11 
15 22 
15 29 
15 30 
15 36 
15 44 
15 52 
15 66 
15 68 
15 91 
15 173 
19 45 
21 15 
22 15 
22 66 
27 11 
27 14 
27 15 
27 21 
27 22 
27 29 
27 36 
27 44 
27 82 
27 91 
30 15 
30 54 
30 91 
30 173 
35 22 
35 82 
35 91 
35 187 
36 11 
37 11 
37 15 
37 36 
37 44 
44 14 
44 15 
44 21 
44 82 
45 6 
45 7 
45 10 
45 29 
45 54 
45 66 
45 91 
52 15 
55 66 
61 127 
63 15 
63 173 
68 14 
68 15 
68 45 
69 3 
76 6 
82 35 
82 68 
84 3 
87 3 
88 3 
88 15 
98 73 
98 121 
105 7 
105 10 
105 15 
114 29 
126 44 
173 180 
