1 33 
2 6 
2 33 
2 105 
2 150 
3 15 
3 44 
4 6 
4 7 
4 9 
4 14 
4 27 
4 29 
4 35 
4 37 
4 45 
4 70 
4 134 
5 44 
5 59 
6 6 
6 14 
6 15 
6 33 
6 44 
6 45 
6 158 
7 2 
7 6 
7 15 
7 23 
7 26 
7 27 
7 31 
7 34 
7 39 
7 44 
7 45 
7 105 
7 125 
8 6 
8 26 
8 34 
8 140 
9 2 
9 6 
9 8 
9 9 
9 10 
9 23 
9 26 
9 31 
9 34 
9 39 
9 44 
9 45 
9 105 
9 125 
9 140 
10 2 
10 6 
10 8 
10 9 
10 15 
10 26 
10 27 
10 34 
10 45 
11 13 
11 14 
11 15 
11 30 
11 35 
11 44 
11 52 
11 60 
11 63 
11 69 
11 70 
11 71 
11 73 
11 76 
11 80 
11 94 
11 117 
11 121 
12 14 
12 158 
14 4 
14 6 
14 11 
14 15 
14 22 
14 27 
14 29 
14 30 
14 31 
14 32 
14 35 
14 37 
14 44 
14 69 
14 70 
14 74 
14 78 
14 80 
14 82 
14 109 
14 156 
15 2 
15 3 
15 4 
15 7 
15 8 
15 11 
15 13 
15 14 
15 22 
15 26 
15 27 
15 30 
15 34 
15 36 
15 37 
15 45 
15 52 
15 60 
15 63 
15 69 
15 70 
15 80 
15 87 
15 88 
15 94 
15 105 
17 2 
17 4 
17 6 
17 7 
17 8 
17 9 
17 10 
17 14 
17 15 
17 18 
17 22 
17 23 
17 25 
17 26 
17 31 
17 32 
17 34 
17 36 
17 37 
17 39 
17 44 
17 45 
17 54 
17 62 
17 68 
17 80 
17 82 
17 92 
17 105 
17 109 
17 110 
17 113 
17 117 
17 125 
17 134 
17 150 
17 155 
17 158 
17 190 
17 212 
18 7 
18 8 
18 23 
18 27 
18 34 
19 6 
19 15 
19 158 
21 44 
22 3 
22 4 
22 14 
22 15 
22 27 
22 30 
22 35 
22 36 
22 37 
22 44 
22 104 
22 158 
23 6 
23 7 
23 8 
23 9 
23 27 
23 31 
23 34 
23 134 
25 3 
25 4 
25 158 
26 2 
26 34 
26 87 
26 139 
26 158 
27 3 
27 4 
27 13 
27 14 
27 15 
27 30 
27 35 
27 36 
27 37 
27 45 
27 68 
27 70 
27 82 
28 15 
28 29 
28 44 
28 105 
29 6 
30 15 
30 32 
30 60 
30 63 
30 69 
30 73 
30 87 
31 3 
31 6 
31 7 
31 8 
31 27 
31 35 
31 45 
31 105 
34 7 
34 26 
34 45 
34 125 
34 140 
35 6 
35 7 
35 8 
35 14 
35 82 
35 83 
36 11 
37 3 
37 7 
37 8 
37 9 
37 14 
37 15 
37 30 
39 2 
39 14 
39 15 
39 26 
39 27 
39 31 
39 34 
39 36 
39 45 
39 59 
39 80 
39 105 
40 6 
40 14 
40 25 
40 33 
40 36 
40 44 
40 45 
40 80 
40 83 
40 84 
40 102 
40 134 
40 158 
42 15 
42 100 
42 116 
43 2 
43 6 
43 45 
43 125 
43 134 
43 158 
43 212 
44 6 
44 11 
44 13 
44 14 
44 15 
44 21 
44 22 
44 27 
44 32 
44 35 
44 37 
44 45 
44 62 
44 70 
44 80 
44 102 
45 2 
45 5 
45 6 
45 7 
45 8 
45 9 
45 14 
45 15 
45 16 
45 18 
45 22 
45 23 
45 26 
45 30 
45 34 
45 35 
45 37 
45 39 
45 40 
45 44 
45 66 
45 76 
45 80 
45 97 
45 103 
45 105 
45 109 
45 113 
45 119 
45 120 
45 128 
45 136 
45 138 
45 168 
47 6 
47 15 
47 32 
47 63 
49 2 
49 5 
49 6 
49 14 
49 76 
49 96 
54 37 
63 14 
63 87 
66 6 
66 45 
67 45 
67 70 
67 158 
69 30 
70 6 
70 15 
70 80 
71 92 
73 121 
74 30 
76 134 
80 6 
80 11 
80 36 
82 44 
86 77 
87 44 
89 6 
89 25 
89 33 
91 14 
92 125 
93 33 
95 6 
95 96 
96 76 
99 165 
101 45 
105 15 
105 26 
105 109 
108 2 
108 6 
108 15 
108 27 
108 44 
109 14 
109 104 
109 138 
109 168 
110 2 
110 4 
110 14 
110 15 
110 22 
110 37 
110 44 
110 80 
110 105 
110 212 
112 120 
113 125 
113 158 
114 35 
119 4 
119 6 
119 44 
119 45 
121 11 
121 73 
124 6 
124 27 
124 44 
124 45 
136 134 
148 113 
150 14 
153 7 
153 10 
153 34 
153 134 
153 158 
155 44 
173 15 
181 159 
186 158 
187 4 
204 59 
