2 2 
2 4 
2 7 
2 8 
2 9 
2 10 
2 17 
2 18 
2 19 
2 22 
2 23 
2 25 
2 26 
2 29 
2 31 
2 33 
2 34 
2 35 
2 39 
2 44 
2 67 
2 71 
2 75 
2 78 
2 99 
2 105 
2 109 
2 110 
2 113 
2 125 
2 134 
2 139 
2 146 
2 150 
2 156 
2 158 
2 165 
2 182 
3 4 
3 6 
3 13 
3 14 
3 15 
3 19 
3 22 
3 27 
3 29 
3 30 
3 36 
3 37 
3 40 
3 42 
3 51 
3 52 
3 60 
3 63 
3 68 
3 69 
3 73 
3 75 
3 84 
3 86 
3 87 
3 88 
3 90 
4 3 
4 5 
4 7 
4 10 
4 11 
4 13 
4 14 
4 15 
4 21 
4 22 
4 27 
4 30 
4 35 
4 37 
4 44 
4 52 
4 68 
4 69 
4 74 
4 82 
4 88 
5 29 
5 31 
5 39 
5 45 
5 49 
5 55 
5 59 
5 66 
5 71 
5 91 
5 92 
5 95 
5 109 
6 1 
6 4 
6 5 
6 6 
6 7 
6 8 
6 9 
6 10 
6 14 
6 15 
6 18 
6 22 
6 23 
6 26 
6 27 
6 29 
6 31 
6 33 
6 34 
6 35 
6 37 
6 39 
6 42 
6 44 
6 45 
6 54 
6 55 
6 58 
6 59 
6 60 
6 66 
6 68 
6 70 
6 71 
6 75 
6 76 
6 78 
6 80 
6 82 
6 91 
6 92 
6 94 
6 96 
6 105 
6 108 
6 109 
6 110 
6 112 
6 113 
6 119 
6 120 
6 134 
6 158 
6 159 
6 170 
6 173 
6 181 
6 187 
7 1 
7 2 
7 6 
7 14 
7 18 
7 26 
7 29 
7 34 
7 36 
7 37 
7 39 
7 44 
7 45 
7 80 
7 173 
9 1 
9 2 
9 18 
9 26 
9 29 
9 34 
9 36 
9 37 
9 39 
9 44 
9 45 
9 80 
9 173 
10 6 
10 8 
10 14 
10 26 
10 39 
11 4 
11 14 
11 15 
11 21 
11 22 
11 27 
11 29 
11 30 
11 31 
11 35 
11 36 
11 37 
11 39 
11 44 
11 73 
11 80 
11 82 
11 84 
11 87 
11 98 
11 102 
11 121 
12 92 
12 125 
13 11 
13 15 
13 21 
13 22 
13 27 
13 35 
13 36 
13 44 
13 63 
13 78 
13 80 
13 82 
13 98 
13 102 
14 3 
14 4 
14 5 
14 11 
14 13 
14 15 
14 21 
14 22 
14 23 
14 25 
14 26 
14 27 
14 30 
14 32 
14 35 
14 36 
14 37 
14 39 
14 40 
14 42 
14 44 
14 45 
14 48 
14 49 
14 51 
14 52 
14 53 
14 54 
14 57 
14 59 
14 60 
14 62 
14 63 
14 68 
14 69 
14 70 
14 73 
14 74 
14 76 
14 78 
14 80 
14 82 
14 83 
14 84 
14 86 
14 88 
14 89 
14 91 
14 102 
14 105 
14 119 
14 130 
14 134 
14 138 
14 148 
14 150 
14 156 
14 157 
14 170 
14 173 
14 180 
14 182 
14 187 
14 193 
14 213 
15 3 
15 4 
15 5 
15 7 
15 10 
15 11 
15 13 
15 14 
15 21 
15 22 
15 23 
15 26 
15 27 
15 29 
15 30 
15 31 
15 32 
15 33 
15 35 
15 36 
15 37 
15 40 
15 42 
15 44 
15 45 
15 52 
15 54 
15 57 
15 60 
15 63 
15 68 
15 69 
15 70 
15 71 
15 73 
15 74 
15 75 
15 78 
15 80 
15 82 
15 83 
15 84 
15 87 
15 88 
15 89 
15 92 
15 98 
15 100 
15 102 
15 109 
15 113 
15 116 
15 119 
15 121 
15 125 
15 133 
15 148 
15 158 
15 168 
15 170 
15 173 
15 187 
15 212 
16 45 
16 97 
17 1 
17 2 
17 29 
17 34 
17 37 
17 44 
17 71 
17 92 
17 105 
17 109 
17 110 
17 125 
17 134 
17 155 
17 158 
17 190 
18 1 
18 15 
18 26 
18 29 
18 34 
19 1 
19 15 
19 17 
19 26 
19 45 
19 100 
19 110 
19 116 
19 125 
19 133 
21 11 
21 14 
21 27 
21 44 
22 3 
22 4 
22 5 
22 11 
22 13 
22 14 
22 15 
22 23 
22 25 
22 27 
22 28 
22 30 
22 32 
22 35 
22 36 
22 37 
22 39 
22 40 
22 44 
22 45 
22 48 
22 52 
22 62 
22 63 
22 67 
22 68 
22 69 
22 70 
22 78 
22 80 
22 82 
22 84 
22 86 
22 87 
22 88 
22 91 
22 109 
22 117 
22 148 
22 155 
22 168 
23 1 
23 34 
23 37 
23 155 
24 1 
24 4 
24 7 
24 9 
24 10 
24 11 
24 13 
24 15 
24 19 
24 22 
24 25 
24 26 
24 27 
24 30 
24 31 
24 32 
24 33 
24 35 
24 36 
24 40 
24 44 
24 48 
24 62 
24 68 
24 72 
24 75 
24 80 
24 91 
24 100 
24 116 
24 133 
25 5 
25 6 
25 19 
25 25 
25 37 
25 45 
25 54 
25 84 
25 89 
25 94 
25 105 
25 109 
25 119 
25 146 
25 158 
26 34 
26 92 
27 2 
27 3 
27 4 
27 11 
27 13 
27 14 
27 15 
27 19 
27 21 
27 22 
27 30 
27 35 
27 36 
27 44 
27 59 
27 60 
27 63 
27 70 
27 74 
27 80 
27 82 
27 84 
27 88 
27 92 
27 102 
27 109 
27 112 
27 113 
27 127 
28 1 
28 75 
30 3 
30 4 
30 11 
30 14 
30 15 
30 21 
30 22 
30 27 
30 35 
30 36 
30 37 
30 42 
30 44 
30 60 
30 63 
30 73 
30 78 
30 80 
30 82 
30 84 
30 87 
30 113 
30 117 
30 121 
31 18 
32 1 
32 4 
32 5 
32 6 
32 7 
32 10 
32 13 
32 15 
32 17 
32 18 
32 19 
32 22 
32 23 
32 25 
32 26 
32 27 
32 29 
32 30 
32 31 
32 35 
32 39 
32 40 
32 44 
32 45 
32 48 
32 62 
32 67 
32 68 
32 70 
32 71 
32 72 
32 75 
32 78 
32 80 
32 89 
32 91 
32 92 
32 100 
32 108 
32 110 
32 113 
32 116 
32 133 
32 146 
32 159 
32 213 
33 1 
33 92 
34 29 
34 75 
34 110 
34 125 
34 168 
35 4 
35 13 
35 14 
35 15 
35 21 
35 22 
35 27 
35 30 
35 36 
35 40 
35 44 
35 49 
35 68 
35 78 
35 82 
35 84 
35 87 
35 91 
36 4 
36 11 
36 13 
36 14 
36 15 
36 21 
36 27 
36 30 
36 32 
36 35 
36 44 
36 52 
36 63 
36 73 
36 78 
36 80 
36 91 
36 102 
36 121 
37 3 
37 14 
37 15 
37 19 
37 36 
37 39 
37 40 
37 42 
37 63 
37 70 
37 75 
37 78 
37 92 
37 119 
37 168 
37 170 
38 1 
39 29 
40 1 
40 2 
40 3 
40 4 
40 7 
40 10 
40 14 
40 15 
40 17 
40 22 
40 23 
40 25 
40 26 
40 27 
40 29 
40 33 
40 35 
40 36 
40 37 
40 39 
40 42 
40 44 
40 45 
40 70 
40 80 
40 89 
40 90 
40 91 
40 100 
40 125 
40 134 
40 146 
40 158 
40 187 
41 1 
41 19 
42 7 
42 10 
42 15 
42 17 
42 18 
42 22 
42 23 
42 25 
42 26 
42 27 
42 29 
42 31 
42 32 
42 35 
42 39 
42 40 
42 44 
42 48 
42 67 
42 68 
42 70 
42 71 
42 75 
42 80 
42 82 
42 83 
42 89 
42 91 
42 92 
42 100 
42 110 
42 113 
42 116 
42 117 
42 146 
43 1 
43 11 
43 19 
43 26 
43 33 
43 34 
43 45 
43 75 
43 110 
43 113 
43 119 
43 125 
43 134 
43 158 
43 168 
43 212 
44 3 
44 4 
44 11 
44 14 
44 15 
44 19 
44 21 
44 22 
44 26 
44 27 
44 29 
44 30 
44 35 
44 36 
44 37 
44 39 
44 45 
44 49 
44 68 
44 70 
44 71 
44 73 
44 78 
44 80 
44 82 
44 88 
44 91 
44 92 
44 102 
44 105 
44 113 
44 148 
45 1 
45 4 
45 5 
45 6 
45 7 
45 8 
45 9 
45 10 
45 14 
45 15 
45 16 
45 18 
45 21 
45 22 
45 23 
45 25 
45 26 
45 27 
45 28 
45 29 
45 31 
45 33 
45 34 
45 35 
45 37 
45 39 
45 40 
45 44 
45 49 
45 54 
45 55 
45 57 
45 58 
45 66 
45 67 
45 70 
45 71 
45 75 
45 76 
45 78 
45 79 
45 82 
45 89 
45 91 
45 92 
45 94 
45 95 
45 96 
45 97 
45 100 
45 103 
45 108 
45 109 
45 110 
45 112 
45 113 
45 119 
45 128 
45 130 
45 136 
45 157 
45 159 
45 168 
45 178 
45 181 
45 182 
45 187 
46 1 
46 19 
46 100 
46 133 
47 17 
47 99 
47 139 
49 4 
49 5 
49 7 
49 8 
49 14 
49 37 
49 54 
49 55 
49 57 
49 66 
49 70 
49 95 
49 96 
49 108 
49 109 
49 113 
49 150 
51 40 
51 77 
52 14 
52 15 
52 22 
52 25 
52 26 
52 31 
52 35 
52 40 
52 48 
52 62 
52 67 
52 68 
52 70 
52 78 
52 82 
52 84 
52 90 
52 91 
55 127 
59 157 
60 22 
60 37 
60 40 
60 48 
60 51 
60 68 
60 69 
60 84 
60 86 
60 88 
60 90 
60 91 
62 15 
62 29 
62 30 
62 40 
62 44 
62 45 
62 68 
62 69 
62 70 
62 158 
63 3 
63 11 
63 14 
63 15 
63 22 
63 30 
63 32 
63 33 
63 35 
63 37 
63 42 
63 69 
63 73 
63 84 
63 87 
63 88 
65 35 
68 22 
68 40 
68 48 
68 52 
68 62 
68 84 
68 91 
68 148 
69 3 
69 4 
69 14 
69 15 
69 22 
69 27 
69 29 
69 30 
69 31 
69 37 
69 40 
69 44 
69 48 
69 51 
69 52 
69 60 
69 63 
69 68 
69 70 
69 84 
69 86 
69 87 
69 88 
69 89 
69 90 
69 100 
70 6 
70 22 
70 40 
70 45 
70 67 
71 92 
71 113 
72 26 
72 109 
73 11 
73 13 
73 14 
73 15 
73 18 
73 21 
73 27 
73 30 
73 32 
73 33 
73 35 
73 36 
73 39 
73 40 
73 44 
73 57 
73 68 
73 71 
73 74 
73 75 
73 78 
73 80 
73 92 
73 98 
73 109 
73 113 
73 121 
74 3 
74 4 
74 11 
74 13 
74 14 
74 15 
74 27 
74 53 
74 121 
76 7 
76 9 
76 16 
76 19 
76 22 
76 28 
76 40 
76 45 
76 58 
76 71 
76 91 
76 108 
76 136 
78 213 
79 97 
80 11 
80 13 
80 22 
81 58 
81 92 
82 35 
82 44 
83 22 
83 25 
83 27 
83 30 
83 40 
83 44 
83 48 
83 68 
83 84 
83 89 
83 91 
84 3 
84 4 
84 14 
84 15 
84 17 
84 22 
84 25 
84 26 
84 27 
84 29 
84 31 
84 35 
84 37 
84 39 
84 40 
84 42 
84 44 
84 48 
84 52 
84 62 
84 67 
84 68 
84 69 
84 70 
84 82 
84 83 
84 89 
84 91 
84 100 
84 116 
84 148 
86 3 
86 15 
86 22 
86 31 
86 42 
86 51 
86 52 
86 68 
86 69 
86 77 
86 84 
86 87 
86 88 
86 90 
86 91 
87 3 
87 13 
87 15 
87 22 
87 27 
87 30 
87 33 
87 35 
87 40 
87 45 
87 63 
87 69 
87 84 
87 88 
88 3 
88 15 
88 22 
88 27 
88 51 
88 52 
88 60 
88 63 
88 68 
88 70 
89 2 
89 25 
89 91 
89 146 
89 213 
90 48 
90 60 
90 86 
91 22 
93 14 
93 19 
93 33 
93 48 
93 63 
93 70 
93 83 
93 84 
96 3 
96 14 
96 30 
96 36 
97 16 
98 11 
98 14 
98 15 
98 27 
98 36 
98 71 
98 73 
98 121 
99 37 
103 127 
105 2 
105 6 
105 13 
105 44 
105 99 
105 105 
105 156 
106 166 
107 5 
107 54 
107 55 
107 71 
107 92 
108 23 
108 35 
108 45 
108 66 
108 96 
109 7 
109 10 
109 26 
109 71 
109 75 
109 115 
109 138 
109 168 
110 44 
111 37 
113 71 
113 75 
113 92 
113 181 
114 5 
114 49 
114 54 
114 55 
114 57 
114 66 
114 71 
114 92 
114 109 
114 187 
115 168 
116 14 
117 73 
117 80 
120 14 
120 130 
121 3 
121 11 
121 14 
121 15 
121 21 
121 22 
121 33 
121 35 
121 36 
121 44 
121 67 
121 71 
121 73 
121 80 
121 82 
121 92 
121 98 
121 113 
124 4 
124 157 
129 130 
133 19 
146 25 
146 45 
147 138 
148 22 
148 213 
152 168 
153 29 
155 17 
167 33 
167 125 
172 146 
173 180 
179 5 
187 14 
204 59 
212 31 
