2 18 
2 26 
2 166 
3 4 
3 6 
3 15 
3 22 
3 30 
3 52 
3 60 
3 63 
3 74 
3 86 
3 87 
4 7 
4 9 
4 14 
4 21 
4 22 
4 27 
4 35 
4 37 
5 45 
6 6 
6 45 
7 2 
7 6 
7 26 
7 31 
7 70 
8 26 
9 6 
9 31 
9 70 
10 2 
10 6 
10 8 
10 26 
13 14 
13 26 
13 100 
14 4 
14 7 
14 9 
14 22 
14 26 
14 27 
14 30 
14 31 
14 35 
14 37 
14 44 
14 55 
14 63 
14 69 
14 74 
14 82 
14 84 
14 91 
14 187 
15 3 
15 4 
15 6 
15 11 
15 14 
15 18 
15 21 
15 22 
15 27 
15 30 
15 35 
15 36 
15 37 
15 44 
15 60 
15 68 
15 70 
15 74 
15 84 
15 88 
15 121 
15 148 
17 2 
17 6 
17 26 
17 45 
17 70 
17 155 
21 44 
22 6 
22 14 
22 15 
22 26 
22 35 
22 37 
22 67 
22 68 
22 84 
23 7 
23 9 
23 45 
23 60 
25 6 
26 6 
26 7 
26 9 
27 3 
27 4 
27 6 
27 14 
27 15 
27 35 
27 37 
27 87 
30 27 
30 44 
30 73 
31 15 
32 45 
34 26 
35 14 
35 22 
35 82 
36 13 
36 30 
37 2 
37 3 
37 14 
37 15 
37 29 
37 36 
37 70 
40 13 
40 37 
40 44 
40 45 
42 15 
42 26 
43 26 
43 67 
44 7 
44 9 
44 21 
44 35 
44 68 
44 70 
45 5 
45 6 
45 11 
45 16 
45 17 
45 26 
45 36 
45 37 
45 44 
45 76 
45 127 
45 136 
45 178 
51 45 
52 22 
52 62 
52 68 
60 86 
63 30 
63 87 
68 62 
69 3 
69 4 
69 6 
69 22 
69 37 
69 84 
69 87 
73 30 
73 121 
74 4 
82 14 
84 22 
84 52 
84 68 
84 69 
86 52 
86 63 
86 69 
86 88 
87 4 
87 11 
87 15 
87 21 
87 22 
87 30 
87 63 
87 69 
88 22 
95 6 
96 15 
99 166 
105 2 
105 17 
108 6 
109 45 
146 6 
187 45 
