1 17 
1 28 
2 6 
2 7 
2 8 
2 14 
2 15 
2 22 
2 26 
2 27 
2 29 
2 32 
2 34 
2 37 
2 39 
2 134 
2 156 
2 158 
2 182 
2 212 
3 4 
3 15 
3 22 
3 37 
3 63 
3 69 
3 87 
3 88 
4 3 
4 11 
4 13 
4 14 
4 15 
4 21 
4 22 
4 27 
4 30 
4 35 
4 36 
4 37 
4 44 
4 63 
4 68 
4 73 
4 74 
4 82 
4 88 
4 121 
6 6 
7 29 
7 32 
7 45 
8 140 
9 29 
9 32 
9 45 
11 14 
11 36 
12 158 
14 3 
14 4 
14 11 
14 13 
14 15 
14 18 
14 21 
14 22 
14 25 
14 27 
14 30 
14 32 
14 34 
14 35 
14 36 
14 37 
14 42 
14 44 
14 51 
14 59 
14 60 
14 63 
14 68 
14 73 
14 74 
14 80 
14 84 
14 87 
14 88 
14 91 
14 98 
14 102 
14 117 
14 121 
14 156 
14 157 
14 180 
15 3 
15 4 
15 11 
15 13 
15 14 
15 21 
15 22 
15 27 
15 30 
15 35 
15 36 
15 37 
15 44 
15 63 
15 68 
15 69 
15 73 
15 74 
15 87 
15 212 
17 155 
19 17 
19 32 
19 134 
19 158 
20 40 
21 44 
22 3 
22 4 
22 11 
22 13 
22 14 
22 15 
22 21 
22 27 
22 30 
22 32 
22 33 
22 35 
22 36 
22 37 
22 42 
22 44 
22 48 
22 51 
22 52 
22 60 
22 62 
22 63 
22 68 
22 69 
22 73 
22 74 
22 77 
22 80 
22 84 
22 86 
22 87 
22 88 
22 98 
22 117 
22 121 
22 148 
22 187 
24 32 
25 33 
25 125 
25 134 
25 146 
25 158 
26 212 
27 3 
27 4 
27 11 
27 13 
27 14 
27 15 
27 21 
27 22 
27 30 
27 35 
27 36 
27 37 
27 44 
27 52 
27 60 
27 62 
27 63 
27 68 
27 69 
27 71 
27 73 
27 74 
27 84 
27 87 
27 88 
27 98 
27 121 
27 148 
28 45 
28 134 
28 155 
28 158 
28 212 
30 3 
30 32 
30 44 
30 73 
30 98 
32 73 
32 86 
33 125 
33 134 
33 158 
34 71 
35 3 
35 4 
35 5 
35 11 
35 13 
35 14 
35 15 
35 21 
35 22 
35 25 
35 27 
35 30 
35 32 
35 36 
35 37 
35 42 
35 44 
35 48 
35 51 
35 53 
35 60 
35 63 
35 68 
35 69 
35 73 
35 74 
35 80 
35 82 
35 87 
35 98 
35 102 
35 109 
35 117 
35 121 
35 146 
35 187 
36 11 
36 13 
36 15 
36 102 
37 3 
37 14 
37 15 
37 22 
37 35 
38 32 
38 42 
40 3 
40 4 
40 6 
40 11 
40 14 
40 15 
40 19 
40 21 
40 23 
40 25 
40 26 
40 27 
40 30 
40 32 
40 33 
40 34 
40 35 
40 36 
40 37 
40 39 
40 42 
40 44 
40 45 
40 51 
40 52 
40 59 
40 60 
40 63 
40 68 
40 69 
40 76 
40 77 
40 80 
40 83 
40 84 
40 86 
40 87 
40 88 
40 100 
40 102 
40 117 
40 121 
40 125 
40 133 
40 134 
40 158 
40 182 
40 187 
42 32 
42 117 
43 26 
43 110 
43 113 
43 125 
43 212 
44 15 
44 21 
44 27 
44 35 
45 5 
45 6 
45 7 
45 8 
45 10 
45 14 
45 15 
45 16 
45 22 
45 26 
45 27 
45 29 
45 32 
45 34 
45 37 
45 39 
45 44 
45 49 
45 55 
45 58 
45 66 
45 71 
45 76 
45 96 
45 97 
45 103 
45 105 
45 112 
45 127 
45 158 
45 182 
46 32 
46 42 
47 39 
48 77 
49 4 
49 5 
49 6 
49 14 
49 27 
49 32 
49 35 
49 78 
49 95 
49 102 
51 60 
52 22 
52 32 
52 68 
52 84 
60 69 
62 3 
62 40 
63 30 
63 35 
63 87 
68 2 
68 3 
68 11 
68 13 
68 14 
68 15 
68 22 
68 27 
68 30 
68 32 
68 35 
68 42 
68 44 
68 48 
68 52 
68 60 
68 62 
68 63 
68 69 
68 73 
68 77 
68 80 
68 83 
68 84 
68 86 
68 87 
68 88 
68 90 
68 116 
68 117 
68 121 
69 3 
69 14 
69 15 
69 30 
69 32 
69 37 
69 60 
69 63 
69 73 
69 84 
69 87 
69 121 
70 22 
70 32 
70 44 
70 62 
72 32 
73 15 
73 30 
73 121 
74 14 
74 27 
76 6 
78 14 
78 35 
78 37 
78 59 
78 60 
82 14 
82 35 
82 53 
82 74 
83 32 
83 117 
84 32 
84 52 
84 68 
84 83 
84 117 
86 3 
86 32 
86 37 
86 51 
86 60 
86 68 
86 77 
86 83 
86 84 
86 88 
86 117 
87 3 
87 22 
87 63 
87 69 
87 73 
88 3 
88 22 
88 84 
88 87 
89 11 
89 25 
89 32 
89 33 
89 36 
89 42 
89 125 
89 134 
89 146 
89 158 
90 32 
90 42 
90 51 
90 60 
90 77 
90 86 
90 117 
91 14 
91 15 
91 22 
91 80 
91 158 
93 14 
93 33 
93 77 
93 91 
93 100 
96 5 
96 6 
96 14 
96 15 
96 16 
96 22 
96 25 
96 27 
96 32 
96 35 
96 44 
96 45 
96 49 
96 58 
96 66 
96 76 
96 78 
96 82 
96 97 
96 108 
96 182 
98 13 
98 121 
105 2 
105 4 
105 6 
105 7 
105 8 
105 14 
105 15 
105 27 
105 32 
105 34 
105 37 
105 44 
105 45 
105 117 
105 156 
105 182 
108 6 
109 4 
109 6 
109 7 
109 8 
109 14 
109 15 
109 22 
109 27 
109 32 
109 33 
109 34 
109 35 
109 37 
109 40 
109 42 
109 44 
109 59 
109 60 
109 62 
109 67 
109 71 
109 73 
109 75 
109 78 
109 80 
109 82 
109 102 
109 115 
109 117 
109 119 
109 125 
109 134 
109 138 
109 139 
109 146 
109 150 
109 158 
109 168 
110 212 
116 32 
116 42 
121 73 
121 98 
133 32 
146 32 
146 33 
146 36 
146 117 
146 125 
146 134 
146 158 
169 14 
195 139 
204 59 
