2 7 
2 9 
2 18 
2 25 
2 26 
2 29 
2 31 
2 34 
2 37 
2 45 
2 105 
2 134 
2 150 
2 158 
2 166 
2 182 
2 212 
3 2 
3 6 
3 7 
3 9 
3 14 
3 15 
3 22 
3 25 
3 27 
3 31 
3 34 
3 37 
3 45 
3 48 
3 55 
3 60 
3 63 
3 69 
3 74 
3 109 
3 148 
3 150 
4 2 
4 3 
4 5 
4 6 
4 7 
4 9 
4 14 
4 15 
4 25 
4 26 
4 27 
4 29 
4 31 
4 34 
4 35 
4 37 
4 45 
4 55 
4 58 
4 60 
4 68 
4 74 
4 76 
4 88 
4 90 
4 94 
4 102 
4 105 
4 109 
4 146 
4 182 
5 2 
5 6 
5 7 
5 9 
5 16 
5 25 
5 26 
5 37 
5 44 
5 45 
5 48 
5 54 
5 55 
5 58 
5 76 
5 79 
5 94 
5 95 
5 97 
5 105 
5 109 
5 120 
5 128 
5 130 
5 146 
5 150 
5 166 
5 178 
5 187 
6 6 
6 7 
6 9 
6 26 
6 29 
6 31 
6 34 
6 37 
6 44 
6 45 
6 76 
6 94 
6 105 
6 120 
6 128 
6 146 
7 2 
7 6 
7 26 
7 29 
7 31 
7 32 
7 34 
7 37 
7 44 
7 45 
7 48 
7 54 
7 58 
7 76 
7 82 
7 95 
7 105 
7 109 
7 120 
7 146 
7 150 
7 166 
7 182 
7 187 
8 2 
8 6 
8 9 
8 26 
8 29 
8 31 
8 34 
8 45 
8 58 
8 76 
8 105 
8 140 
9 2 
9 6 
9 26 
9 29 
9 32 
9 34 
9 44 
9 45 
9 48 
9 54 
9 58 
9 76 
9 82 
9 95 
9 105 
9 109 
9 120 
9 140 
9 146 
9 150 
9 166 
9 187 
10 2 
10 6 
10 9 
10 26 
10 34 
10 37 
10 45 
10 58 
10 76 
10 105 
10 109 
10 140 
10 182 
11 26 
11 37 
11 45 
11 102 
12 2 
12 25 
12 37 
12 54 
12 146 
12 150 
13 37 
14 2 
14 4 
14 6 
14 7 
14 9 
14 15 
14 22 
14 25 
14 27 
14 30 
14 31 
14 32 
14 34 
14 35 
14 37 
14 44 
14 45 
14 48 
14 54 
14 55 
14 60 
14 74 
14 76 
14 82 
14 88 
14 91 
14 102 
14 105 
14 109 
14 146 
14 148 
14 150 
14 166 
14 170 
14 173 
14 182 
14 187 
15 2 
15 3 
15 4 
15 5 
15 6 
15 7 
15 9 
15 14 
15 18 
15 22 
15 25 
15 26 
15 27 
15 30 
15 31 
15 32 
15 34 
15 35 
15 37 
15 45 
15 48 
15 58 
15 60 
15 63 
15 69 
15 73 
15 74 
15 76 
15 84 
15 87 
15 88 
15 90 
15 91 
15 94 
15 95 
15 102 
15 105 
15 109 
15 117 
15 121 
15 134 
15 146 
15 150 
15 158 
15 182 
15 187 
15 212 
16 45 
16 58 
16 76 
16 79 
16 97 
17 2 
17 4 
17 6 
17 14 
17 15 
17 22 
17 29 
17 34 
17 37 
17 39 
17 44 
17 45 
17 76 
17 105 
17 109 
17 134 
17 150 
17 158 
17 212 
18 2 
18 5 
18 6 
18 7 
18 9 
18 18 
18 26 
18 31 
18 34 
18 39 
18 45 
18 55 
18 76 
18 105 
18 109 
18 120 
18 146 
18 150 
18 166 
18 182 
18 212 
19 6 
19 26 
19 45 
19 54 
19 146 
19 150 
19 212 
21 45 
21 76 
21 109 
22 2 
22 3 
22 4 
22 5 
22 6 
22 7 
22 9 
22 14 
22 18 
22 25 
22 26 
22 27 
22 29 
22 30 
22 31 
22 32 
22 34 
22 35 
22 37 
22 44 
22 45 
22 48 
22 54 
22 55 
22 58 
22 60 
22 62 
22 63 
22 68 
22 74 
22 76 
22 79 
22 82 
22 84 
22 88 
22 90 
22 94 
22 97 
22 105 
22 109 
22 117 
22 134 
22 146 
22 150 
22 182 
22 187 
22 212 
23 6 
23 7 
23 9 
23 14 
23 18 
23 26 
23 29 
23 31 
23 32 
23 34 
23 37 
23 44 
23 45 
23 105 
23 140 
23 146 
25 2 
25 6 
25 37 
25 45 
25 146 
25 187 
26 2 
26 6 
26 7 
26 9 
26 14 
26 18 
26 21 
26 26 
26 29 
26 31 
26 34 
26 44 
26 105 
26 109 
26 110 
26 120 
26 150 
26 158 
26 166 
26 170 
26 182 
26 212 
27 2 
27 3 
27 4 
27 5 
27 6 
27 7 
27 9 
27 13 
27 14 
27 15 
27 21 
27 22 
27 25 
27 30 
27 31 
27 34 
27 35 
27 37 
27 44 
27 45 
27 48 
27 60 
27 63 
27 73 
27 74 
27 76 
27 82 
27 84 
27 88 
27 102 
27 105 
27 109 
27 121 
27 127 
27 130 
27 134 
27 146 
27 148 
27 150 
27 182 
28 25 
28 109 
29 2 
29 6 
29 25 
29 26 
29 27 
29 34 
29 45 
29 105 
29 134 
29 182 
30 2 
30 5 
30 6 
30 7 
30 9 
30 15 
30 25 
30 34 
30 37 
30 44 
30 45 
30 48 
30 60 
30 63 
30 73 
30 76 
30 87 
30 90 
30 102 
30 117 
30 121 
30 146 
30 148 
31 2 
31 6 
31 7 
31 9 
31 18 
31 26 
31 29 
31 34 
31 44 
31 45 
31 105 
31 110 
31 134 
32 2 
32 6 
32 37 
32 45 
32 105 
32 117 
32 146 
33 2 
33 6 
33 7 
33 9 
33 25 
33 134 
33 146 
33 213 
34 2 
34 6 
34 18 
34 26 
34 29 
34 31 
34 45 
34 105 
34 109 
34 110 
34 166 
34 182 
34 212 
35 2 
35 4 
35 5 
35 6 
35 7 
35 9 
35 14 
35 15 
35 22 
35 27 
35 30 
35 34 
35 37 
35 44 
35 45 
35 54 
35 55 
35 58 
35 60 
35 63 
35 68 
35 76 
35 82 
35 88 
35 94 
35 105 
35 146 
35 150 
35 182 
35 212 
36 3 
36 7 
36 9 
36 37 
36 45 
36 102 
36 121 
37 5 
37 6 
37 7 
37 9 
37 15 
37 18 
37 25 
37 26 
37 34 
37 45 
37 60 
37 76 
37 109 
37 117 
37 134 
39 2 
39 6 
39 7 
39 9 
39 11 
39 13 
39 14 
39 15 
39 18 
39 21 
39 26 
39 27 
39 29 
39 30 
39 31 
39 32 
39 34 
39 35 
39 37 
39 44 
39 45 
39 98 
39 105 
39 128 
39 134 
39 146 
39 150 
39 158 
39 182 
39 212 
40 2 
40 4 
40 5 
40 6 
40 7 
40 9 
40 15 
40 18 
40 25 
40 34 
40 37 
40 45 
40 48 
40 54 
40 55 
40 60 
40 76 
40 88 
40 90 
40 91 
40 94 
40 95 
40 97 
40 102 
40 109 
40 117 
40 120 
40 128 
40 134 
40 146 
40 150 
40 170 
40 182 
40 187 
40 212 
42 6 
42 7 
42 9 
42 37 
42 45 
42 117 
43 2 
43 6 
43 7 
43 9 
43 25 
43 26 
43 34 
43 45 
43 54 
43 91 
43 105 
43 109 
43 120 
43 134 
43 146 
43 187 
43 212 
44 2 
44 3 
44 4 
44 6 
44 7 
44 9 
44 14 
44 15 
44 21 
44 22 
44 25 
44 26 
44 29 
44 31 
44 34 
44 35 
44 37 
44 45 
44 58 
44 60 
44 82 
44 88 
44 91 
44 102 
44 105 
44 109 
44 121 
44 128 
44 134 
44 146 
44 150 
44 178 
44 212 
45 2 
45 4 
45 6 
45 7 
45 9 
45 13 
45 15 
45 16 
45 21 
45 26 
45 29 
45 31 
45 32 
45 34 
45 37 
45 39 
45 44 
45 48 
45 55 
45 58 
45 76 
45 79 
45 94 
45 95 
45 97 
45 102 
45 105 
45 109 
45 120 
45 127 
45 128 
45 130 
45 134 
45 146 
45 178 
45 182 
47 2 
47 3 
47 4 
47 6 
47 7 
47 9 
47 11 
47 13 
47 14 
47 15 
47 26 
47 27 
47 30 
47 31 
47 32 
47 34 
47 35 
47 39 
47 44 
47 45 
47 63 
47 76 
47 87 
47 110 
47 146 
47 212 
49 2 
49 5 
49 16 
49 35 
49 45 
49 48 
49 58 
49 76 
49 95 
49 109 
49 178 
51 2 
51 3 
51 37 
51 45 
51 48 
51 60 
51 90 
52 6 
52 26 
52 30 
52 34 
52 35 
52 37 
52 44 
52 45 
52 48 
52 60 
52 68 
52 84 
52 90 
52 109 
55 6 
55 16 
55 45 
55 58 
55 76 
55 94 
55 95 
55 97 
55 120 
55 127 
55 128 
55 178 
58 16 
58 45 
58 76 
58 79 
58 97 
60 2 
60 6 
60 7 
60 9 
60 37 
60 45 
60 90 
60 102 
60 105 
60 146 
63 6 
63 22 
63 25 
63 30 
63 37 
63 45 
63 60 
63 69 
63 84 
63 87 
64 37 
65 37 
65 45 
65 120 
66 6 
66 45 
66 55 
66 76 
66 94 
66 95 
68 2 
68 4 
68 6 
68 7 
68 9 
68 15 
68 34 
68 35 
68 45 
68 48 
68 58 
68 76 
68 90 
68 105 
68 109 
68 121 
68 146 
69 2 
69 6 
69 45 
69 48 
69 60 
69 76 
69 84 
69 88 
70 2 
70 4 
70 5 
70 6 
70 7 
70 9 
70 14 
70 15 
70 27 
70 34 
70 37 
70 45 
70 76 
70 105 
70 109 
73 102 
73 117 
73 121 
73 150 
74 14 
74 88 
76 6 
76 16 
76 37 
76 45 
76 58 
76 97 
76 146 
77 90 
78 6 
78 14 
78 37 
78 54 
79 58 
80 34 
80 37 
80 102 
82 6 
82 7 
82 9 
82 14 
82 34 
82 35 
82 37 
82 45 
82 48 
82 187 
83 6 
83 146 
84 6 
84 37 
84 45 
84 48 
84 60 
84 69 
84 90 
86 2 
86 6 
86 37 
86 45 
86 60 
86 90 
87 6 
87 30 
87 44 
87 45 
87 60 
87 63 
87 117 
88 2 
88 3 
88 45 
88 48 
89 6 
89 25 
89 48 
89 91 
89 146 
90 2 
90 6 
90 45 
90 48 
90 60 
91 6 
91 14 
91 15 
91 25 
91 54 
93 48 
93 90 
94 45 
96 5 
96 16 
96 55 
96 58 
96 76 
96 94 
96 95 
96 97 
97 6 
97 16 
97 45 
97 58 
97 76 
97 79 
99 166 
102 37 
103 178 
104 150 
105 2 
105 7 
105 9 
105 34 
105 45 
105 182 
106 166 
108 16 
108 45 
108 58 
108 76 
108 79 
108 95 
109 6 
109 150 
109 168 
110 22 
110 25 
110 120 
110 212 
112 120 
112 128 
112 130 
112 178 
114 45 
120 130 
121 2 
121 45 
121 73 
121 98 
124 173 
125 34 
125 45 
125 54 
125 91 
125 146 
128 178 
129 2 
130 120 
132 120 
135 2 
139 117 
141 110 
150 14 
150 32 
169 6 
172 146 
180 173 
186 146 
187 170 
203 37 
