2 7 
2 10 
2 17 
2 18 
2 19 
2 26 
2 28 
2 29 
2 32 
2 33 
2 45 
2 99 
2 166 
3 6 
3 7 
3 10 
3 19 
3 28 
3 29 
3 32 
3 33 
3 45 
3 48 
3 76 
3 88 
3 98 
3 146 
4 6 
4 7 
4 10 
4 17 
4 18 
4 19 
4 26 
4 28 
4 29 
4 32 
4 33 
4 45 
4 48 
4 76 
4 88 
4 98 
4 146 
4 173 
5 6 
5 7 
5 10 
5 17 
5 18 
5 19 
5 26 
5 28 
5 29 
5 32 
5 33 
5 45 
5 76 
5 108 
5 112 
5 146 
6 6 
6 7 
6 10 
6 17 
6 18 
6 19 
6 26 
6 28 
6 29 
6 32 
6 45 
6 76 
6 88 
6 112 
6 120 
6 146 
7 6 
7 17 
7 18 
7 19 
7 26 
7 28 
7 29 
7 32 
7 33 
7 45 
7 48 
7 76 
7 88 
7 98 
7 99 
7 100 
7 112 
7 146 
7 166 
8 17 
8 26 
8 28 
8 29 
8 45 
9 6 
9 10 
9 17 
9 18 
9 19 
9 26 
9 28 
9 29 
9 32 
9 33 
9 45 
9 48 
9 76 
9 88 
9 98 
9 99 
9 100 
9 112 
9 146 
9 166 
10 6 
10 17 
10 18 
10 19 
10 26 
10 28 
10 29 
10 33 
10 45 
10 76 
10 88 
10 99 
10 112 
11 6 
11 7 
11 10 
11 17 
11 19 
11 26 
11 29 
11 32 
11 33 
11 45 
11 76 
11 88 
11 98 
11 100 
11 146 
12 19 
12 28 
12 33 
12 146 
13 7 
13 10 
13 17 
13 18 
13 26 
13 29 
13 32 
13 33 
13 98 
14 6 
14 7 
14 10 
14 17 
14 18 
14 19 
14 26 
14 28 
14 29 
14 32 
14 33 
14 45 
14 76 
14 88 
14 98 
14 100 
14 146 
14 166 
14 173 
14 187 
15 6 
15 7 
15 10 
15 17 
15 18 
15 19 
15 26 
15 28 
15 29 
15 32 
15 33 
15 45 
15 48 
15 76 
15 88 
15 98 
15 100 
15 146 
17 6 
17 7 
17 10 
17 18 
17 19 
17 26 
17 29 
17 32 
17 33 
17 45 
17 76 
17 146 
18 6 
18 7 
18 10 
18 17 
18 19 
18 26 
18 28 
18 29 
18 33 
19 6 
19 26 
21 6 
21 7 
21 10 
21 19 
21 28 
21 29 
21 33 
21 45 
21 88 
21 98 
21 146 
22 6 
22 7 
22 10 
22 17 
22 19 
22 26 
22 28 
22 29 
22 32 
22 33 
22 45 
22 48 
22 76 
22 88 
22 98 
22 100 
22 146 
22 187 
23 6 
23 7 
23 10 
23 17 
23 18 
23 26 
23 28 
23 29 
23 33 
23 45 
23 76 
23 146 
25 19 
25 146 
26 6 
26 7 
26 10 
26 17 
26 18 
26 19 
26 26 
26 28 
26 29 
26 32 
26 33 
26 45 
26 76 
26 98 
26 146 
27 6 
27 7 
27 10 
27 17 
27 18 
27 19 
27 26 
27 28 
27 29 
27 32 
27 33 
27 45 
27 48 
27 76 
27 88 
27 98 
27 100 
27 112 
27 146 
28 17 
28 26 
28 45 
29 6 
29 7 
29 10 
29 17 
29 19 
29 26 
30 6 
30 7 
30 10 
30 19 
30 28 
30 32 
30 45 
30 88 
30 98 
30 100 
30 146 
31 7 
31 10 
31 17 
31 18 
31 19 
31 26 
31 29 
31 45 
31 48 
32 18 
32 98 
32 100 
33 28 
33 146 
34 7 
34 10 
34 17 
34 18 
34 19 
34 26 
34 28 
34 29 
34 76 
35 6 
35 7 
35 10 
35 17 
35 19 
35 26 
35 28 
35 29 
35 32 
35 33 
35 45 
35 76 
35 88 
35 98 
35 100 
35 146 
35 173 
35 187 
36 6 
36 7 
36 10 
36 26 
36 32 
36 45 
36 76 
36 98 
37 6 
37 7 
37 10 
37 17 
37 26 
37 28 
37 29 
37 32 
37 45 
37 76 
39 6 
39 7 
39 10 
39 17 
39 18 
39 19 
39 26 
39 28 
39 29 
39 32 
39 33 
39 45 
39 76 
40 17 
40 19 
40 28 
40 29 
40 48 
40 100 
42 6 
42 19 
42 29 
42 32 
42 100 
42 146 
43 17 
43 19 
43 26 
43 29 
44 6 
44 7 
44 10 
44 17 
44 18 
44 19 
44 26 
44 28 
44 29 
44 32 
44 33 
44 45 
44 76 
44 88 
44 98 
44 100 
44 112 
44 146 
44 187 
45 6 
45 7 
45 10 
45 17 
45 18 
45 19 
45 26 
45 28 
45 29 
45 32 
45 33 
45 76 
45 100 
45 112 
45 120 
45 146 
45 178 
47 7 
47 10 
47 17 
47 18 
47 26 
47 28 
47 29 
47 45 
47 98 
49 7 
49 10 
49 18 
49 26 
49 28 
49 29 
49 45 
49 76 
49 112 
50 112 
51 48 
51 88 
52 6 
52 7 
52 10 
52 17 
52 18 
52 28 
52 29 
52 32 
52 76 
55 6 
55 18 
55 29 
55 45 
55 76 
58 76 
60 32 
60 33 
60 76 
60 88 
61 29 
62 28 
62 29 
62 146 
63 6 
63 7 
63 10 
63 32 
63 45 
63 88 
63 98 
63 100 
65 100 
66 7 
66 10 
66 45 
67 6 
68 26 
68 32 
68 48 
69 6 
69 7 
69 10 
69 26 
69 29 
69 32 
69 48 
69 88 
69 100 
70 187 
73 32 
73 98 
74 6 
76 6 
76 7 
76 10 
76 17 
76 18 
76 26 
76 29 
76 45 
77 48 
78 6 
79 29 
80 6 
80 7 
80 10 
80 17 
80 29 
80 32 
80 45 
80 48 
82 7 
82 10 
82 88 
84 100 
86 88 
87 6 
87 18 
87 26 
87 29 
87 33 
87 48 
87 88 
87 100 
88 6 
88 26 
88 28 
88 32 
89 146 
89 187 
90 48 
91 7 
91 10 
91 26 
91 29 
91 33 
91 146 
93 7 
93 10 
93 28 
93 33 
94 26 
96 17 
96 29 
96 45 
96 76 
98 17 
98 32 
99 166 
100 17 
102 7 
102 10 
103 112 
105 6 
105 7 
105 10 
105 17 
105 26 
105 28 
105 29 
105 33 
105 45 
105 76 
105 99 
105 146 
105 166 
107 29 
108 6 
108 17 
108 26 
108 33 
108 45 
109 17 
109 19 
109 26 
109 28 
109 29 
109 146 
110 17 
110 28 
112 33 
112 120 
113 100 
114 7 
114 10 
114 28 
114 76 
121 32 
121 98 
124 45 
125 17 
130 112 
130 120 
133 19 
134 28 
135 7 
135 10 
135 28 
141 28 
146 28 
146 33 
150 33 
153 26 
155 17 
156 166 
163 26 
186 100 
187 17 
