2 7 
2 8 
2 23 
2 26 
2 31 
2 34 
2 105 
2 109 
2 134 
2 166 
2 212 
3 2 
3 7 
3 8 
3 11 
3 13 
3 14 
3 15 
3 22 
3 27 
3 30 
3 35 
3 36 
3 37 
3 44 
3 48 
3 52 
3 60 
3 63 
3 68 
3 69 
3 84 
3 86 
3 87 
3 88 
3 133 
3 146 
3 148 
3 158 
4 3 
4 7 
4 8 
4 11 
4 13 
4 14 
4 15 
4 17 
4 21 
4 22 
4 23 
4 25 
4 27 
4 34 
4 35 
4 36 
4 37 
4 39 
4 44 
4 48 
4 52 
4 59 
4 60 
4 62 
4 63 
4 68 
4 69 
4 73 
4 74 
4 78 
4 80 
4 82 
4 84 
4 88 
4 91 
4 108 
4 119 
4 121 
4 134 
4 146 
4 148 
4 156 
4 158 
4 173 
4 181 
4 182 
4 193 
4 212 
5 4 
5 6 
5 7 
5 8 
5 11 
5 13 
5 14 
5 15 
5 21 
5 22 
5 23 
5 25 
5 26 
5 27 
5 32 
5 33 
5 34 
5 35 
5 37 
5 42 
5 44 
5 48 
5 49 
5 53 
5 54 
5 57 
5 59 
5 60 
5 62 
5 63 
5 78 
5 82 
5 84 
5 90 
5 91 
5 95 
5 96 
5 109 
5 112 
5 116 
5 119 
5 120 
5 121 
5 125 
5 127 
5 130 
5 133 
5 134 
5 146 
5 150 
5 156 
5 158 
5 180 
5 187 
5 193 
6 6 
6 7 
6 8 
6 17 
6 34 
6 45 
6 55 
6 76 
6 103 
6 104 
6 112 
6 128 
7 2 
7 3 
7 4 
7 11 
7 15 
7 21 
7 22 
7 23 
7 26 
7 27 
7 28 
7 31 
7 34 
7 35 
7 36 
7 37 
7 44 
7 54 
7 67 
7 80 
7 92 
7 105 
7 109 
7 120 
7 134 
7 150 
7 166 
7 170 
7 173 
7 180 
7 212 
8 26 
8 105 
8 140 
9 2 
9 3 
9 4 
9 8 
9 9 
9 10 
9 11 
9 15 
9 21 
9 22 
9 23 
9 26 
9 27 
9 28 
9 31 
9 34 
9 35 
9 36 
9 37 
9 44 
9 54 
9 67 
9 80 
9 92 
9 105 
9 109 
9 120 
9 134 
9 140 
9 150 
9 166 
9 170 
9 173 
9 180 
9 212 
10 2 
10 8 
10 9 
10 34 
11 2 
11 4 
11 7 
11 8 
11 13 
11 14 
11 15 
11 21 
11 22 
11 25 
11 26 
11 27 
11 28 
11 30 
11 32 
11 34 
11 35 
11 36 
11 37 
11 44 
11 52 
11 62 
11 63 
11 67 
11 68 
11 73 
11 74 
11 80 
11 84 
11 90 
11 98 
11 102 
11 105 
11 108 
11 117 
11 121 
11 125 
11 127 
11 133 
11 134 
11 136 
11 146 
11 148 
11 150 
11 158 
11 170 
11 182 
11 212 
12 7 
12 8 
12 134 
12 146 
13 7 
13 8 
13 11 
13 32 
13 36 
13 98 
13 121 
14 2 
14 3 
14 4 
14 5 
14 6 
14 7 
14 8 
14 9 
14 10 
14 11 
14 13 
14 15 
14 16 
14 21 
14 22 
14 23 
14 25 
14 26 
14 27 
14 29 
14 30 
14 31 
14 32 
14 33 
14 34 
14 35 
14 36 
14 37 
14 39 
14 40 
14 42 
14 44 
14 49 
14 52 
14 54 
14 55 
14 57 
14 59 
14 60 
14 62 
14 63 
14 68 
14 69 
14 73 
14 74 
14 76 
14 78 
14 80 
14 82 
14 84 
14 86 
14 87 
14 88 
14 91 
14 96 
14 102 
14 104 
14 105 
14 109 
14 117 
14 119 
14 120 
14 121 
14 133 
14 139 
14 148 
14 150 
14 156 
14 157 
14 158 
14 170 
14 180 
14 182 
14 187 
14 212 
15 2 
15 3 
15 4 
15 7 
15 8 
15 10 
15 11 
15 13 
15 14 
15 17 
15 21 
15 22 
15 23 
15 25 
15 27 
15 30 
15 32 
15 35 
15 36 
15 37 
15 42 
15 44 
15 48 
15 52 
15 60 
15 62 
15 63 
15 68 
15 69 
15 72 
15 73 
15 74 
15 80 
15 82 
15 83 
15 84 
15 86 
15 87 
15 88 
15 90 
15 94 
15 98 
15 100 
15 102 
15 105 
15 113 
15 116 
15 117 
15 121 
15 133 
15 146 
15 148 
15 158 
15 159 
15 182 
15 212 
16 7 
16 8 
16 97 
16 136 
17 7 
17 8 
17 105 
17 110 
17 134 
17 190 
18 7 
18 8 
18 29 
19 7 
19 8 
19 23 
19 134 
21 3 
21 4 
21 7 
21 8 
21 11 
21 13 
21 14 
21 15 
21 22 
21 27 
21 36 
21 37 
21 44 
21 52 
21 63 
21 73 
21 148 
22 3 
22 4 
22 7 
22 8 
22 11 
22 13 
22 14 
22 15 
22 17 
22 21 
22 25 
22 27 
22 30 
22 32 
22 34 
22 35 
22 36 
22 37 
22 39 
22 44 
22 48 
22 51 
22 52 
22 59 
22 60 
22 62 
22 63 
22 67 
22 68 
22 69 
22 73 
22 74 
22 77 
22 82 
22 84 
22 86 
22 87 
22 88 
22 90 
22 94 
22 109 
22 146 
22 148 
22 150 
22 156 
22 158 
22 173 
22 180 
22 212 
23 7 
23 8 
23 9 
23 10 
23 14 
23 39 
25 2 
25 7 
25 8 
25 89 
25 94 
25 119 
25 146 
25 158 
25 180 
25 187 
25 193 
26 7 
26 8 
26 18 
26 25 
26 28 
26 33 
26 34 
26 39 
26 134 
26 146 
26 150 
26 158 
26 212 
27 2 
27 3 
27 4 
27 7 
27 8 
27 11 
27 13 
27 14 
27 15 
27 17 
27 21 
27 22 
27 25 
27 26 
27 30 
27 32 
27 33 
27 35 
27 36 
27 37 
27 44 
27 48 
27 51 
27 52 
27 53 
27 54 
27 59 
27 62 
27 63 
27 68 
27 69 
27 73 
27 74 
27 78 
27 80 
27 82 
27 84 
27 86 
27 87 
27 88 
27 89 
27 90 
27 96 
27 98 
27 102 
27 105 
27 121 
27 125 
27 127 
27 130 
27 134 
27 146 
27 148 
27 150 
27 156 
27 157 
27 158 
27 182 
27 187 
27 193 
28 7 
28 8 
28 23 
29 23 
29 105 
29 158 
30 2 
30 3 
30 4 
30 7 
30 8 
30 11 
30 14 
30 15 
30 21 
30 22 
30 27 
30 35 
30 36 
30 37 
30 42 
30 44 
30 52 
30 60 
30 62 
30 63 
30 68 
30 69 
30 73 
30 83 
30 84 
30 87 
30 88 
30 90 
30 98 
30 121 
30 133 
30 148 
31 2 
31 7 
31 8 
31 10 
31 23 
31 34 
31 39 
31 109 
31 110 
31 134 
32 7 
32 8 
32 15 
32 39 
32 42 
32 72 
32 83 
32 86 
32 116 
32 117 
32 133 
32 168 
33 7 
33 8 
33 25 
33 28 
33 78 
33 89 
33 125 
33 134 
33 146 
33 158 
34 7 
34 8 
34 9 
34 23 
34 26 
34 39 
34 134 
34 158 
34 212 
35 3 
35 4 
35 7 
35 8 
35 11 
35 14 
35 15 
35 17 
35 22 
35 23 
35 25 
35 26 
35 27 
35 30 
35 32 
35 36 
35 37 
35 39 
35 44 
35 51 
35 52 
35 53 
35 55 
35 59 
35 60 
35 62 
35 63 
35 68 
35 69 
35 73 
35 74 
35 76 
35 80 
35 82 
35 84 
35 86 
35 88 
35 90 
35 92 
35 95 
35 97 
35 102 
35 109 
35 121 
35 127 
35 146 
35 148 
35 150 
35 156 
35 180 
35 182 
35 187 
36 3 
36 4 
36 7 
36 8 
36 11 
36 13 
36 14 
36 15 
36 27 
36 30 
36 34 
36 35 
36 37 
36 44 
36 62 
36 63 
36 69 
36 74 
36 80 
36 84 
36 87 
36 102 
36 156 
36 178 
37 3 
37 14 
37 15 
37 25 
37 27 
39 2 
39 3 
39 4 
39 6 
39 7 
39 8 
39 9 
39 10 
39 11 
39 13 
39 14 
39 15 
39 17 
39 21 
39 22 
39 23 
39 27 
39 31 
39 34 
39 35 
39 36 
39 37 
39 39 
39 44 
39 45 
39 59 
39 68 
39 78 
39 80 
39 82 
39 102 
39 104 
39 105 
39 109 
39 134 
39 148 
39 155 
39 156 
39 158 
39 187 
39 212 
40 7 
40 8 
40 34 
40 36 
40 51 
40 100 
40 133 
40 134 
40 158 
42 7 
42 8 
42 32 
42 83 
42 100 
43 7 
43 8 
43 17 
43 25 
43 33 
43 92 
43 104 
43 113 
43 125 
43 134 
43 146 
43 158 
43 181 
43 212 
44 3 
44 4 
44 7 
44 8 
44 9 
44 11 
44 13 
44 14 
44 15 
44 21 
44 22 
44 25 
44 27 
44 29 
44 30 
44 34 
44 35 
44 36 
44 37 
44 39 
44 40 
44 42 
44 52 
44 62 
44 63 
44 68 
44 69 
44 71 
44 73 
44 74 
44 82 
44 84 
44 88 
44 102 
44 105 
44 109 
44 113 
44 121 
44 125 
44 128 
44 134 
44 148 
44 158 
45 2 
45 6 
45 7 
45 8 
45 9 
45 10 
45 16 
45 21 
45 23 
45 25 
45 26 
45 27 
45 29 
45 31 
45 32 
45 33 
45 34 
45 39 
45 42 
45 44 
45 51 
45 55 
45 58 
45 62 
45 66 
45 76 
45 79 
45 80 
45 83 
45 95 
45 96 
45 97 
45 100 
45 102 
45 103 
45 105 
45 108 
45 110 
45 112 
45 116 
45 120 
45 125 
45 127 
45 128 
45 130 
45 133 
45 134 
45 136 
45 146 
45 156 
45 158 
45 165 
45 170 
45 178 
45 182 
47 2 
47 7 
47 8 
47 105 
48 7 
48 8 
49 4 
49 7 
49 8 
49 14 
49 15 
49 27 
49 35 
49 37 
49 49 
49 82 
49 96 
49 109 
49 134 
49 156 
49 187 
51 2 
51 7 
51 8 
51 48 
51 60 
51 77 
51 86 
51 90 
52 2 
52 7 
52 8 
52 14 
52 15 
52 27 
52 35 
52 60 
52 62 
52 68 
52 69 
52 77 
52 84 
52 98 
52 156 
53 37 
55 7 
55 8 
55 66 
55 108 
58 7 
58 8 
58 16 
58 26 
58 79 
58 97 
60 2 
60 3 
60 15 
60 22 
60 36 
60 37 
60 44 
60 51 
60 77 
60 86 
60 88 
60 90 
60 102 
60 105 
62 7 
62 8 
62 68 
62 146 
63 3 
63 4 
63 7 
63 8 
63 14 
63 15 
63 30 
63 37 
63 44 
63 68 
63 69 
63 73 
63 84 
63 87 
63 88 
63 98 
63 100 
66 7 
66 8 
66 37 
66 45 
68 4 
68 7 
68 8 
68 14 
68 15 
68 21 
68 22 
68 27 
68 35 
68 44 
68 48 
68 52 
68 62 
68 90 
69 3 
69 4 
69 7 
69 8 
69 11 
69 14 
69 15 
69 21 
69 22 
69 25 
69 27 
69 30 
69 32 
69 35 
69 37 
69 44 
69 52 
69 60 
69 63 
69 68 
69 73 
69 80 
69 82 
69 83 
69 84 
69 86 
69 87 
69 88 
69 90 
69 98 
69 121 
69 148 
69 156 
70 4 
70 6 
70 7 
70 8 
70 14 
70 15 
70 22 
70 30 
70 32 
70 36 
70 37 
70 44 
70 45 
70 52 
70 68 
70 80 
70 100 
70 133 
73 7 
73 8 
73 11 
73 14 
73 15 
73 21 
73 27 
73 30 
73 32 
73 44 
73 52 
73 98 
73 121 
74 4 
74 14 
74 22 
76 7 
76 8 
76 16 
76 45 
76 97 
77 51 
78 7 
78 8 
78 33 
78 89 
78 91 
78 119 
80 7 
80 8 
80 11 
80 36 
81 7 
81 8 
81 79 
81 97 
81 103 
81 112 
82 3 
82 4 
82 7 
82 8 
82 13 
82 14 
82 15 
82 21 
82 22 
82 27 
82 30 
82 35 
82 36 
82 37 
82 44 
82 53 
82 62 
82 63 
82 68 
82 69 
82 74 
82 84 
82 121 
82 140 
83 32 
84 3 
84 7 
84 8 
84 13 
84 14 
84 15 
84 22 
84 27 
84 30 
84 35 
84 44 
84 52 
84 60 
84 62 
84 63 
84 68 
84 69 
84 83 
84 87 
86 7 
86 8 
86 32 
86 51 
86 60 
86 77 
86 88 
86 90 
87 3 
87 7 
87 8 
87 27 
87 30 
87 44 
87 52 
87 63 
87 69 
87 84 
88 2 
88 3 
88 7 
88 8 
88 11 
88 14 
88 15 
88 22 
88 27 
88 32 
88 36 
88 37 
88 44 
88 48 
88 51 
88 52 
88 60 
88 63 
88 68 
88 69 
88 73 
88 77 
88 84 
88 86 
88 87 
88 90 
88 148 
89 7 
89 8 
89 25 
89 105 
89 187 
90 2 
90 51 
91 7 
91 8 
93 14 
93 21 
93 25 
93 28 
93 33 
93 48 
93 77 
93 97 
93 100 
96 7 
96 8 
96 15 
96 22 
96 27 
96 31 
96 35 
96 44 
96 45 
96 55 
96 66 
96 76 
97 7 
97 8 
97 16 
98 7 
98 8 
98 13 
98 73 
98 100 
98 121 
99 2 
99 165 
99 166 
101 7 
101 8 
103 112 
103 120 
103 136 
105 2 
105 7 
105 8 
105 17 
105 99 
105 105 
105 150 
105 156 
105 166 
105 182 
108 55 
108 66 
109 14 
109 28 
109 33 
109 71 
109 75 
109 113 
109 115 
109 119 
109 134 
109 138 
109 150 
109 158 
109 168 
110 7 
110 8 
110 212 
112 120 
112 130 
112 178 
114 7 
114 8 
114 26 
117 7 
117 8 
117 42 
117 83 
119 170 
121 7 
121 8 
121 15 
121 36 
121 44 
121 63 
121 72 
121 73 
121 83 
121 98 
125 113 
125 134 
125 158 
128 103 
128 120 
128 178 
129 127 
134 7 
134 8 
134 125 
138 168 
140 8 
146 2 
146 7 
146 8 
146 9 
146 25 
146 33 
146 89 
146 125 
146 134 
146 158 
148 4 
148 27 
148 35 
150 71 
150 104 
150 180 
156 166 
158 14 
169 14 
172 7 
172 8 
186 33 
186 100 
186 146 
189 35 
204 59 
204 148 
