2 2 
2 4 
2 6 
2 7 
2 8 
2 9 
2 10 
2 17 
2 18 
2 23 
2 25 
2 26 
2 29 
2 31 
2 32 
2 33 
2 34 
2 35 
2 36 
2 39 
2 44 
2 45 
2 62 
2 80 
2 99 
2 105 
2 109 
2 125 
2 134 
2 150 
2 156 
2 158 
2 165 
2 166 
2 182 
2 212 
3 2 
3 4 
3 6 
3 7 
3 8 
3 9 
3 10 
3 11 
3 13 
3 14 
3 15 
3 21 
3 22 
3 23 
3 25 
3 27 
3 29 
3 30 
3 31 
3 32 
3 35 
3 36 
3 37 
3 40 
3 42 
3 44 
3 45 
3 51 
3 52 
3 55 
3 60 
3 63 
3 68 
3 69 
3 73 
3 74 
3 76 
3 77 
3 80 
3 82 
3 83 
3 84 
3 86 
3 87 
3 88 
3 90 
3 98 
3 102 
3 108 
3 109 
3 116 
3 117 
3 121 
3 133 
3 134 
4 2 
4 3 
4 5 
4 6 
4 7 
4 8 
4 9 
4 10 
4 11 
4 13 
4 14 
4 15 
4 17 
4 18 
4 19 
4 21 
4 22 
4 23 
4 25 
4 26 
4 27 
4 28 
4 29 
4 30 
4 31 
4 32 
4 33 
4 34 
4 35 
4 36 
4 37 
4 39 
4 40 
4 42 
4 44 
4 45 
4 49 
4 51 
4 52 
4 58 
4 59 
4 60 
4 62 
4 63 
4 68 
4 69 
4 70 
4 71 
4 72 
4 73 
4 74 
4 76 
4 77 
4 78 
4 80 
4 82 
4 83 
4 84 
4 86 
4 87 
4 88 
4 89 
4 90 
4 91 
4 96 
4 97 
4 98 
4 102 
4 105 
4 108 
4 109 
4 116 
4 117 
4 118 
4 121 
4 125 
4 130 
4 134 
4 146 
4 148 
4 150 
4 156 
4 158 
4 180 
4 181 
4 182 
4 187 
4 193 
5 2 
5 6 
5 14 
5 16 
5 18 
5 22 
5 23 
5 35 
5 37 
5 44 
5 45 
5 49 
5 53 
5 54 
5 58 
5 76 
5 82 
5 95 
5 96 
5 97 
5 105 
5 130 
6 4 
6 6 
6 7 
6 9 
6 10 
6 14 
6 18 
6 21 
6 23 
6 25 
6 26 
6 27 
6 28 
6 29 
6 31 
6 37 
6 39 
6 44 
6 45 
6 58 
6 62 
6 70 
6 76 
6 80 
6 96 
6 97 
6 102 
6 103 
6 104 
6 112 
6 113 
6 120 
6 127 
6 128 
6 134 
6 158 
6 178 
6 182 
7 2 
7 3 
7 4 
7 5 
7 6 
7 11 
7 14 
7 15 
7 18 
7 22 
7 23 
7 25 
7 26 
7 27 
7 28 
7 29 
7 31 
7 32 
7 34 
7 35 
7 36 
7 37 
7 39 
7 40 
7 44 
7 45 
7 58 
7 62 
7 68 
7 70 
7 75 
7 76 
7 80 
7 96 
7 105 
7 130 
7 134 
7 136 
7 150 
7 156 
7 158 
7 159 
7 168 
7 170 
7 181 
7 182 
8 2 
8 6 
8 9 
8 10 
8 29 
8 34 
8 45 
8 70 
8 140 
8 156 
8 182 
9 2 
9 3 
9 4 
9 5 
9 6 
9 8 
9 9 
9 11 
9 14 
9 15 
9 18 
9 22 
9 23 
9 25 
9 26 
9 27 
9 28 
9 29 
9 31 
9 32 
9 34 
9 35 
9 36 
9 37 
9 39 
9 40 
9 44 
9 45 
9 58 
9 62 
9 68 
9 70 
9 75 
9 76 
9 80 
9 96 
9 105 
9 134 
9 150 
9 156 
9 158 
9 159 
9 168 
9 170 
9 181 
9 182 
10 2 
10 6 
10 8 
10 9 
10 23 
10 26 
10 27 
10 29 
10 31 
10 34 
10 39 
10 44 
10 45 
10 76 
10 130 
10 136 
10 140 
11 3 
11 4 
11 6 
11 7 
11 8 
11 9 
11 10 
11 13 
11 14 
11 15 
11 21 
11 22 
11 23 
11 25 
11 27 
11 30 
11 32 
11 34 
11 35 
11 36 
11 37 
11 40 
11 44 
11 45 
11 59 
11 62 
11 68 
11 73 
11 74 
11 76 
11 80 
11 82 
11 84 
11 98 
11 102 
11 108 
11 109 
11 121 
11 125 
11 146 
12 2 
12 6 
12 22 
12 25 
12 27 
12 33 
12 105 
12 146 
12 158 
13 6 
13 7 
13 9 
13 11 
13 15 
13 30 
13 32 
13 36 
13 42 
13 74 
13 80 
13 98 
13 117 
13 121 
14 2 
14 3 
14 4 
14 5 
14 6 
14 7 
14 8 
14 9 
14 10 
14 11 
14 13 
14 15 
14 21 
14 22 
14 23 
14 25 
14 26 
14 27 
14 28 
14 29 
14 30 
14 31 
14 32 
14 33 
14 34 
14 35 
14 36 
14 37 
14 39 
14 40 
14 42 
14 44 
14 45 
14 51 
14 52 
14 54 
14 57 
14 59 
14 60 
14 62 
14 63 
14 68 
14 69 
14 70 
14 73 
14 74 
14 76 
14 78 
14 80 
14 82 
14 84 
14 86 
14 88 
14 91 
14 98 
14 100 
14 102 
14 104 
14 105 
14 108 
14 109 
14 121 
14 125 
14 133 
14 134 
14 146 
14 148 
14 150 
14 156 
14 157 
14 158 
14 170 
14 173 
14 180 
14 182 
14 187 
14 212 
14 213 
15 2 
15 3 
15 4 
15 5 
15 6 
15 7 
15 8 
15 9 
15 10 
15 11 
15 13 
15 14 
15 16 
15 17 
15 18 
15 19 
15 21 
15 22 
15 23 
15 25 
15 26 
15 27 
15 29 
15 30 
15 31 
15 32 
15 33 
15 34 
15 35 
15 36 
15 37 
15 39 
15 40 
15 42 
15 44 
15 45 
15 48 
15 51 
15 52 
15 60 
15 62 
15 63 
15 68 
15 69 
15 70 
15 72 
15 73 
15 74 
15 76 
15 77 
15 78 
15 79 
15 80 
15 82 
15 83 
15 84 
15 86 
15 87 
15 88 
15 90 
15 91 
15 96 
15 98 
15 100 
15 102 
15 105 
15 109 
15 110 
15 116 
15 117 
15 121 
15 125 
15 130 
15 133 
15 134 
15 139 
15 146 
15 148 
15 150 
15 155 
15 156 
15 158 
15 182 
15 212 
16 58 
16 79 
16 97 
16 136 
17 2 
17 6 
17 7 
17 9 
17 10 
17 14 
17 15 
17 23 
17 26 
17 27 
17 33 
17 34 
17 37 
17 44 
17 45 
17 80 
17 102 
17 104 
17 105 
17 109 
17 110 
17 120 
17 125 
17 134 
17 148 
17 150 
17 155 
17 158 
17 180 
17 190 
17 212 
18 2 
18 6 
18 7 
18 9 
18 10 
18 23 
18 26 
18 27 
18 29 
18 31 
18 34 
18 39 
18 45 
18 110 
18 130 
18 156 
18 158 
18 166 
19 116 
19 158 
20 40 
21 2 
21 4 
21 6 
21 11 
21 14 
21 15 
21 44 
21 45 
21 82 
22 2 
22 3 
22 4 
22 5 
22 6 
22 7 
22 8 
22 9 
22 10 
22 11 
22 13 
22 14 
22 15 
22 17 
22 18 
22 21 
22 23 
22 25 
22 26 
22 27 
22 30 
22 31 
22 32 
22 34 
22 35 
22 36 
22 37 
22 39 
22 40 
22 42 
22 44 
22 45 
22 48 
22 49 
22 51 
22 52 
22 53 
22 54 
22 55 
22 58 
22 60 
22 62 
22 63 
22 68 
22 69 
22 70 
22 73 
22 76 
22 77 
22 78 
22 80 
22 82 
22 83 
22 84 
22 86 
22 88 
22 90 
22 91 
22 94 
22 96 
22 98 
22 100 
22 102 
22 104 
22 105 
22 108 
22 109 
22 110 
22 112 
22 117 
22 118 
22 121 
22 125 
22 134 
22 146 
22 148 
22 150 
22 187 
22 212 
23 2 
23 3 
23 4 
23 5 
23 6 
23 7 
23 8 
23 9 
23 10 
23 11 
23 14 
23 15 
23 18 
23 22 
23 25 
23 26 
23 27 
23 29 
23 31 
23 32 
23 34 
23 36 
23 37 
23 39 
23 44 
23 45 
23 76 
23 80 
23 105 
23 109 
23 125 
23 146 
23 150 
23 158 
25 6 
25 22 
25 36 
25 45 
25 62 
25 119 
25 158 
26 2 
26 6 
26 7 
26 8 
26 9 
26 10 
26 17 
26 18 
26 22 
26 23 
26 25 
26 27 
26 29 
26 31 
26 33 
26 34 
26 37 
26 39 
26 40 
26 44 
26 45 
26 105 
26 109 
26 110 
26 134 
26 139 
26 146 
26 150 
26 158 
26 166 
26 182 
26 212 
27 2 
27 3 
27 4 
27 5 
27 6 
27 7 
27 8 
27 9 
27 10 
27 11 
27 13 
27 14 
27 15 
27 17 
27 18 
27 21 
27 22 
27 23 
27 25 
27 26 
27 28 
27 30 
27 31 
27 32 
27 33 
27 34 
27 35 
27 36 
27 37 
27 39 
27 40 
27 42 
27 44 
27 45 
27 59 
27 60 
27 62 
27 63 
27 68 
27 69 
27 70 
27 73 
27 74 
27 75 
27 78 
27 80 
27 82 
27 84 
27 86 
27 87 
27 88 
27 90 
27 96 
27 98 
27 102 
27 105 
27 109 
27 117 
27 125 
27 127 
27 130 
27 134 
27 146 
27 148 
27 158 
28 2 
28 6 
28 15 
28 22 
28 23 
28 34 
28 37 
28 44 
28 45 
28 80 
28 134 
28 150 
29 2 
29 4 
29 6 
29 7 
29 9 
29 10 
29 15 
29 16 
29 18 
29 22 
29 26 
29 27 
29 34 
29 35 
29 37 
29 45 
29 58 
29 80 
29 105 
29 112 
29 125 
29 156 
29 158 
29 182 
30 2 
30 3 
30 4 
30 6 
30 11 
30 13 
30 15 
30 21 
30 22 
30 23 
30 27 
30 32 
30 36 
30 37 
30 40 
30 42 
30 44 
30 45 
30 52 
30 63 
30 69 
30 70 
30 73 
30 80 
30 82 
30 83 
30 84 
30 87 
30 88 
30 98 
30 100 
30 102 
30 109 
30 117 
30 121 
30 148 
30 158 
31 2 
31 3 
31 5 
31 6 
31 7 
31 8 
31 9 
31 10 
31 14 
31 15 
31 18 
31 23 
31 26 
31 27 
31 29 
31 32 
31 34 
31 37 
31 39 
31 44 
31 45 
31 54 
31 70 
31 76 
31 87 
31 96 
31 105 
31 109 
31 158 
32 3 
32 6 
32 15 
32 30 
32 42 
32 45 
32 60 
32 63 
32 69 
32 70 
32 73 
32 83 
32 84 
32 86 
32 98 
32 100 
32 117 
32 121 
32 133 
33 22 
33 25 
33 28 
33 39 
33 44 
33 105 
33 109 
33 134 
33 146 
33 158 
34 2 
34 3 
34 4 
34 6 
34 7 
34 8 
34 9 
34 11 
34 14 
34 15 
34 17 
34 18 
34 23 
34 25 
34 26 
34 27 
34 28 
34 29 
34 31 
34 32 
34 35 
34 36 
34 37 
34 39 
34 44 
34 62 
34 68 
34 80 
34 96 
34 102 
34 105 
34 110 
34 125 
34 128 
34 134 
34 139 
34 146 
34 150 
34 156 
34 158 
34 212 
35 4 
35 6 
35 7 
35 10 
35 11 
35 13 
35 14 
35 15 
35 22 
35 27 
35 33 
35 34 
35 36 
35 37 
35 44 
35 48 
35 51 
35 53 
35 62 
35 68 
35 69 
35 76 
35 78 
35 80 
35 82 
35 84 
35 96 
35 102 
35 103 
35 104 
35 113 
35 134 
35 148 
35 150 
35 156 
35 158 
35 213 
36 3 
36 4 
36 6 
36 7 
36 8 
36 9 
36 10 
36 11 
36 13 
36 14 
36 15 
36 21 
36 22 
36 23 
36 27 
36 30 
36 31 
36 32 
36 34 
36 35 
36 37 
36 40 
36 42 
36 44 
36 45 
36 51 
36 60 
36 62 
36 63 
36 69 
36 73 
36 74 
36 78 
36 80 
36 82 
36 84 
36 87 
36 98 
36 102 
36 112 
36 117 
36 121 
36 148 
36 156 
37 2 
37 3 
37 4 
37 6 
37 13 
37 14 
37 15 
37 22 
37 23 
37 29 
37 32 
37 34 
37 35 
37 36 
37 39 
37 40 
37 88 
37 116 
37 125 
37 127 
37 134 
37 156 
37 158 
37 181 
39 2 
39 6 
39 7 
39 8 
39 9 
39 10 
39 11 
39 13 
39 14 
39 15 
39 17 
39 18 
39 23 
39 25 
39 26 
39 27 
39 28 
39 29 
39 31 
39 32 
39 34 
39 35 
39 36 
39 37 
39 39 
39 44 
39 45 
39 62 
39 68 
39 80 
39 102 
39 104 
39 105 
39 109 
39 125 
39 130 
39 134 
39 146 
39 150 
39 155 
39 156 
39 158 
39 212 
40 2 
40 3 
40 4 
40 6 
40 11 
40 14 
40 15 
40 17 
40 19 
40 25 
40 26 
40 27 
40 28 
40 32 
40 36 
40 37 
40 39 
40 44 
40 45 
40 48 
40 51 
40 68 
40 69 
40 80 
40 84 
40 88 
40 90 
40 96 
40 100 
40 104 
40 109 
40 133 
40 134 
40 148 
40 155 
40 158 
40 187 
42 3 
42 15 
42 32 
42 83 
42 100 
42 133 
43 2 
43 19 
43 25 
43 33 
43 34 
43 54 
43 57 
43 67 
43 78 
43 89 
43 92 
43 104 
43 105 
43 110 
43 113 
43 119 
43 125 
43 133 
43 134 
43 146 
43 155 
43 158 
43 159 
43 181 
43 212 
44 2 
44 3 
44 4 
44 6 
44 7 
44 8 
44 9 
44 11 
44 13 
44 14 
44 15 
44 17 
44 21 
44 22 
44 23 
44 25 
44 26 
44 27 
44 28 
44 29 
44 30 
44 31 
44 32 
44 33 
44 34 
44 35 
44 36 
44 37 
44 39 
44 40 
44 42 
44 45 
44 49 
44 52 
44 54 
44 60 
44 62 
44 63 
44 68 
44 69 
44 70 
44 71 
44 74 
44 77 
44 80 
44 82 
44 83 
44 84 
44 86 
44 87 
44 88 
44 90 
44 92 
44 95 
44 96 
44 100 
44 102 
44 105 
44 109 
44 110 
44 113 
44 119 
44 121 
44 125 
44 128 
44 134 
44 146 
44 148 
44 150 
44 155 
44 158 
44 170 
44 212 
45 2 
45 3 
45 4 
45 5 
45 6 
45 7 
45 8 
45 9 
45 10 
45 11 
45 13 
45 14 
45 15 
45 16 
45 17 
45 18 
45 21 
45 23 
45 25 
45 26 
45 27 
45 28 
45 29 
45 31 
45 32 
45 33 
45 34 
45 35 
45 36 
45 37 
45 39 
45 40 
45 42 
45 44 
45 49 
45 52 
45 53 
45 54 
45 55 
45 58 
45 59 
45 60 
45 62 
45 63 
45 66 
45 67 
45 68 
45 69 
45 70 
45 71 
45 76 
45 77 
45 79 
45 80 
45 82 
45 83 
45 84 
45 87 
45 90 
45 94 
45 95 
45 96 
45 97 
45 99 
45 102 
45 103 
45 105 
45 108 
45 109 
45 112 
45 113 
45 116 
45 117 
45 119 
45 120 
45 121 
45 125 
45 127 
45 128 
45 130 
45 133 
45 134 
45 136 
45 146 
45 155 
45 156 
45 158 
45 165 
45 166 
45 168 
45 170 
45 178 
45 182 
47 2 
47 4 
47 6 
47 7 
47 8 
47 9 
47 10 
47 14 
47 15 
47 23 
47 25 
47 31 
47 34 
47 36 
47 37 
47 39 
47 44 
47 45 
47 70 
47 76 
47 80 
47 105 
47 139 
47 187 
49 5 
49 15 
49 27 
49 35 
49 37 
49 44 
49 45 
49 55 
49 58 
49 95 
49 96 
49 108 
51 2 
51 3 
51 15 
51 27 
51 36 
51 37 
51 44 
51 45 
51 60 
51 86 
51 88 
52 15 
52 30 
52 40 
52 44 
52 60 
52 62 
52 68 
52 69 
52 73 
52 83 
52 84 
55 2 
55 6 
55 22 
55 27 
55 35 
55 44 
55 45 
55 58 
55 66 
55 76 
58 16 
58 79 
58 97 
60 2 
60 6 
60 15 
60 22 
60 45 
60 48 
60 51 
60 69 
60 77 
60 86 
60 88 
60 90 
62 7 
62 10 
62 25 
62 30 
62 33 
62 68 
63 4 
63 6 
63 13 
63 15 
63 22 
63 27 
63 30 
63 37 
63 42 
63 44 
63 52 
63 60 
63 69 
63 73 
63 84 
63 87 
63 98 
63 116 
63 117 
65 100 
66 45 
66 55 
68 2 
68 3 
68 4 
68 5 
68 6 
68 7 
68 10 
68 11 
68 13 
68 14 
68 15 
68 21 
68 22 
68 27 
68 30 
68 32 
68 35 
68 36 
68 40 
68 42 
68 44 
68 45 
68 48 
68 52 
68 58 
68 62 
68 63 
68 67 
68 69 
68 76 
68 77 
68 80 
68 82 
68 84 
68 86 
68 87 
68 88 
68 90 
68 117 
68 121 
69 3 
69 4 
69 6 
69 11 
69 15 
69 27 
69 30 
69 32 
69 37 
69 44 
69 51 
69 52 
69 60 
69 63 
69 68 
69 84 
69 86 
69 87 
69 88 
69 90 
70 2 
70 4 
70 6 
70 14 
70 15 
70 17 
70 37 
70 39 
70 44 
70 45 
70 55 
70 62 
70 68 
70 71 
70 76 
70 83 
70 84 
71 92 
71 113 
73 3 
73 6 
73 11 
73 13 
73 15 
73 21 
73 30 
73 32 
73 36 
73 44 
73 45 
73 52 
73 63 
73 80 
73 98 
73 117 
73 121 
74 4 
74 14 
74 15 
74 27 
74 37 
74 80 
75 115 
76 5 
76 6 
76 15 
76 16 
76 34 
76 45 
76 55 
76 58 
76 66 
76 79 
76 95 
76 97 
76 136 
77 51 
78 6 
78 213 
80 4 
80 6 
80 11 
80 13 
80 15 
80 31 
80 34 
80 36 
80 73 
80 102 
80 121 
81 58 
82 2 
82 4 
82 5 
82 6 
82 11 
82 14 
82 15 
82 22 
82 27 
82 35 
82 36 
82 37 
82 53 
82 74 
82 109 
84 3 
84 22 
84 35 
84 42 
84 44 
84 52 
84 68 
84 69 
84 83 
84 88 
86 14 
86 51 
86 52 
86 60 
86 68 
86 69 
86 77 
86 88 
86 90 
87 3 
87 44 
87 52 
87 63 
87 69 
87 84 
88 3 
88 15 
88 22 
88 37 
88 51 
88 60 
88 86 
88 87 
88 90 
89 6 
89 134 
90 2 
90 6 
90 48 
90 68 
90 88 
91 14 
91 22 
91 25 
91 37 
91 102 
91 134 
93 14 
93 21 
93 33 
93 48 
93 55 
93 59 
93 77 
93 97 
93 127 
94 76 
94 82 
94 127 
96 49 
96 100 
97 6 
97 16 
97 45 
97 58 
97 79 
98 13 
98 73 
98 121 
99 105 
99 166 
101 16 
101 60 
101 97 
102 36 
103 6 
103 44 
103 45 
103 178 
105 2 
105 6 
105 7 
105 10 
105 23 
105 26 
105 29 
105 31 
105 34 
105 39 
105 44 
105 45 
105 96 
105 99 
105 156 
105 165 
105 166 
105 182 
107 35 
108 6 
108 45 
108 96 
108 127 
108 158 
109 2 
109 6 
109 21 
109 26 
109 37 
109 62 
109 71 
109 75 
109 92 
109 104 
109 105 
109 113 
109 115 
109 119 
109 138 
109 150 
109 158 
109 168 
110 2 
110 4 
110 6 
110 22 
110 31 
110 37 
110 44 
110 105 
110 146 
110 212 
112 6 
112 45 
112 128 
113 181 
114 5 
114 35 
114 66 
115 75 
115 168 
119 6 
119 27 
119 44 
119 173 
120 6 
120 130 
121 30 
121 63 
121 73 
121 98 
124 6 
125 33 
125 113 
125 133 
125 158 
129 27 
130 27 
130 127 
135 2 
135 44 
140 8 
146 25 
146 71 
146 78 
146 119 
146 125 
146 134 
146 150 
146 158 
147 7 
147 10 
148 15 
148 22 
148 33 
148 125 
148 134 
150 14 
150 104 
150 109 
153 34 
156 166 
172 134 
172 158 
187 4 
187 44 
201 118 
203 37 
