1 15 
2 7 
2 8 
2 9 
2 10 
2 18 
2 23 
2 26 
2 29 
2 31 
2 34 
2 39 
2 44 
2 45 
2 86 
2 99 
2 105 
2 134 
2 146 
2 155 
2 156 
2 158 
2 165 
2 166 
2 182 
3 4 
3 7 
3 10 
3 14 
3 15 
3 21 
3 22 
3 27 
3 30 
3 31 
3 32 
3 37 
3 42 
3 51 
3 52 
3 60 
3 63 
3 68 
3 69 
3 70 
3 74 
3 77 
3 84 
3 87 
3 88 
3 134 
4 3 
4 6 
4 7 
4 10 
4 11 
4 14 
4 15 
4 21 
4 22 
4 23 
4 27 
4 30 
4 31 
4 33 
4 35 
4 36 
4 39 
4 44 
4 45 
4 51 
4 52 
4 59 
4 62 
4 63 
4 67 
4 68 
4 69 
4 74 
4 80 
4 82 
4 84 
4 91 
4 104 
4 108 
4 109 
4 159 
4 173 
4 193 
5 2 
5 3 
5 6 
5 7 
5 9 
5 10 
5 11 
5 13 
5 14 
5 15 
5 17 
5 18 
5 19 
5 22 
5 23 
5 25 
5 26 
5 27 
5 29 
5 31 
5 32 
5 33 
5 34 
5 35 
5 36 
5 37 
5 39 
5 42 
5 44 
5 45 
5 51 
5 52 
5 53 
5 55 
5 60 
5 67 
5 70 
5 73 
5 77 
5 78 
5 80 
5 82 
5 84 
5 86 
5 88 
5 89 
5 90 
5 91 
5 92 
5 94 
5 95 
5 96 
5 102 
5 103 
5 104 
5 105 
5 108 
5 109 
5 110 
5 112 
5 113 
5 116 
5 117 
5 119 
5 130 
5 133 
5 134 
5 146 
5 150 
5 157 
5 173 
6 14 
6 25 
6 32 
6 45 
6 76 
6 112 
6 130 
6 178 
7 2 
7 5 
7 6 
7 14 
7 15 
7 17 
7 21 
7 22 
7 23 
7 27 
7 31 
7 33 
7 34 
7 35 
7 36 
7 37 
7 39 
7 44 
7 45 
7 49 
7 54 
7 67 
7 72 
7 76 
7 80 
7 91 
7 92 
7 99 
7 105 
7 109 
7 110 
7 119 
7 125 
7 130 
7 134 
7 139 
7 165 
7 166 
7 173 
7 182 
8 2 
8 6 
8 27 
8 34 
8 36 
8 44 
8 92 
8 110 
8 134 
8 139 
8 140 
8 165 
8 166 
9 2 
9 5 
9 6 
9 8 
9 14 
9 15 
9 17 
9 21 
9 22 
9 23 
9 27 
9 31 
9 33 
9 34 
9 35 
9 36 
9 37 
9 44 
9 45 
9 54 
9 67 
9 72 
9 76 
9 80 
9 91 
9 92 
9 105 
9 109 
9 119 
9 125 
9 130 
9 134 
9 140 
9 165 
9 173 
9 182 
10 2 
10 6 
10 8 
10 9 
10 15 
10 27 
10 34 
10 45 
10 49 
10 99 
11 3 
11 13 
11 15 
11 18 
11 22 
11 27 
11 30 
11 32 
11 36 
11 44 
11 63 
11 68 
11 69 
11 80 
11 82 
11 87 
11 102 
11 121 
11 148 
12 44 
12 71 
12 77 
12 92 
12 104 
13 11 
13 15 
13 32 
13 36 
13 98 
13 121 
13 158 
14 2 
14 3 
14 4 
14 5 
14 6 
14 7 
14 8 
14 10 
14 11 
14 13 
14 15 
14 21 
14 22 
14 23 
14 25 
14 27 
14 30 
14 33 
14 34 
14 35 
14 36 
14 37 
14 44 
14 45 
14 51 
14 52 
14 57 
14 59 
14 60 
14 63 
14 67 
14 68 
14 70 
14 74 
14 78 
14 80 
14 82 
14 84 
14 88 
14 91 
14 98 
14 104 
14 105 
14 110 
14 116 
14 134 
14 146 
14 150 
14 156 
14 166 
14 173 
14 182 
14 187 
14 213 
15 2 
15 3 
15 4 
15 7 
15 9 
15 10 
15 11 
15 13 
15 14 
15 17 
15 18 
15 19 
15 21 
15 22 
15 27 
15 30 
15 31 
15 32 
15 33 
15 35 
15 36 
15 37 
15 44 
15 51 
15 52 
15 60 
15 62 
15 63 
15 68 
15 69 
15 70 
15 73 
15 74 
15 80 
15 82 
15 83 
15 84 
15 87 
15 88 
15 98 
15 102 
15 109 
15 113 
15 117 
15 146 
15 148 
15 158 
15 187 
16 6 
16 7 
16 9 
16 10 
16 17 
16 26 
16 29 
16 31 
16 32 
16 42 
16 45 
16 77 
16 86 
16 94 
16 103 
16 112 
16 117 
16 120 
16 127 
16 130 
17 2 
17 3 
17 4 
17 5 
17 6 
17 11 
17 14 
17 18 
17 21 
17 22 
17 23 
17 25 
17 31 
17 34 
17 37 
17 44 
17 45 
17 48 
17 60 
17 63 
17 71 
17 80 
17 92 
17 105 
17 109 
17 110 
17 113 
17 125 
17 134 
17 155 
17 158 
17 190 
18 2 
18 6 
18 7 
18 10 
18 23 
18 63 
18 155 
19 2 
19 6 
19 105 
19 116 
19 133 
19 134 
21 44 
21 121 
22 2 
22 3 
22 4 
22 5 
22 7 
22 8 
22 9 
22 11 
22 13 
22 14 
22 15 
22 21 
22 25 
22 27 
22 30 
22 31 
22 34 
22 35 
22 37 
22 44 
22 48 
22 51 
22 52 
22 53 
22 60 
22 62 
22 63 
22 67 
22 68 
22 69 
22 70 
22 77 
22 80 
22 82 
22 84 
22 87 
22 88 
22 92 
22 100 
22 109 
22 116 
22 134 
22 148 
22 156 
23 2 
23 6 
23 7 
23 8 
23 10 
23 14 
23 18 
23 21 
23 31 
23 34 
23 37 
23 45 
23 105 
23 130 
23 140 
25 158 
26 2 
26 7 
26 8 
26 18 
26 29 
26 34 
26 105 
26 110 
26 139 
26 158 
26 165 
27 2 
27 3 
27 4 
27 5 
27 6 
27 11 
27 13 
27 14 
27 15 
27 21 
27 22 
27 30 
27 35 
27 36 
27 37 
27 39 
27 44 
27 51 
27 53 
27 55 
27 59 
27 63 
27 68 
27 69 
27 70 
27 71 
27 74 
27 78 
27 80 
27 82 
27 84 
27 88 
27 102 
27 109 
27 110 
27 112 
27 127 
27 130 
27 148 
27 166 
28 2 
28 15 
28 22 
28 68 
28 80 
28 92 
28 173 
29 2 
29 4 
29 14 
29 15 
29 22 
29 23 
29 26 
29 31 
29 37 
29 45 
29 127 
30 4 
30 6 
30 11 
30 15 
30 22 
30 36 
30 44 
30 63 
30 69 
30 84 
30 87 
30 98 
31 2 
31 7 
31 8 
31 9 
31 18 
31 34 
31 166 
32 45 
32 116 
32 133 
33 51 
33 67 
33 71 
33 92 
33 134 
33 158 
34 2 
34 6 
34 7 
34 8 
34 10 
34 18 
34 31 
34 104 
34 110 
34 165 
34 166 
35 11 
35 13 
35 14 
35 22 
35 37 
35 44 
35 82 
35 91 
35 96 
36 4 
36 11 
36 13 
36 14 
36 15 
36 30 
36 32 
36 37 
36 80 
36 83 
36 98 
36 121 
37 2 
37 3 
37 5 
37 7 
37 9 
37 14 
37 15 
37 19 
37 62 
37 83 
37 104 
37 105 
37 156 
38 72 
39 2 
39 6 
39 7 
39 8 
39 10 
39 11 
39 15 
39 18 
39 23 
39 25 
39 26 
39 27 
39 29 
39 31 
39 32 
39 33 
39 34 
39 36 
39 37 
39 39 
39 45 
39 51 
39 67 
39 70 
39 77 
39 92 
39 99 
39 104 
39 110 
39 119 
39 139 
39 150 
39 155 
39 158 
39 165 
39 166 
39 182 
39 190 
40 19 
40 77 
42 51 
43 6 
43 17 
43 18 
43 19 
43 25 
43 27 
43 33 
43 34 
43 92 
43 104 
43 110 
43 113 
43 125 
43 133 
43 134 
43 155 
43 158 
43 168 
43 181 
43 213 
44 2 
44 4 
44 7 
44 8 
44 11 
44 14 
44 15 
44 19 
44 21 
44 22 
44 25 
44 27 
44 28 
44 30 
44 31 
44 32 
44 34 
44 35 
44 36 
44 37 
44 39 
44 62 
44 63 
44 68 
44 69 
44 70 
44 80 
44 82 
44 84 
44 88 
44 98 
44 99 
44 102 
44 105 
44 109 
44 110 
44 119 
44 120 
44 125 
44 127 
44 128 
44 134 
44 146 
44 148 
44 155 
44 158 
44 168 
44 193 
45 2 
45 5 
45 6 
45 7 
45 8 
45 9 
45 10 
45 11 
45 14 
45 16 
45 18 
45 21 
45 23 
45 25 
45 27 
45 28 
45 34 
45 37 
45 55 
45 66 
45 76 
45 80 
45 83 
45 94 
45 97 
45 102 
45 105 
45 109 
45 110 
45 112 
45 119 
45 120 
45 127 
45 128 
45 130 
45 134 
45 146 
45 155 
45 158 
45 165 
45 168 
45 178 
45 182 
45 193 
47 7 
47 10 
47 139 
49 4 
49 6 
49 7 
49 9 
49 11 
49 14 
49 15 
49 22 
49 26 
49 27 
49 31 
49 32 
49 36 
49 37 
49 42 
49 44 
49 45 
49 51 
49 77 
49 90 
49 95 
49 102 
49 104 
49 117 
49 133 
51 2 
51 6 
51 146 
52 3 
52 14 
52 22 
52 60 
52 68 
52 84 
52 148 
55 2 
55 6 
55 15 
55 31 
55 32 
55 35 
55 37 
55 44 
55 45 
55 51 
55 52 
55 55 
55 60 
55 66 
55 80 
55 86 
55 92 
55 96 
55 103 
55 105 
55 108 
55 112 
55 117 
55 120 
55 127 
55 130 
58 2 
58 4 
58 6 
58 7 
58 10 
58 14 
58 15 
58 22 
58 23 
58 26 
58 27 
58 32 
58 35 
58 37 
58 44 
58 45 
58 80 
58 109 
58 117 
59 170 
60 6 
60 51 
61 6 
61 7 
61 9 
61 14 
61 15 
61 22 
61 31 
61 32 
61 37 
61 42 
61 44 
61 55 
61 80 
61 82 
62 68 
63 3 
63 4 
63 15 
63 27 
63 30 
63 69 
63 84 
63 87 
63 100 
63 146 
64 130 
65 45 
65 103 
65 127 
66 14 
66 15 
66 22 
66 35 
66 45 
66 77 
66 108 
67 54 
68 27 
68 30 
68 52 
68 62 
68 86 
69 3 
69 14 
69 22 
69 30 
69 63 
69 84 
69 87 
70 14 
70 45 
70 80 
71 92 
71 113 
71 159 
73 30 
73 44 
73 98 
73 121 
74 4 
75 4 
75 6 
75 13 
75 14 
75 15 
75 22 
75 31 
75 32 
75 35 
75 36 
75 44 
75 45 
75 68 
75 71 
75 80 
75 82 
75 104 
75 117 
75 168 
76 6 
76 45 
76 80 
76 105 
76 146 
77 51 
78 4 
78 6 
78 36 
78 213 
79 7 
79 10 
79 26 
79 45 
79 94 
79 103 
79 112 
79 130 
80 36 
81 15 
81 45 
81 80 
81 173 
82 4 
82 14 
82 15 
82 35 
82 37 
82 53 
82 94 
84 52 
84 87 
86 6 
86 51 
86 77 
87 3 
87 30 
87 63 
87 69 
87 84 
87 88 
88 3 
88 15 
88 22 
88 27 
88 68 
88 70 
89 25 
90 48 
90 69 
90 77 
91 14 
91 119 
92 6 
92 71 
92 75 
93 14 
93 28 
93 33 
93 48 
93 52 
93 63 
94 127 
95 13 
95 23 
95 45 
95 108 
96 112 
97 6 
97 16 
97 26 
97 45 
97 84 
97 100 
97 133 
98 121 
99 31 
99 44 
99 105 
99 165 
99 166 
101 45 
101 76 
101 97 
101 103 
101 112 
101 117 
101 120 
101 130 
103 44 
103 45 
103 82 
103 112 
104 22 
104 52 
104 71 
105 2 
105 99 
105 156 
105 165 
105 166 
105 182 
107 2 
107 4 
107 6 
107 7 
107 10 
107 11 
107 14 
107 15 
107 22 
107 23 
107 26 
107 27 
107 31 
107 34 
107 35 
107 37 
107 39 
107 44 
107 45 
107 60 
107 70 
107 76 
107 80 
107 102 
107 105 
107 108 
108 2 
108 6 
108 14 
108 22 
108 32 
108 45 
108 60 
109 7 
109 9 
109 18 
109 23 
109 45 
109 75 
109 92 
109 104 
109 109 
109 113 
109 115 
109 116 
109 138 
109 168 
110 4 
110 15 
110 22 
110 37 
110 44 
111 44 
111 127 
112 120 
112 178 
113 71 
113 92 
115 35 
115 44 
115 71 
115 82 
115 84 
115 168 
115 181 
116 19 
117 83 
119 173 
120 2 
120 14 
120 22 
120 44 
120 45 
120 82 
120 103 
120 112 
120 128 
120 130 
120 178 
121 73 
121 98 
126 82 
127 77 
128 14 
128 44 
128 45 
129 27 
129 127 
130 14 
135 155 
136 6 
136 44 
138 168 
139 44 
140 8 
140 39 
142 45 
147 39 
147 44 
150 2 
150 3 
150 4 
150 6 
150 7 
150 8 
150 9 
150 11 
150 13 
150 14 
150 15 
150 22 
150 23 
150 25 
150 27 
150 30 
150 31 
150 32 
150 33 
150 34 
150 35 
150 36 
150 37 
150 42 
150 44 
150 45 
150 51 
150 52 
150 60 
150 63 
150 68 
150 70 
150 71 
150 73 
150 77 
150 80 
150 82 
150 84 
150 86 
150 87 
150 90 
150 102 
150 104 
150 105 
150 116 
150 117 
150 125 
150 146 
152 35 
152 44 
152 45 
152 82 
152 84 
152 104 
152 113 
152 168 
153 7 
153 9 
153 110 
156 166 
157 173 
163 14 
163 15 
163 22 
163 30 
163 35 
163 44 
163 45 
163 71 
163 82 
163 84 
163 92 
163 104 
163 168 
168 44 
168 45 
168 82 
168 84 
169 25 
169 51 
169 146 
180 82 
186 100 
213 31 
213 70 
