2 2 
2 5 
2 7 
2 9 
2 23 
2 26 
2 34 
2 44 
2 45 
2 76 
2 105 
2 166 
3 2 
3 7 
3 9 
3 15 
3 22 
3 30 
3 32 
3 35 
3 37 
3 60 
3 63 
3 69 
3 73 
3 87 
3 88 
3 117 
4 2 
4 3 
4 5 
4 6 
4 7 
4 9 
4 10 
4 11 
4 13 
4 14 
4 15 
4 17 
4 18 
4 19 
4 22 
4 25 
4 26 
4 27 
4 29 
4 30 
4 31 
4 32 
4 33 
4 34 
4 35 
4 36 
4 37 
4 39 
4 40 
4 44 
4 45 
4 49 
4 51 
4 54 
4 55 
4 58 
4 59 
4 60 
4 62 
4 63 
4 68 
4 69 
4 70 
4 71 
4 74 
4 76 
4 78 
4 80 
4 82 
4 84 
4 86 
4 88 
4 89 
4 91 
4 98 
4 105 
4 109 
4 110 
4 112 
4 148 
4 158 
4 180 
4 181 
4 182 
4 193 
5 6 
5 27 
5 82 
5 193 
6 4 
6 6 
6 7 
6 9 
6 10 
6 14 
6 18 
6 21 
6 22 
6 23 
6 31 
6 32 
6 34 
6 44 
6 45 
6 52 
6 55 
6 70 
6 76 
6 103 
6 105 
6 109 
7 2 
7 5 
7 6 
7 16 
7 18 
7 19 
7 25 
7 26 
7 27 
7 30 
7 31 
7 36 
7 39 
7 44 
7 45 
7 55 
7 67 
7 70 
7 76 
7 80 
7 105 
7 109 
7 110 
7 134 
7 170 
7 173 
7 193 
8 9 
8 19 
8 110 
8 173 
8 193 
9 2 
9 5 
9 6 
9 10 
9 16 
9 18 
9 25 
9 27 
9 30 
9 31 
9 36 
9 39 
9 44 
9 45 
9 55 
9 67 
9 70 
9 76 
9 80 
9 105 
9 109 
9 134 
9 170 
9 173 
9 193 
10 6 
10 8 
10 9 
10 18 
10 26 
11 2 
11 15 
11 27 
11 30 
11 36 
11 62 
11 80 
11 84 
11 88 
11 102 
11 105 
12 26 
12 158 
13 15 
13 22 
13 30 
13 37 
13 44 
13 68 
13 121 
14 3 
14 4 
14 6 
14 7 
14 9 
14 13 
14 15 
14 22 
14 30 
14 35 
14 36 
14 37 
14 40 
14 44 
14 54 
14 58 
14 59 
14 63 
14 74 
14 78 
14 82 
14 84 
14 87 
14 91 
14 104 
14 105 
14 109 
14 125 
14 156 
14 182 
14 187 
14 193 
14 213 
15 2 
15 3 
15 4 
15 5 
15 6 
15 7 
15 8 
15 9 
15 10 
15 11 
15 13 
15 14 
15 18 
15 19 
15 22 
15 23 
15 25 
15 26 
15 27 
15 29 
15 30 
15 31 
15 32 
15 35 
15 36 
15 37 
15 39 
15 40 
15 44 
15 45 
15 49 
15 51 
15 52 
15 55 
15 60 
15 63 
15 68 
15 69 
15 70 
15 71 
15 73 
15 74 
15 76 
15 78 
15 79 
15 80 
15 82 
15 83 
15 84 
15 87 
15 88 
15 89 
15 90 
15 97 
15 98 
15 100 
15 102 
15 105 
15 108 
15 109 
15 117 
15 121 
15 146 
15 158 
15 168 
15 193 
16 79 
17 2 
17 15 
17 23 
17 35 
17 60 
17 67 
17 89 
17 105 
17 109 
17 110 
17 113 
17 115 
17 134 
17 148 
17 150 
17 158 
17 190 
17 193 
18 26 
18 156 
18 173 
18 193 
21 15 
21 27 
21 35 
21 37 
21 44 
22 3 
22 4 
22 7 
22 10 
22 13 
22 14 
22 15 
22 23 
22 27 
22 30 
22 32 
22 33 
22 35 
22 36 
22 37 
22 44 
22 48 
22 51 
22 60 
22 68 
22 69 
22 70 
22 74 
22 76 
22 80 
22 82 
22 84 
22 86 
22 87 
22 88 
22 90 
22 91 
22 96 
22 98 
22 110 
22 121 
22 193 
23 7 
23 9 
23 10 
23 31 
23 39 
25 119 
25 193 
26 7 
26 8 
26 18 
26 22 
26 33 
26 67 
26 99 
26 113 
26 125 
26 157 
26 158 
26 170 
26 173 
26 193 
26 212 
27 2 
27 4 
27 5 
27 6 
27 7 
27 10 
27 11 
27 13 
27 14 
27 15 
27 19 
27 21 
27 22 
27 29 
27 30 
27 31 
27 32 
27 33 
27 35 
27 36 
27 37 
27 40 
27 44 
27 51 
27 52 
27 58 
27 60 
27 63 
27 69 
27 70 
27 71 
27 74 
27 78 
27 80 
27 84 
27 91 
27 92 
27 94 
27 102 
27 105 
27 108 
27 109 
27 121 
27 127 
27 148 
27 193 
29 70 
30 4 
30 22 
30 63 
30 117 
31 23 
31 76 
32 14 
32 26 
32 31 
32 72 
32 73 
32 83 
32 98 
32 100 
32 116 
32 117 
32 121 
32 133 
33 125 
33 158 
34 26 
34 99 
34 113 
34 166 
34 170 
34 173 
34 193 
35 4 
35 7 
35 9 
35 11 
35 14 
35 15 
35 18 
35 19 
35 22 
35 27 
35 37 
35 40 
35 44 
35 78 
35 82 
35 91 
35 158 
35 173 
35 193 
36 6 
36 7 
36 9 
36 11 
36 13 
36 14 
36 15 
36 27 
36 39 
36 44 
36 45 
36 68 
36 73 
36 80 
36 117 
36 121 
37 3 
37 7 
37 10 
37 13 
37 15 
37 22 
37 23 
37 27 
37 32 
37 70 
37 125 
39 139 
40 55 
40 67 
40 158 
42 17 
42 28 
42 30 
42 32 
42 40 
42 63 
42 70 
42 116 
42 117 
42 121 
43 2 
43 19 
43 33 
43 105 
43 110 
43 113 
43 125 
43 158 
43 159 
43 173 
43 193 
43 212 
44 2 
44 4 
44 6 
44 7 
44 9 
44 10 
44 11 
44 13 
44 14 
44 15 
44 18 
44 19 
44 21 
44 22 
44 25 
44 27 
44 28 
44 30 
44 33 
44 35 
44 36 
44 37 
44 39 
44 52 
44 58 
44 60 
44 62 
44 63 
44 66 
44 68 
44 70 
44 71 
44 80 
44 82 
44 97 
44 99 
44 102 
44 105 
44 109 
44 112 
44 120 
44 121 
44 125 
44 134 
44 148 
44 193 
45 2 
45 4 
45 5 
45 6 
45 7 
45 8 
45 9 
45 10 
45 15 
45 16 
45 17 
45 18 
45 22 
45 23 
45 26 
45 27 
45 28 
45 29 
45 31 
45 32 
45 33 
45 36 
45 37 
45 39 
45 40 
45 44 
45 51 
45 52 
45 55 
45 58 
45 60 
45 66 
45 67 
45 70 
45 76 
45 79 
45 82 
45 88 
45 97 
45 103 
45 105 
45 109 
45 112 
45 119 
45 127 
45 128 
45 130 
45 136 
45 158 
45 178 
45 193 
49 5 
49 18 
49 28 
49 66 
49 96 
49 108 
49 109 
49 127 
49 134 
51 3 
52 22 
52 26 
52 35 
52 63 
52 68 
55 66 
60 51 
60 69 
60 77 
60 88 
62 193 
63 4 
63 30 
63 44 
63 69 
63 87 
66 120 
68 4 
68 52 
68 62 
68 148 
69 22 
69 52 
69 60 
69 84 
69 88 
69 158 
71 113 
73 32 
73 98 
73 121 
74 4 
76 28 
76 58 
80 11 
80 36 
82 4 
82 22 
82 35 
82 37 
82 53 
84 52 
84 193 
86 51 
86 60 
86 77 
86 90 
87 63 
88 51 
88 60 
88 193 
90 51 
90 84 
91 14 
93 14 
93 33 
93 89 
96 7 
96 10 
96 27 
96 66 
96 76 
98 13 
98 32 
98 73 
98 121 
104 4 
104 44 
105 2 
105 7 
105 9 
105 10 
105 21 
105 23 
105 34 
105 45 
105 63 
108 15 
109 19 
109 75 
109 88 
109 115 
109 138 
109 150 
109 168 
110 212 
111 158 
121 73 
122 193 
125 158 
129 127 
129 193 
145 193 
146 125 
167 33 
167 67 
169 193 
170 173 
172 158 
181 159 
187 173 
187 193 
194 193 
