3 15 
3 37 
3 77 
4 3 
4 5 
4 6 
4 7 
4 9 
4 10 
4 11 
4 13 
4 14 
4 15 
4 17 
4 22 
4 23 
4 27 
4 28 
4 30 
4 31 
4 32 
4 35 
4 37 
4 40 
4 44 
4 45 
4 49 
4 51 
4 52 
4 63 
4 68 
4 69 
4 70 
4 73 
4 74 
4 76 
4 78 
4 80 
4 82 
4 84 
4 88 
4 102 
4 105 
4 108 
4 109 
4 121 
4 150 
5 18 
7 6 
7 15 
7 18 
7 23 
7 31 
7 37 
7 45 
7 59 
7 158 
9 6 
9 8 
9 10 
9 15 
9 18 
9 23 
9 31 
9 45 
9 59 
9 158 
10 23 
10 37 
11 4 
11 13 
11 30 
11 36 
11 80 
11 98 
11 102 
11 121 
12 3 
12 4 
12 7 
12 9 
12 11 
12 14 
12 15 
12 22 
12 25 
12 31 
12 32 
12 35 
12 40 
12 42 
12 48 
12 49 
12 60 
12 68 
12 69 
12 70 
12 73 
12 82 
12 84 
12 86 
12 88 
12 109 
12 117 
12 121 
12 158 
13 32 
13 80 
14 4 
14 5 
14 6 
14 7 
14 9 
14 10 
14 13 
14 15 
14 17 
14 18 
14 22 
14 27 
14 30 
14 32 
14 45 
14 57 
14 59 
14 69 
14 73 
14 74 
14 78 
14 80 
14 88 
14 91 
14 104 
14 108 
14 109 
14 117 
14 121 
14 156 
14 158 
14 170 
14 182 
15 2 
15 3 
15 4 
15 11 
15 13 
15 14 
15 22 
15 27 
15 30 
15 35 
15 37 
15 40 
15 44 
15 60 
15 63 
15 68 
15 70 
15 73 
15 74 
15 80 
15 82 
15 84 
15 86 
15 87 
15 102 
15 121 
15 148 
17 4 
17 7 
17 9 
17 14 
17 45 
17 80 
17 109 
17 158 
22 3 
22 4 
22 14 
22 15 
22 23 
22 28 
22 32 
22 35 
22 36 
22 37 
22 40 
22 45 
22 48 
22 51 
22 52 
22 63 
22 69 
22 73 
22 74 
22 80 
22 82 
22 83 
22 84 
22 88 
22 91 
22 108 
22 117 
23 7 
23 10 
23 18 
26 18 
27 4 
27 7 
27 9 
27 10 
27 14 
27 37 
27 68 
27 84 
28 158 
30 4 
30 11 
30 14 
30 32 
30 69 
30 73 
30 83 
30 117 
30 121 
31 18 
32 14 
32 28 
32 117 
34 18 
35 4 
35 14 
36 11 
36 13 
36 35 
36 80 
36 102 
37 15 
39 80 
39 91 
40 4 
40 22 
40 32 
40 48 
40 72 
40 73 
42 7 
42 9 
42 14 
42 32 
42 83 
44 4 
44 21 
44 22 
44 35 
44 36 
44 45 
44 84 
45 4 
45 6 
45 17 
45 76 
45 80 
52 22 
63 30 
63 87 
68 52 
68 84 
69 11 
69 14 
69 22 
69 73 
69 84 
73 4 
73 14 
73 17 
73 22 
73 23 
73 28 
73 121 
82 35 
82 53 
82 78 
84 22 
87 63 
93 59 
93 77 
98 121 
117 4 
117 7 
117 9 
117 15 
117 30 
117 37 
117 42 
117 63 
117 73 
117 84 
117 87 
117 121 
121 45 
121 98 
135 17 
