2 99 
3 22 
3 69 
3 84 
3 88 
4 14 
4 15 
4 22 
4 27 
4 37 
4 44 
4 84 
4 98 
5 6 
5 15 
5 22 
5 27 
5 44 
5 45 
5 55 
5 117 
7 17 
7 18 
7 67 
7 166 
7 180 
9 17 
9 18 
9 67 
9 166 
9 180 
10 9 
11 4 
11 14 
11 15 
11 22 
11 27 
11 36 
11 44 
11 45 
11 80 
11 119 
12 89 
14 4 
14 7 
14 9 
14 15 
14 22 
14 27 
14 28 
14 30 
14 31 
14 35 
14 37 
14 44 
14 55 
14 104 
14 117 
14 170 
14 213 
15 3 
15 4 
15 6 
15 11 
15 14 
15 22 
15 27 
15 30 
15 31 
15 33 
15 35 
15 36 
15 37 
15 42 
15 44 
15 80 
15 83 
15 84 
15 87 
15 88 
15 121 
16 76 
16 97 
17 6 
17 34 
17 155 
17 158 
17 181 
18 2 
18 4 
18 5 
18 7 
18 9 
18 11 
18 15 
18 17 
18 22 
18 26 
18 27 
18 28 
18 29 
18 32 
18 33 
18 35 
18 36 
18 37 
18 40 
18 42 
18 44 
18 45 
18 49 
18 57 
18 68 
18 70 
18 71 
18 78 
18 82 
18 86 
18 89 
18 90 
18 91 
18 92 
18 109 
18 113 
18 117 
18 146 
18 166 
21 44 
22 3 
22 6 
22 14 
22 15 
22 30 
22 31 
22 35 
22 37 
22 44 
22 84 
22 86 
22 88 
22 102 
22 121 
23 6 
23 31 
23 45 
23 76 
26 2 
26 4 
26 5 
26 6 
26 7 
26 8 
26 9 
26 10 
26 11 
26 15 
26 17 
26 18 
26 19 
26 21 
26 22 
26 23 
26 25 
26 27 
26 28 
26 29 
26 31 
26 32 
26 33 
26 34 
26 35 
26 36 
26 37 
26 39 
26 40 
26 42 
26 44 
26 45 
26 49 
26 51 
26 60 
26 62 
26 66 
26 68 
26 73 
26 75 
26 76 
26 77 
26 83 
26 89 
26 90 
26 92 
26 96 
26 99 
26 100 
26 104 
26 105 
26 109 
26 110 
26 112 
26 113 
26 116 
26 117 
26 119 
26 125 
26 130 
26 134 
26 146 
26 150 
26 155 
26 158 
26 168 
26 180 
26 213 
27 3 
27 4 
27 11 
27 13 
27 14 
27 15 
27 21 
27 22 
27 30 
27 32 
27 35 
27 36 
27 37 
27 39 
27 40 
27 44 
27 45 
27 60 
27 69 
27 80 
27 84 
27 121 
27 130 
29 6 
29 7 
29 9 
29 10 
29 15 
29 26 
29 27 
29 28 
30 22 
31 18 
33 7 
33 9 
34 5 
34 7 
34 9 
34 18 
34 19 
34 23 
34 25 
34 26 
34 28 
34 49 
34 70 
34 71 
34 105 
34 110 
34 119 
34 213 
35 14 
35 22 
35 27 
35 30 
35 37 
35 49 
35 55 
35 82 
36 4 
36 11 
36 13 
36 63 
36 80 
36 84 
37 109 
39 7 
39 9 
39 10 
39 15 
39 26 
39 35 
39 44 
40 25 
40 32 
40 48 
40 109 
43 19 
43 33 
43 113 
43 125 
44 4 
44 6 
44 7 
44 9 
44 13 
44 14 
44 15 
44 21 
44 22 
44 27 
44 30 
44 31 
44 35 
44 37 
44 39 
44 45 
44 87 
44 102 
44 109 
45 5 
45 6 
45 7 
45 9 
45 22 
45 26 
45 95 
45 97 
45 109 
45 127 
49 109 
52 22 
54 45 
55 4 
55 5 
55 7 
55 9 
55 15 
55 40 
55 44 
55 45 
55 49 
55 76 
55 94 
55 112 
58 44 
58 76 
58 79 
59 15 
59 27 
59 44 
59 45 
59 119 
59 156 
59 157 
59 170 
59 187 
60 77 
63 44 
63 87 
65 22 
65 35 
66 5 
66 44 
66 45 
66 49 
66 55 
66 76 
66 94 
66 95 
66 96 
66 108 
68 48 
68 62 
68 90 
69 84 
70 100 
73 30 
74 22 
76 6 
76 45 
81 58 
81 79 
82 109 
86 51 
89 25 
93 27 
93 33 
93 58 
96 44 
101 27 
101 44 
101 45 
101 76 
101 79 
101 97 
106 4 
106 15 
106 22 
106 27 
106 35 
106 44 
107 5 
107 49 
109 115 
109 138 
109 168 
110 15 
111 71 
113 37 
113 115 
119 2 
119 6 
119 15 
119 27 
119 45 
119 54 
119 112 
119 157 
119 173 
121 73 
124 6 
124 45 
124 157 
126 45 
142 57 
145 6 
145 45 
162 15 
162 35 
162 44 
166 156 
167 33 
173 157 
173 180 
185 45 
193 45 
