1 17 
1 28 
2 7 
2 8 
2 10 
2 17 
2 18 
2 22 
2 23 
2 26 
2 32 
2 34 
2 39 
2 44 
2 80 
2 99 
2 100 
2 110 
2 125 
2 139 
2 146 
2 156 
2 158 
2 166 
2 212 
3 4 
3 13 
3 14 
3 15 
3 21 
3 22 
3 27 
3 30 
3 32 
3 35 
3 36 
3 37 
3 42 
3 44 
3 51 
3 52 
3 60 
3 62 
3 63 
3 68 
3 69 
3 70 
3 77 
3 78 
3 80 
3 83 
3 84 
3 86 
3 87 
3 88 
3 158 
4 3 
4 7 
4 8 
4 11 
4 13 
4 14 
4 15 
4 21 
4 22 
4 26 
4 27 
4 30 
4 32 
4 35 
4 36 
4 37 
4 39 
4 42 
4 44 
4 52 
4 54 
4 57 
4 63 
4 68 
4 70 
4 73 
4 74 
4 78 
4 80 
4 82 
4 84 
4 87 
4 98 
4 102 
4 117 
4 119 
4 121 
4 133 
4 134 
4 146 
4 213 
5 6 
5 7 
5 8 
5 11 
5 13 
5 14 
5 15 
5 17 
5 21 
5 22 
5 27 
5 28 
5 32 
5 33 
5 34 
5 35 
5 36 
5 37 
5 39 
5 42 
5 44 
5 45 
5 49 
5 67 
5 77 
5 78 
5 80 
5 82 
5 86 
5 98 
5 102 
5 117 
5 125 
5 134 
5 148 
5 158 
5 180 
5 187 
5 213 
6 6 
6 7 
6 8 
6 10 
6 13 
6 17 
6 18 
6 44 
6 45 
6 58 
6 76 
6 80 
6 96 
6 102 
6 112 
6 120 
6 134 
6 158 
6 178 
7 6 
7 11 
7 13 
7 14 
7 15 
7 17 
7 18 
7 21 
7 22 
7 25 
7 26 
7 27 
7 28 
7 29 
7 31 
7 32 
7 33 
7 34 
7 35 
7 36 
7 39 
7 42 
7 44 
7 45 
7 53 
7 62 
7 66 
7 67 
7 68 
7 71 
7 72 
7 73 
7 76 
7 78 
7 80 
7 86 
7 96 
7 100 
7 102 
7 105 
7 110 
7 116 
7 117 
7 119 
7 125 
7 134 
7 139 
7 146 
7 150 
7 155 
7 156 
7 158 
7 170 
7 180 
7 187 
7 212 
8 26 
8 34 
8 140 
9 6 
9 8 
9 11 
9 13 
9 14 
9 15 
9 17 
9 18 
9 21 
9 22 
9 25 
9 26 
9 27 
9 28 
9 29 
9 32 
9 33 
9 34 
9 35 
9 36 
9 39 
9 42 
9 44 
9 45 
9 53 
9 62 
9 66 
9 67 
9 68 
9 71 
9 72 
9 73 
9 76 
9 78 
9 80 
9 86 
9 96 
9 100 
9 102 
9 105 
9 110 
9 116 
9 117 
9 119 
9 125 
9 134 
9 139 
9 140 
9 146 
9 150 
9 156 
9 158 
9 170 
9 180 
9 187 
9 212 
10 8 
10 26 
10 31 
10 34 
10 155 
11 3 
11 4 
11 14 
11 15 
11 27 
11 35 
11 36 
11 80 
11 102 
12 80 
12 134 
13 21 
13 27 
13 98 
14 3 
14 4 
14 5 
14 6 
14 7 
14 8 
14 9 
14 10 
14 11 
14 13 
14 15 
14 17 
14 18 
14 19 
14 21 
14 22 
14 25 
14 26 
14 27 
14 30 
14 32 
14 33 
14 34 
14 35 
14 36 
14 37 
14 39 
14 40 
14 42 
14 44 
14 53 
14 54 
14 55 
14 57 
14 59 
14 60 
14 63 
14 66 
14 67 
14 68 
14 70 
14 73 
14 74 
14 77 
14 78 
14 80 
14 82 
14 83 
14 84 
14 86 
14 88 
14 98 
14 100 
14 102 
14 104 
14 110 
14 116 
14 117 
14 119 
14 121 
14 125 
14 133 
14 134 
14 139 
14 146 
14 150 
14 156 
14 157 
14 158 
14 170 
14 173 
14 180 
14 187 
14 193 
14 212 
14 213 
15 3 
15 4 
15 7 
15 8 
15 11 
15 13 
15 14 
15 21 
15 22 
15 27 
15 29 
15 30 
15 32 
15 35 
15 36 
15 37 
15 44 
15 52 
15 63 
15 68 
15 69 
15 70 
15 73 
15 74 
15 77 
15 80 
15 82 
15 84 
15 86 
15 87 
15 88 
15 98 
15 117 
15 121 
15 125 
15 212 
16 6 
16 79 
16 97 
17 34 
17 110 
17 125 
17 134 
17 155 
17 158 
17 190 
17 212 
18 29 
19 28 
19 33 
19 44 
19 72 
19 100 
19 116 
19 125 
19 133 
19 134 
19 158 
20 19 
21 4 
21 11 
21 27 
21 32 
21 44 
22 3 
22 4 
22 5 
22 11 
22 13 
22 14 
22 15 
22 17 
22 18 
22 19 
22 21 
22 25 
22 26 
22 27 
22 30 
22 32 
22 33 
22 34 
22 35 
22 36 
22 37 
22 40 
22 42 
22 44 
22 48 
22 51 
22 52 
22 53 
22 54 
22 55 
22 59 
22 60 
22 62 
22 63 
22 66 
22 68 
22 69 
22 70 
22 71 
22 73 
22 74 
22 77 
22 78 
22 80 
22 82 
22 83 
22 84 
22 86 
22 87 
22 88 
22 90 
22 91 
22 98 
22 102 
22 110 
22 116 
22 117 
22 121 
22 133 
22 134 
22 146 
22 148 
22 150 
22 158 
22 187 
23 7 
23 8 
23 9 
23 10 
23 17 
23 18 
23 26 
23 29 
23 32 
23 34 
23 37 
23 39 
23 45 
23 158 
24 32 
25 25 
25 33 
25 67 
25 89 
25 125 
25 134 
25 146 
25 158 
26 18 
26 26 
26 34 
26 139 
26 212 
27 3 
27 4 
27 7 
27 8 
27 11 
27 13 
27 14 
27 15 
27 21 
27 22 
27 25 
27 30 
27 32 
27 34 
27 35 
27 36 
27 37 
27 40 
27 42 
27 44 
27 52 
27 54 
27 59 
27 60 
27 62 
27 63 
27 68 
27 69 
27 73 
27 74 
27 77 
27 78 
27 80 
27 82 
27 83 
27 84 
27 86 
27 87 
27 88 
27 98 
27 100 
27 102 
27 104 
27 112 
27 117 
27 119 
27 121 
27 127 
27 133 
27 148 
27 158 
27 170 
27 173 
27 180 
27 187 
27 193 
27 213 
28 110 
28 125 
28 134 
28 158 
29 19 
29 134 
29 158 
30 3 
30 4 
30 6 
30 11 
30 13 
30 14 
30 15 
30 17 
30 21 
30 22 
30 27 
30 32 
30 33 
30 35 
30 36 
30 39 
30 42 
30 44 
30 51 
30 52 
30 63 
30 68 
30 69 
30 73 
30 77 
30 78 
30 80 
30 83 
30 84 
30 86 
30 87 
30 88 
30 98 
30 100 
30 117 
30 121 
30 133 
31 7 
31 8 
31 10 
31 15 
31 18 
31 26 
31 29 
31 32 
31 34 
31 39 
31 134 
31 139 
32 30 
32 68 
32 73 
32 84 
32 116 
33 25 
33 26 
33 71 
33 92 
33 125 
33 134 
33 139 
33 157 
33 158 
33 212 
34 7 
34 8 
34 18 
34 26 
34 139 
35 3 
35 4 
35 5 
35 7 
35 8 
35 11 
35 13 
35 14 
35 15 
35 21 
35 22 
35 26 
35 27 
35 30 
35 32 
35 33 
35 36 
35 37 
35 40 
35 42 
35 44 
35 51 
35 52 
35 53 
35 55 
35 58 
35 59 
35 60 
35 62 
35 63 
35 68 
35 69 
35 73 
35 78 
35 80 
35 82 
35 84 
35 87 
35 88 
35 94 
35 98 
35 102 
35 117 
35 121 
35 125 
35 134 
35 146 
35 150 
35 158 
35 173 
35 187 
35 213 
36 4 
36 11 
36 13 
36 15 
36 80 
36 146 
37 3 
37 14 
37 22 
37 80 
37 87 
37 134 
37 148 
37 180 
38 32 
39 7 
39 8 
39 18 
39 25 
39 26 
39 34 
39 125 
39 133 
39 134 
39 212 
40 11 
40 15 
40 19 
40 25 
40 54 
40 72 
40 89 
40 100 
40 125 
40 133 
40 134 
40 146 
40 158 
40 187 
41 32 
41 133 
42 3 
42 30 
42 32 
42 100 
42 117 
43 17 
43 19 
43 110 
43 113 
43 125 
43 133 
43 134 
43 157 
43 187 
43 212 
44 4 
44 6 
44 11 
44 13 
44 14 
44 15 
44 17 
44 21 
44 27 
44 34 
44 35 
44 70 
44 73 
44 82 
44 158 
45 6 
45 7 
45 8 
45 9 
45 10 
45 13 
45 16 
45 17 
45 18 
45 21 
45 25 
45 26 
45 28 
45 29 
45 32 
45 33 
45 34 
45 36 
45 39 
45 44 
45 55 
45 58 
45 66 
45 67 
45 70 
45 76 
45 78 
45 79 
45 80 
45 94 
45 96 
45 97 
45 99 
45 102 
45 103 
45 105 
45 108 
45 109 
45 110 
45 112 
45 116 
45 117 
45 120 
45 125 
45 127 
45 128 
45 134 
45 136 
45 139 
45 146 
45 156 
45 158 
45 178 
45 182 
45 212 
46 32 
47 39 
47 139 
48 15 
48 52 
48 77 
48 90 
49 4 
49 5 
49 6 
49 11 
49 13 
49 14 
49 15 
49 18 
49 21 
49 22 
49 26 
49 27 
49 30 
49 32 
49 33 
49 34 
49 35 
49 36 
49 42 
49 44 
49 45 
49 51 
49 53 
49 55 
49 58 
49 59 
49 60 
49 62 
49 68 
49 76 
49 77 
49 78 
49 80 
49 82 
49 83 
49 86 
49 90 
49 95 
49 98 
49 102 
49 108 
49 117 
49 125 
49 134 
49 139 
49 148 
49 157 
49 158 
49 180 
49 213 
51 3 
51 30 
51 36 
51 60 
51 69 
51 77 
51 80 
51 86 
52 30 
52 44 
52 63 
52 68 
52 84 
52 90 
55 66 
55 83 
58 6 
58 14 
58 32 
59 78 
59 170 
60 3 
60 11 
60 32 
60 36 
60 51 
60 52 
60 69 
60 86 
60 88 
60 180 
62 7 
62 8 
62 68 
63 3 
63 4 
63 14 
63 15 
63 27 
63 30 
63 32 
63 35 
63 37 
63 69 
63 84 
63 87 
63 117 
63 133 
63 158 
68 11 
68 14 
68 15 
68 22 
68 27 
68 30 
68 32 
68 40 
68 42 
68 48 
68 52 
68 62 
68 70 
68 73 
68 77 
68 83 
68 84 
68 86 
68 90 
68 100 
68 116 
68 117 
68 121 
68 146 
69 3 
69 11 
69 13 
69 15 
69 22 
69 27 
69 30 
69 32 
69 42 
69 51 
69 52 
69 60 
69 63 
69 84 
69 86 
69 87 
69 88 
69 146 
70 14 
70 44 
70 80 
71 80 
71 92 
72 32 
73 11 
73 15 
73 30 
73 32 
73 44 
73 98 
73 121 
74 4 
74 14 
74 15 
76 6 
76 136 
76 178 
76 187 
78 213 
80 30 
80 78 
81 66 
82 5 
82 14 
82 21 
82 27 
82 35 
82 37 
82 44 
82 53 
82 74 
83 30 
83 32 
83 42 
83 84 
83 100 
83 117 
83 146 
84 4 
84 15 
84 17 
84 22 
84 27 
84 30 
84 32 
84 52 
84 63 
84 68 
84 69 
86 3 
86 15 
86 30 
86 32 
86 51 
86 63 
86 69 
86 77 
86 84 
86 87 
86 88 
86 117 
87 3 
87 4 
87 11 
87 15 
87 22 
87 30 
87 32 
87 35 
87 42 
87 44 
87 63 
87 69 
87 73 
87 84 
87 88 
87 121 
87 148 
88 3 
88 15 
88 22 
88 27 
88 30 
88 32 
88 35 
88 44 
88 51 
88 52 
88 60 
88 69 
88 77 
88 84 
88 86 
88 87 
88 90 
88 117 
89 25 
89 33 
89 100 
89 125 
89 134 
89 146 
89 158 
90 3 
90 22 
90 30 
90 32 
90 37 
90 40 
90 44 
90 48 
90 51 
90 52 
90 60 
90 63 
90 77 
90 80 
90 83 
90 84 
90 86 
90 121 
91 158 
92 80 
93 14 
93 27 
93 28 
93 32 
93 33 
93 36 
93 40 
93 77 
93 83 
93 89 
93 96 
93 100 
93 127 
93 180 
96 4 
96 5 
96 6 
96 7 
96 8 
96 9 
96 10 
96 11 
96 13 
96 14 
96 15 
96 16 
96 17 
96 18 
96 19 
96 21 
96 22 
96 25 
96 26 
96 27 
96 28 
96 29 
96 32 
96 33 
96 34 
96 35 
96 36 
96 37 
96 39 
96 40 
96 42 
96 44 
96 45 
96 49 
96 51 
96 54 
96 55 
96 58 
96 59 
96 60 
96 62 
96 66 
96 68 
96 73 
96 76 
96 77 
96 78 
96 79 
96 80 
96 82 
96 83 
96 84 
96 86 
96 90 
96 94 
96 95 
96 97 
96 100 
96 102 
96 108 
96 110 
96 112 
96 116 
96 117 
96 125 
96 128 
96 133 
96 134 
96 146 
96 148 
96 157 
96 158 
96 178 
96 180 
96 187 
96 213 
97 16 
98 82 
100 42 
100 116 
100 117 
100 133 
101 6 
104 187 
105 4 
105 6 
105 7 
105 8 
105 10 
105 11 
105 13 
105 14 
105 15 
105 17 
105 18 
105 21 
105 22 
105 25 
105 26 
105 27 
105 29 
105 32 
105 33 
105 34 
105 35 
105 36 
105 37 
105 39 
105 44 
105 45 
105 51 
105 60 
105 62 
105 68 
105 76 
105 78 
105 80 
105 82 
105 99 
105 102 
105 105 
105 110 
105 112 
105 125 
105 128 
105 134 
105 146 
105 148 
105 156 
105 158 
105 165 
105 166 
105 182 
105 187 
105 212 
108 5 
108 6 
108 66 
108 78 
108 95 
108 133 
109 4 
109 6 
109 7 
109 8 
109 10 
109 11 
109 13 
109 14 
109 15 
109 17 
109 18 
109 19 
109 21 
109 22 
109 25 
109 26 
109 27 
109 32 
109 33 
109 34 
109 35 
109 36 
109 37 
109 42 
109 44 
109 45 
109 51 
109 54 
109 57 
109 59 
109 60 
109 62 
109 67 
109 68 
109 71 
109 75 
109 77 
109 80 
109 82 
109 83 
109 86 
109 90 
109 92 
109 102 
109 104 
109 110 
109 113 
109 115 
109 116 
109 117 
109 119 
109 125 
109 133 
109 134 
109 138 
109 139 
109 146 
109 150 
109 157 
109 158 
109 168 
109 170 
109 173 
109 180 
109 187 
109 212 
109 213 
110 26 
110 212 
112 178 
113 159 
114 4 
114 5 
114 6 
114 14 
114 22 
114 27 
114 32 
114 33 
114 35 
114 36 
114 42 
114 44 
114 45 
114 80 
114 82 
114 102 
114 117 
114 134 
114 148 
115 113 
115 181 
116 32 
117 32 
118 193 
119 173 
119 180 
120 127 
121 13 
121 15 
121 30 
121 73 
121 98 
125 158 
127 110 
129 133 
129 193 
130 14 
133 32 
136 6 
140 8 
142 57 
146 68 
146 125 
146 134 
146 158 
147 39 
148 84 
154 118 
158 125 
169 14 
169 157 
170 157 
170 173 
172 134 
173 157 
173 180 
180 157 
187 213 
195 139 
204 59 
