1 28 
2 7 
2 8 
2 18 
2 26 
2 34 
2 39 
2 105 
2 109 
2 156 
2 166 
2 212 
3 14 
3 15 
3 22 
3 37 
3 63 
3 87 
3 88 
4 2 
4 3 
4 6 
4 11 
4 13 
4 14 
4 15 
4 21 
4 22 
4 27 
4 30 
4 35 
4 36 
4 37 
4 44 
4 57 
4 63 
4 74 
4 158 
4 212 
6 2 
6 6 
6 22 
6 39 
6 45 
6 51 
6 60 
6 77 
6 86 
6 96 
6 109 
6 117 
7 3 
7 6 
7 14 
7 16 
7 23 
7 26 
7 27 
7 28 
7 29 
7 32 
7 34 
7 39 
7 45 
7 51 
7 52 
7 60 
7 67 
7 77 
7 80 
7 82 
7 96 
7 110 
7 168 
7 212 
8 34 
8 140 
9 3 
9 6 
9 8 
9 14 
9 16 
9 23 
9 26 
9 27 
9 28 
9 29 
9 32 
9 34 
9 39 
9 45 
9 51 
9 52 
9 60 
9 67 
9 77 
9 80 
9 82 
9 96 
9 110 
9 140 
9 168 
9 212 
10 6 
10 45 
11 14 
11 15 
11 27 
11 36 
11 44 
12 3 
12 4 
12 6 
12 11 
12 14 
12 15 
12 22 
12 25 
12 27 
12 33 
12 35 
12 37 
12 42 
12 44 
12 48 
12 51 
12 60 
12 62 
12 67 
12 68 
12 71 
12 80 
12 86 
12 89 
12 102 
12 134 
12 146 
12 148 
12 150 
12 158 
14 3 
14 4 
14 11 
14 15 
14 21 
14 22 
14 25 
14 27 
14 34 
14 35 
14 36 
14 37 
14 44 
14 63 
14 68 
14 69 
14 74 
14 78 
14 80 
14 84 
14 87 
14 88 
14 127 
14 150 
15 3 
15 4 
15 11 
15 14 
15 21 
15 22 
15 27 
15 30 
15 32 
15 36 
15 37 
15 44 
15 63 
15 69 
15 74 
15 80 
15 82 
15 84 
15 87 
15 88 
15 212 
16 4 
16 6 
16 14 
16 25 
16 27 
16 32 
16 35 
16 44 
16 45 
16 79 
16 97 
16 102 
16 127 
17 3 
17 6 
17 15 
17 21 
17 26 
17 33 
17 34 
17 37 
17 44 
17 80 
17 109 
17 134 
17 155 
17 158 
17 190 
17 212 
18 26 
18 34 
19 6 
19 26 
19 32 
19 125 
19 134 
21 44 
22 3 
22 4 
22 6 
22 11 
22 14 
22 15 
22 27 
22 30 
22 32 
22 35 
22 36 
22 37 
22 44 
22 48 
22 51 
22 52 
22 60 
22 63 
22 67 
22 68 
22 73 
22 74 
22 80 
22 84 
22 88 
22 90 
22 92 
22 148 
22 159 
23 7 
23 8 
23 26 
23 34 
23 80 
25 4 
25 14 
25 36 
25 45 
25 119 
25 158 
26 27 
26 34 
26 44 
26 212 
27 3 
27 4 
27 6 
27 7 
27 8 
27 11 
27 13 
27 14 
27 15 
27 21 
27 22 
27 25 
27 26 
27 30 
27 32 
27 34 
27 35 
27 36 
27 37 
27 42 
27 44 
27 52 
27 62 
27 63 
27 67 
27 68 
27 69 
27 73 
27 74 
27 80 
27 82 
27 84 
27 86 
27 87 
27 88 
27 98 
27 102 
27 113 
27 121 
27 127 
27 146 
27 148 
27 158 
27 212 
28 80 
28 158 
30 3 
30 15 
30 21 
30 22 
30 36 
30 44 
30 45 
30 63 
30 73 
30 84 
30 121 
31 96 
31 134 
32 15 
33 134 
33 158 
34 6 
34 212 
35 3 
35 4 
35 6 
35 11 
35 14 
35 15 
35 22 
35 27 
35 32 
35 36 
35 37 
35 44 
35 51 
35 53 
35 60 
35 63 
35 68 
35 69 
35 80 
35 82 
35 84 
35 86 
35 87 
35 88 
35 102 
35 150 
36 11 
36 13 
36 30 
37 14 
38 72 
39 2 
39 3 
39 4 
39 6 
39 11 
39 13 
39 14 
39 15 
39 25 
39 26 
39 27 
39 34 
39 36 
39 37 
39 44 
39 80 
39 110 
39 134 
39 158 
39 212 
40 2 
40 3 
40 6 
40 11 
40 15 
40 27 
40 32 
40 36 
40 37 
40 44 
40 51 
40 52 
40 67 
40 68 
40 80 
40 87 
40 88 
40 100 
40 109 
40 133 
40 158 
43 26 
43 54 
43 113 
43 125 
43 158 
43 212 
44 3 
44 4 
44 11 
44 13 
44 14 
44 15 
44 21 
44 27 
44 34 
44 35 
44 68 
44 119 
44 168 
45 2 
45 6 
45 11 
45 14 
45 16 
45 25 
45 28 
45 32 
45 34 
45 44 
45 58 
45 67 
45 71 
45 75 
45 76 
45 79 
45 96 
45 97 
45 112 
45 127 
45 130 
45 134 
45 157 
45 158 
45 178 
45 182 
46 133 
47 3 
47 15 
47 34 
47 36 
47 37 
47 42 
47 80 
47 105 
49 51 
49 60 
49 117 
49 156 
51 60 
52 36 
52 68 
52 84 
54 4 
54 14 
55 6 
55 127 
58 6 
58 45 
58 79 
62 44 
62 68 
62 80 
62 102 
63 15 
63 87 
64 44 
65 4 
65 6 
65 14 
65 15 
65 27 
65 37 
65 44 
65 45 
65 102 
65 127 
66 35 
66 45 
67 4 
67 6 
67 14 
67 22 
67 27 
67 44 
67 71 
67 80 
67 83 
67 109 
68 15 
68 36 
68 44 
68 45 
68 52 
68 62 
68 67 
68 86 
68 116 
69 3 
69 13 
69 15 
69 84 
69 87 
70 4 
70 44 
71 4 
71 6 
71 14 
71 15 
71 21 
71 22 
71 25 
71 27 
71 32 
71 34 
71 35 
71 37 
71 44 
71 80 
71 102 
71 109 
71 158 
72 77 
72 100 
73 30 
73 121 
74 14 
76 6 
76 23 
76 45 
76 136 
78 4 
78 6 
78 14 
78 15 
78 22 
78 27 
78 32 
78 35 
78 37 
78 42 
78 44 
78 51 
78 59 
78 60 
78 80 
78 82 
78 86 
78 102 
78 117 
79 45 
81 127 
82 14 
82 15 
82 35 
82 37 
82 44 
82 53 
82 74 
84 22 
84 27 
84 52 
86 3 
86 51 
86 52 
86 77 
87 3 
87 63 
87 69 
88 22 
88 51 
88 84 
88 87 
89 11 
89 22 
89 25 
89 36 
89 62 
89 68 
89 125 
89 134 
89 158 
90 45 
90 88 
91 6 
91 14 
91 22 
92 4 
92 44 
92 113 
92 181 
93 27 
93 28 
93 33 
93 104 
93 110 
96 6 
96 32 
98 4 
98 82 
99 105 
100 116 
101 6 
103 6 
104 14 
105 2 
105 99 
105 156 
108 6 
108 14 
108 27 
108 35 
108 45 
108 96 
108 127 
108 148 
109 15 
109 32 
109 44 
109 67 
109 71 
109 80 
109 115 
109 138 
109 150 
109 168 
110 37 
110 80 
110 158 
110 212 
111 158 
112 6 
113 4 
113 6 
113 15 
113 27 
113 44 
113 71 
113 80 
115 15 
115 27 
115 44 
115 109 
116 32 
119 37 
119 44 
120 6 
121 73 
121 98 
124 3 
124 6 
124 119 
124 157 
125 23 
125 27 
125 89 
125 158 
130 27 
130 127 
133 32 
135 26 
135 34 
135 134 
135 158 
142 4 
142 14 
146 6 
146 15 
146 25 
146 36 
146 37 
146 68 
146 89 
146 100 
146 125 
146 134 
146 158 
147 4 
147 27 
147 39 
147 44 
152 44 
152 109 
153 34 
153 158 
159 181 
167 33 
168 4 
168 27 
168 44 
168 102 
168 109 
169 14 
170 4 
170 14 
170 27 
172 25 
172 158 
173 119 
177 44 
181 4 
184 45 
187 4 
187 6 
187 14 
187 15 
187 27 
187 80 
199 27 
204 59 
