2 7 
2 8 
2 10 
2 26 
2 29 
2 31 
2 34 
2 37 
2 39 
2 45 
2 99 
2 105 
2 140 
2 166 
3 4 
3 11 
3 13 
3 14 
3 15 
3 21 
3 22 
3 27 
3 30 
3 32 
3 35 
3 36 
3 37 
3 44 
3 48 
3 52 
3 60 
3 63 
3 68 
3 69 
3 74 
3 80 
3 82 
3 84 
3 87 
3 88 
3 98 
3 121 
4 3 
4 7 
4 10 
4 11 
4 14 
4 15 
4 21 
4 25 
4 27 
4 30 
4 35 
4 36 
4 37 
4 44 
4 52 
4 53 
4 68 
4 74 
4 82 
4 84 
4 87 
4 88 
4 130 
4 150 
4 181 
4 182 
5 6 
5 53 
5 95 
5 104 
6 7 
6 8 
6 19 
6 23 
6 26 
6 39 
6 45 
6 76 
7 26 
7 34 
7 108 
7 139 
8 34 
8 140 
9 8 
9 34 
9 139 
9 140 
10 8 
10 26 
10 34 
10 108 
11 3 
11 4 
11 13 
11 14 
11 15 
11 27 
11 30 
11 31 
11 34 
11 35 
11 36 
11 44 
11 74 
11 80 
11 119 
13 21 
13 32 
13 36 
13 63 
13 73 
13 80 
13 98 
13 121 
14 3 
14 4 
14 6 
14 7 
14 8 
14 10 
14 11 
14 13 
14 15 
14 21 
14 22 
14 23 
14 25 
14 26 
14 27 
14 28 
14 29 
14 30 
14 31 
14 32 
14 34 
14 35 
14 36 
14 37 
14 39 
14 42 
14 44 
14 52 
14 53 
14 54 
14 57 
14 63 
14 67 
14 68 
14 69 
14 73 
14 74 
14 78 
14 80 
14 82 
14 84 
14 86 
14 87 
14 88 
14 94 
14 104 
14 105 
14 112 
14 115 
14 119 
14 120 
14 121 
14 128 
14 139 
14 140 
14 146 
14 150 
14 157 
14 178 
14 180 
14 182 
14 213 
15 3 
15 4 
15 6 
15 7 
15 8 
15 10 
15 11 
15 13 
15 14 
15 19 
15 21 
15 22 
15 26 
15 27 
15 30 
15 31 
15 32 
15 34 
15 35 
15 36 
15 37 
15 39 
15 42 
15 44 
15 45 
15 48 
15 51 
15 52 
15 53 
15 54 
15 60 
15 63 
15 68 
15 69 
15 73 
15 74 
15 80 
15 82 
15 83 
15 84 
15 86 
15 87 
15 88 
15 90 
15 98 
15 104 
15 109 
15 116 
15 121 
15 130 
15 133 
15 146 
15 148 
15 150 
15 159 
15 182 
15 213 
16 97 
17 34 
17 105 
17 110 
18 29 
18 34 
19 1 
19 29 
19 105 
21 4 
21 11 
21 14 
21 15 
21 22 
21 26 
21 27 
21 30 
21 37 
21 44 
21 45 
21 69 
21 73 
22 3 
22 4 
22 7 
22 8 
22 14 
22 15 
22 21 
22 23 
22 27 
22 29 
22 30 
22 32 
22 34 
22 35 
22 36 
22 37 
22 39 
22 44 
22 45 
22 48 
22 52 
22 53 
22 60 
22 63 
22 67 
22 68 
22 69 
22 73 
22 80 
22 82 
22 83 
22 84 
22 87 
22 88 
22 96 
22 98 
22 109 
22 116 
22 121 
22 148 
23 7 
23 8 
23 10 
23 31 
23 34 
23 39 
24 42 
25 6 
25 105 
25 180 
26 7 
26 8 
26 19 
26 29 
26 34 
26 155 
27 3 
27 4 
27 7 
27 8 
27 11 
27 14 
27 15 
27 22 
27 26 
27 30 
27 34 
27 35 
27 36 
27 44 
27 53 
27 60 
27 63 
27 68 
27 71 
27 74 
27 80 
27 82 
27 84 
27 130 
27 139 
27 213 
28 1 
30 3 
30 4 
30 6 
30 11 
30 13 
30 14 
30 15 
30 21 
30 22 
30 27 
30 32 
30 36 
30 37 
30 44 
30 51 
30 52 
30 60 
30 63 
30 68 
30 69 
30 73 
30 77 
30 82 
30 84 
30 86 
30 87 
30 98 
30 121 
31 7 
31 8 
31 10 
31 29 
31 34 
31 39 
31 45 
32 13 
32 42 
32 45 
32 83 
32 86 
32 116 
32 117 
32 133 
32 146 
33 25 
33 28 
33 146 
34 7 
34 8 
34 26 
34 29 
34 39 
35 4 
35 7 
35 8 
35 10 
35 14 
35 15 
35 22 
35 27 
35 28 
35 29 
35 30 
35 34 
35 37 
35 42 
35 44 
35 45 
35 53 
35 54 
35 68 
35 82 
35 88 
35 102 
35 112 
35 119 
35 146 
35 148 
35 157 
35 182 
35 213 
36 4 
36 11 
36 13 
36 15 
36 44 
36 74 
36 80 
37 3 
37 7 
37 8 
37 14 
37 15 
37 26 
37 29 
37 32 
37 34 
37 39 
37 76 
37 78 
37 88 
37 91 
39 2 
39 7 
39 8 
39 10 
39 29 
39 34 
39 57 
39 139 
40 34 
40 133 
42 83 
42 116 
42 133 
43 1 
43 19 
43 26 
43 34 
43 92 
43 146 
44 3 
44 4 
44 7 
44 8 
44 11 
44 14 
44 15 
44 21 
44 22 
44 27 
44 29 
44 30 
44 34 
44 35 
44 36 
44 37 
44 63 
44 68 
44 80 
44 96 
44 109 
44 112 
44 119 
44 128 
44 148 
44 178 
45 2 
45 6 
45 7 
45 8 
45 10 
45 15 
45 16 
45 21 
45 22 
45 23 
45 25 
45 26 
45 29 
45 31 
45 34 
45 39 
45 44 
45 68 
45 76 
45 79 
45 80 
45 96 
45 97 
45 103 
45 105 
45 108 
45 109 
45 112 
45 116 
45 120 
45 128 
45 130 
45 136 
45 139 
45 146 
45 178 
46 1 
47 6 
47 29 
47 139 
49 95 
49 96 
51 48 
51 60 
51 77 
51 90 
52 35 
52 51 
52 60 
52 68 
52 69 
52 84 
52 86 
52 90 
55 45 
55 94 
55 115 
58 16 
58 45 
58 79 
58 97 
60 22 
60 36 
60 48 
60 51 
60 52 
60 77 
60 86 
60 88 
60 90 
62 15 
62 44 
63 3 
63 4 
63 11 
63 13 
63 14 
63 15 
63 22 
63 27 
63 30 
63 35 
63 36 
63 37 
63 44 
63 69 
63 82 
63 87 
63 148 
68 3 
68 4 
68 7 
68 8 
68 10 
68 11 
68 13 
68 14 
68 15 
68 22 
68 27 
68 34 
68 35 
68 36 
68 44 
68 45 
68 48 
68 52 
68 63 
68 67 
68 69 
68 73 
68 74 
68 82 
68 84 
68 86 
68 90 
68 148 
69 3 
69 13 
69 15 
69 30 
69 52 
69 63 
69 84 
69 87 
69 88 
70 3 
70 4 
70 6 
70 45 
71 92 
73 21 
73 32 
73 35 
73 44 
73 98 
73 121 
74 4 
74 14 
74 15 
76 16 
76 45 
76 97 
76 128 
76 136 
78 213 
79 97 
80 6 
80 36 
81 94 
81 103 
82 4 
82 7 
82 14 
82 35 
82 37 
82 44 
82 53 
82 54 
82 74 
82 140 
84 14 
84 22 
84 35 
84 48 
84 51 
84 52 
84 60 
84 68 
84 69 
84 77 
84 83 
86 51 
86 77 
86 90 
87 3 
87 14 
87 22 
87 35 
87 52 
87 63 
87 69 
87 88 
88 22 
88 48 
88 51 
88 52 
88 60 
88 68 
88 77 
88 90 
93 14 
93 28 
93 48 
93 77 
96 95 
97 16 
97 79 
98 13 
98 32 
98 36 
98 73 
98 121 
100 116 
100 133 
102 6 
105 2 
105 7 
105 8 
105 15 
105 26 
105 31 
105 34 
105 44 
105 45 
105 99 
105 105 
105 166 
107 95 
108 95 
109 92 
109 104 
109 115 
109 119 
109 138 
109 150 
109 168 
115 168 
117 42 
117 83 
117 133 
120 130 
121 32 
121 36 
121 73 
121 98 
128 120 
128 178 
132 136 
138 168 
145 16 
148 21 
148 22 
150 104 
154 118 
154 138 
159 181 
163 34 
169 157 
173 180 
187 213 
203 37 
