2 7 
2 8 
2 9 
2 10 
2 17 
2 18 
2 26 
2 29 
2 33 
2 34 
2 39 
2 76 
2 105 
2 108 
2 110 
2 134 
2 139 
2 146 
2 158 
2 165 
2 166 
3 4 
3 11 
3 14 
3 15 
3 22 
3 27 
3 30 
3 32 
3 35 
3 36 
3 42 
3 44 
3 52 
3 60 
3 62 
3 63 
3 69 
3 80 
3 82 
3 84 
3 87 
3 88 
4 3 
4 7 
4 9 
4 11 
4 14 
4 15 
4 18 
4 22 
4 26 
4 27 
4 29 
4 30 
4 32 
4 34 
4 35 
4 39 
4 44 
4 53 
4 62 
4 63 
4 68 
4 74 
4 82 
4 84 
4 87 
4 88 
4 92 
4 104 
4 109 
4 119 
4 120 
4 146 
4 148 
4 159 
4 173 
4 181 
4 182 
4 193 
4 213 
5 37 
5 49 
5 94 
5 95 
5 112 
5 146 
6 29 
6 45 
6 55 
6 66 
6 96 
6 103 
7 18 
7 29 
7 34 
7 39 
7 59 
7 105 
7 127 
7 138 
7 139 
7 187 
8 9 
8 140 
9 18 
9 29 
9 59 
9 127 
9 139 
9 140 
9 187 
10 8 
10 9 
10 34 
10 39 
10 105 
10 138 
11 2 
11 3 
11 13 
11 14 
11 15 
11 18 
11 22 
11 27 
11 29 
11 30 
11 33 
11 36 
11 39 
11 44 
11 67 
11 103 
11 104 
11 113 
11 156 
12 104 
12 113 
12 134 
12 146 
12 187 
12 213 
13 15 
13 26 
13 27 
13 32 
13 34 
13 35 
13 36 
13 39 
13 98 
13 100 
13 133 
14 3 
14 4 
14 7 
14 9 
14 10 
14 11 
14 13 
14 15 
14 18 
14 21 
14 22 
14 25 
14 26 
14 27 
14 29 
14 30 
14 32 
14 33 
14 34 
14 35 
14 36 
14 37 
14 39 
14 42 
14 44 
14 52 
14 57 
14 59 
14 62 
14 63 
14 68 
14 69 
14 73 
14 74 
14 78 
14 82 
14 84 
14 87 
14 88 
14 89 
14 90 
14 94 
14 104 
14 108 
14 109 
14 110 
14 118 
14 119 
14 120 
14 121 
14 127 
14 134 
14 146 
14 150 
14 156 
14 157 
14 166 
14 170 
14 173 
14 180 
14 182 
14 187 
15 3 
15 4 
15 5 
15 7 
15 9 
15 10 
15 11 
15 13 
15 14 
15 18 
15 21 
15 22 
15 25 
15 26 
15 27 
15 29 
15 30 
15 31 
15 32 
15 33 
15 34 
15 35 
15 36 
15 37 
15 39 
15 42 
15 44 
15 48 
15 51 
15 52 
15 53 
15 60 
15 62 
15 63 
15 68 
15 69 
15 73 
15 74 
15 77 
15 80 
15 82 
15 83 
15 84 
15 86 
15 87 
15 88 
15 90 
15 94 
15 95 
15 98 
15 100 
15 108 
15 109 
15 116 
15 117 
15 121 
15 133 
15 134 
15 146 
15 148 
15 150 
15 156 
15 173 
15 182 
15 187 
15 193 
15 213 
16 97 
17 2 
17 29 
17 34 
17 71 
17 105 
17 110 
17 119 
17 125 
17 133 
17 134 
17 155 
17 158 
17 165 
17 190 
18 104 
18 146 
18 165 
19 100 
19 125 
19 134 
20 19 
21 3 
21 4 
21 7 
21 9 
21 11 
21 14 
21 15 
21 18 
21 22 
21 26 
21 27 
21 29 
21 30 
21 35 
21 36 
21 39 
21 44 
21 63 
21 73 
21 76 
21 82 
21 108 
21 109 
21 120 
22 3 
22 4 
22 7 
22 8 
22 11 
22 13 
22 14 
22 15 
22 21 
22 27 
22 29 
22 30 
22 34 
22 35 
22 36 
22 44 
22 45 
22 48 
22 52 
22 58 
22 60 
22 62 
22 63 
22 68 
22 69 
22 70 
22 74 
22 82 
22 84 
22 87 
22 88 
22 98 
22 105 
22 146 
22 148 
22 150 
22 158 
23 3 
23 7 
23 8 
23 9 
23 10 
23 31 
23 39 
23 190 
24 72 
25 33 
25 45 
25 158 
26 18 
26 34 
26 139 
26 166 
26 173 
27 3 
27 4 
27 7 
27 9 
27 11 
27 13 
27 14 
27 15 
27 18 
27 21 
27 22 
27 26 
27 29 
27 30 
27 34 
27 35 
27 37 
27 39 
27 40 
27 42 
27 44 
27 52 
27 53 
27 68 
27 79 
27 84 
27 89 
27 90 
27 95 
27 100 
27 104 
27 105 
27 109 
27 121 
27 127 
27 130 
27 146 
27 148 
27 158 
27 173 
27 193 
30 3 
30 13 
30 14 
30 15 
30 21 
30 22 
30 27 
30 29 
30 32 
30 33 
30 39 
30 44 
30 48 
30 51 
30 52 
30 60 
30 63 
30 68 
30 69 
30 73 
30 77 
30 82 
30 83 
30 84 
30 86 
30 87 
30 98 
30 121 
31 2 
31 7 
31 9 
31 96 
32 3 
32 13 
32 42 
32 72 
32 83 
32 100 
32 116 
32 117 
32 133 
33 89 
33 125 
33 134 
33 146 
33 158 
34 26 
34 29 
34 31 
34 110 
34 113 
34 158 
34 193 
35 4 
35 11 
35 13 
35 14 
35 15 
35 22 
35 25 
35 27 
35 30 
35 42 
35 44 
35 48 
35 53 
35 59 
35 62 
35 68 
35 73 
35 82 
35 84 
35 87 
35 109 
35 146 
35 148 
35 150 
35 213 
36 7 
36 8 
36 11 
36 13 
36 15 
36 18 
36 22 
36 26 
36 27 
36 29 
36 30 
36 39 
36 44 
36 80 
36 125 
37 7 
37 9 
37 13 
37 14 
37 15 
37 27 
37 32 
37 36 
37 39 
37 40 
37 91 
37 109 
37 121 
37 156 
37 158 
39 7 
39 9 
39 10 
39 39 
39 54 
39 71 
39 95 
39 146 
39 155 
39 158 
39 180 
39 190 
40 17 
40 25 
40 33 
40 72 
40 133 
40 134 
40 146 
40 158 
40 187 
42 100 
42 116 
42 133 
43 19 
43 71 
43 92 
43 110 
43 113 
43 125 
43 134 
43 146 
43 158 
43 181 
43 193 
44 4 
44 11 
44 13 
44 14 
44 15 
44 21 
44 22 
44 26 
44 27 
44 30 
44 34 
44 35 
44 37 
44 39 
44 45 
44 82 
44 84 
44 109 
44 110 
44 113 
44 128 
44 134 
44 148 
44 158 
44 193 
45 2 
45 5 
45 7 
45 8 
45 9 
45 10 
45 14 
45 15 
45 16 
45 17 
45 23 
45 26 
45 29 
45 31 
45 34 
45 39 
45 55 
45 58 
45 76 
45 94 
45 95 
45 103 
45 108 
45 112 
45 120 
45 125 
45 127 
45 128 
45 130 
45 134 
45 136 
45 146 
45 158 
45 165 
45 178 
47 7 
47 10 
47 29 
47 34 
47 139 
49 29 
51 48 
51 60 
51 77 
51 90 
52 30 
52 44 
52 48 
52 62 
52 68 
52 83 
52 86 
52 90 
55 94 
55 127 
58 16 
58 79 
58 97 
58 136 
60 22 
60 36 
60 48 
60 51 
60 77 
60 88 
60 90 
62 44 
62 68 
62 158 
63 3 
63 4 
63 11 
63 14 
63 15 
63 22 
63 27 
63 30 
63 32 
63 36 
63 44 
63 69 
63 82 
63 87 
63 100 
64 2 
65 95 
68 4 
68 14 
68 15 
68 22 
68 27 
68 30 
68 45 
68 48 
68 52 
68 62 
68 86 
68 88 
68 90 
68 119 
69 14 
69 15 
69 27 
69 33 
69 44 
69 51 
69 52 
69 63 
69 82 
69 84 
69 87 
69 88 
69 146 
70 3 
70 4 
70 34 
71 92 
71 113 
73 15 
73 21 
73 22 
73 27 
73 30 
73 32 
73 35 
73 44 
73 98 
73 121 
73 133 
74 4 
74 14 
74 15 
74 22 
80 11 
80 36 
81 127 
82 14 
82 15 
82 25 
82 27 
82 35 
82 37 
82 53 
82 68 
82 74 
82 193 
83 59 
84 22 
84 35 
84 44 
84 48 
84 51 
84 68 
84 69 
84 83 
84 86 
86 51 
86 77 
86 90 
87 3 
87 14 
87 22 
87 44 
87 63 
87 69 
87 84 
87 88 
88 22 
88 48 
88 51 
88 60 
88 77 
88 90 
89 25 
89 33 
89 146 
89 158 
91 59 
93 27 
93 33 
93 48 
93 59 
93 100 
93 157 
94 127 
96 7 
96 9 
96 95 
96 127 
97 16 
98 13 
98 15 
98 22 
98 32 
98 35 
98 36 
98 73 
98 109 
98 121 
99 165 
99 166 
100 116 
100 133 
100 193 
105 2 
105 5 
105 7 
105 9 
105 15 
105 16 
105 17 
105 18 
105 26 
105 29 
105 31 
105 33 
105 34 
105 37 
105 39 
105 76 
105 94 
105 99 
105 103 
105 108 
105 109 
105 119 
105 156 
105 158 
105 165 
105 166 
105 182 
108 127 
108 130 
109 71 
109 75 
109 92 
109 104 
109 113 
109 119 
109 138 
109 168 
113 181 
114 29 
114 34 
114 76 
114 94 
115 168 
117 42 
117 83 
117 133 
119 173 
121 15 
121 21 
121 22 
121 27 
121 32 
121 44 
121 62 
121 68 
121 73 
121 98 
121 133 
125 71 
129 127 
134 146 
134 158 
145 193 
146 33 
146 134 
146 158 
154 138 
172 89 
172 125 
172 134 
172 146 
172 158 
173 180 
173 193 
180 173 
186 146 
204 59 
