1 28 
2 2 
2 7 
2 8 
2 10 
2 17 
2 26 
2 28 
2 39 
2 71 
2 109 
2 110 
2 125 
2 150 
2 156 
3 7 
3 10 
3 78 
3 109 
4 7 
4 8 
4 9 
4 28 
4 39 
4 51 
4 76 
4 78 
4 86 
4 91 
4 109 
5 7 
5 8 
5 39 
5 42 
6 7 
6 8 
6 9 
6 10 
6 39 
6 76 
6 109 
6 115 
7 17 
7 26 
7 28 
7 39 
8 10 
8 26 
8 28 
8 39 
9 8 
9 17 
9 26 
9 28 
9 39 
10 8 
10 9 
10 26 
10 28 
10 39 
11 17 
11 28 
11 39 
11 109 
12 39 
12 109 
13 95 
13 109 
14 19 
14 39 
14 59 
14 78 
14 91 
14 109 
14 156 
15 17 
15 26 
15 28 
15 39 
15 71 
15 78 
15 104 
15 109 
15 125 
17 39 
17 125 
17 155 
18 7 
18 8 
18 9 
18 10 
18 26 
18 39 
18 91 
18 125 
19 133 
21 109 
22 17 
22 26 
22 39 
22 51 
22 78 
23 7 
23 8 
23 9 
23 10 
23 28 
23 39 
23 42 
25 125 
26 7 
26 8 
26 25 
26 39 
26 71 
26 125 
27 7 
27 9 
27 17 
27 19 
27 25 
27 26 
27 28 
27 39 
27 42 
27 67 
27 71 
27 76 
27 78 
27 86 
27 91 
27 109 
27 115 
27 116 
27 117 
27 125 
27 127 
28 91 
28 125 
29 7 
29 8 
29 10 
29 26 
29 39 
29 109 
29 125 
30 17 
30 39 
30 109 
31 39 
32 7 
32 9 
32 39 
32 42 
32 109 
32 117 
34 17 
34 26 
34 39 
34 125 
35 28 
35 39 
35 78 
35 91 
36 7 
36 10 
37 39 
37 109 
39 7 
39 8 
39 26 
39 28 
39 39 
39 109 
39 125 
39 138 
42 7 
42 8 
42 10 
42 28 
42 39 
42 91 
43 17 
43 39 
43 91 
43 109 
43 110 
43 116 
43 125 
44 7 
44 10 
44 17 
44 26 
44 28 
44 39 
44 71 
44 75 
44 76 
44 78 
44 109 
44 112 
44 115 
44 125 
44 127 
44 193 
45 2 
45 7 
45 8 
45 9 
45 10 
45 17 
45 25 
45 26 
45 28 
45 39 
45 71 
45 76 
45 109 
45 112 
45 125 
45 127 
45 128 
45 170 
47 7 
47 9 
47 39 
49 109 
52 7 
52 9 
52 125 
54 7 
54 9 
54 28 
55 39 
57 7 
57 8 
57 28 
57 39 
58 76 
60 17 
63 7 
63 9 
63 10 
63 25 
63 26 
63 28 
63 39 
63 86 
63 100 
63 109 
63 116 
65 127 
67 39 
69 17 
69 26 
69 28 
69 39 
69 71 
69 86 
69 109 
69 125 
70 42 
70 67 
70 71 
70 108 
70 109 
70 133 
71 39 
71 67 
71 109 
71 115 
73 109 
77 51 
79 67 
80 39 
82 78 
84 39 
86 39 
86 77 
87 86 
87 109 
88 109 
89 91 
91 71 
92 138 
92 159 
93 28 
93 91 
94 7 
94 8 
96 7 
96 8 
96 9 
96 76 
96 116 
97 7 
97 8 
99 39 
102 67 
104 39 
105 2 
105 7 
105 10 
105 26 
105 28 
105 39 
105 109 
105 125 
105 156 
106 26 
107 39 
108 7 
108 8 
108 9 
108 109 
109 2 
109 7 
109 8 
109 26 
109 28 
109 39 
109 59 
109 71 
109 100 
109 109 
109 115 
109 116 
109 125 
109 138 
109 150 
109 159 
111 26 
111 39 
111 71 
111 116 
113 7 
113 8 
113 28 
113 71 
113 76 
113 86 
113 100 
113 109 
113 116 
113 125 
115 7 
115 8 
115 75 
117 133 
118 116 
119 7 
119 8 
119 39 
119 76 
119 109 
120 7 
120 8 
120 9 
120 28 
120 39 
120 76 
120 109 
120 116 
122 7 
122 8 
122 39 
122 91 
122 116 
124 71 
129 28 
129 39 
130 39 
130 127 
134 26 
134 28 
134 109 
134 125 
138 115 
139 7 
139 9 
141 28 
142 28 
142 71 
142 109 
145 7 
145 8 
145 9 
145 39 
146 25 
146 109 
147 7 
147 9 
147 39 
148 39 
150 7 
150 8 
150 39 
152 7 
152 8 
152 109 
152 115 
153 39 
154 138 
158 125 
159 138 
163 39 
168 71 
172 28 
172 39 
172 125 
173 42 
173 109 
180 109 
182 39 
187 71 
189 39 
