2 2 
2 7 
2 8 
2 9 
2 10 
2 18 
2 26 
2 29 
2 34 
2 99 
2 105 
2 139 
2 150 
2 156 
2 166 
2 212 
3 13 
3 14 
3 15 
3 22 
3 27 
3 30 
3 35 
3 48 
3 52 
3 60 
3 63 
3 68 
3 69 
3 84 
3 87 
3 88 
4 7 
4 8 
4 11 
4 14 
4 15 
4 22 
4 27 
4 32 
4 35 
4 44 
4 52 
4 53 
4 54 
4 57 
4 59 
4 60 
4 62 
4 63 
4 68 
4 74 
4 84 
4 92 
4 119 
4 127 
4 148 
4 150 
4 158 
4 180 
4 182 
4 187 
4 193 
4 213 
5 29 
5 109 
5 112 
5 120 
5 193 
6 7 
6 8 
6 45 
6 112 
6 178 
6 212 
7 34 
7 48 
7 187 
7 193 
8 34 
8 140 
8 193 
9 8 
9 48 
9 140 
9 187 
9 193 
10 9 
11 3 
11 4 
11 7 
11 9 
11 13 
11 14 
11 15 
11 22 
11 27 
11 29 
11 34 
11 35 
11 36 
11 44 
11 68 
11 80 
11 98 
11 193 
11 212 
12 25 
12 34 
12 57 
12 104 
12 119 
12 134 
12 146 
12 187 
12 193 
12 212 
12 213 
13 27 
13 32 
13 36 
13 98 
13 100 
13 133 
14 4 
14 5 
14 7 
14 9 
14 10 
14 15 
14 16 
14 18 
14 22 
14 25 
14 27 
14 29 
14 30 
14 32 
14 34 
14 35 
14 36 
14 42 
14 44 
14 52 
14 53 
14 54 
14 57 
14 59 
14 60 
14 62 
14 63 
14 68 
14 69 
14 74 
14 76 
14 78 
14 82 
14 83 
14 84 
14 87 
14 88 
14 90 
14 91 
14 98 
14 102 
14 103 
14 104 
14 116 
14 119 
14 120 
14 125 
14 127 
14 133 
14 139 
14 148 
14 150 
14 156 
14 157 
14 158 
14 170 
14 173 
14 180 
14 182 
14 187 
14 193 
14 212 
14 213 
15 3 
15 4 
15 6 
15 7 
15 8 
15 9 
15 10 
15 11 
15 13 
15 14 
15 21 
15 22 
15 25 
15 27 
15 30 
15 32 
15 34 
15 35 
15 36 
15 37 
15 44 
15 45 
15 48 
15 52 
15 53 
15 54 
15 57 
15 59 
15 60 
15 62 
15 63 
15 67 
15 68 
15 69 
15 73 
15 74 
15 75 
15 80 
15 82 
15 83 
15 84 
15 86 
15 87 
15 88 
15 90 
15 94 
15 100 
15 104 
15 109 
15 116 
15 121 
15 133 
15 134 
15 136 
15 146 
15 148 
15 150 
15 156 
15 178 
15 180 
15 182 
15 187 
15 193 
15 212 
15 213 
17 7 
17 8 
17 29 
17 34 
17 110 
17 125 
17 158 
17 190 
17 193 
17 212 
18 7 
18 8 
18 10 
18 26 
18 29 
18 34 
18 139 
18 165 
18 212 
19 33 
19 100 
19 134 
21 13 
21 34 
21 35 
21 44 
21 62 
21 69 
21 82 
21 148 
21 212 
22 3 
22 4 
22 7 
22 9 
22 14 
22 15 
22 27 
22 30 
22 32 
22 35 
22 44 
22 48 
22 52 
22 53 
22 60 
22 62 
22 63 
22 68 
22 69 
22 74 
22 83 
22 84 
22 87 
22 88 
22 100 
22 109 
22 116 
22 148 
23 7 
23 8 
23 9 
23 10 
23 29 
23 34 
23 39 
24 42 
24 72 
25 193 
26 7 
26 8 
26 34 
26 110 
26 166 
26 180 
26 193 
26 212 
27 3 
27 4 
27 7 
27 8 
27 11 
27 13 
27 14 
27 15 
27 22 
27 26 
27 29 
27 34 
27 35 
27 44 
27 45 
27 52 
27 53 
27 57 
27 62 
27 68 
27 69 
27 71 
27 84 
27 87 
27 100 
27 113 
27 119 
27 121 
27 127 
27 130 
27 136 
27 148 
27 170 
27 182 
27 187 
27 193 
27 212 
27 213 
29 7 
29 8 
29 10 
29 34 
30 6 
30 13 
30 15 
30 21 
30 22 
30 32 
30 36 
30 42 
30 44 
30 52 
30 62 
30 63 
30 69 
30 73 
30 80 
30 82 
30 83 
30 84 
30 87 
30 88 
30 98 
30 117 
30 121 
30 148 
31 7 
31 9 
32 42 
32 72 
32 83 
32 98 
32 100 
32 116 
32 117 
32 133 
32 213 
33 25 
33 125 
33 134 
33 158 
33 173 
33 213 
34 7 
34 8 
34 18 
34 26 
34 104 
34 110 
34 139 
34 193 
34 212 
35 4 
35 14 
35 15 
35 22 
35 44 
35 53 
35 59 
35 82 
35 148 
35 182 
35 187 
35 213 
36 11 
36 13 
36 15 
36 44 
36 68 
36 84 
37 7 
37 8 
37 14 
37 15 
37 29 
37 193 
39 7 
39 8 
39 18 
39 29 
39 34 
39 136 
39 212 
40 34 
40 72 
40 100 
40 133 
42 83 
42 100 
42 116 
42 120 
42 133 
42 165 
42 193 
43 19 
43 33 
43 34 
43 57 
43 67 
43 113 
43 125 
43 134 
43 158 
43 181 
43 193 
43 212 
44 4 
44 11 
44 13 
44 14 
44 15 
44 21 
44 22 
44 26 
44 27 
44 30 
44 34 
44 35 
44 62 
44 68 
44 80 
44 84 
44 109 
44 110 
44 125 
44 128 
44 148 
44 178 
44 193 
45 6 
45 7 
45 8 
45 9 
45 31 
45 32 
45 34 
45 39 
45 55 
45 76 
45 103 
45 105 
45 112 
45 119 
45 120 
45 125 
45 127 
45 128 
45 134 
45 136 
45 146 
45 158 
45 165 
45 178 
45 193 
47 29 
47 34 
47 139 
49 5 
49 7 
49 10 
49 26 
49 29 
49 34 
49 94 
49 95 
49 109 
49 112 
49 119 
49 120 
49 157 
49 193 
51 48 
51 60 
51 77 
51 86 
51 90 
52 62 
52 68 
52 84 
52 86 
55 112 
55 136 
58 16 
58 79 
58 97 
58 136 
60 36 
60 48 
60 51 
60 77 
60 84 
60 86 
60 88 
60 90 
62 193 
63 3 
63 15 
63 22 
63 30 
63 52 
63 60 
63 69 
63 74 
63 84 
63 87 
63 88 
65 127 
66 94 
68 22 
68 27 
68 48 
68 52 
68 62 
68 70 
68 84 
68 86 
68 90 
69 14 
69 15 
69 22 
69 27 
69 30 
69 48 
69 52 
69 60 
69 63 
69 68 
69 84 
69 87 
69 88 
69 90 
71 92 
71 113 
71 181 
73 14 
73 22 
73 30 
73 32 
73 44 
73 98 
73 121 
73 133 
74 4 
74 14 
74 15 
75 168 
76 16 
76 29 
76 45 
76 94 
76 136 
76 178 
79 16 
79 58 
79 94 
79 97 
80 15 
80 36 
82 15 
82 35 
82 44 
82 53 
82 74 
82 187 
84 22 
84 44 
84 52 
84 63 
84 68 
84 69 
84 86 
84 87 
86 51 
86 77 
86 90 
87 3 
87 22 
87 30 
87 52 
87 63 
87 69 
87 84 
87 88 
87 213 
88 3 
88 22 
88 34 
88 48 
88 51 
88 52 
88 53 
88 60 
88 68 
88 69 
88 77 
88 86 
88 90 
88 148 
88 213 
90 48 
90 77 
90 86 
92 71 
92 113 
92 159 
92 181 
93 21 
93 27 
93 28 
93 33 
93 48 
93 100 
96 94 
96 95 
97 16 
98 13 
98 32 
98 73 
98 100 
98 121 
98 148 
100 116 
100 133 
101 16 
101 97 
103 120 
103 128 
105 2 
105 7 
105 8 
105 9 
105 10 
105 16 
105 18 
105 26 
105 29 
105 34 
105 39 
105 96 
105 99 
105 104 
105 105 
105 133 
105 140 
105 150 
105 156 
105 158 
105 165 
105 166 
105 178 
105 182 
107 5 
107 95 
108 7 
108 8 
108 94 
108 112 
108 119 
108 130 
108 136 
108 193 
108 213 
109 67 
109 75 
109 92 
109 113 
109 115 
109 119 
109 138 
109 150 
109 168 
109 193 
110 212 
112 120 
112 128 
112 178 
114 5 
114 7 
114 10 
114 26 
114 29 
114 34 
114 94 
114 109 
114 165 
115 75 
115 168 
117 42 
117 83 
117 100 
117 116 
117 133 
120 45 
121 21 
121 32 
121 34 
121 36 
121 73 
121 98 
121 133 
122 193 
124 157 
124 193 
125 92 
128 112 
128 120 
129 193 
134 33 
134 158 
138 168 
140 8 
150 104 
154 99 
169 125 
172 33 
172 125 
172 134 
172 146 
172 158 
195 139 
