2 7 
2 8 
2 18 
2 26 
2 29 
2 33 
2 34 
2 39 
2 99 
2 105 
2 110 
2 150 
2 156 
2 158 
2 166 
2 212 
3 14 
3 15 
3 22 
3 30 
3 37 
3 44 
3 51 
3 60 
3 63 
3 68 
3 69 
3 84 
3 87 
3 88 
4 3 
4 13 
4 14 
4 15 
4 21 
4 22 
4 27 
4 30 
4 32 
4 35 
4 37 
4 44 
4 52 
4 54 
4 57 
4 59 
4 62 
4 63 
4 68 
4 69 
4 74 
4 80 
4 82 
4 84 
4 87 
4 91 
4 98 
4 102 
4 110 
4 112 
4 121 
4 158 
4 187 
5 32 
6 2 
6 6 
6 26 
6 34 
6 45 
6 112 
6 178 
7 2 
7 6 
7 18 
7 26 
7 27 
7 29 
7 31 
7 32 
7 34 
7 39 
7 44 
7 105 
7 110 
7 125 
7 134 
7 158 
7 212 
8 26 
8 140 
9 2 
9 6 
9 8 
9 18 
9 26 
9 27 
9 29 
9 31 
9 32 
9 34 
9 39 
9 44 
9 105 
9 110 
9 125 
9 134 
9 140 
9 158 
9 212 
10 26 
10 31 
10 34 
11 13 
11 15 
11 22 
11 30 
11 36 
11 60 
11 80 
12 14 
12 33 
12 78 
12 91 
12 125 
12 134 
12 150 
12 158 
12 212 
13 21 
13 27 
14 3 
14 4 
14 7 
14 9 
14 11 
14 13 
14 15 
14 21 
14 22 
14 27 
14 30 
14 32 
14 34 
14 35 
14 36 
14 37 
14 42 
14 44 
14 51 
14 54 
14 57 
14 59 
14 60 
14 62 
14 63 
14 68 
14 69 
14 73 
14 74 
14 80 
14 82 
14 83 
14 84 
14 86 
14 87 
14 88 
14 90 
14 98 
14 102 
14 117 
14 119 
14 121 
14 134 
14 157 
14 187 
15 3 
15 4 
15 11 
15 13 
15 14 
15 21 
15 22 
15 27 
15 30 
15 32 
15 34 
15 35 
15 36 
15 37 
15 44 
15 51 
15 52 
15 60 
15 63 
15 68 
15 69 
15 73 
15 74 
15 80 
15 83 
15 84 
15 86 
15 87 
15 88 
15 98 
15 102 
15 121 
15 212 
16 6 
16 44 
16 45 
16 58 
16 79 
16 97 
17 34 
17 155 
17 190 
17 212 
18 34 
18 158 
19 32 
19 125 
19 134 
19 158 
21 14 
21 27 
21 35 
21 44 
22 3 
22 4 
22 7 
22 8 
22 11 
22 13 
22 14 
22 15 
22 21 
22 27 
22 30 
22 32 
22 34 
22 35 
22 36 
22 37 
22 42 
22 44 
22 48 
22 51 
22 52 
22 57 
22 60 
22 62 
22 63 
22 68 
22 69 
22 73 
22 74 
22 80 
22 83 
22 84 
22 86 
22 87 
22 88 
22 90 
22 98 
22 117 
22 121 
22 148 
23 7 
23 8 
23 34 
23 39 
25 33 
25 125 
25 134 
25 158 
26 34 
26 212 
27 3 
27 4 
27 7 
27 8 
27 11 
27 13 
27 14 
27 15 
27 21 
27 22 
27 26 
27 30 
27 32 
27 33 
27 35 
27 36 
27 37 
27 42 
27 44 
27 52 
27 59 
27 60 
27 62 
27 63 
27 68 
27 69 
27 73 
27 74 
27 80 
27 82 
27 83 
27 84 
27 86 
27 87 
27 88 
27 98 
27 102 
27 110 
27 117 
27 120 
27 121 
27 134 
27 148 
27 158 
27 187 
28 44 
28 158 
30 3 
30 11 
30 13 
30 14 
30 15 
30 22 
30 32 
30 35 
30 36 
30 42 
30 44 
30 51 
30 52 
30 60 
30 63 
30 68 
30 69 
30 73 
30 80 
30 84 
30 86 
30 87 
30 88 
30 98 
30 117 
30 121 
32 73 
33 25 
33 125 
33 134 
33 158 
34 18 
34 26 
34 212 
35 3 
35 4 
35 11 
35 13 
35 14 
35 15 
35 21 
35 22 
35 25 
35 27 
35 30 
35 32 
35 33 
35 36 
35 37 
35 42 
35 44 
35 51 
35 59 
35 60 
35 63 
35 68 
35 69 
35 73 
35 74 
35 77 
35 80 
35 82 
35 83 
35 84 
35 86 
35 87 
35 88 
35 90 
35 98 
35 102 
35 117 
35 121 
35 134 
35 157 
35 213 
36 11 
36 13 
36 22 
36 27 
36 30 
36 60 
36 178 
37 22 
37 35 
39 7 
39 10 
39 26 
39 34 
39 39 
39 80 
39 158 
39 212 
40 3 
40 27 
40 30 
40 32 
40 36 
40 42 
40 44 
40 51 
40 52 
40 68 
40 77 
40 83 
40 84 
40 86 
40 87 
40 100 
40 133 
42 69 
42 117 
43 125 
43 134 
43 212 
44 4 
44 11 
44 14 
44 15 
44 21 
44 22 
44 27 
44 30 
44 34 
44 35 
44 36 
44 39 
44 51 
44 60 
44 63 
44 69 
44 71 
44 80 
44 83 
44 86 
44 87 
44 102 
45 6 
45 7 
45 8 
45 10 
45 16 
45 23 
45 26 
45 29 
45 31 
45 33 
45 34 
45 76 
45 97 
45 103 
45 112 
45 120 
45 125 
45 128 
45 130 
45 136 
45 139 
45 158 
45 178 
45 182 
46 32 
47 7 
47 10 
47 23 
47 34 
48 52 
48 68 
48 77 
51 60 
52 68 
52 84 
55 6 
55 7 
55 8 
58 6 
58 79 
60 32 
60 51 
60 86 
60 87 
60 88 
62 68 
62 87 
63 15 
63 30 
63 35 
63 69 
63 84 
63 87 
65 14 
66 11 
68 27 
68 48 
68 52 
68 62 
68 69 
68 77 
68 84 
68 86 
68 90 
69 3 
69 13 
69 30 
69 36 
69 63 
69 80 
69 84 
69 87 
69 88 
69 98 
70 37 
70 62 
71 34 
71 44 
71 80 
71 109 
73 11 
73 98 
73 121 
74 4 
74 14 
74 15 
76 6 
76 16 
76 45 
76 58 
76 79 
76 97 
76 136 
78 44 
80 36 
81 178 
82 4 
82 14 
82 15 
82 22 
82 30 
82 35 
82 53 
82 74 
84 22 
84 52 
84 69 
86 3 
86 32 
86 52 
86 60 
86 68 
86 69 
86 77 
86 84 
87 22 
87 63 
87 69 
87 88 
88 3 
88 22 
88 60 
88 84 
88 86 
88 87 
89 25 
89 32 
89 33 
89 36 
89 42 
89 44 
89 83 
89 87 
89 125 
89 133 
89 158 
90 32 
90 51 
90 52 
90 60 
90 68 
90 80 
90 84 
90 86 
90 87 
90 88 
91 14 
91 22 
93 14 
93 27 
93 33 
93 36 
93 77 
93 110 
96 6 
96 32 
96 112 
98 21 
98 82 
98 121 
101 6 
101 58 
101 79 
105 26 
105 39 
105 99 
105 156 
105 165 
105 166 
105 182 
108 6 
109 15 
109 26 
109 44 
109 59 
109 75 
109 115 
109 138 
109 150 
109 168 
110 62 
110 212 
115 44 
115 168 
117 32 
121 73 
121 98 
125 158 
133 32 
135 34 
146 25 
146 42 
146 44 
146 100 
146 125 
146 134 
146 158 
168 109 
168 115 
169 157 
204 59 
