2 29 
3 15 
3 22 
3 27 
3 63 
4 13 
4 14 
4 15 
4 22 
4 27 
4 44 
4 62 
4 68 
4 74 
6 6 
12 3 
12 4 
12 6 
12 14 
12 15 
12 22 
12 27 
12 36 
12 44 
12 68 
12 78 
14 3 
14 4 
14 11 
14 13 
14 15 
14 22 
14 27 
14 35 
14 36 
14 42 
14 44 
14 63 
14 74 
14 82 
14 88 
15 3 
15 4 
15 14 
15 22 
15 27 
15 30 
15 36 
15 63 
15 68 
15 74 
15 82 
15 84 
22 3 
22 4 
22 11 
22 14 
22 15 
22 27 
22 29 
22 30 
22 35 
22 36 
22 44 
22 63 
22 68 
22 74 
22 84 
22 88 
22 92 
22 121 
22 148 
23 4 
27 3 
27 4 
27 11 
27 13 
27 14 
27 15 
27 22 
27 30 
27 36 
27 44 
27 52 
27 63 
27 68 
27 69 
27 73 
27 82 
27 84 
27 121 
35 3 
35 4 
35 11 
35 13 
35 14 
35 15 
35 22 
35 27 
35 29 
35 30 
35 36 
35 42 
35 44 
35 68 
35 69 
35 82 
40 3 
44 36 
44 128 
45 6 
45 128 
62 68 
63 87 
68 52 
69 84 
70 4 
70 15 
70 27 
71 15 
74 14 
76 6 
78 14 
78 27 
78 35 
82 27 
91 14 
91 22 
93 14 
108 6 
109 138 
121 73 
