2 7 
2 8 
2 18 
2 23 
2 26 
2 27 
2 29 
2 34 
2 39 
2 99 
2 140 
2 156 
2 158 
2 166 
2 212 
3 14 
3 15 
3 22 
3 27 
3 30 
3 32 
3 36 
3 37 
3 51 
3 52 
3 60 
3 63 
3 69 
3 80 
3 84 
3 87 
3 88 
3 102 
4 3 
4 5 
4 6 
4 13 
4 14 
4 15 
4 21 
4 22 
4 25 
4 27 
4 30 
4 32 
4 35 
4 36 
4 37 
4 44 
4 52 
4 54 
4 57 
4 60 
4 62 
4 63 
4 68 
4 69 
4 74 
4 78 
4 82 
4 84 
4 87 
4 91 
4 146 
4 158 
5 14 
5 80 
6 6 
6 26 
6 45 
6 112 
6 128 
6 178 
7 2 
7 4 
7 6 
7 14 
7 15 
7 18 
7 21 
7 22 
7 23 
7 26 
7 27 
7 28 
7 31 
7 32 
7 34 
7 36 
7 39 
7 44 
7 45 
7 72 
7 75 
7 80 
7 86 
7 125 
7 130 
7 134 
7 139 
7 158 
8 26 
8 34 
8 134 
8 140 
9 2 
9 4 
9 6 
9 8 
9 14 
9 15 
9 18 
9 21 
9 22 
9 23 
9 26 
9 27 
9 28 
9 31 
9 32 
9 34 
9 36 
9 39 
9 44 
9 45 
9 72 
9 75 
9 80 
9 86 
9 125 
9 130 
9 134 
9 139 
9 140 
9 158 
10 6 
10 9 
10 23 
10 31 
10 34 
11 4 
11 14 
11 15 
11 18 
11 27 
11 35 
11 36 
11 60 
11 80 
11 102 
11 127 
12 14 
12 15 
12 22 
12 27 
12 32 
12 33 
12 44 
12 150 
12 158 
12 212 
13 27 
13 32 
13 36 
14 3 
14 4 
14 7 
14 9 
14 11 
14 13 
14 15 
14 21 
14 22 
14 25 
14 26 
14 27 
14 30 
14 32 
14 34 
14 35 
14 36 
14 37 
14 42 
14 44 
14 54 
14 57 
14 59 
14 60 
14 63 
14 69 
14 73 
14 74 
14 78 
14 80 
14 82 
14 84 
14 87 
14 88 
14 117 
14 119 
14 134 
14 157 
14 158 
14 180 
14 187 
15 3 
15 4 
15 11 
15 13 
15 14 
15 22 
15 27 
15 30 
15 32 
15 35 
15 36 
15 37 
15 42 
15 44 
15 51 
15 60 
15 63 
15 68 
15 69 
15 73 
15 74 
15 80 
15 82 
15 83 
15 84 
15 86 
15 87 
15 88 
15 98 
15 102 
15 113 
15 117 
15 121 
15 178 
15 212 
16 6 
16 45 
16 79 
16 97 
17 26 
17 34 
17 125 
17 155 
17 158 
17 190 
17 212 
18 7 
18 8 
18 10 
18 23 
18 26 
18 31 
18 34 
18 39 
19 32 
19 42 
19 125 
19 133 
19 134 
19 158 
21 15 
21 27 
21 44 
21 84 
22 3 
22 4 
22 6 
22 11 
22 13 
22 14 
22 15 
22 21 
22 25 
22 27 
22 30 
22 32 
22 34 
22 35 
22 36 
22 37 
22 42 
22 44 
22 48 
22 51 
22 52 
22 60 
22 62 
22 63 
22 68 
22 69 
22 73 
22 74 
22 80 
22 83 
22 84 
22 86 
22 87 
22 88 
22 90 
22 98 
22 102 
22 117 
22 121 
22 148 
22 158 
22 187 
23 7 
23 8 
23 10 
23 15 
23 29 
23 34 
23 39 
23 44 
23 158 
24 32 
25 14 
25 125 
25 134 
25 158 
26 7 
26 10 
26 34 
26 134 
26 158 
26 212 
27 3 
27 4 
27 6 
27 7 
27 8 
27 10 
27 11 
27 13 
27 14 
27 15 
27 21 
27 22 
27 23 
27 25 
27 26 
27 30 
27 32 
27 34 
27 35 
27 36 
27 37 
27 42 
27 44 
27 45 
27 51 
27 52 
27 59 
27 60 
27 62 
27 63 
27 68 
27 69 
27 70 
27 71 
27 73 
27 74 
27 80 
27 82 
27 83 
27 84 
27 86 
27 87 
27 88 
27 90 
27 98 
27 100 
27 102 
27 115 
27 117 
27 121 
27 127 
27 130 
27 146 
27 148 
27 157 
27 158 
27 173 
27 213 
28 158 
30 3 
30 4 
30 6 
30 11 
30 13 
30 14 
30 15 
30 21 
30 22 
30 27 
30 32 
30 36 
30 37 
30 42 
30 44 
30 52 
30 60 
30 63 
30 69 
30 73 
30 80 
30 83 
30 84 
30 87 
30 88 
30 98 
30 117 
30 121 
31 6 
31 7 
31 8 
31 10 
31 15 
31 18 
31 23 
31 32 
31 34 
31 125 
32 15 
32 30 
32 73 
32 117 
33 25 
33 125 
33 134 
33 158 
34 18 
34 26 
34 212 
35 3 
35 4 
35 11 
35 13 
35 14 
35 15 
35 21 
35 22 
35 25 
35 27 
35 30 
35 32 
35 36 
35 37 
35 42 
35 44 
35 51 
35 52 
35 53 
35 59 
35 60 
35 63 
35 68 
35 69 
35 73 
35 74 
35 80 
35 82 
35 83 
35 84 
35 86 
35 87 
35 88 
35 98 
35 102 
35 117 
35 121 
35 158 
35 213 
36 11 
36 13 
36 15 
36 22 
36 27 
36 63 
37 3 
37 14 
37 22 
38 32 
39 3 
39 7 
39 8 
39 10 
39 11 
39 13 
39 15 
39 26 
39 27 
39 34 
39 37 
39 44 
39 78 
39 80 
39 148 
39 158 
39 212 
40 3 
40 4 
40 11 
40 15 
40 27 
40 36 
40 37 
40 42 
40 44 
40 51 
40 52 
40 63 
40 80 
40 87 
40 88 
40 100 
40 125 
40 133 
40 146 
42 23 
42 30 
42 32 
42 73 
42 83 
42 117 
43 125 
43 158 
43 212 
44 11 
44 14 
44 15 
44 21 
44 22 
44 27 
44 30 
44 32 
44 34 
44 35 
44 36 
44 39 
44 60 
44 63 
44 109 
44 119 
44 128 
44 134 
44 148 
45 2 
45 6 
45 7 
45 8 
45 10 
45 15 
45 23 
45 26 
45 29 
45 31 
45 32 
45 34 
45 39 
45 44 
45 76 
45 102 
45 103 
45 112 
45 120 
45 127 
45 128 
45 130 
45 136 
45 158 
45 178 
45 182 
46 32 
46 42 
46 72 
47 6 
47 7 
47 10 
47 18 
47 26 
47 31 
47 34 
47 37 
47 80 
47 139 
48 22 
48 52 
48 60 
48 68 
48 77 
49 80 
51 14 
51 30 
51 60 
51 63 
51 69 
51 84 
51 88 
52 30 
52 32 
52 68 
52 69 
52 73 
52 84 
52 90 
52 121 
54 21 
55 127 
58 6 
58 14 
58 45 
58 79 
58 112 
60 51 
60 73 
60 88 
62 3 
62 68 
62 158 
63 3 
63 6 
63 13 
63 15 
63 30 
63 35 
63 69 
63 84 
63 87 
63 98 
63 100 
64 127 
65 6 
65 14 
65 45 
66 6 
67 158 
68 6 
68 30 
68 42 
68 48 
68 52 
68 62 
68 83 
68 84 
68 90 
69 3 
69 13 
69 15 
69 27 
69 30 
69 32 
69 36 
69 63 
69 73 
69 80 
69 84 
69 86 
69 87 
69 88 
69 98 
69 117 
69 121 
70 6 
70 22 
70 32 
70 37 
70 44 
70 62 
70 63 
70 68 
70 121 
71 4 
71 15 
71 27 
71 44 
71 80 
71 128 
71 158 
72 32 
72 42 
73 30 
73 32 
73 35 
73 42 
73 87 
73 98 
73 117 
73 121 
74 4 
74 14 
74 15 
74 27 
76 6 
76 16 
76 23 
76 45 
76 79 
76 97 
76 136 
77 51 
77 87 
78 14 
78 27 
78 35 
78 44 
79 97 
80 36 
81 14 
81 178 
82 4 
82 11 
82 14 
82 15 
82 21 
82 22 
82 27 
82 32 
82 35 
82 36 
82 37 
82 42 
82 44 
82 53 
82 63 
82 74 
82 80 
82 117 
83 30 
83 32 
83 42 
83 117 
84 22 
84 30 
84 69 
84 73 
84 90 
86 3 
86 14 
86 30 
86 32 
86 51 
86 60 
86 63 
86 69 
86 77 
86 83 
86 84 
86 87 
86 88 
86 90 
86 117 
87 30 
87 63 
87 69 
87 84 
87 88 
88 3 
88 22 
88 35 
88 60 
88 84 
88 87 
89 25 
89 33 
89 36 
89 125 
89 134 
89 158 
90 3 
90 14 
90 27 
90 30 
90 32 
90 36 
90 37 
90 42 
90 44 
90 51 
90 52 
90 60 
90 63 
90 68 
90 69 
90 73 
90 77 
90 80 
90 83 
90 84 
90 86 
90 87 
90 88 
90 98 
90 117 
90 121 
91 14 
91 158 
92 159 
93 14 
93 33 
93 36 
93 77 
93 127 
94 127 
96 6 
96 112 
97 16 
97 45 
98 13 
98 32 
98 82 
98 121 
99 6 
99 105 
100 42 
101 6 
101 79 
101 80 
101 97 
105 23 
105 44 
105 99 
105 156 
105 165 
105 166 
105 182 
108 5 
108 6 
108 45 
109 14 
109 15 
109 25 
109 26 
109 27 
109 32 
109 42 
109 44 
109 57 
109 75 
109 115 
109 138 
109 150 
109 158 
109 168 
110 37 
110 158 
110 212 
112 128 
112 178 
116 32 
116 42 
117 42 
119 22 
120 127 
121 32 
121 44 
121 73 
121 98 
125 134 
125 158 
128 178 
130 14 
133 32 
133 42 
135 26 
146 6 
146 25 
146 70 
146 125 
146 134 
146 158 
147 4 
147 36 
147 39 
147 44 
148 4 
148 15 
155 17 
155 26 
155 34 
156 178 
163 27 
168 109 
183 178 
184 45 
