2 17 
2 105 
2 156 
4 14 
4 22 
4 37 
4 52 
7 2 
7 17 
9 2 
9 17 
11 59 
14 22 
14 30 
14 82 
15 4 
15 11 
15 27 
15 63 
17 2 
17 14 
17 19 
17 22 
17 27 
17 67 
17 155 
17 158 
17 190 
18 7 
18 9 
18 10 
18 15 
18 17 
18 23 
18 26 
18 27 
18 28 
18 31 
18 39 
18 45 
18 90 
18 105 
18 109 
22 17 
22 62 
22 119 
23 6 
23 7 
23 10 
23 27 
26 2 
26 7 
26 9 
26 10 
26 17 
26 28 
26 31 
27 4 
27 14 
27 15 
27 35 
29 2 
29 7 
29 9 
29 10 
29 17 
29 23 
29 28 
29 31 
29 45 
29 105 
30 14 
30 87 
31 127 
33 17 
34 2 
35 82 
39 7 
39 9 
39 21 
39 28 
39 36 
39 39 
39 109 
43 113 
44 14 
45 6 
45 35 
45 165 
47 7 
47 9 
47 23 
59 17 
59 35 
59 170 
69 84 
82 35 
101 76 
101 79 
106 2 
106 17 
106 28 
106 99 
106 105 
106 156 
109 109 
109 138 
109 168 
110 4 
110 7 
110 9 
110 10 
110 17 
110 19 
110 22 
110 36 
110 82 
110 158 
149 2 
152 109 
161 45 
162 2 
166 2 
166 7 
166 10 
166 156 
180 157 
207 105 
