2 2 
2 7 
2 8 
2 29 
2 34 
2 39 
2 55 
2 105 
2 109 
2 110 
2 150 
2 156 
2 158 
2 165 
2 166 
2 212 
3 15 
3 22 
3 27 
3 30 
3 37 
3 44 
3 60 
3 63 
3 69 
3 82 
3 84 
3 87 
3 88 
3 121 
4 3 
4 11 
4 14 
4 15 
4 22 
4 27 
4 35 
4 36 
4 37 
4 44 
4 53 
4 57 
4 68 
4 70 
4 73 
4 74 
4 80 
4 82 
4 84 
4 88 
4 155 
4 156 
4 181 
4 182 
5 23 
5 35 
5 36 
5 44 
5 45 
5 49 
5 55 
5 94 
5 95 
5 96 
5 158 
6 2 
6 7 
6 8 
6 14 
6 22 
6 45 
6 70 
6 76 
6 78 
6 79 
6 103 
6 128 
7 2 
7 3 
7 4 
7 5 
7 6 
7 11 
7 13 
7 14 
7 15 
7 16 
7 17 
7 18 
7 19 
7 21 
7 22 
7 23 
7 25 
7 26 
7 27 
7 28 
7 29 
7 30 
7 31 
7 32 
7 34 
7 35 
7 36 
7 37 
7 39 
7 40 
7 42 
7 44 
7 45 
7 49 
7 52 
7 54 
7 55 
7 58 
7 59 
7 60 
7 62 
7 63 
7 66 
7 67 
7 68 
7 70 
7 71 
7 72 
7 73 
7 75 
7 76 
7 77 
7 78 
7 79 
7 80 
7 82 
7 83 
7 84 
7 86 
7 88 
7 92 
7 94 
7 95 
7 96 
7 97 
7 98 
7 99 
7 100 
7 102 
7 103 
7 104 
7 105 
7 108 
7 109 
7 110 
7 112 
7 113 
7 115 
7 116 
7 117 
7 119 
7 120 
7 121 
7 125 
7 127 
7 128 
7 130 
7 134 
7 136 
7 138 
7 139 
7 146 
7 148 
7 150 
7 155 
7 156 
7 157 
7 158 
7 165 
7 166 
7 168 
7 170 
7 173 
7 182 
7 187 
7 193 
7 212 
8 2 
8 4 
8 6 
8 9 
8 10 
8 13 
8 14 
8 16 
8 18 
8 21 
8 25 
8 26 
8 27 
8 29 
8 34 
8 36 
8 39 
8 40 
8 44 
8 45 
8 55 
8 58 
8 70 
8 76 
8 80 
8 82 
8 83 
8 94 
8 97 
8 99 
8 103 
8 104 
8 105 
8 108 
8 109 
8 112 
8 119 
8 127 
8 128 
8 130 
8 134 
8 139 
8 140 
8 150 
8 156 
8 158 
8 166 
8 182 
8 193 
9 2 
9 3 
9 4 
9 5 
9 6 
9 8 
9 9 
9 11 
9 13 
9 14 
9 15 
9 16 
9 17 
9 18 
9 19 
9 21 
9 22 
9 23 
9 25 
9 26 
9 27 
9 28 
9 29 
9 30 
9 31 
9 32 
9 34 
9 35 
9 36 
9 37 
9 39 
9 40 
9 42 
9 44 
9 45 
9 49 
9 52 
9 54 
9 55 
9 58 
9 59 
9 60 
9 62 
9 63 
9 66 
9 67 
9 68 
9 70 
9 71 
9 72 
9 73 
9 75 
9 76 
9 77 
9 78 
9 79 
9 80 
9 82 
9 83 
9 84 
9 86 
9 88 
9 92 
9 94 
9 95 
9 96 
9 97 
9 98 
9 99 
9 100 
9 102 
9 103 
9 104 
9 105 
9 108 
9 109 
9 110 
9 112 
9 113 
9 115 
9 116 
9 117 
9 119 
9 120 
9 121 
9 125 
9 127 
9 128 
9 134 
9 136 
9 138 
9 140 
9 146 
9 148 
9 150 
9 156 
9 157 
9 158 
9 165 
9 166 
9 168 
9 173 
9 182 
9 187 
9 193 
9 212 
10 2 
10 3 
10 4 
10 5 
10 6 
10 8 
10 9 
10 14 
10 15 
10 16 
10 18 
10 22 
10 23 
10 26 
10 27 
10 29 
10 31 
10 32 
10 34 
10 35 
10 36 
10 37 
10 39 
10 42 
10 44 
10 45 
10 49 
10 52 
10 58 
10 59 
10 60 
10 63 
10 70 
10 76 
10 79 
10 80 
10 96 
10 105 
10 109 
10 136 
10 146 
10 150 
10 155 
10 156 
10 165 
10 170 
10 182 
11 13 
11 36 
11 44 
11 74 
11 80 
11 102 
11 193 
12 78 
12 125 
12 134 
12 158 
13 98 
13 121 
14 3 
14 4 
14 5 
14 6 
14 7 
14 8 
14 13 
14 15 
14 21 
14 22 
14 26 
14 27 
14 35 
14 36 
14 37 
14 44 
14 45 
14 52 
14 54 
14 57 
14 68 
14 74 
14 78 
14 82 
14 84 
14 87 
14 100 
14 119 
14 134 
14 148 
14 150 
14 156 
14 157 
14 158 
14 182 
14 187 
15 2 
15 3 
15 4 
15 7 
15 8 
15 9 
15 11 
15 13 
15 14 
15 21 
15 22 
15 27 
15 30 
15 32 
15 35 
15 36 
15 37 
15 39 
15 40 
15 42 
15 44 
15 51 
15 52 
15 57 
15 58 
15 60 
15 62 
15 63 
15 68 
15 69 
15 73 
15 74 
15 80 
15 82 
15 83 
15 84 
15 87 
15 88 
15 100 
15 102 
15 109 
15 116 
15 121 
15 133 
15 134 
15 158 
15 193 
15 212 
16 79 
16 97 
16 136 
17 6 
17 34 
17 36 
17 45 
17 67 
17 80 
17 98 
17 113 
17 125 
17 134 
17 155 
17 190 
18 2 
18 3 
18 6 
18 7 
18 8 
18 9 
18 10 
18 14 
18 15 
18 17 
18 26 
18 27 
18 28 
18 29 
18 31 
18 33 
18 34 
18 36 
18 37 
18 39 
18 45 
18 52 
18 63 
18 76 
18 80 
18 86 
18 99 
18 104 
18 105 
18 109 
18 113 
18 128 
18 156 
18 158 
19 36 
21 36 
21 44 
21 68 
21 158 
22 3 
22 4 
22 14 
22 15 
22 21 
22 26 
22 27 
22 30 
22 35 
22 37 
22 39 
22 44 
22 48 
22 53 
22 60 
22 62 
22 68 
22 83 
22 84 
22 88 
22 125 
22 148 
22 150 
22 158 
23 2 
23 3 
23 4 
23 5 
23 6 
23 7 
23 8 
23 9 
23 10 
23 11 
23 13 
23 14 
23 15 
23 17 
23 18 
23 22 
23 25 
23 26 
23 27 
23 28 
23 29 
23 30 
23 31 
23 32 
23 34 
23 35 
23 36 
23 37 
23 39 
23 42 
23 44 
23 45 
23 49 
23 51 
23 52 
23 55 
23 60 
23 63 
23 67 
23 68 
23 70 
23 76 
23 77 
23 78 
23 80 
23 82 
23 83 
23 86 
23 88 
23 90 
23 91 
23 94 
23 95 
23 96 
23 99 
23 102 
23 105 
23 108 
23 109 
23 110 
23 117 
23 128 
23 134 
23 140 
23 146 
23 155 
23 156 
23 158 
23 182 
25 94 
25 109 
25 158 
25 187 
26 2 
26 3 
26 6 
26 7 
26 8 
26 9 
26 10 
26 13 
26 14 
26 15 
26 17 
26 18 
26 21 
26 25 
26 27 
26 28 
26 32 
26 34 
26 36 
26 39 
26 44 
26 45 
26 68 
26 80 
26 99 
26 102 
26 105 
26 108 
26 109 
26 110 
26 117 
26 139 
26 148 
26 150 
26 155 
26 158 
26 166 
27 2 
27 3 
27 4 
27 6 
27 11 
27 13 
27 14 
27 15 
27 21 
27 22 
27 28 
27 30 
27 32 
27 34 
27 35 
27 36 
27 37 
27 40 
27 42 
27 44 
27 45 
27 51 
27 52 
27 57 
27 60 
27 62 
27 63 
27 68 
27 69 
27 70 
27 71 
27 73 
27 74 
27 78 
27 80 
27 82 
27 83 
27 84 
27 86 
27 87 
27 88 
27 90 
27 98 
27 102 
27 105 
27 109 
27 116 
27 117 
27 119 
27 121 
27 127 
27 133 
27 134 
27 148 
27 158 
27 182 
27 187 
28 6 
28 44 
28 67 
29 2 
29 4 
29 6 
29 7 
29 8 
29 10 
29 14 
29 15 
29 21 
29 22 
29 23 
29 25 
29 26 
29 27 
29 28 
29 31 
29 33 
29 34 
29 35 
29 36 
29 37 
29 39 
29 44 
29 45 
29 62 
29 70 
29 80 
29 105 
29 125 
29 133 
29 134 
29 146 
29 158 
29 166 
30 15 
30 21 
30 44 
30 52 
30 63 
30 73 
30 80 
30 87 
30 117 
30 125 
31 2 
31 3 
31 5 
31 6 
31 7 
31 8 
31 9 
31 10 
31 14 
31 15 
31 16 
31 17 
31 18 
31 21 
31 23 
31 26 
31 27 
31 29 
31 32 
31 33 
31 34 
31 37 
31 39 
31 40 
31 44 
31 45 
31 49 
31 55 
31 63 
31 71 
31 72 
31 73 
31 76 
31 79 
31 83 
31 96 
31 99 
31 104 
31 105 
31 108 
31 109 
31 112 
31 113 
31 116 
31 117 
31 119 
31 134 
31 140 
31 146 
31 158 
31 166 
31 187 
32 42 
32 70 
32 72 
32 83 
32 100 
32 116 
32 117 
33 6 
33 158 
34 2 
34 5 
34 6 
34 7 
34 8 
34 9 
34 10 
34 11 
34 14 
34 15 
34 17 
34 18 
34 22 
34 23 
34 25 
34 26 
34 27 
34 28 
34 29 
34 31 
34 33 
34 35 
34 36 
34 37 
34 39 
34 40 
34 44 
34 45 
34 52 
34 71 
34 76 
34 80 
34 99 
34 105 
34 108 
34 109 
34 110 
34 116 
34 134 
34 139 
34 150 
34 155 
34 156 
34 158 
34 166 
34 182 
34 212 
35 4 
35 7 
35 8 
35 11 
35 14 
35 22 
35 27 
35 44 
35 53 
35 78 
35 82 
35 134 
36 3 
36 11 
36 13 
36 27 
36 32 
36 35 
36 80 
36 98 
37 4 
37 14 
37 15 
37 36 
37 67 
37 102 
37 127 
37 136 
37 165 
39 2 
39 3 
39 4 
39 6 
39 7 
39 8 
39 9 
39 10 
39 11 
39 13 
39 14 
39 15 
39 17 
39 18 
39 21 
39 22 
39 23 
39 25 
39 26 
39 27 
39 28 
39 29 
39 30 
39 31 
39 32 
39 34 
39 35 
39 36 
39 37 
39 39 
39 42 
39 44 
39 45 
39 52 
39 55 
39 59 
39 60 
39 62 
39 63 
39 67 
39 68 
39 69 
39 70 
39 71 
39 76 
39 78 
39 80 
39 82 
39 83 
39 84 
39 86 
39 91 
39 94 
39 96 
39 98 
39 99 
39 102 
39 104 
39 105 
39 109 
39 110 
39 130 
39 134 
39 139 
39 146 
39 150 
39 155 
39 156 
39 158 
39 166 
39 187 
39 190 
39 212 
40 2 
40 15 
40 45 
42 70 
42 83 
42 98 
43 34 
43 54 
43 67 
43 71 
43 92 
43 104 
43 110 
43 113 
43 119 
43 125 
43 134 
43 158 
43 181 
43 193 
43 212 
44 3 
44 4 
44 6 
44 7 
44 8 
44 11 
44 13 
44 14 
44 15 
44 21 
44 22 
44 25 
44 26 
44 27 
44 28 
44 30 
44 35 
44 36 
44 37 
44 62 
44 63 
44 68 
44 69 
44 70 
44 71 
44 80 
44 82 
44 84 
44 86 
44 87 
44 88 
44 92 
44 102 
44 109 
44 113 
44 121 
44 125 
44 128 
44 134 
44 148 
44 158 
44 193 
45 2 
45 3 
45 4 
45 5 
45 6 
45 7 
45 8 
45 9 
45 10 
45 13 
45 14 
45 15 
45 16 
45 17 
45 22 
45 23 
45 25 
45 26 
45 27 
45 28 
45 29 
45 31 
45 32 
45 33 
45 34 
45 36 
45 37 
45 39 
45 42 
45 44 
45 49 
45 55 
45 58 
45 60 
45 62 
45 63 
45 66 
45 67 
45 68 
45 70 
45 76 
45 79 
45 80 
45 82 
45 88 
45 90 
45 94 
45 95 
45 96 
45 97 
45 99 
45 102 
45 103 
45 105 
45 108 
45 109 
45 112 
45 113 
45 117 
45 119 
45 120 
45 125 
45 127 
45 128 
45 134 
45 136 
45 146 
45 158 
45 165 
45 166 
45 178 
45 182 
47 2 
47 3 
47 6 
47 7 
47 8 
47 10 
47 11 
47 14 
47 15 
47 17 
47 18 
47 22 
47 27 
47 31 
47 32 
47 36 
47 37 
47 44 
47 45 
47 57 
47 59 
47 63 
47 69 
47 80 
47 84 
47 86 
47 100 
47 102 
47 117 
47 156 
52 60 
52 70 
52 90 
55 45 
58 16 
58 45 
58 79 
58 97 
59 57 
63 30 
63 40 
63 60 
63 69 
63 73 
63 80 
63 84 
63 87 
63 88 
63 98 
64 112 
65 45 
65 103 
66 27 
66 35 
66 45 
68 27 
68 52 
69 87 
69 158 
70 4 
70 15 
70 29 
70 39 
70 44 
70 100 
71 44 
71 113 
71 159 
73 44 
73 98 
73 121 
74 4 
76 45 
76 55 
76 66 
76 125 
78 90 
78 125 
80 11 
80 36 
80 63 
80 102 
81 45 
82 35 
82 44 
82 53 
83 45 
86 51 
86 77 
87 63 
87 69 
87 84 
87 138 
90 62 
93 28 
93 33 
93 59 
93 77 
94 55 
94 127 
96 66 
96 100 
97 16 
97 58 
97 79 
98 36 
98 73 
98 121 
99 158 
99 165 
101 16 
101 76 
101 79 
101 97 
103 44 
103 45 
103 112 
103 120 
103 128 
103 136 
103 178 
105 2 
105 99 
105 165 
105 166 
105 182 
106 166 
108 22 
108 23 
108 27 
108 35 
108 37 
108 45 
108 66 
108 76 
108 95 
108 96 
109 11 
109 15 
109 28 
109 37 
109 44 
109 71 
109 75 
109 113 
109 115 
109 119 
109 138 
109 158 
109 168 
110 62 
110 212 
112 45 
112 120 
112 128 
112 178 
115 75 
119 173 
120 45 
121 73 
121 98 
129 27 
129 127 
130 14 
130 27 
130 127 
134 158 
140 8 
142 57 
150 104 
153 7 
153 10 
160 120 
188 7 
188 10 
