3 14 
3 37 
4 14 
5 7 
5 9 
5 13 
5 23 
5 26 
5 35 
5 45 
5 49 
5 95 
6 14 
6 44 
6 45 
7 4 
7 13 
7 14 
7 22 
7 29 
7 34 
7 37 
7 39 
7 44 
7 45 
7 139 
7 168 
9 4 
9 8 
9 13 
9 14 
9 22 
9 29 
9 34 
9 37 
9 39 
9 44 
9 45 
9 139 
9 168 
10 8 
10 9 
11 15 
14 2 
14 4 
14 15 
14 22 
14 37 
14 63 
14 80 
15 4 
15 14 
15 22 
15 37 
15 88 
15 168 
17 7 
17 9 
17 23 
17 26 
17 27 
17 35 
17 44 
17 125 
17 155 
17 190 
18 26 
18 34 
18 44 
22 7 
22 9 
23 18 
23 44 
24 7 
24 9 
27 4 
27 13 
28 7 
28 9 
28 19 
28 26 
28 31 
28 45 
29 26 
30 63 
31 7 
31 9 
34 168 
35 7 
35 9 
35 36 
35 82 
35 168 
36 11 
36 13 
36 80 
37 13 
39 26 
40 2 
40 7 
40 9 
40 19 
40 35 
40 45 
40 68 
41 7 
41 9 
41 19 
41 100 
43 168 
44 5 
44 14 
44 49 
44 63 
45 6 
45 7 
45 9 
45 13 
45 14 
45 15 
45 16 
45 22 
45 23 
45 26 
45 31 
45 35 
45 36 
45 44 
45 55 
45 71 
45 76 
45 91 
45 96 
46 7 
46 9 
46 19 
46 72 
47 7 
47 9 
49 7 
49 9 
54 26 
55 7 
55 9 
55 23 
55 45 
55 66 
59 68 
63 30 
63 36 
63 44 
63 87 
70 37 
71 44 
75 7 
75 9 
82 74 
89 7 
89 9 
89 23 
89 25 
89 33 
89 35 
89 45 
93 27 
93 33 
93 100 
107 49 
109 15 
109 23 
109 168 
113 26 
115 7 
115 9 
115 138 
122 68 
168 35 
170 26 
173 7 
173 9 
173 27 
180 7 
180 9 
180 35 
