2 4 
2 6 
2 7 
2 10 
2 18 
2 22 
2 23 
2 25 
2 26 
2 28 
2 29 
2 33 
2 34 
2 35 
2 39 
2 44 
2 68 
2 70 
2 76 
2 92 
2 105 
2 134 
2 146 
2 158 
2 212 
3 15 
3 22 
3 37 
3 63 
3 134 
4 7 
4 10 
4 14 
4 15 
4 22 
4 35 
4 36 
4 74 
4 78 
4 82 
6 3 
6 14 
6 22 
6 23 
6 25 
6 26 
6 35 
6 45 
6 70 
6 96 
6 103 
7 2 
7 3 
7 6 
7 13 
7 14 
7 15 
7 18 
7 19 
7 22 
7 23 
7 25 
7 26 
7 27 
7 28 
7 29 
7 30 
7 31 
7 33 
7 34 
7 36 
7 39 
7 44 
7 45 
7 76 
7 82 
7 102 
7 109 
7 125 
7 134 
7 146 
7 158 
8 6 
8 140 
9 3 
9 6 
9 8 
9 10 
9 13 
9 14 
9 15 
9 18 
9 19 
9 22 
9 23 
9 25 
9 26 
9 27 
9 28 
9 29 
9 30 
9 31 
9 33 
9 34 
9 36 
9 39 
9 44 
9 45 
9 76 
9 82 
9 102 
9 109 
9 125 
9 134 
9 146 
9 158 
10 2 
10 6 
10 8 
10 27 
10 29 
10 45 
11 36 
11 80 
11 121 
12 3 
12 4 
12 6 
12 7 
12 10 
12 14 
12 15 
12 18 
12 22 
12 25 
12 26 
12 33 
12 35 
12 36 
12 40 
12 44 
12 45 
12 62 
12 68 
12 70 
12 78 
12 82 
12 89 
12 91 
12 134 
12 146 
12 158 
14 4 
14 15 
14 22 
14 25 
14 27 
14 35 
14 37 
14 44 
14 49 
14 74 
14 78 
14 80 
14 104 
15 3 
15 4 
15 11 
15 14 
15 22 
15 27 
15 36 
15 37 
15 63 
15 68 
15 74 
15 88 
15 212 
16 45 
17 26 
17 34 
17 44 
17 68 
17 70 
17 71 
17 105 
17 110 
17 134 
17 155 
17 158 
17 212 
19 6 
19 22 
19 36 
19 45 
21 44 
22 2 
22 3 
22 4 
22 6 
22 7 
22 9 
22 14 
22 15 
22 23 
22 25 
22 27 
22 35 
22 36 
22 37 
22 40 
22 44 
22 45 
22 48 
22 49 
22 60 
22 63 
22 68 
22 70 
22 71 
22 73 
22 88 
22 91 
22 96 
22 109 
22 146 
22 148 
22 159 
23 7 
23 9 
23 29 
23 44 
25 4 
25 5 
25 6 
25 14 
25 15 
25 21 
25 25 
25 27 
25 36 
25 37 
25 44 
25 45 
25 91 
25 94 
25 109 
25 115 
25 158 
26 18 
26 34 
26 39 
26 110 
26 134 
26 158 
27 3 
27 4 
27 7 
27 10 
27 11 
27 13 
27 14 
27 15 
27 22 
27 26 
27 30 
27 35 
27 36 
27 37 
27 44 
27 45 
27 68 
27 82 
27 87 
27 105 
28 68 
29 6 
30 15 
30 22 
30 32 
30 73 
31 6 
33 146 
34 212 
35 4 
35 14 
35 22 
35 25 
35 27 
35 36 
35 40 
35 45 
35 55 
35 68 
35 70 
35 78 
35 82 
35 108 
36 11 
36 13 
37 70 
37 80 
39 15 
39 34 
39 44 
39 45 
39 80 
39 128 
39 212 
40 3 
40 11 
40 15 
40 25 
40 27 
40 35 
40 36 
40 37 
40 44 
40 45 
40 68 
40 69 
40 80 
40 86 
40 158 
40 187 
42 70 
43 19 
43 34 
43 92 
43 125 
43 134 
43 158 
43 212 
44 4 
44 7 
44 10 
44 14 
44 18 
44 21 
44 22 
44 23 
44 25 
44 27 
44 33 
44 35 
44 37 
44 70 
44 80 
44 82 
44 134 
44 146 
44 148 
44 158 
45 6 
45 7 
45 8 
45 9 
45 23 
45 37 
45 44 
45 55 
45 102 
45 103 
45 115 
45 127 
45 155 
46 13 
47 80 
48 22 
49 35 
49 158 
55 22 
63 3 
63 14 
63 30 
66 35 
67 18 
68 22 
68 44 
68 62 
72 15 
73 27 
76 45 
78 14 
78 22 
78 25 
78 27 
78 35 
78 44 
78 45 
82 14 
82 23 
82 53 
82 74 
82 109 
87 15 
87 63 
88 60 
89 44 
89 83 
89 94 
89 134 
89 158 
91 22 
92 125 
93 33 
93 34 
93 91 
95 6 
95 14 
95 22 
95 23 
95 35 
95 49 
95 70 
95 91 
96 3 
96 6 
96 15 
96 22 
96 23 
96 45 
104 150 
105 22 
105 25 
105 39 
108 14 
108 18 
108 22 
108 25 
108 35 
108 36 
108 45 
108 62 
108 66 
108 68 
108 91 
108 96 
108 103 
108 109 
108 134 
109 71 
109 168 
110 34 
121 15 
124 44 
146 26 
146 44 
152 34 
153 18 
153 26 
153 28 
153 29 
153 34 
153 68 
153 134 
153 158 
169 14 
169 22 
203 37 
204 59 
