3 37 
4 37 
4 54 
5 37 
6 37 
6 158 
7 37 
7 54 
7 71 
7 134 
8 37 
9 37 
9 54 
9 71 
9 134 
10 37 
11 37 
12 37 
13 37 
14 37 
14 54 
15 37 
15 54 
17 37 
17 54 
17 113 
17 134 
17 158 
17 190 
18 158 
19 37 
19 134 
21 37 
22 37 
23 37 
25 37 
27 37 
30 37 
31 37 
33 158 
35 37 
37 158 
39 37 
40 37 
43 113 
44 37 
44 54 
44 134 
45 37 
47 37 
48 37 
49 37 
51 37 
52 37 
60 37 
65 37 
66 37 
69 37 
70 37 
71 37 
73 37 
76 37 
77 37 
78 37 
84 37 
86 37 
88 37 
89 158 
90 37 
92 113 
96 37 
104 37 
108 37 
109 37 
111 37 
114 37 
124 37 
146 37 
155 37 
187 37 
203 37 
