1 45 
2 2 
2 3 
2 4 
2 5 
2 7 
2 8 
2 9 
2 10 
2 11 
2 13 
2 14 
2 15 
2 17 
2 18 
2 19 
2 21 
2 22 
2 23 
2 25 
2 26 
2 27 
2 28 
2 29 
2 30 
2 31 
2 32 
2 34 
2 35 
2 36 
2 37 
2 40 
2 42 
2 44 
2 45 
2 49 
2 55 
2 60 
2 62 
2 63 
2 68 
2 69 
2 70 
2 76 
2 78 
2 80 
2 82 
2 83 
2 84 
2 86 
2 88 
2 96 
2 98 
2 99 
2 105 
2 109 
2 110 
2 112 
2 117 
2 121 
2 134 
2 146 
2 150 
2 156 
2 166 
2 182 
2 212 
3 2 
3 4 
3 5 
3 7 
3 8 
3 9 
3 10 
3 11 
3 13 
3 14 
3 15 
3 17 
3 18 
3 21 
3 22 
3 23 
3 26 
3 27 
3 28 
3 30 
3 31 
3 32 
3 34 
3 35 
3 36 
3 37 
3 40 
3 42 
3 44 
3 45 
3 49 
3 51 
3 52 
3 55 
3 60 
3 63 
3 68 
3 69 
3 70 
3 73 
3 74 
3 76 
3 77 
3 80 
3 82 
3 83 
3 84 
3 86 
3 87 
3 88 
3 90 
3 96 
3 98 
3 109 
3 121 
3 134 
3 158 
4 2 
4 3 
4 5 
4 7 
4 9 
4 10 
4 11 
4 13 
4 14 
4 15 
4 17 
4 18 
4 19 
4 22 
4 23 
4 27 
4 30 
4 34 
4 35 
4 36 
4 37 
4 44 
4 45 
4 49 
4 52 
4 55 
4 57 
4 60 
4 62 
4 63 
4 66 
4 68 
4 69 
4 70 
4 74 
4 76 
4 78 
4 80 
4 83 
4 88 
4 91 
4 104 
4 109 
4 117 
4 119 
4 146 
4 150 
4 156 
4 158 
4 181 
4 182 
5 2 
5 3 
5 4 
5 5 
5 7 
5 8 
5 9 
5 10 
5 11 
5 14 
5 15 
5 16 
5 17 
5 18 
5 21 
5 22 
5 23 
5 26 
5 27 
5 28 
5 29 
5 31 
5 32 
5 34 
5 35 
5 37 
5 40 
5 42 
5 44 
5 45 
5 49 
5 55 
5 60 
5 63 
5 66 
5 70 
5 71 
5 76 
5 78 
5 80 
5 82 
5 83 
5 91 
5 94 
5 95 
5 96 
5 105 
5 108 
5 109 
5 112 
5 120 
5 146 
6 2 
6 3 
6 4 
6 5 
6 7 
6 8 
6 9 
6 10 
6 11 
6 13 
6 14 
6 15 
6 17 
6 18 
6 21 
6 22 
6 23 
6 25 
6 27 
6 29 
6 30 
6 31 
6 34 
6 35 
6 36 
6 37 
6 40 
6 44 
6 45 
6 49 
6 55 
6 59 
6 63 
6 66 
6 69 
6 70 
6 73 
6 76 
6 80 
6 82 
6 84 
6 86 
6 88 
6 90 
6 96 
6 103 
6 105 
6 108 
6 109 
6 110 
6 112 
6 128 
6 134 
6 158 
6 212 
7 2 
7 3 
7 4 
7 5 
7 11 
7 13 
7 14 
7 15 
7 16 
7 17 
7 18 
7 21 
7 22 
7 23 
7 25 
7 26 
7 27 
7 28 
7 29 
7 30 
7 31 
7 32 
7 33 
7 34 
7 35 
7 36 
7 37 
7 40 
7 42 
7 44 
7 45 
7 49 
7 51 
7 52 
7 53 
7 54 
7 55 
7 57 
7 59 
7 60 
7 63 
7 66 
7 67 
7 69 
7 70 
7 71 
7 73 
7 76 
7 77 
7 78 
7 80 
7 82 
7 83 
7 84 
7 86 
7 88 
7 89 
7 91 
7 92 
7 94 
7 95 
7 96 
7 97 
7 99 
7 102 
7 103 
7 105 
7 108 
7 109 
7 110 
7 112 
7 113 
7 117 
7 119 
7 121 
7 125 
7 134 
7 138 
7 146 
7 150 
7 155 
7 156 
7 158 
7 159 
7 166 
7 168 
7 170 
7 173 
7 180 
7 182 
7 187 
7 193 
7 212 
8 2 
8 3 
8 5 
8 9 
8 10 
8 11 
8 14 
8 15 
8 16 
8 17 
8 18 
8 22 
8 23 
8 26 
8 27 
8 29 
8 30 
8 31 
8 34 
8 35 
8 37 
8 44 
8 45 
8 99 
8 105 
8 109 
8 110 
8 119 
8 182 
8 187 
8 212 
9 2 
9 3 
9 4 
9 5 
9 8 
9 9 
9 10 
9 11 
9 13 
9 14 
9 15 
9 16 
9 17 
9 18 
9 21 
9 22 
9 23 
9 25 
9 26 
9 27 
9 28 
9 29 
9 30 
9 31 
9 32 
9 33 
9 34 
9 35 
9 36 
9 37 
9 40 
9 42 
9 44 
9 45 
9 49 
9 51 
9 52 
9 53 
9 54 
9 55 
9 57 
9 59 
9 60 
9 63 
9 66 
9 67 
9 69 
9 70 
9 71 
9 73 
9 76 
9 77 
9 78 
9 80 
9 82 
9 83 
9 84 
9 86 
9 88 
9 89 
9 91 
9 92 
9 94 
9 95 
9 96 
9 97 
9 99 
9 102 
9 103 
9 105 
9 108 
9 109 
9 110 
9 112 
9 113 
9 117 
9 119 
9 121 
9 125 
9 134 
9 138 
9 146 
9 150 
9 156 
9 158 
9 159 
9 166 
9 168 
9 170 
9 173 
9 180 
9 182 
9 187 
9 193 
9 212 
10 2 
10 3 
10 5 
10 8 
10 9 
10 14 
10 15 
10 17 
10 18 
10 23 
10 26 
10 29 
10 34 
10 35 
10 44 
10 45 
10 49 
10 55 
10 71 
10 76 
10 80 
10 99 
10 105 
10 110 
10 134 
10 155 
10 158 
11 3 
11 7 
11 9 
11 10 
11 13 
11 14 
11 15 
11 17 
11 18 
11 19 
11 21 
11 22 
11 28 
11 30 
11 31 
11 34 
11 35 
11 36 
11 37 
11 40 
11 44 
11 45 
11 60 
11 63 
11 68 
11 69 
11 73 
11 80 
11 84 
11 87 
11 98 
11 102 
11 105 
11 119 
11 168 
12 2 
12 3 
12 4 
12 5 
12 7 
12 9 
12 10 
12 14 
12 15 
12 16 
12 17 
12 18 
12 21 
12 22 
12 23 
12 25 
12 27 
12 29 
12 31 
12 33 
12 34 
12 35 
12 36 
12 37 
12 40 
12 42 
12 44 
12 45 
12 49 
12 51 
12 52 
12 55 
12 60 
12 68 
12 69 
12 76 
12 78 
12 91 
12 108 
12 109 
12 110 
12 125 
12 134 
12 146 
12 158 
12 182 
12 213 
13 7 
13 10 
13 11 
13 14 
13 15 
13 17 
13 22 
13 27 
13 30 
13 32 
13 36 
13 40 
13 42 
13 44 
13 45 
13 73 
13 78 
13 82 
13 86 
13 91 
13 98 
13 105 
13 121 
13 158 
14 2 
14 3 
14 4 
14 5 
14 7 
14 8 
14 9 
14 10 
14 11 
14 13 
14 15 
14 16 
14 17 
14 18 
14 19 
14 21 
14 22 
14 23 
14 25 
14 26 
14 27 
14 28 
14 29 
14 30 
14 31 
14 32 
14 33 
14 34 
14 35 
14 36 
14 37 
14 40 
14 42 
14 44 
14 45 
14 48 
14 49 
14 51 
14 52 
14 54 
14 55 
14 57 
14 59 
14 60 
14 63 
14 66 
14 68 
14 69 
14 70 
14 73 
14 74 
14 76 
14 78 
14 80 
14 82 
14 84 
14 86 
14 87 
14 88 
14 90 
14 91 
14 94 
14 96 
14 97 
14 98 
14 102 
14 103 
14 104 
14 105 
14 108 
14 109 
14 110 
14 112 
14 115 
14 117 
14 121 
14 125 
14 134 
14 138 
14 146 
14 148 
14 150 
14 155 
14 156 
14 157 
14 158 
14 168 
14 170 
14 180 
14 182 
14 187 
14 212 
15 2 
15 3 
15 4 
15 5 
15 7 
15 8 
15 9 
15 10 
15 11 
15 13 
15 14 
15 16 
15 17 
15 18 
15 19 
15 21 
15 22 
15 23 
15 25 
15 26 
15 27 
15 28 
15 29 
15 30 
15 31 
15 32 
15 33 
15 34 
15 35 
15 36 
15 37 
15 40 
15 42 
15 44 
15 45 
15 49 
15 51 
15 52 
15 53 
15 55 
15 59 
15 60 
15 62 
15 63 
15 66 
15 67 
15 68 
15 69 
15 70 
15 71 
15 73 
15 74 
15 76 
15 77 
15 78 
15 79 
15 80 
15 82 
15 83 
15 84 
15 86 
15 87 
15 88 
15 90 
15 91 
15 92 
15 94 
15 95 
15 96 
15 97 
15 98 
15 100 
15 102 
15 103 
15 104 
15 105 
15 108 
15 109 
15 110 
15 112 
15 113 
15 115 
15 117 
15 119 
15 121 
15 125 
15 127 
15 133 
15 134 
15 138 
15 146 
15 150 
15 156 
15 158 
15 168 
15 182 
15 187 
15 212 
16 2 
16 3 
16 4 
16 5 
16 7 
16 9 
16 14 
16 15 
16 18 
16 21 
16 22 
16 23 
16 27 
16 34 
16 35 
16 37 
16 40 
16 44 
16 45 
16 49 
16 55 
16 66 
16 76 
16 78 
16 79 
16 97 
16 108 
16 109 
16 136 
17 2 
17 3 
17 4 
17 5 
17 7 
17 8 
17 9 
17 10 
17 11 
17 13 
17 14 
17 15 
17 16 
17 18 
17 19 
17 21 
17 22 
17 23 
17 25 
17 26 
17 27 
17 28 
17 29 
17 30 
17 31 
17 32 
17 33 
17 34 
17 35 
17 36 
17 37 
17 40 
17 42 
17 44 
17 45 
17 49 
17 52 
17 55 
17 60 
17 63 
17 66 
17 67 
17 68 
17 69 
17 70 
17 71 
17 72 
17 73 
17 75 
17 76 
17 78 
17 79 
17 80 
17 82 
17 83 
17 84 
17 86 
17 87 
17 88 
17 90 
17 92 
17 94 
17 96 
17 97 
17 98 
17 99 
17 100 
17 103 
17 104 
17 105 
17 108 
17 109 
17 110 
17 112 
17 113 
17 115 
17 116 
17 117 
17 119 
17 120 
17 121 
17 125 
17 130 
17 134 
17 146 
17 150 
17 155 
17 156 
17 158 
17 168 
17 190 
17 193 
17 212 
18 2 
18 3 
18 4 
18 5 
18 7 
18 8 
18 9 
18 10 
18 14 
18 15 
18 17 
18 18 
18 19 
18 21 
18 22 
18 23 
18 26 
18 27 
18 28 
18 29 
18 31 
18 34 
18 35 
18 36 
18 37 
18 40 
18 42 
18 44 
18 45 
18 49 
18 51 
18 55 
18 60 
18 63 
18 70 
18 75 
18 76 
18 84 
18 95 
18 96 
18 99 
18 105 
18 108 
18 109 
18 110 
18 119 
18 134 
18 150 
18 155 
18 156 
18 158 
18 166 
18 180 
18 182 
18 212 
19 2 
19 3 
19 5 
19 7 
19 9 
19 10 
19 14 
19 15 
19 17 
19 23 
19 26 
19 27 
19 31 
19 32 
19 33 
19 34 
19 35 
19 36 
19 40 
19 44 
19 76 
19 94 
19 105 
19 109 
19 125 
19 134 
19 158 
21 5 
21 7 
21 9 
21 14 
21 15 
21 17 
21 18 
21 22 
21 27 
21 28 
21 34 
21 36 
21 44 
21 45 
21 49 
21 68 
21 109 
21 148 
22 2 
22 3 
22 4 
22 5 
22 7 
22 8 
22 9 
22 10 
22 11 
22 14 
22 15 
22 16 
22 17 
22 18 
22 19 
22 21 
22 23 
22 25 
22 26 
22 27 
22 28 
22 29 
22 30 
22 31 
22 32 
22 33 
22 34 
22 35 
22 36 
22 37 
22 40 
22 42 
22 44 
22 45 
22 48 
22 49 
22 51 
22 52 
22 54 
22 55 
22 59 
22 60 
22 62 
22 63 
22 66 
22 68 
22 69 
22 70 
22 73 
22 74 
22 76 
22 77 
22 78 
22 79 
22 80 
22 82 
22 83 
22 84 
22 86 
22 87 
22 88 
22 91 
22 94 
22 96 
22 102 
22 105 
22 108 
22 109 
22 112 
22 117 
22 121 
22 125 
22 127 
22 134 
22 146 
22 148 
22 150 
22 158 
22 182 
22 193 
23 2 
23 4 
23 5 
23 7 
23 8 
23 9 
23 10 
23 14 
23 15 
23 17 
23 18 
23 22 
23 26 
23 27 
23 28 
23 29 
23 31 
23 34 
23 35 
23 37 
23 44 
23 45 
23 49 
23 54 
23 62 
23 76 
23 80 
23 96 
23 105 
23 158 
23 182 
24 15 
24 27 
25 2 
25 3 
25 4 
25 7 
25 10 
25 11 
25 14 
25 15 
25 25 
25 27 
25 33 
25 36 
25 37 
25 45 
25 68 
25 80 
25 87 
25 105 
25 125 
25 134 
25 146 
25 158 
26 2 
26 5 
26 7 
26 8 
26 9 
26 10 
26 14 
26 15 
26 17 
26 18 
26 27 
26 28 
26 29 
26 32 
26 34 
26 35 
26 42 
26 44 
26 45 
26 63 
26 76 
26 109 
26 110 
26 125 
26 138 
26 139 
26 150 
26 158 
26 212 
27 2 
27 3 
27 4 
27 5 
27 7 
27 8 
27 9 
27 11 
27 13 
27 14 
27 15 
27 17 
27 18 
27 19 
27 21 
27 22 
27 23 
27 26 
27 28 
27 29 
27 30 
27 31 
27 33 
27 34 
27 35 
27 36 
27 37 
27 40 
27 44 
27 45 
27 49 
27 54 
27 60 
27 62 
27 63 
27 68 
27 69 
27 70 
27 71 
27 73 
27 74 
27 76 
27 78 
27 80 
27 82 
27 84 
27 87 
27 88 
27 91 
27 92 
27 102 
27 105 
27 108 
27 109 
27 110 
27 112 
27 121 
27 127 
27 130 
27 133 
27 134 
27 148 
27 155 
27 158 
27 182 
27 193 
28 2 
28 4 
28 11 
28 14 
28 17 
28 18 
28 33 
28 34 
28 44 
28 45 
28 68 
28 109 
28 113 
28 125 
28 146 
28 150 
29 3 
29 7 
29 8 
29 9 
29 14 
29 17 
29 26 
29 27 
29 31 
29 34 
29 45 
29 49 
29 55 
29 80 
29 105 
29 125 
29 134 
29 158 
29 212 
30 2 
30 3 
30 4 
30 5 
30 7 
30 9 
30 11 
30 13 
30 14 
30 15 
30 17 
30 22 
30 25 
30 32 
30 44 
30 45 
30 51 
30 60 
30 62 
30 63 
30 68 
30 69 
30 72 
30 73 
30 74 
30 76 
30 80 
30 84 
30 87 
30 88 
30 109 
30 117 
30 121 
31 2 
31 4 
31 7 
31 9 
31 10 
31 14 
31 15 
31 16 
31 17 
31 18 
31 23 
31 26 
31 27 
31 29 
31 34 
31 35 
31 37 
31 42 
31 44 
31 45 
31 49 
31 63 
31 66 
31 76 
31 96 
31 105 
31 158 
32 2 
32 3 
32 5 
32 7 
32 9 
32 10 
32 14 
32 15 
32 17 
32 21 
32 23 
32 27 
32 34 
32 35 
32 40 
32 42 
32 44 
32 45 
32 49 
32 55 
32 60 
32 63 
32 69 
32 72 
32 73 
32 76 
32 78 
32 83 
32 98 
32 109 
32 116 
32 117 
32 121 
32 133 
33 2 
33 4 
33 17 
33 26 
33 27 
33 35 
33 37 
33 44 
33 45 
33 48 
33 76 
33 80 
33 87 
33 125 
33 134 
33 146 
33 150 
33 158 
33 168 
34 2 
34 5 
34 7 
34 8 
34 9 
34 10 
34 11 
34 14 
34 15 
34 17 
34 18 
34 21 
34 22 
34 23 
34 26 
34 27 
34 28 
34 29 
34 31 
34 35 
34 36 
34 37 
34 40 
34 42 
34 44 
34 45 
34 54 
34 60 
34 68 
34 70 
34 75 
34 76 
34 97 
34 99 
34 104 
34 105 
34 109 
34 110 
34 134 
34 155 
34 158 
34 166 
34 182 
34 212 
35 2 
35 3 
35 4 
35 5 
35 7 
35 8 
35 9 
35 10 
35 11 
35 13 
35 14 
35 15 
35 16 
35 17 
35 18 
35 19 
35 21 
35 22 
35 23 
35 26 
35 27 
35 28 
35 29 
35 30 
35 31 
35 32 
35 33 
35 34 
35 36 
35 37 
35 40 
35 42 
35 44 
35 45 
35 49 
35 52 
35 53 
35 54 
35 55 
35 57 
35 59 
35 60 
35 62 
35 63 
35 66 
35 67 
35 68 
35 69 
35 70 
35 71 
35 73 
35 76 
35 78 
35 79 
35 80 
35 82 
35 84 
35 86 
35 87 
35 88 
35 90 
35 91 
35 94 
35 95 
35 96 
35 102 
35 105 
35 108 
35 109 
35 110 
35 113 
35 121 
35 125 
35 134 
35 146 
35 150 
35 158 
35 173 
35 187 
35 193 
35 213 
36 4 
36 7 
36 9 
36 11 
36 13 
36 14 
36 17 
36 22 
36 27 
36 29 
36 30 
36 35 
36 37 
36 44 
36 45 
36 60 
36 80 
36 82 
36 87 
36 91 
36 98 
36 102 
36 158 
37 2 
37 3 
37 4 
37 5 
37 7 
37 9 
37 10 
37 11 
37 14 
37 15 
37 16 
37 17 
37 18 
37 19 
37 21 
37 22 
37 23 
37 25 
37 27 
37 28 
37 29 
37 30 
37 31 
37 32 
37 33 
37 34 
37 35 
37 36 
37 40 
37 42 
37 44 
37 45 
37 49 
37 51 
37 55 
37 60 
37 62 
37 63 
37 68 
37 69 
37 70 
37 71 
37 72 
37 75 
37 76 
37 78 
37 80 
37 82 
37 83 
37 86 
37 88 
37 90 
37 91 
37 96 
37 97 
37 98 
37 100 
37 108 
37 109 
37 110 
37 112 
37 116 
37 117 
37 121 
37 128 
37 133 
37 134 
37 146 
37 158 
37 168 
37 170 
37 212 
38 17 
39 2 
39 3 
39 4 
39 5 
39 7 
39 9 
39 10 
39 11 
39 13 
39 14 
39 15 
39 17 
39 18 
39 21 
39 22 
39 23 
39 26 
39 27 
39 29 
39 31 
39 32 
39 33 
39 34 
39 36 
39 37 
39 44 
39 45 
39 49 
39 63 
39 70 
39 76 
39 80 
39 82 
39 84 
39 98 
39 105 
39 109 
39 117 
39 125 
39 134 
39 139 
39 150 
39 155 
39 156 
39 158 
39 212 
40 2 
40 3 
40 4 
40 5 
40 7 
40 9 
40 10 
40 11 
40 14 
40 15 
40 17 
40 18 
40 19 
40 23 
40 27 
40 30 
40 31 
40 32 
40 33 
40 34 
40 35 
40 37 
40 44 
40 45 
40 49 
40 55 
40 60 
40 68 
40 72 
40 76 
40 78 
40 86 
40 88 
40 91 
40 92 
40 133 
40 134 
40 146 
40 158 
40 187 
40 193 
40 213 
42 3 
42 5 
42 7 
42 9 
42 14 
42 15 
42 18 
42 21 
42 23 
42 32 
42 34 
42 35 
42 40 
42 44 
42 45 
42 49 
42 52 
42 60 
42 73 
42 76 
42 83 
42 100 
42 108 
42 109 
42 117 
43 4 
43 7 
43 8 
43 14 
43 15 
43 17 
43 19 
43 21 
43 23 
43 26 
43 27 
43 29 
43 33 
43 34 
43 35 
43 36 
43 37 
43 40 
43 44 
43 45 
43 54 
43 71 
43 75 
43 78 
43 92 
43 105 
43 109 
43 113 
43 115 
43 119 
43 125 
43 133 
43 134 
43 155 
43 158 
43 181 
43 187 
43 193 
43 212 
43 213 
44 2 
44 3 
44 4 
44 5 
44 7 
44 8 
44 9 
44 10 
44 11 
44 13 
44 14 
44 15 
44 16 
44 17 
44 18 
44 19 
44 21 
44 22 
44 23 
44 25 
44 26 
44 27 
44 28 
44 29 
44 30 
44 31 
44 32 
44 33 
44 34 
44 35 
44 36 
44 37 
44 40 
44 42 
44 45 
44 49 
44 52 
44 54 
44 55 
44 59 
44 60 
44 62 
44 63 
44 66 
44 68 
44 69 
44 70 
44 71 
44 73 
44 74 
44 75 
44 76 
44 77 
44 78 
44 80 
44 82 
44 84 
44 86 
44 87 
44 88 
44 91 
44 92 
44 94 
44 95 
44 96 
44 97 
44 98 
44 99 
44 100 
44 102 
44 103 
44 105 
44 108 
44 109 
44 110 
44 112 
44 113 
44 117 
44 119 
44 120 
44 121 
44 125 
44 128 
44 130 
44 133 
44 134 
44 138 
44 146 
44 148 
44 150 
44 158 
44 159 
44 168 
44 178 
44 182 
44 187 
44 193 
44 212 
45 2 
45 3 
45 4 
45 5 
45 7 
45 8 
45 9 
45 10 
45 11 
45 13 
45 14 
45 15 
45 16 
45 17 
45 18 
45 21 
45 22 
45 23 
45 25 
45 26 
45 27 
45 28 
45 29 
45 30 
45 31 
45 32 
45 33 
45 34 
45 35 
45 36 
45 37 
45 40 
45 42 
45 44 
45 48 
45 49 
45 51 
45 52 
45 53 
45 54 
45 55 
45 59 
45 60 
45 63 
45 66 
45 68 
45 69 
45 70 
45 71 
45 73 
45 75 
45 76 
45 78 
45 79 
45 80 
45 82 
45 84 
45 86 
45 87 
45 88 
45 91 
45 92 
45 94 
45 95 
45 96 
45 97 
45 98 
45 99 
45 100 
45 102 
45 103 
45 105 
45 108 
45 109 
45 110 
45 112 
45 115 
45 116 
45 117 
45 119 
45 120 
45 121 
45 125 
45 127 
45 128 
45 130 
45 134 
45 136 
45 138 
45 146 
45 148 
45 150 
45 158 
45 165 
45 168 
45 178 
45 182 
45 193 
45 212 
47 2 
47 3 
47 4 
47 5 
47 7 
47 9 
47 10 
47 14 
47 15 
47 23 
47 31 
47 34 
47 35 
47 37 
47 40 
47 44 
47 45 
47 49 
47 55 
47 73 
47 76 
47 98 
47 110 
47 139 
48 2 
48 3 
48 5 
48 7 
48 9 
48 14 
48 15 
48 18 
48 22 
48 23 
48 35 
48 52 
48 60 
48 69 
49 2 
49 4 
49 5 
49 7 
49 9 
49 10 
49 14 
49 15 
49 16 
49 17 
49 18 
49 21 
49 22 
49 23 
49 27 
49 29 
49 34 
49 35 
49 44 
49 45 
49 49 
49 55 
49 60 
49 66 
49 76 
49 78 
49 84 
49 94 
49 96 
49 108 
49 109 
49 125 
50 44 
51 7 
51 10 
51 14 
51 15 
51 21 
51 22 
51 36 
51 44 
51 45 
51 60 
51 87 
51 88 
52 2 
52 3 
52 5 
52 7 
52 8 
52 9 
52 10 
52 14 
52 15 
52 17 
52 22 
52 23 
52 26 
52 27 
52 30 
52 31 
52 32 
52 34 
52 35 
52 37 
52 40 
52 42 
52 44 
52 45 
52 49 
52 63 
52 68 
52 69 
52 70 
52 76 
52 83 
52 86 
52 90 
52 94 
52 102 
52 105 
52 109 
52 121 
52 125 
52 134 
52 158 
55 5 
55 7 
55 9 
55 14 
55 15 
55 16 
55 17 
55 31 
55 34 
55 37 
55 45 
55 49 
55 66 
55 76 
55 82 
55 94 
55 108 
55 127 
55 193 
56 5 
56 7 
56 9 
56 10 
56 14 
56 15 
56 23 
56 34 
56 42 
56 45 
56 49 
56 76 
56 78 
58 4 
58 7 
58 9 
58 10 
58 14 
58 15 
58 16 
58 22 
58 23 
58 27 
58 37 
58 45 
58 76 
58 79 
58 94 
58 96 
58 97 
58 108 
59 14 
59 44 
59 57 
59 113 
59 173 
59 187 
59 193 
60 2 
60 3 
60 7 
60 9 
60 10 
60 14 
60 15 
60 22 
60 27 
60 34 
60 44 
60 45 
60 51 
60 69 
60 70 
60 73 
60 76 
60 77 
60 86 
60 88 
60 90 
61 14 
61 15 
61 27 
61 35 
61 37 
61 40 
61 44 
62 40 
62 44 
62 69 
62 125 
63 4 
63 7 
63 9 
63 10 
63 14 
63 15 
63 22 
63 27 
63 30 
63 31 
63 32 
63 35 
63 37 
63 42 
63 44 
63 52 
63 69 
63 70 
63 76 
63 86 
63 87 
63 109 
63 187 
64 5 
64 7 
64 9 
64 14 
64 18 
64 23 
64 44 
64 45 
64 49 
64 76 
64 109 
65 5 
65 7 
65 9 
65 14 
65 44 
65 45 
65 76 
65 94 
65 103 
65 127 
65 128 
66 3 
66 5 
66 14 
66 15 
66 22 
66 27 
66 45 
66 55 
66 63 
66 110 
67 2 
67 4 
67 15 
67 23 
67 76 
67 105 
68 5 
68 7 
68 10 
68 14 
68 15 
68 22 
68 23 
68 32 
68 35 
68 40 
68 45 
68 48 
68 49 
68 52 
68 62 
68 63 
68 80 
68 84 
68 86 
68 90 
68 94 
68 100 
68 125 
69 2 
69 3 
69 4 
69 5 
69 7 
69 8 
69 9 
69 10 
69 11 
69 14 
69 15 
69 17 
69 18 
69 22 
69 23 
69 27 
69 30 
69 31 
69 33 
69 34 
69 35 
69 36 
69 37 
69 40 
69 42 
69 44 
69 45 
69 49 
69 52 
69 55 
69 60 
69 62 
69 63 
69 70 
69 76 
69 84 
69 86 
69 87 
69 88 
69 109 
70 2 
70 3 
70 4 
70 5 
70 7 
70 8 
70 9 
70 10 
70 11 
70 13 
70 14 
70 15 
70 17 
70 21 
70 22 
70 23 
70 27 
70 30 
70 32 
70 34 
70 35 
70 37 
70 40 
70 42 
70 44 
70 45 
70 49 
70 55 
70 62 
70 63 
70 68 
70 69 
70 76 
70 80 
70 84 
70 92 
70 96 
70 97 
70 102 
70 109 
70 148 
71 2 
71 17 
71 23 
71 27 
71 31 
71 44 
71 45 
71 92 
71 109 
73 13 
73 30 
73 40 
73 42 
73 63 
73 98 
73 117 
73 121 
74 3 
74 4 
74 7 
74 10 
74 14 
74 31 
74 35 
74 36 
74 68 
74 80 
74 109 
75 109 
76 2 
76 5 
76 7 
76 9 
76 10 
76 14 
76 15 
76 16 
76 17 
76 18 
76 21 
76 22 
76 23 
76 27 
76 28 
76 29 
76 31 
76 32 
76 34 
76 35 
76 37 
76 42 
76 44 
76 45 
76 49 
76 52 
76 55 
76 66 
76 69 
76 78 
76 79 
76 91 
76 96 
76 97 
76 103 
76 105 
76 108 
76 109 
76 112 
76 117 
77 15 
77 27 
77 45 
77 51 
77 60 
77 69 
77 88 
78 2 
78 3 
78 4 
78 5 
78 7 
78 9 
78 10 
78 14 
78 15 
78 18 
78 22 
78 23 
78 27 
78 28 
78 30 
78 31 
78 34 
78 35 
78 37 
78 40 
78 44 
78 45 
78 49 
78 52 
78 53 
78 55 
78 60 
78 69 
78 73 
78 76 
78 84 
78 91 
78 105 
78 148 
78 158 
78 180 
78 182 
78 187 
79 14 
80 13 
80 36 
80 44 
80 63 
80 102 
80 121 
81 16 
81 27 
81 45 
81 66 
81 94 
82 2 
82 7 
82 9 
82 14 
82 15 
82 22 
82 23 
82 35 
82 36 
82 37 
82 44 
82 53 
83 4 
83 14 
83 15 
83 23 
83 42 
83 44 
83 45 
83 52 
83 60 
84 3 
84 5 
84 7 
84 9 
84 14 
84 17 
84 37 
84 49 
84 52 
84 55 
84 69 
84 117 
86 3 
86 4 
86 7 
86 9 
86 14 
86 15 
86 44 
86 45 
86 49 
86 51 
86 60 
86 69 
86 77 
86 88 
86 90 
87 2 
87 3 
87 14 
87 45 
87 63 
87 69 
87 88 
87 109 
88 2 
88 3 
88 4 
88 7 
88 9 
88 14 
88 15 
88 22 
88 23 
88 32 
88 35 
88 44 
88 51 
88 60 
88 63 
88 69 
88 76 
88 77 
88 86 
88 87 
88 90 
88 109 
88 117 
88 121 
88 182 
89 4 
89 7 
89 9 
89 14 
89 15 
89 27 
89 78 
89 80 
89 86 
89 146 
89 158 
89 178 
89 187 
90 3 
90 14 
90 15 
90 22 
90 48 
90 51 
90 60 
90 86 
90 88 
91 2 
91 4 
91 5 
91 7 
91 9 
91 10 
91 14 
91 15 
91 18 
91 22 
91 23 
91 31 
91 34 
91 35 
91 37 
91 40 
91 42 
91 44 
91 45 
91 49 
91 55 
91 60 
91 74 
91 76 
91 78 
91 80 
91 109 
91 117 
91 146 
91 156 
92 13 
92 14 
93 5 
93 7 
93 9 
93 10 
93 14 
93 17 
93 19 
93 23 
93 27 
93 31 
93 33 
93 34 
93 49 
93 59 
93 63 
93 76 
93 77 
93 96 
93 109 
94 17 
94 96 
95 14 
95 27 
95 44 
95 45 
96 2 
96 5 
96 7 
96 9 
96 10 
96 14 
96 16 
96 17 
96 35 
96 36 
96 44 
96 45 
96 49 
96 55 
96 66 
96 94 
96 95 
96 100 
96 105 
96 109 
97 7 
97 9 
97 14 
97 15 
97 16 
97 17 
97 18 
97 23 
97 27 
97 34 
97 35 
97 44 
97 45 
97 49 
97 76 
97 79 
97 108 
98 13 
98 14 
98 17 
98 73 
98 80 
98 121 
99 2 
99 17 
99 27 
99 31 
99 45 
99 105 
99 165 
99 166 
100 113 
100 138 
101 2 
101 7 
101 9 
101 14 
101 15 
101 16 
101 23 
101 27 
101 35 
101 44 
101 45 
101 49 
101 76 
101 109 
102 15 
102 35 
102 80 
103 2 
103 7 
103 9 
103 14 
103 15 
103 27 
103 34 
103 44 
103 45 
103 49 
103 76 
103 109 
103 112 
103 178 
104 2 
104 4 
104 5 
104 7 
104 9 
104 10 
104 14 
104 15 
104 17 
104 18 
104 22 
104 23 
104 27 
104 34 
104 35 
104 37 
104 40 
104 44 
104 45 
104 49 
104 55 
104 60 
104 76 
104 78 
104 109 
104 150 
104 156 
104 182 
105 2 
105 3 
105 7 
105 10 
105 14 
105 15 
105 18 
105 22 
105 23 
105 25 
105 26 
105 28 
105 29 
105 31 
105 34 
105 35 
105 36 
105 37 
105 44 
105 45 
105 49 
105 70 
105 91 
105 99 
105 105 
105 109 
105 156 
105 165 
105 182 
106 2 
106 166 
107 2 
107 4 
107 5 
107 7 
107 9 
107 10 
107 14 
107 15 
107 17 
107 18 
107 21 
107 22 
107 23 
107 27 
107 28 
107 31 
107 34 
107 35 
107 37 
107 40 
107 42 
107 44 
107 45 
107 49 
107 55 
107 76 
107 96 
107 108 
107 109 
108 5 
108 14 
108 15 
108 23 
108 27 
108 31 
108 35 
108 44 
108 45 
108 49 
108 55 
108 76 
108 94 
108 95 
108 96 
108 103 
109 2 
109 3 
109 4 
109 5 
109 7 
109 8 
109 9 
109 10 
109 11 
109 14 
109 15 
109 17 
109 18 
109 21 
109 22 
109 23 
109 27 
109 30 
109 34 
109 35 
109 37 
109 40 
109 42 
109 44 
109 45 
109 49 
109 54 
109 55 
109 57 
109 62 
109 67 
109 68 
109 69 
109 70 
109 71 
109 73 
109 75 
109 76 
109 78 
109 80 
109 92 
109 105 
109 109 
109 110 
109 113 
109 115 
109 138 
109 150 
109 158 
109 168 
110 2 
110 5 
110 7 
110 8 
110 9 
110 10 
110 14 
110 15 
110 17 
110 18 
110 22 
110 23 
110 26 
110 31 
110 34 
110 35 
110 37 
110 40 
110 44 
110 45 
110 49 
110 55 
110 60 
110 63 
110 69 
110 70 
110 76 
110 80 
110 86 
110 88 
110 108 
110 109 
110 212 
111 15 
112 44 
112 109 
112 120 
112 128 
112 130 
113 2 
113 17 
113 35 
113 44 
113 108 
113 115 
113 181 
114 5 
114 7 
114 9 
114 14 
114 15 
114 17 
114 21 
114 27 
114 44 
114 45 
114 49 
114 66 
114 76 
114 108 
115 14 
115 44 
115 109 
115 168 
117 31 
119 7 
119 9 
119 36 
119 44 
119 54 
119 173 
119 193 
121 7 
121 9 
121 13 
121 15 
121 30 
121 32 
121 42 
121 52 
121 60 
121 68 
121 72 
121 73 
121 88 
121 98 
121 133 
122 7 
122 10 
122 170 
124 44 
124 45 
124 109 
124 113 
124 170 
124 193 
125 44 
125 45 
125 63 
125 158 
126 2 
126 4 
126 14 
126 15 
127 158 
128 130 
128 178 
129 105 
129 112 
134 32 
134 37 
134 125 
135 33 
135 44 
135 45 
135 158 
136 14 
136 17 
136 27 
136 45 
136 103 
136 112 
139 7 
139 9 
139 26 
139 158 
140 9 
140 10 
140 14 
140 44 
141 3 
141 7 
141 9 
145 14 
146 2 
146 4 
146 34 
146 51 
146 87 
146 158 
147 7 
147 9 
147 14 
147 18 
148 53 
149 17 
150 14 
150 34 
150 44 
150 104 
150 212 
152 45 
152 109 
153 7 
153 9 
153 158 
154 44 
155 2 
155 4 
155 7 
155 10 
155 14 
155 15 
155 17 
155 22 
155 27 
155 29 
155 31 
155 36 
155 37 
155 40 
155 44 
155 45 
155 63 
155 69 
155 73 
155 76 
155 105 
155 109 
156 7 
156 10 
156 14 
156 15 
156 45 
158 37 
158 44 
158 109 
159 44 
159 109 
161 5 
161 7 
161 9 
163 14 
163 29 
163 30 
163 44 
163 113 
163 168 
166 2 
166 14 
166 44 
166 45 
167 2 
167 14 
168 5 
168 7 
168 9 
168 27 
168 37 
168 49 
168 76 
168 108 
168 109 
168 115 
169 14 
169 27 
169 157 
169 187 
171 3 
171 45 
171 112 
171 178 
172 17 
172 33 
172 37 
172 125 
172 134 
172 158 
173 180 
176 7 
176 9 
176 10 
176 23 
179 44 
182 14 
182 22 
182 45 
182 82 
182 156 
184 3 
184 5 
184 7 
184 9 
184 14 
184 15 
184 17 
184 18 
184 27 
184 35 
184 37 
184 40 
184 44 
184 45 
184 49 
184 55 
184 108 
184 109 
186 3 
187 173 
192 7 
192 9 
203 37 
204 59 
211 14 
212 23 
212 110 
