3 11 
3 15 
4 11 
4 15 
4 22 
4 27 
4 35 
4 44 
4 84 
4 87 
5 4 
5 11 
5 15 
5 21 
5 27 
5 44 
6 15 
7 4 
9 4 
11 3 
11 4 
11 15 
11 27 
13 15 
14 4 
14 11 
14 21 
14 22 
14 35 
14 44 
14 68 
14 84 
14 87 
15 3 
15 4 
15 5 
15 11 
15 22 
15 27 
15 35 
15 44 
15 52 
15 68 
15 69 
15 87 
21 44 
22 3 
22 11 
22 15 
22 27 
22 44 
27 3 
27 4 
27 11 
27 15 
27 21 
27 35 
27 44 
27 57 
27 88 
30 3 
30 4 
30 11 
30 15 
30 21 
30 22 
30 69 
30 83 
32 11 
35 4 
35 15 
35 22 
35 27 
35 44 
35 52 
35 82 
36 11 
39 15 
42 3 
42 15 
44 11 
44 21 
44 22 
44 27 
45 3 
45 4 
45 5 
45 11 
45 21 
45 27 
45 35 
45 44 
49 5 
49 11 
49 15 
49 27 
52 15 
58 4 
58 27 
61 27 
63 87 
66 27 
68 15 
68 22 
68 27 
68 44 
69 3 
69 15 
69 21 
69 22 
70 27 
70 44 
70 52 
73 15 
76 5 
76 11 
76 15 
76 27 
76 45 
80 11 
82 35 
86 3 
86 15 
93 27 
93 83 
96 15 
108 11 
108 15 
109 27 
109 44 
114 11 
