1 28 
2 7 
2 8 
2 18 
2 26 
2 34 
2 39 
2 99 
2 105 
2 156 
2 158 
2 166 
2 212 
3 14 
3 15 
3 21 
3 22 
3 27 
3 30 
3 37 
3 60 
3 63 
3 69 
3 84 
3 87 
3 88 
4 3 
4 6 
4 11 
4 13 
4 14 
4 15 
4 21 
4 22 
4 25 
4 27 
4 30 
4 32 
4 35 
4 36 
4 37 
4 42 
4 44 
4 45 
4 51 
4 52 
4 57 
4 60 
4 63 
4 68 
4 70 
4 73 
4 74 
4 80 
4 82 
4 84 
4 86 
4 87 
4 88 
4 98 
4 102 
4 117 
4 121 
4 158 
5 6 
5 14 
5 37 
5 49 
5 82 
6 6 
6 7 
6 10 
6 23 
6 45 
6 112 
6 178 
7 6 
7 15 
7 18 
7 26 
7 32 
7 34 
7 39 
7 45 
7 57 
7 72 
7 96 
7 105 
7 134 
7 157 
7 170 
8 140 
9 6 
9 8 
9 15 
9 18 
9 26 
9 32 
9 34 
9 39 
9 45 
9 57 
9 72 
9 96 
9 105 
9 134 
9 140 
9 157 
9 170 
10 8 
11 4 
11 13 
11 14 
11 15 
11 22 
11 27 
11 30 
11 35 
11 36 
11 80 
12 4 
12 6 
12 11 
12 14 
12 15 
12 22 
12 27 
12 32 
12 33 
12 37 
12 42 
12 44 
12 52 
12 60 
12 62 
12 69 
12 77 
12 80 
12 84 
12 86 
12 88 
12 89 
12 102 
12 117 
12 125 
12 134 
12 158 
12 212 
13 27 
13 32 
13 36 
13 98 
13 121 
14 3 
14 4 
14 7 
14 8 
14 11 
14 13 
14 15 
14 21 
14 22 
14 25 
14 27 
14 30 
14 32 
14 34 
14 35 
14 36 
14 37 
14 42 
14 44 
14 45 
14 51 
14 52 
14 54 
14 57 
14 59 
14 63 
14 68 
14 69 
14 73 
14 74 
14 80 
14 82 
14 84 
14 87 
14 88 
14 98 
14 117 
14 121 
14 125 
14 157 
14 180 
14 213 
15 3 
15 4 
15 11 
15 13 
15 14 
15 21 
15 22 
15 27 
15 30 
15 32 
15 35 
15 36 
15 37 
15 44 
15 52 
15 63 
15 68 
15 69 
15 73 
15 74 
15 80 
15 82 
15 84 
15 87 
15 98 
15 121 
15 212 
16 6 
16 45 
16 79 
16 97 
17 28 
17 33 
17 44 
17 125 
17 134 
17 155 
17 158 
17 190 
17 212 
18 26 
18 34 
19 32 
19 40 
19 42 
19 83 
19 100 
19 116 
19 117 
19 125 
19 134 
19 158 
20 40 
21 15 
21 27 
21 44 
21 148 
22 3 
22 4 
22 6 
22 7 
22 8 
22 11 
22 13 
22 14 
22 15 
22 17 
22 21 
22 25 
22 26 
22 27 
22 30 
22 32 
22 34 
22 35 
22 36 
22 37 
22 42 
22 44 
22 48 
22 51 
22 52 
22 60 
22 62 
22 63 
22 68 
22 69 
22 70 
22 71 
22 73 
22 74 
22 77 
22 80 
22 83 
22 84 
22 86 
22 87 
22 88 
22 90 
22 92 
22 98 
22 109 
22 113 
22 115 
22 117 
22 121 
22 134 
22 148 
22 212 
23 7 
23 8 
23 26 
23 32 
23 34 
23 39 
23 140 
24 32 
25 14 
25 33 
25 125 
25 134 
25 146 
25 158 
26 18 
26 26 
26 34 
26 39 
26 158 
26 212 
27 3 
27 4 
27 6 
27 7 
27 8 
27 11 
27 13 
27 14 
27 15 
27 21 
27 22 
27 25 
27 26 
27 30 
27 32 
27 33 
27 34 
27 35 
27 36 
27 37 
27 40 
27 42 
27 44 
27 45 
27 51 
27 52 
27 60 
27 62 
27 63 
27 68 
27 69 
27 70 
27 73 
27 74 
27 80 
27 82 
27 83 
27 84 
27 86 
27 87 
27 88 
27 90 
27 98 
27 100 
27 102 
27 115 
27 117 
27 119 
27 121 
27 127 
27 134 
27 148 
27 158 
27 193 
30 3 
30 4 
30 11 
30 13 
30 14 
30 15 
30 21 
30 22 
30 27 
30 32 
30 35 
30 36 
30 37 
30 42 
30 44 
30 52 
30 60 
30 62 
30 63 
30 68 
30 69 
30 73 
30 80 
30 84 
30 87 
30 88 
30 98 
30 117 
30 121 
31 7 
31 8 
31 10 
31 18 
31 23 
31 32 
32 30 
32 40 
32 73 
32 117 
33 25 
33 27 
33 80 
33 89 
33 125 
33 134 
33 157 
33 158 
34 26 
34 71 
34 119 
34 212 
35 3 
35 4 
35 6 
35 11 
35 13 
35 14 
35 15 
35 21 
35 22 
35 25 
35 27 
35 30 
35 32 
35 36 
35 37 
35 42 
35 44 
35 48 
35 51 
35 52 
35 53 
35 59 
35 60 
35 63 
35 68 
35 69 
35 73 
35 74 
35 77 
35 80 
35 82 
35 83 
35 84 
35 86 
35 87 
35 88 
35 98 
35 102 
35 117 
35 121 
35 128 
35 157 
35 158 
36 11 
36 13 
36 27 
36 30 
36 35 
36 80 
37 6 
37 14 
37 15 
38 32 
39 7 
39 8 
39 11 
39 15 
39 26 
39 32 
39 34 
39 212 
40 3 
40 6 
40 11 
40 14 
40 15 
40 22 
40 27 
40 30 
40 32 
40 33 
40 34 
40 36 
40 37 
40 42 
40 44 
40 48 
40 51 
40 52 
40 60 
40 63 
40 68 
40 69 
40 77 
40 80 
40 83 
40 84 
40 86 
40 87 
40 88 
40 90 
40 98 
40 100 
40 117 
40 121 
40 125 
40 133 
40 134 
40 158 
42 30 
42 32 
42 40 
42 83 
42 87 
42 117 
43 71 
43 92 
43 113 
43 125 
43 134 
43 158 
43 212 
44 4 
44 6 
44 11 
44 14 
44 15 
44 21 
44 22 
44 27 
44 30 
44 35 
44 45 
44 63 
44 69 
44 73 
44 80 
44 82 
44 87 
44 128 
44 213 
45 6 
45 7 
45 8 
45 16 
45 23 
45 26 
45 34 
45 76 
45 97 
45 103 
45 112 
45 120 
45 125 
45 127 
45 128 
45 130 
45 134 
45 136 
45 146 
45 158 
45 170 
45 178 
45 182 
46 32 
46 72 
47 26 
47 34 
48 32 
48 51 
48 52 
48 60 
48 68 
48 77 
48 84 
48 86 
48 88 
48 90 
49 5 
49 6 
49 37 
49 96 
51 60 
51 86 
51 88 
52 15 
52 30 
52 32 
52 63 
52 68 
52 73 
52 84 
52 121 
55 6 
55 14 
55 27 
55 127 
58 6 
58 14 
58 45 
58 79 
58 97 
59 32 
60 51 
60 88 
61 6 
62 15 
62 27 
62 40 
62 52 
62 68 
63 27 
63 30 
63 32 
63 35 
63 52 
63 69 
63 84 
63 87 
63 90 
65 6 
65 14 
65 45 
66 6 
66 35 
66 55 
67 33 
67 134 
68 4 
68 11 
68 15 
68 22 
68 27 
68 30 
68 32 
68 42 
68 48 
68 52 
68 62 
68 63 
68 69 
68 77 
68 80 
68 83 
68 84 
68 86 
68 88 
68 90 
68 100 
68 116 
68 117 
69 3 
69 15 
69 27 
69 30 
69 32 
69 35 
69 42 
69 63 
69 73 
69 84 
69 87 
69 88 
70 3 
70 4 
70 6 
70 7 
70 8 
70 14 
70 15 
70 22 
70 27 
70 32 
70 35 
70 37 
70 42 
70 44 
70 45 
70 62 
70 63 
70 68 
70 80 
70 88 
70 102 
70 117 
71 92 
71 125 
72 32 
73 21 
73 30 
73 32 
73 35 
73 121 
74 4 
74 14 
74 15 
76 6 
76 16 
76 23 
76 45 
76 97 
77 37 
77 51 
77 84 
78 4 
78 6 
78 14 
78 15 
78 22 
78 27 
78 30 
78 32 
78 35 
78 37 
78 42 
78 44 
78 51 
78 59 
78 60 
78 63 
78 77 
78 80 
78 83 
78 84 
78 86 
78 87 
78 88 
78 102 
78 117 
78 158 
78 213 
79 97 
80 11 
80 30 
80 158 
81 14 
81 127 
82 14 
82 22 
82 27 
82 30 
82 35 
82 37 
82 44 
82 53 
82 73 
82 74 
82 98 
82 115 
83 32 
83 84 
83 117 
84 22 
84 27 
84 30 
84 32 
84 52 
84 63 
84 68 
84 83 
86 3 
86 14 
86 15 
86 32 
86 37 
86 51 
86 52 
86 60 
86 63 
86 68 
86 77 
86 83 
86 84 
86 88 
86 90 
86 117 
87 3 
87 4 
87 30 
87 63 
87 69 
87 88 
88 3 
88 15 
88 22 
88 27 
88 35 
88 63 
88 73 
88 84 
88 87 
89 3 
89 22 
89 25 
89 30 
89 32 
89 33 
89 36 
89 42 
89 48 
89 52 
89 62 
89 69 
89 83 
89 84 
89 87 
89 100 
89 116 
89 117 
89 125 
89 133 
89 134 
89 146 
89 158 
90 3 
90 22 
90 30 
90 32 
90 33 
90 36 
90 42 
90 44 
90 48 
90 51 
90 52 
90 60 
90 63 
90 68 
90 69 
90 73 
90 77 
90 83 
90 84 
90 86 
90 87 
90 88 
90 98 
90 117 
90 121 
91 3 
91 6 
91 14 
91 22 
91 32 
91 42 
91 44 
91 80 
91 134 
91 158 
93 14 
93 28 
93 30 
93 33 
93 48 
93 77 
93 89 
93 91 
93 127 
94 127 
96 6 
96 32 
96 49 
96 80 
98 13 
98 30 
98 73 
98 80 
98 82 
98 121 
98 134 
100 83 
100 116 
100 117 
100 133 
101 6 
101 16 
101 58 
101 79 
101 97 
102 6 
102 7 
102 8 
102 32 
104 157 
105 2 
105 6 
105 7 
105 8 
105 10 
105 23 
105 34 
105 39 
105 45 
105 99 
105 156 
105 165 
105 182 
108 5 
108 6 
108 15 
108 35 
108 95 
109 44 
109 57 
109 59 
109 75 
109 77 
109 115 
109 138 
109 150 
109 168 
109 212 
110 212 
112 128 
112 178 
113 71 
113 159 
116 32 
117 121 
119 157 
119 170 
119 173 
120 127 
120 128 
121 15 
121 35 
121 73 
121 98 
122 193 
124 109 
124 157 
125 33 
125 134 
125 158 
128 14 
128 178 
130 14 
133 32 
135 14 
135 26 
135 28 
135 34 
136 6 
146 25 
146 32 
146 42 
146 51 
146 52 
146 68 
146 69 
146 70 
146 83 
146 84 
146 87 
146 89 
146 90 
146 100 
146 117 
146 125 
146 133 
146 134 
146 158 
148 4 
148 15 
148 22 
148 30 
148 84 
154 80 
155 34 
158 134 
167 33 
167 125 
168 109 
169 14 
169 157 
170 119 
170 157 
170 173 
173 157 
186 14 
186 27 
186 80 
186 88 
187 4 
187 14 
187 27 
187 32 
187 42 
187 44 
187 77 
187 80 
187 83 
187 86 
187 102 
187 117 
199 6 
203 37 
204 59 
204 91 
211 11 
