2 18 
2 34 
2 99 
2 105 
3 2 
3 15 
3 22 
3 37 
3 52 
3 74 
3 87 
3 88 
4 3 
4 14 
4 15 
4 74 
4 148 
5 2 
5 6 
5 7 
5 9 
5 22 
5 26 
5 32 
5 44 
5 45 
5 60 
5 70 
5 80 
5 90 
5 105 
5 109 
5 133 
5 182 
7 33 
7 80 
7 133 
7 158 
9 33 
9 80 
9 133 
9 158 
11 3 
11 27 
11 36 
11 37 
11 80 
13 32 
13 36 
14 4 
14 22 
14 27 
14 182 
15 3 
15 4 
15 6 
15 7 
15 9 
15 11 
15 14 
15 21 
15 22 
15 27 
15 30 
15 35 
15 36 
15 37 
15 44 
15 52 
15 63 
15 68 
15 69 
15 73 
15 74 
15 80 
15 82 
15 83 
15 87 
15 88 
15 121 
15 150 
17 80 
17 109 
17 133 
17 155 
17 158 
19 158 
21 14 
22 4 
22 6 
22 14 
22 36 
22 44 
22 60 
22 68 
22 77 
22 86 
22 88 
22 148 
26 34 
26 158 
27 3 
27 4 
27 11 
27 14 
27 15 
27 21 
27 22 
27 30 
27 35 
27 36 
27 37 
27 44 
27 52 
27 60 
27 62 
27 63 
27 68 
27 69 
27 73 
27 74 
27 80 
27 82 
27 84 
27 87 
27 88 
27 90 
27 98 
27 121 
27 148 
29 27 
30 27 
30 87 
30 121 
34 158 
35 4 
35 14 
35 37 
35 44 
35 80 
35 82 
36 11 
36 80 
37 109 
39 26 
39 133 
40 44 
40 48 
42 25 
43 2 
43 125 
43 133 
43 158 
44 4 
44 7 
44 8 
44 11 
44 14 
44 15 
44 21 
44 22 
44 27 
44 34 
44 35 
44 37 
44 39 
44 52 
44 62 
44 63 
44 68 
44 70 
44 71 
44 73 
44 80 
44 109 
44 148 
45 2 
45 6 
45 7 
45 8 
45 10 
45 16 
45 26 
45 33 
45 34 
45 39 
45 58 
45 80 
45 102 
45 103 
45 112 
45 127 
45 128 
45 134 
45 158 
47 27 
47 52 
47 80 
47 117 
47 158 
52 84 
63 30 
63 87 
66 6 
68 32 
68 52 
68 62 
68 90 
69 84 
73 30 
73 117 
73 121 
82 94 
84 52 
86 90 
87 15 
87 30 
87 63 
89 44 
93 33 
93 48 
93 77 
95 2 
95 3 
95 4 
95 5 
95 6 
95 7 
95 9 
95 11 
95 14 
95 15 
95 21 
95 22 
95 23 
95 27 
95 30 
95 32 
95 35 
95 36 
95 37 
95 40 
95 44 
95 45 
95 49 
95 51 
95 55 
95 60 
95 70 
95 73 
95 76 
95 77 
95 80 
95 86 
95 90 
95 102 
95 105 
95 108 
95 109 
95 112 
95 117 
95 121 
96 2 
96 15 
96 27 
96 44 
96 45 
96 70 
96 105 
96 109 
96 133 
97 16 
98 73 
105 2 
108 2 
108 6 
108 15 
108 22 
108 23 
108 27 
108 30 
108 32 
108 36 
108 44 
108 45 
108 55 
108 76 
108 80 
108 105 
109 75 
109 138 
110 158 
121 30 
121 73 
121 98 
142 2 
152 133 
172 158 
