2 7 
2 8 
2 23 
2 31 
2 32 
2 34 
2 99 
2 105 
2 166 
3 15 
3 60 
3 109 
4 14 
4 21 
4 36 
4 74 
4 82 
4 148 
5 14 
5 95 
6 45 
6 97 
7 2 
7 26 
7 28 
7 31 
7 34 
7 72 
7 109 
9 2 
9 26 
9 28 
9 31 
9 34 
9 72 
9 109 
11 17 
11 36 
11 84 
12 2 
12 33 
12 62 
14 15 
14 21 
14 27 
14 30 
14 35 
14 39 
14 44 
14 68 
14 104 
14 138 
14 150 
14 156 
14 157 
15 3 
15 4 
15 5 
15 7 
15 9 
15 14 
15 22 
15 27 
15 30 
15 36 
15 37 
15 39 
15 44 
15 59 
15 68 
15 73 
17 2 
17 14 
17 29 
17 33 
17 110 
17 125 
19 72 
21 14 
22 2 
22 4 
22 15 
22 31 
22 37 
22 48 
22 68 
22 109 
22 148 
23 7 
23 8 
23 30 
23 31 
23 34 
23 39 
23 45 
24 72 
26 2 
26 33 
26 34 
26 105 
26 150 
27 4 
27 6 
27 15 
27 88 
27 102 
27 105 
28 193 
30 21 
30 84 
32 6 
32 117 
33 125 
33 158 
34 2 
35 4 
35 14 
35 22 
35 109 
35 121 
35 158 
36 11 
36 14 
36 22 
36 32 
38 72 
40 4 
40 5 
40 23 
40 27 
40 49 
40 54 
40 67 
40 70 
40 76 
40 96 
40 108 
40 158 
41 72 
42 72 
43 2 
43 33 
43 71 
43 92 
43 110 
43 125 
43 134 
43 158 
43 159 
43 181 
44 14 
44 21 
44 30 
44 35 
44 87 
44 113 
44 193 
45 2 
45 4 
45 5 
45 6 
45 7 
45 9 
45 14 
45 15 
45 16 
45 18 
45 26 
45 29 
45 31 
45 32 
45 34 
45 37 
45 40 
45 44 
45 49 
45 58 
45 66 
45 70 
45 76 
45 82 
45 94 
45 103 
45 105 
45 109 
45 112 
45 134 
49 5 
49 26 
49 48 
49 96 
49 109 
51 48 
52 68 
55 6 
55 16 
55 76 
60 48 
60 51 
63 87 
68 44 
68 45 
68 48 
68 52 
68 62 
68 84 
68 90 
69 84 
70 15 
71 44 
71 92 
71 181 
73 21 
76 16 
76 44 
86 77 
89 2 
89 40 
89 146 
89 158 
91 74 
93 33 
93 48 
93 83 
107 95 
107 96 
108 95 
109 75 
109 115 
109 138 
109 168 
113 92 
113 181 
115 75 
115 138 
115 168 
119 173 
125 158 
135 125 
168 115 
173 157 
173 180 
