3 27 
3 63 
3 84 
3 87 
4 14 
4 15 
4 22 
4 27 
4 35 
4 36 
4 44 
4 63 
4 74 
4 82 
4 84 
4 87 
7 170 
9 170 
13 27 
14 4 
14 15 
14 21 
14 22 
14 27 
14 35 
14 44 
14 74 
14 84 
14 87 
15 3 
15 11 
15 14 
15 22 
15 27 
15 52 
15 63 
15 73 
15 74 
15 84 
15 87 
15 97 
16 27 
16 45 
16 90 
16 97 
17 110 
17 212 
21 27 
21 44 
22 3 
22 15 
22 27 
22 35 
22 44 
22 52 
22 63 
22 68 
22 84 
22 87 
22 88 
27 3 
27 4 
27 11 
27 13 
27 14 
27 15 
27 21 
27 22 
27 35 
27 36 
27 44 
27 52 
27 63 
27 73 
27 84 
27 87 
27 121 
27 148 
29 44 
29 112 
30 52 
30 73 
30 84 
30 87 
30 121 
35 14 
35 15 
35 21 
35 22 
35 27 
35 52 
35 82 
36 11 
36 27 
36 68 
39 11 
39 14 
39 15 
39 63 
44 4 
44 14 
44 21 
44 27 
44 84 
45 16 
47 15 
47 63 
52 84 
54 4 
54 14 
55 4 
55 14 
55 15 
55 27 
55 35 
55 44 
55 45 
55 90 
58 14 
58 35 
58 44 
58 45 
58 79 
58 90 
59 4 
59 14 
59 170 
59 187 
62 84 
63 73 
63 84 
63 87 
63 121 
64 14 
64 44 
64 128 
65 14 
65 15 
65 36 
65 44 
65 45 
65 112 
66 4 
66 22 
66 27 
66 35 
66 45 
66 55 
66 83 
66 90 
66 117 
68 52 
68 62 
68 84 
69 84 
71 3 
71 15 
71 44 
73 121 
76 45 
79 45 
79 58 
79 97 
81 45 
81 90 
82 27 
82 74 
84 52 
87 52 
87 63 
87 84 
88 22 
88 52 
88 84 
92 4 
92 11 
92 15 
92 27 
92 36 
92 44 
93 21 
94 112 
101 45 
101 97 
103 44 
110 15 
110 44 
110 212 
119 3 
119 4 
119 15 
119 22 
119 27 
119 44 
119 170 
120 112 
120 128 
121 73 
121 98 
128 44 
130 27 
144 90 
150 44 
159 4 
160 44 
160 128 
171 112 
178 112 
178 128 
181 4 
