1 7 
1 9 
1 15 
1 17 
1 28 
2 7 
2 8 
2 9 
2 18 
2 23 
2 26 
2 34 
2 39 
2 45 
2 99 
2 166 
2 212 
3 7 
3 8 
3 13 
3 15 
3 22 
3 30 
3 37 
3 69 
3 73 
3 74 
3 87 
3 88 
4 3 
4 5 
4 6 
4 7 
4 8 
4 11 
4 13 
4 14 
4 15 
4 22 
4 27 
4 30 
4 35 
4 36 
4 40 
4 44 
4 63 
4 74 
4 84 
4 87 
5 7 
5 8 
6 6 
7 5 
7 6 
7 14 
7 17 
7 18 
7 26 
7 27 
7 28 
7 32 
7 34 
7 39 
7 44 
7 45 
7 54 
7 67 
7 80 
7 82 
7 91 
7 94 
7 105 
7 134 
7 150 
7 155 
7 158 
8 6 
8 14 
8 18 
8 26 
8 34 
8 45 
8 91 
8 140 
9 5 
9 6 
9 8 
9 17 
9 18 
9 26 
9 27 
9 28 
9 32 
9 34 
9 39 
9 44 
9 45 
9 54 
9 67 
9 80 
9 82 
9 94 
9 105 
9 134 
9 140 
9 150 
9 158 
10 8 
10 26 
10 155 
11 27 
11 44 
12 91 
13 27 
13 32 
13 98 
13 121 
14 3 
14 4 
14 5 
14 6 
14 7 
14 8 
14 10 
14 11 
14 15 
14 21 
14 22 
14 27 
14 32 
14 34 
14 35 
14 36 
14 37 
14 44 
14 45 
14 54 
14 57 
14 59 
14 60 
14 62 
14 63 
14 68 
14 69 
14 74 
14 78 
14 82 
14 84 
14 88 
14 91 
14 100 
14 102 
14 104 
14 125 
14 134 
14 157 
14 182 
14 187 
14 212 
15 3 
15 4 
15 7 
15 8 
15 9 
15 10 
15 11 
15 13 
15 14 
15 22 
15 23 
15 27 
15 30 
15 31 
15 32 
15 34 
15 35 
15 36 
15 37 
15 39 
15 44 
15 52 
15 60 
15 63 
15 68 
15 69 
15 70 
15 73 
15 74 
15 82 
15 84 
15 86 
15 87 
15 88 
15 98 
15 109 
15 121 
15 148 
15 150 
15 212 
16 7 
16 8 
16 23 
16 58 
16 79 
16 97 
17 6 
17 18 
17 34 
17 71 
17 80 
17 105 
17 109 
17 125 
17 134 
17 155 
17 158 
19 4 
19 5 
19 6 
19 7 
19 8 
19 9 
19 10 
19 14 
19 15 
19 17 
19 22 
19 23 
19 25 
19 26 
19 27 
19 28 
19 30 
19 31 
19 32 
19 33 
19 34 
19 35 
19 37 
19 39 
19 42 
19 45 
19 48 
19 51 
19 54 
19 59 
19 60 
19 62 
19 68 
19 71 
19 72 
19 73 
19 74 
19 76 
19 77 
19 84 
19 86 
19 87 
19 89 
19 90 
19 91 
19 96 
19 100 
19 102 
19 109 
19 116 
19 117 
19 133 
19 134 
19 146 
19 150 
19 155 
19 156 
19 158 
19 182 
22 3 
22 4 
22 5 
22 6 
22 14 
22 15 
22 17 
22 23 
22 27 
22 29 
22 30 
22 32 
22 34 
22 35 
22 36 
22 37 
22 40 
22 44 
22 45 
22 48 
22 51 
22 60 
22 63 
22 68 
22 77 
22 80 
22 84 
22 88 
22 110 
22 116 
22 148 
22 212 
23 6 
23 7 
23 8 
23 34 
25 3 
25 5 
25 14 
25 15 
25 26 
25 34 
25 36 
25 37 
25 84 
25 94 
25 95 
25 119 
25 158 
26 34 
26 39 
26 212 
27 3 
27 4 
27 7 
27 8 
27 11 
27 13 
27 14 
27 15 
27 21 
27 22 
27 30 
27 35 
27 36 
27 37 
27 44 
27 63 
27 68 
27 69 
27 73 
27 82 
27 84 
27 88 
27 98 
27 121 
27 148 
27 156 
28 6 
28 15 
28 17 
28 37 
28 80 
30 13 
30 15 
30 44 
30 68 
30 87 
32 7 
32 8 
32 117 
33 134 
34 7 
34 8 
34 66 
34 94 
34 99 
34 109 
34 150 
34 166 
34 212 
35 4 
35 11 
35 14 
35 15 
35 22 
35 23 
35 30 
35 32 
35 34 
35 53 
35 78 
35 80 
35 82 
35 88 
35 150 
35 182 
36 7 
36 8 
36 11 
36 13 
36 15 
36 17 
36 22 
37 32 
37 45 
37 55 
38 32 
39 7 
39 8 
39 9 
39 26 
39 67 
39 80 
39 133 
39 212 
40 4 
40 5 
40 6 
40 11 
40 14 
40 15 
40 22 
40 23 
40 25 
40 27 
40 34 
40 36 
40 37 
40 39 
40 44 
40 45 
40 48 
40 51 
40 70 
40 72 
40 80 
40 89 
40 91 
40 109 
40 133 
40 134 
40 146 
42 7 
42 8 
43 7 
43 8 
43 17 
43 26 
43 67 
43 68 
43 71 
43 72 
43 78 
43 91 
43 109 
43 110 
43 113 
43 125 
43 133 
43 134 
43 146 
43 158 
43 212 
44 4 
44 7 
44 8 
44 13 
44 14 
44 15 
44 21 
44 22 
44 34 
44 35 
44 36 
44 63 
44 70 
44 71 
44 128 
44 148 
45 4 
45 5 
45 6 
45 7 
45 8 
45 9 
45 10 
45 11 
45 13 
45 14 
45 15 
45 16 
45 17 
45 18 
45 21 
45 22 
45 23 
45 25 
45 26 
45 27 
45 28 
45 29 
45 30 
45 31 
45 32 
45 33 
45 34 
45 35 
45 36 
45 37 
45 39 
45 42 
45 44 
45 49 
45 51 
45 52 
45 55 
45 58 
45 62 
45 66 
45 67 
45 68 
45 70 
45 73 
45 74 
45 76 
45 77 
45 78 
45 80 
45 82 
45 84 
45 86 
45 89 
45 90 
45 91 
45 94 
45 96 
45 97 
45 102 
45 103 
45 105 
45 108 
45 109 
45 112 
45 117 
45 120 
45 127 
45 128 
45 134 
45 136 
45 148 
45 150 
45 155 
45 158 
45 178 
45 182 
46 3 
46 32 
47 7 
47 8 
47 90 
47 117 
47 158 
49 22 
49 23 
49 27 
52 6 
52 68 
52 84 
54 4 
54 15 
54 37 
55 7 
55 8 
59 14 
60 88 
62 52 
62 68 
63 14 
63 22 
63 27 
63 30 
63 73 
63 87 
63 98 
68 4 
68 7 
68 8 
68 14 
68 22 
68 27 
68 30 
68 44 
68 48 
68 52 
68 62 
68 67 
68 84 
68 90 
69 63 
69 84 
69 87 
70 6 
70 7 
70 8 
70 15 
70 22 
70 45 
70 78 
70 80 
71 7 
71 8 
71 125 
73 15 
73 30 
73 44 
73 98 
73 121 
74 4 
74 11 
74 14 
74 15 
74 22 
74 30 
74 35 
74 156 
75 23 
78 182 
80 13 
82 53 
83 150 
84 14 
84 68 
86 77 
87 30 
87 63 
87 69 
87 84 
89 4 
89 6 
89 14 
89 15 
89 17 
89 22 
89 25 
89 33 
89 36 
89 44 
89 90 
89 91 
89 94 
89 125 
89 134 
89 146 
89 158 
90 48 
93 2 
93 33 
93 48 
93 77 
93 89 
96 6 
96 55 
96 58 
96 95 
96 97 
97 16 
98 13 
98 27 
98 30 
98 121 
104 14 
104 150 
105 99 
105 139 
107 7 
107 8 
107 23 
109 7 
109 8 
109 23 
109 44 
109 70 
109 74 
109 75 
109 115 
109 138 
109 168 
110 68 
110 212 
121 13 
121 32 
121 73 
121 98 
135 33 
140 8 
152 7 
152 8 
153 28 
153 39 
166 156 
168 7 
168 8 
170 14 
172 134 
195 139 
204 59 
