2 6 
2 7 
2 8 
2 9 
2 23 
2 26 
2 31 
2 37 
2 44 
2 45 
2 59 
2 80 
2 102 
2 105 
2 109 
2 156 
2 182 
2 212 
3 14 
3 15 
3 22 
3 87 
3 88 
4 3 
4 11 
4 13 
4 14 
4 15 
4 22 
4 27 
4 28 
4 30 
4 35 
4 36 
4 37 
4 44 
4 52 
4 60 
4 62 
4 63 
4 68 
4 69 
4 73 
4 74 
4 80 
4 82 
4 84 
4 88 
4 98 
4 102 
4 119 
4 121 
4 148 
4 168 
4 181 
5 125 
5 127 
5 146 
5 212 
6 7 
6 8 
6 23 
6 31 
6 45 
6 182 
7 6 
7 23 
7 26 
7 32 
7 76 
7 168 
8 6 
8 23 
8 168 
9 6 
9 8 
9 23 
9 26 
9 32 
9 76 
10 23 
11 13 
11 15 
11 22 
11 27 
11 30 
11 36 
11 42 
11 44 
11 63 
11 69 
11 80 
11 84 
11 87 
11 88 
11 98 
11 100 
11 102 
11 121 
13 14 
13 15 
13 36 
13 37 
13 80 
13 98 
14 3 
14 4 
14 6 
14 7 
14 8 
14 11 
14 15 
14 21 
14 22 
14 23 
14 27 
14 28 
14 30 
14 31 
14 32 
14 35 
14 36 
14 37 
14 44 
14 52 
14 54 
14 57 
14 59 
14 60 
14 62 
14 63 
14 68 
14 69 
14 74 
14 80 
14 82 
14 84 
14 87 
14 88 
14 100 
14 102 
14 116 
14 121 
14 134 
14 150 
14 156 
14 180 
14 182 
15 3 
15 4 
15 13 
15 14 
15 21 
15 22 
15 27 
15 30 
15 35 
15 36 
15 37 
15 44 
15 52 
15 63 
15 68 
15 69 
15 73 
15 74 
15 82 
15 83 
15 84 
15 98 
15 121 
15 212 
17 83 
17 212 
18 4 
18 6 
18 7 
18 8 
18 10 
18 14 
18 23 
18 27 
18 31 
18 37 
18 48 
18 51 
18 54 
18 60 
18 80 
18 117 
18 150 
18 156 
18 182 
21 14 
21 44 
22 3 
22 14 
22 21 
22 27 
22 30 
22 35 
22 37 
22 40 
22 44 
22 48 
22 63 
22 68 
22 84 
22 88 
23 158 
27 3 
27 4 
27 7 
27 8 
27 11 
27 13 
27 14 
27 15 
27 21 
27 22 
27 30 
27 35 
27 36 
27 37 
27 44 
27 62 
27 63 
27 68 
27 69 
27 73 
27 74 
27 80 
27 82 
27 84 
27 87 
27 98 
27 125 
27 127 
27 134 
27 148 
28 125 
30 14 
30 21 
30 22 
30 27 
30 44 
30 63 
30 73 
30 80 
30 87 
30 98 
30 102 
31 18 
32 13 
32 15 
32 117 
33 25 
33 158 
35 7 
35 8 
35 11 
35 14 
35 22 
35 27 
35 30 
35 44 
35 82 
35 87 
35 102 
35 182 
36 4 
36 11 
36 13 
36 27 
36 37 
36 68 
36 74 
36 80 
36 84 
36 102 
39 7 
39 8 
39 10 
39 23 
39 31 
39 39 
39 45 
39 67 
40 14 
40 22 
40 37 
40 60 
43 113 
43 125 
43 212 
44 14 
44 21 
44 22 
44 23 
44 27 
44 36 
44 45 
44 62 
44 68 
44 80 
44 102 
45 2 
45 6 
45 7 
45 8 
45 16 
45 39 
45 55 
45 76 
45 79 
45 96 
45 103 
45 112 
45 127 
45 128 
45 146 
45 170 
45 182 
47 4 
47 6 
47 7 
47 8 
47 14 
47 15 
47 22 
47 23 
47 25 
47 27 
47 31 
47 32 
47 35 
47 40 
47 44 
47 45 
47 60 
47 80 
47 116 
48 22 
49 27 
52 84 
63 3 
63 14 
63 84 
63 87 
68 14 
68 23 
68 52 
68 62 
69 4 
69 6 
69 22 
69 32 
69 60 
69 80 
69 84 
69 87 
69 98 
70 14 
71 158 
73 98 
73 121 
74 4 
74 14 
74 15 
80 15 
80 36 
80 102 
82 21 
82 35 
84 11 
87 30 
88 22 
88 69 
88 87 
96 23 
98 13 
98 37 
98 73 
98 80 
102 11 
102 23 
102 121 
105 2 
105 6 
105 7 
105 8 
105 9 
105 10 
105 13 
105 14 
105 23 
105 31 
105 32 
105 35 
105 37 
105 39 
105 59 
105 60 
105 62 
105 76 
105 80 
105 99 
105 156 
105 182 
108 45 
109 7 
109 8 
109 14 
109 22 
109 27 
109 37 
109 59 
109 75 
109 80 
109 92 
109 102 
109 113 
109 115 
109 138 
109 168 
109 212 
111 158 
114 80 
115 27 
121 73 
146 134 
153 39 
154 27 
154 80 
168 15 
168 27 
176 125 
203 11 
203 102 
