2 4 
2 6 
2 7 
2 8 
2 10 
2 15 
2 18 
2 23 
2 25 
2 28 
2 29 
2 31 
2 32 
2 34 
2 37 
2 39 
2 44 
2 45 
2 78 
2 105 
2 134 
2 150 
2 156 
2 165 
2 166 
2 212 
3 14 
3 15 
3 22 
3 27 
3 32 
3 36 
3 37 
3 44 
3 60 
3 63 
3 69 
3 87 
3 88 
3 90 
3 98 
3 134 
4 3 
4 11 
4 13 
4 14 
4 15 
4 21 
4 22 
4 25 
4 27 
4 32 
4 35 
4 36 
4 37 
4 44 
4 57 
4 59 
4 63 
4 68 
4 74 
4 80 
4 82 
4 84 
4 87 
4 119 
4 125 
4 157 
4 181 
5 2 
5 4 
5 5 
5 6 
5 7 
5 8 
5 9 
5 10 
5 11 
5 13 
5 14 
5 15 
5 21 
5 22 
5 23 
5 25 
5 26 
5 27 
5 29 
5 32 
5 33 
5 34 
5 35 
5 36 
5 37 
5 44 
5 45 
5 53 
5 54 
5 57 
5 59 
5 62 
5 67 
5 71 
5 76 
5 80 
5 82 
5 95 
5 96 
5 103 
5 105 
5 112 
5 113 
5 119 
5 120 
5 125 
5 127 
5 128 
5 130 
5 134 
5 136 
5 146 
5 148 
5 150 
5 178 
5 182 
5 187 
5 193 
6 7 
6 8 
6 45 
6 76 
6 104 
6 112 
6 119 
6 128 
6 178 
7 2 
7 15 
7 23 
7 25 
7 26 
7 54 
7 96 
7 105 
7 109 
7 119 
7 134 
7 146 
7 150 
7 156 
7 157 
7 159 
7 182 
7 187 
7 212 
8 140 
9 8 
9 9 
9 10 
9 15 
9 23 
9 25 
9 26 
9 54 
9 96 
9 105 
9 109 
9 119 
9 134 
9 140 
9 146 
9 150 
9 156 
9 157 
9 159 
9 182 
9 212 
10 2 
10 8 
10 9 
10 187 
11 4 
11 7 
11 8 
11 13 
11 14 
11 15 
11 21 
11 22 
11 26 
11 27 
11 30 
11 35 
11 36 
11 37 
11 44 
11 63 
11 68 
11 74 
11 80 
11 98 
11 121 
11 146 
11 148 
11 150 
11 156 
11 170 
11 187 
11 212 
12 59 
12 134 
12 146 
12 168 
13 32 
13 36 
13 98 
14 3 
14 4 
14 7 
14 8 
14 11 
14 13 
14 15 
14 21 
14 22 
14 23 
14 25 
14 27 
14 30 
14 35 
14 36 
14 37 
14 44 
14 52 
14 54 
14 55 
14 57 
14 59 
14 62 
14 63 
14 68 
14 69 
14 73 
14 74 
14 78 
14 80 
14 82 
14 84 
14 86 
14 87 
14 88 
14 104 
14 112 
14 116 
14 118 
14 119 
14 120 
14 134 
14 146 
14 148 
14 150 
14 156 
14 157 
14 166 
14 170 
14 173 
14 180 
14 182 
14 187 
14 213 
15 2 
15 3 
15 4 
15 7 
15 8 
15 11 
15 13 
15 14 
15 21 
15 22 
15 25 
15 27 
15 30 
15 32 
15 35 
15 36 
15 37 
15 44 
15 48 
15 52 
15 60 
15 62 
15 63 
15 68 
15 69 
15 72 
15 73 
15 74 
15 82 
15 84 
15 87 
15 88 
15 90 
15 98 
15 100 
15 119 
15 121 
15 134 
15 148 
15 156 
15 212 
16 79 
16 97 
17 7 
17 8 
17 26 
17 54 
17 119 
17 212 
18 2 
18 7 
18 8 
18 212 
19 7 
19 8 
21 4 
21 7 
21 8 
21 11 
21 13 
21 14 
21 15 
21 22 
21 27 
21 32 
21 35 
21 36 
21 37 
21 44 
21 63 
21 68 
21 73 
21 74 
21 82 
21 119 
21 148 
22 2 
22 3 
22 4 
22 6 
22 7 
22 8 
22 11 
22 13 
22 14 
22 15 
22 21 
22 25 
22 27 
22 30 
22 32 
22 34 
22 35 
22 36 
22 37 
22 44 
22 48 
22 51 
22 52 
22 54 
22 57 
22 59 
22 60 
22 62 
22 63 
22 68 
22 69 
22 71 
22 74 
22 80 
22 82 
22 83 
22 84 
22 87 
22 88 
22 116 
22 117 
22 119 
22 148 
22 156 
22 168 
22 173 
22 181 
23 7 
23 8 
23 9 
23 59 
24 69 
24 72 
25 2 
25 54 
25 89 
25 115 
25 119 
25 157 
25 168 
26 7 
26 8 
26 18 
26 28 
26 29 
26 34 
26 39 
26 119 
26 212 
27 3 
27 4 
27 7 
27 8 
27 11 
27 13 
27 14 
27 15 
27 21 
27 22 
27 25 
27 30 
27 32 
27 35 
27 36 
27 37 
27 44 
27 51 
27 53 
27 54 
27 57 
27 59 
27 60 
27 63 
27 67 
27 68 
27 74 
27 80 
27 82 
27 84 
27 88 
27 90 
27 119 
27 127 
27 130 
27 148 
27 156 
27 157 
27 181 
27 182 
27 187 
27 193 
27 212 
28 7 
28 8 
29 2 
29 7 
29 8 
29 10 
29 23 
29 25 
29 31 
29 33 
29 125 
29 134 
30 4 
30 11 
30 14 
30 15 
30 22 
30 35 
30 36 
30 37 
30 44 
30 48 
30 52 
30 62 
30 63 
30 73 
30 80 
30 83 
30 84 
30 87 
30 88 
30 90 
30 98 
30 121 
31 7 
31 8 
31 10 
32 15 
32 42 
32 72 
32 83 
32 86 
32 100 
32 116 
32 117 
32 133 
32 146 
33 25 
33 28 
33 78 
33 119 
33 125 
33 134 
33 146 
34 7 
34 8 
34 9 
34 39 
34 110 
34 212 
35 4 
35 7 
35 8 
35 11 
35 14 
35 15 
35 21 
35 22 
35 25 
35 27 
35 30 
35 32 
35 36 
35 37 
35 42 
35 44 
35 52 
35 53 
35 58 
35 59 
35 63 
35 73 
35 76 
35 82 
35 84 
35 148 
35 180 
35 187 
36 3 
36 4 
36 7 
36 8 
36 11 
36 13 
36 14 
36 15 
36 22 
36 27 
36 30 
36 32 
36 35 
36 44 
36 62 
36 63 
36 69 
36 80 
36 82 
36 84 
36 87 
36 98 
36 148 
36 156 
36 178 
36 182 
37 3 
37 14 
37 15 
37 22 
37 25 
37 193 
39 7 
39 8 
39 23 
39 37 
39 134 
39 212 
40 7 
40 8 
40 51 
40 60 
40 100 
40 133 
42 15 
42 32 
42 83 
42 100 
42 117 
42 133 
43 25 
43 57 
43 89 
43 92 
43 104 
43 113 
43 119 
43 125 
43 134 
43 180 
43 187 
43 212 
44 3 
44 4 
44 7 
44 8 
44 11 
44 13 
44 14 
44 15 
44 21 
44 22 
44 27 
44 30 
44 35 
44 36 
44 37 
44 45 
44 52 
44 62 
44 63 
44 68 
44 69 
44 80 
44 82 
44 87 
44 88 
44 92 
44 112 
44 113 
44 119 
44 125 
44 128 
44 134 
44 146 
44 148 
44 193 
44 212 
45 2 
45 4 
45 6 
45 7 
45 8 
45 15 
45 16 
45 25 
45 26 
45 27 
45 29 
45 32 
45 33 
45 34 
45 36 
45 37 
45 42 
45 44 
45 55 
45 58 
45 67 
45 76 
45 79 
45 80 
45 102 
45 103 
45 104 
45 105 
45 109 
45 112 
45 119 
45 120 
45 125 
45 127 
45 128 
45 130 
45 134 
45 136 
45 138 
45 146 
45 165 
45 178 
45 182 
47 7 
47 8 
49 4 
49 5 
49 6 
49 7 
49 8 
49 14 
49 15 
49 21 
49 22 
49 23 
49 27 
49 31 
49 32 
49 35 
49 36 
49 37 
49 44 
49 45 
49 49 
49 55 
49 59 
49 66 
49 90 
49 92 
49 95 
49 96 
49 103 
49 108 
49 112 
49 119 
49 128 
49 136 
49 148 
49 173 
49 178 
51 2 
51 40 
51 48 
51 60 
51 77 
51 86 
51 90 
52 2 
52 44 
52 48 
52 68 
55 7 
55 8 
55 108 
58 7 
58 8 
58 16 
58 76 
58 79 
58 97 
58 103 
60 2 
60 3 
60 15 
60 22 
60 36 
60 37 
60 44 
60 45 
60 51 
60 68 
60 77 
60 86 
60 88 
60 90 
62 7 
62 8 
62 68 
63 4 
63 14 
63 30 
63 32 
63 52 
63 69 
63 73 
63 84 
63 87 
63 88 
63 98 
63 100 
68 3 
68 4 
68 15 
68 22 
68 27 
68 48 
68 52 
68 62 
68 84 
68 90 
69 3 
69 14 
69 22 
69 52 
69 83 
69 84 
69 87 
69 98 
69 121 
70 7 
70 8 
73 15 
73 21 
73 32 
73 98 
73 117 
73 121 
74 4 
74 14 
74 22 
74 156 
74 182 
76 6 
76 45 
77 51 
78 119 
78 157 
78 213 
79 7 
79 8 
79 23 
79 76 
80 11 
80 15 
80 32 
80 36 
80 134 
81 7 
81 8 
81 76 
81 79 
81 103 
82 4 
82 14 
82 15 
82 35 
82 37 
82 53 
82 74 
82 109 
83 32 
84 22 
84 35 
84 62 
84 68 
84 83 
84 87 
86 14 
86 15 
86 32 
86 51 
86 77 
86 90 
87 13 
87 14 
87 15 
87 30 
87 63 
87 69 
87 84 
88 3 
88 14 
88 15 
88 22 
88 27 
88 44 
88 51 
88 60 
88 86 
89 7 
89 8 
89 25 
89 62 
89 187 
90 51 
90 86 
91 119 
92 6 
93 14 
93 33 
93 36 
93 83 
93 100 
93 116 
93 148 
95 66 
95 108 
96 7 
96 8 
96 23 
96 55 
96 66 
96 94 
96 108 
96 119 
98 13 
98 22 
98 37 
98 73 
98 100 
98 121 
99 2 
99 105 
99 165 
99 182 
103 112 
103 136 
105 2 
105 4 
105 6 
105 7 
105 8 
105 10 
105 15 
105 18 
105 22 
105 23 
105 27 
105 29 
105 31 
105 32 
105 33 
105 34 
105 39 
105 45 
105 80 
105 99 
105 105 
105 125 
105 146 
105 150 
105 156 
105 165 
105 182 
106 2 
107 7 
107 8 
107 37 
109 7 
109 8 
109 57 
109 75 
109 104 
109 113 
109 115 
109 119 
109 138 
109 150 
109 168 
109 212 
110 212 
112 120 
112 127 
112 130 
112 178 
114 5 
114 6 
114 7 
114 8 
114 9 
114 14 
114 15 
114 30 
114 44 
114 45 
114 49 
114 59 
114 96 
114 108 
114 112 
114 128 
117 15 
117 32 
117 42 
117 83 
117 100 
117 116 
117 133 
119 173 
121 32 
121 63 
121 72 
121 73 
121 83 
121 98 
121 100 
122 170 
125 134 
128 178 
135 7 
135 8 
138 44 
138 168 
140 8 
142 57 
146 2 
146 25 
146 33 
146 89 
151 32 
154 138 
154 168 
158 119 
160 128 
169 14 
169 187 
170 157 
173 119 
186 146 
204 59 
204 148 
