2 26 
2 99 
2 105 
2 166 
2 212 
3 4 
3 15 
3 22 
3 36 
3 51 
3 69 
4 3 
4 11 
4 13 
4 14 
4 15 
4 21 
4 22 
4 27 
4 30 
4 32 
4 35 
4 36 
4 37 
4 40 
4 44 
4 45 
4 59 
4 62 
4 68 
4 69 
4 70 
4 73 
4 74 
4 78 
4 80 
4 82 
4 88 
4 91 
4 98 
4 102 
4 117 
4 121 
4 128 
4 148 
4 156 
4 159 
4 181 
4 182 
5 25 
5 34 
5 40 
5 58 
5 71 
5 76 
5 80 
5 91 
5 94 
5 96 
5 103 
5 112 
5 130 
5 178 
6 7 
6 9 
6 16 
6 45 
6 54 
6 76 
6 120 
6 136 
6 178 
7 2 
7 6 
7 26 
7 28 
7 34 
7 39 
7 44 
7 45 
7 51 
7 54 
7 62 
7 72 
7 80 
7 105 
7 110 
7 125 
7 150 
7 178 
8 2 
8 6 
8 45 
8 105 
8 140 
9 2 
9 6 
9 8 
9 9 
9 26 
9 28 
9 34 
9 39 
9 44 
9 45 
9 51 
9 54 
9 62 
9 72 
9 80 
9 105 
9 110 
9 125 
9 140 
9 178 
10 8 
10 26 
10 34 
10 45 
10 150 
11 6 
11 36 
11 44 
11 69 
11 80 
12 2 
12 25 
12 33 
12 36 
12 40 
12 62 
12 70 
12 71 
12 100 
12 125 
12 134 
12 146 
12 150 
12 158 
13 36 
14 4 
14 7 
14 9 
14 11 
14 13 
14 15 
14 22 
14 23 
14 25 
14 27 
14 30 
14 31 
14 32 
14 35 
14 36 
14 37 
14 39 
14 40 
14 44 
14 45 
14 52 
14 54 
14 57 
14 59 
14 62 
14 68 
14 70 
14 74 
14 76 
14 80 
14 91 
14 95 
14 102 
14 104 
14 109 
14 119 
14 121 
14 146 
14 148 
14 150 
14 156 
14 157 
14 166 
14 170 
14 173 
14 182 
15 3 
15 4 
15 5 
15 7 
15 9 
15 14 
15 22 
15 27 
15 30 
15 32 
15 35 
15 36 
15 37 
15 44 
15 45 
15 59 
15 63 
15 69 
15 70 
15 73 
15 74 
15 82 
15 83 
15 84 
15 87 
15 98 
15 100 
15 102 
15 109 
15 121 
16 136 
17 2 
17 6 
17 7 
17 8 
17 34 
17 68 
17 80 
17 96 
17 110 
17 125 
18 33 
18 37 
18 125 
18 165 
19 116 
21 29 
21 35 
21 44 
22 3 
22 4 
22 5 
22 6 
22 11 
22 14 
22 15 
22 27 
22 29 
22 30 
22 32 
22 35 
22 36 
22 37 
22 40 
22 44 
22 48 
22 51 
22 52 
22 58 
22 60 
22 62 
22 63 
22 67 
22 68 
22 69 
22 73 
22 74 
22 76 
22 80 
22 83 
22 84 
22 87 
22 88 
22 91 
22 98 
22 100 
22 102 
22 105 
22 109 
22 110 
22 113 
22 116 
22 117 
22 121 
22 133 
22 139 
22 148 
22 150 
23 6 
23 7 
23 10 
23 15 
23 18 
23 26 
23 32 
23 34 
23 36 
23 39 
23 45 
24 72 
25 44 
25 119 
25 146 
25 170 
26 2 
26 7 
26 8 
26 9 
26 10 
26 18 
26 28 
26 29 
26 33 
26 34 
26 39 
26 45 
26 99 
26 105 
26 110 
26 113 
26 120 
26 125 
26 133 
26 134 
26 157 
26 158 
26 166 
26 173 
27 4 
27 7 
27 8 
27 11 
27 13 
27 14 
27 15 
27 30 
27 32 
27 35 
27 36 
27 37 
27 40 
27 44 
27 59 
27 67 
27 68 
27 80 
27 87 
27 98 
27 102 
27 130 
27 134 
29 31 
30 45 
30 63 
30 69 
30 121 
31 2 
31 6 
31 7 
31 8 
31 9 
31 18 
31 34 
31 39 
31 45 
31 105 
31 110 
32 70 
32 72 
32 73 
32 83 
32 100 
32 116 
32 117 
32 133 
33 2 
33 25 
33 28 
33 89 
33 125 
33 134 
33 146 
33 158 
34 2 
34 7 
34 8 
34 18 
34 19 
34 26 
34 29 
34 39 
34 99 
34 100 
34 105 
34 110 
34 113 
34 133 
34 134 
34 139 
34 150 
34 155 
34 158 
34 173 
34 212 
35 14 
35 22 
35 30 
35 36 
35 48 
35 68 
35 78 
35 82 
35 91 
35 113 
35 121 
35 133 
35 150 
35 158 
35 170 
36 4 
36 11 
36 15 
36 27 
36 29 
36 80 
37 3 
37 15 
37 22 
37 181 
39 29 
39 31 
39 34 
40 2 
40 3 
40 4 
40 7 
40 8 
40 11 
40 15 
40 19 
40 25 
40 27 
40 28 
40 31 
40 33 
40 34 
40 36 
40 37 
40 42 
40 44 
40 45 
40 52 
40 59 
40 70 
40 80 
40 84 
40 89 
40 100 
40 110 
40 125 
40 128 
40 133 
40 134 
40 146 
40 150 
40 158 
40 178 
40 212 
42 15 
42 30 
42 32 
42 45 
42 48 
42 70 
42 117 
43 2 
43 7 
43 8 
43 19 
43 25 
43 26 
43 31 
43 33 
43 34 
43 44 
43 59 
43 72 
43 89 
43 110 
43 113 
43 116 
43 125 
43 134 
43 146 
43 158 
43 212 
44 4 
44 6 
44 15 
44 19 
44 21 
44 22 
44 26 
44 27 
44 35 
44 36 
44 49 
44 58 
44 62 
44 80 
44 82 
44 102 
44 113 
44 125 
45 5 
45 6 
45 7 
45 8 
45 9 
45 10 
45 14 
45 15 
45 16 
45 17 
45 23 
45 25 
45 26 
45 27 
45 29 
45 31 
45 32 
45 33 
45 34 
45 39 
45 40 
45 44 
45 49 
45 58 
45 63 
45 66 
45 69 
45 70 
45 76 
45 78 
45 79 
45 80 
45 91 
45 94 
45 95 
45 96 
45 97 
45 103 
45 108 
45 109 
45 112 
45 117 
45 119 
45 120 
45 125 
45 127 
45 128 
45 130 
45 133 
45 136 
45 146 
45 157 
45 178 
45 182 
45 212 
49 2 
49 5 
49 16 
49 29 
49 40 
49 45 
49 66 
49 70 
49 78 
49 91 
49 95 
49 96 
49 97 
49 103 
49 108 
49 116 
49 125 
49 128 
49 133 
52 68 
54 100 
55 66 
62 116 
63 121 
64 112 
65 45 
65 103 
68 7 
68 9 
68 14 
68 30 
68 32 
68 48 
68 55 
68 62 
68 76 
68 86 
69 4 
69 22 
69 40 
69 48 
69 60 
69 88 
69 90 
69 100 
71 92 
71 113 
71 115 
74 4 
74 21 
76 5 
76 16 
76 45 
76 58 
76 97 
82 44 
82 53 
82 74 
84 22 
84 35 
84 42 
84 69 
84 83 
86 68 
88 51 
89 25 
89 134 
89 146 
91 4 
91 25 
91 146 
91 157 
93 19 
93 28 
93 33 
93 91 
93 100 
94 127 
96 16 
96 23 
96 97 
97 79 
97 136 
98 73 
98 121 
101 79 
101 97 
105 2 
105 18 
105 34 
105 133 
105 165 
108 45 
109 27 
109 75 
109 138 
110 212 
112 103 
112 178 
121 73 
121 98 
124 158 
125 33 
125 89 
125 134 
125 146 
125 158 
129 127 
140 8 
187 213 
