2 2 
2 7 
2 8 
2 14 
2 17 
2 25 
2 26 
2 29 
2 31 
2 34 
2 39 
2 60 
2 99 
2 105 
2 109 
2 156 
2 165 
2 166 
3 7 
3 10 
3 15 
3 19 
3 22 
3 29 
3 30 
3 31 
3 32 
3 35 
3 36 
3 37 
3 48 
3 52 
3 60 
3 62 
3 63 
3 68 
3 69 
3 76 
3 77 
3 80 
3 84 
3 86 
3 87 
3 88 
3 102 
3 117 
4 11 
4 14 
4 15 
4 16 
4 17 
4 22 
4 26 
4 27 
4 30 
4 32 
4 35 
4 36 
4 37 
4 44 
4 58 
4 68 
4 69 
4 73 
4 74 
4 78 
4 80 
4 82 
4 98 
4 121 
4 148 
4 170 
5 2 
5 6 
5 7 
5 10 
5 14 
5 23 
5 26 
5 27 
5 29 
5 31 
5 37 
5 42 
5 45 
5 49 
5 54 
5 55 
5 66 
5 67 
5 71 
5 82 
5 84 
5 94 
5 96 
5 146 
6 2 
6 6 
6 7 
6 10 
6 14 
6 17 
6 21 
6 26 
6 27 
6 31 
6 34 
6 37 
6 45 
6 48 
6 62 
6 76 
6 80 
6 84 
6 104 
6 109 
6 125 
7 2 
7 3 
7 4 
7 5 
7 6 
7 11 
7 13 
7 14 
7 15 
7 16 
7 17 
7 18 
7 19 
7 21 
7 22 
7 23 
7 25 
7 26 
7 27 
7 28 
7 29 
7 30 
7 31 
7 32 
7 33 
7 34 
7 35 
7 36 
7 37 
7 39 
7 40 
7 42 
7 44 
7 45 
7 48 
7 49 
7 52 
7 54 
7 55 
7 58 
7 59 
7 60 
7 63 
7 66 
7 67 
7 69 
7 72 
7 76 
7 77 
7 80 
7 82 
7 84 
7 86 
7 87 
7 88 
7 94 
7 95 
7 96 
7 105 
7 108 
7 109 
7 110 
7 112 
7 113 
7 117 
7 121 
7 130 
7 134 
7 136 
7 146 
7 156 
7 165 
7 166 
7 170 
7 182 
8 2 
8 6 
8 9 
8 16 
8 26 
8 27 
8 29 
8 31 
8 34 
8 45 
8 94 
8 105 
8 112 
8 140 
9 2 
9 3 
9 4 
9 5 
9 6 
9 8 
9 9 
9 10 
9 11 
9 13 
9 14 
9 15 
9 17 
9 18 
9 19 
9 21 
9 22 
9 23 
9 25 
9 26 
9 27 
9 28 
9 29 
9 30 
9 31 
9 32 
9 33 
9 34 
9 35 
9 36 
9 37 
9 39 
9 40 
9 42 
9 44 
9 45 
9 48 
9 49 
9 52 
9 54 
9 55 
9 58 
9 59 
9 60 
9 63 
9 66 
9 67 
9 69 
9 72 
9 76 
9 77 
9 80 
9 82 
9 84 
9 86 
9 87 
9 88 
9 95 
9 96 
9 105 
9 108 
9 109 
9 110 
9 112 
9 113 
9 117 
9 121 
9 130 
9 134 
9 136 
9 146 
9 156 
9 165 
9 166 
9 170 
10 2 
10 3 
10 5 
10 6 
10 8 
10 9 
10 14 
10 23 
10 26 
10 27 
10 29 
10 31 
10 34 
10 39 
10 44 
10 45 
10 76 
10 105 
10 109 
10 182 
11 2 
11 3 
11 4 
11 5 
11 13 
11 15 
11 22 
11 23 
11 27 
11 30 
11 32 
11 35 
11 36 
11 37 
11 39 
11 44 
11 45 
11 52 
11 73 
11 80 
11 83 
11 88 
11 102 
11 110 
12 6 
12 26 
12 60 
12 77 
13 11 
13 36 
13 98 
14 4 
14 6 
14 7 
14 9 
14 10 
14 11 
14 13 
14 15 
14 21 
14 22 
14 23 
14 25 
14 27 
14 30 
14 31 
14 32 
14 34 
14 35 
14 37 
14 39 
14 40 
14 42 
14 44 
14 45 
14 49 
14 52 
14 54 
14 57 
14 59 
14 60 
14 62 
14 63 
14 68 
14 69 
14 70 
14 74 
14 76 
14 78 
14 80 
14 82 
14 83 
14 86 
14 87 
14 88 
14 91 
14 98 
14 102 
14 104 
14 109 
14 116 
14 117 
14 134 
14 150 
14 156 
14 157 
14 170 
14 182 
14 187 
15 2 
15 3 
15 4 
15 5 
15 6 
15 7 
15 8 
15 9 
15 10 
15 11 
15 13 
15 14 
15 16 
15 18 
15 19 
15 21 
15 22 
15 23 
15 26 
15 27 
15 28 
15 29 
15 30 
15 31 
15 32 
15 33 
15 34 
15 35 
15 36 
15 37 
15 39 
15 40 
15 42 
15 44 
15 45 
15 48 
15 49 
15 51 
15 52 
15 54 
15 55 
15 58 
15 59 
15 60 
15 62 
15 63 
15 68 
15 69 
15 70 
15 71 
15 73 
15 74 
15 76 
15 77 
15 78 
15 80 
15 82 
15 84 
15 86 
15 87 
15 88 
15 90 
15 94 
15 96 
15 97 
15 98 
15 100 
15 102 
15 105 
15 108 
15 109 
15 110 
15 116 
15 117 
15 121 
15 127 
15 134 
15 146 
15 148 
15 150 
15 157 
15 212 
16 45 
16 58 
16 79 
16 97 
16 112 
16 136 
17 2 
17 3 
17 4 
17 6 
17 7 
17 8 
17 9 
17 10 
17 14 
17 15 
17 18 
17 19 
17 21 
17 22 
17 23 
17 26 
17 27 
17 28 
17 29 
17 30 
17 31 
17 32 
17 34 
17 37 
17 39 
17 40 
17 44 
17 45 
17 58 
17 60 
17 63 
17 69 
17 70 
17 71 
17 76 
17 96 
17 105 
17 109 
17 125 
17 134 
17 150 
17 155 
17 212 
18 2 
18 6 
18 7 
18 9 
18 10 
18 13 
18 17 
18 23 
18 26 
18 27 
18 29 
18 33 
18 34 
18 39 
18 40 
18 45 
18 77 
18 146 
21 2 
21 4 
21 5 
21 7 
21 9 
21 10 
21 11 
21 14 
21 15 
21 16 
21 22 
21 25 
21 26 
21 27 
21 29 
21 30 
21 31 
21 32 
21 33 
21 35 
21 36 
21 37 
21 39 
21 40 
21 42 
21 44 
21 48 
21 51 
21 52 
21 55 
21 58 
21 60 
21 63 
21 68 
21 73 
21 76 
21 82 
21 84 
21 86 
21 94 
21 96 
21 97 
21 108 
21 109 
22 2 
22 3 
22 4 
22 5 
22 6 
22 7 
22 8 
22 9 
22 10 
22 11 
22 13 
22 14 
22 15 
22 17 
22 23 
22 25 
22 26 
22 27 
22 30 
22 31 
22 32 
22 34 
22 35 
22 36 
22 37 
22 42 
22 44 
22 45 
22 48 
22 51 
22 52 
22 55 
22 59 
22 60 
22 62 
22 63 
22 66 
22 68 
22 69 
22 73 
22 74 
22 76 
22 77 
22 78 
22 80 
22 82 
22 83 
22 84 
22 86 
22 87 
22 88 
22 90 
22 91 
22 96 
22 100 
22 102 
22 109 
22 116 
22 117 
22 125 
22 134 
22 146 
22 148 
22 150 
22 156 
22 187 
23 2 
23 3 
23 4 
23 5 
23 6 
23 7 
23 8 
23 9 
23 10 
23 13 
23 14 
23 15 
23 17 
23 18 
23 26 
23 27 
23 29 
23 30 
23 31 
23 32 
23 34 
23 37 
23 39 
23 44 
23 45 
23 49 
23 63 
23 69 
23 76 
23 105 
23 108 
23 125 
23 134 
23 138 
23 139 
25 6 
25 125 
25 134 
25 187 
25 193 
26 2 
26 6 
26 7 
26 8 
26 9 
26 10 
26 17 
26 18 
26 19 
26 22 
26 26 
26 27 
26 29 
26 31 
26 32 
26 33 
26 34 
26 39 
26 40 
26 44 
26 45 
26 63 
26 69 
26 71 
26 76 
26 116 
26 119 
26 150 
27 2 
27 3 
27 4 
27 5 
27 6 
27 7 
27 8 
27 9 
27 10 
27 11 
27 13 
27 14 
27 15 
27 16 
27 17 
27 19 
27 21 
27 22 
27 23 
27 26 
27 29 
27 30 
27 32 
27 35 
27 36 
27 37 
27 39 
27 40 
27 42 
27 44 
27 45 
27 52 
27 62 
27 63 
27 68 
27 69 
27 73 
27 74 
27 80 
27 82 
27 83 
27 84 
27 86 
27 87 
27 88 
27 90 
27 96 
27 97 
27 102 
27 105 
27 109 
27 116 
27 117 
27 121 
27 127 
27 130 
27 133 
27 134 
28 6 
28 34 
28 45 
29 2 
29 6 
29 7 
29 8 
29 9 
29 10 
29 15 
29 21 
29 31 
29 33 
29 39 
29 44 
29 45 
29 96 
29 105 
29 125 
29 134 
30 14 
30 15 
30 17 
30 21 
30 28 
30 32 
30 35 
30 37 
30 42 
30 44 
30 48 
30 52 
30 60 
30 62 
30 63 
30 68 
30 69 
30 73 
30 77 
30 84 
30 87 
30 88 
30 90 
30 98 
30 102 
30 116 
30 117 
30 121 
30 148 
31 2 
31 3 
31 5 
31 6 
31 7 
31 8 
31 9 
31 10 
31 14 
31 15 
31 16 
31 17 
31 18 
31 21 
31 22 
31 26 
31 27 
31 29 
31 32 
31 34 
31 39 
31 44 
31 45 
31 55 
31 71 
31 72 
31 76 
31 96 
31 105 
31 116 
31 125 
31 139 
32 6 
32 34 
32 42 
32 45 
32 72 
32 116 
32 117 
33 21 
33 125 
33 134 
33 146 
34 2 
34 6 
34 7 
34 8 
34 9 
34 10 
34 17 
34 18 
34 23 
34 26 
34 29 
34 31 
34 32 
34 37 
34 39 
34 42 
34 44 
34 45 
34 72 
34 83 
34 96 
34 104 
34 105 
34 109 
34 110 
34 116 
34 117 
34 150 
34 155 
34 166 
34 182 
34 212 
35 4 
35 5 
35 6 
35 14 
35 15 
35 16 
35 17 
35 22 
35 23 
35 30 
35 36 
35 37 
35 39 
35 44 
35 45 
35 52 
35 55 
35 59 
35 60 
35 63 
35 66 
35 68 
35 76 
35 79 
35 80 
35 82 
35 83 
35 84 
35 87 
35 98 
35 109 
35 125 
35 150 
35 156 
36 4 
36 11 
36 13 
36 14 
36 15 
36 27 
36 32 
36 34 
36 37 
36 40 
36 44 
36 51 
36 60 
36 63 
36 69 
36 73 
36 80 
36 82 
36 84 
36 88 
36 90 
36 102 
36 121 
37 3 
37 4 
37 5 
37 6 
37 13 
37 14 
37 15 
37 18 
37 19 
37 22 
37 23 
37 25 
37 27 
37 29 
37 30 
37 31 
37 32 
37 33 
37 35 
37 36 
37 39 
37 40 
37 42 
37 44 
37 45 
37 48 
37 58 
37 63 
37 68 
37 69 
37 70 
37 76 
37 77 
37 80 
37 82 
37 84 
37 87 
37 88 
37 91 
37 96 
37 98 
37 102 
37 109 
37 125 
37 134 
37 146 
39 2 
39 3 
39 6 
39 7 
39 9 
39 10 
39 13 
39 14 
39 15 
39 17 
39 18 
39 26 
39 27 
39 29 
39 34 
39 36 
39 37 
39 39 
39 42 
39 44 
39 45 
39 80 
39 84 
39 88 
39 96 
39 102 
39 105 
39 110 
39 130 
39 134 
39 139 
39 190 
39 212 
40 2 
40 6 
40 7 
40 9 
40 14 
40 15 
40 22 
40 34 
40 45 
40 48 
40 52 
40 55 
40 72 
40 87 
40 125 
42 51 
43 4 
43 7 
43 8 
43 17 
43 34 
43 54 
43 59 
43 92 
43 104 
43 113 
43 125 
43 134 
43 170 
43 212 
44 2 
44 4 
44 6 
44 7 
44 8 
44 9 
44 10 
44 11 
44 14 
44 15 
44 17 
44 21 
44 22 
44 23 
44 25 
44 26 
44 27 
44 29 
44 30 
44 31 
44 34 
44 35 
44 36 
44 37 
44 39 
44 40 
44 45 
44 48 
44 52 
44 58 
44 62 
44 63 
44 68 
44 70 
44 71 
44 73 
44 74 
44 76 
44 78 
44 80 
44 82 
44 84 
44 87 
44 88 
44 95 
44 98 
44 102 
44 105 
44 113 
44 116 
44 119 
44 125 
44 134 
44 146 
44 148 
45 2 
45 3 
45 4 
45 5 
45 6 
45 7 
45 8 
45 9 
45 10 
45 11 
45 13 
45 14 
45 15 
45 16 
45 17 
45 18 
45 21 
45 22 
45 23 
45 25 
45 26 
45 27 
45 29 
45 30 
45 31 
45 32 
45 33 
45 34 
45 35 
45 37 
45 39 
45 40 
45 44 
45 48 
45 49 
45 51 
45 52 
45 55 
45 58 
45 60 
45 62 
45 63 
45 66 
45 69 
45 70 
45 71 
45 73 
45 76 
45 77 
45 78 
45 79 
45 80 
45 86 
45 90 
45 94 
45 95 
45 96 
45 97 
45 99 
45 102 
45 103 
45 105 
45 108 
45 109 
45 112 
45 119 
45 120 
45 125 
45 127 
45 128 
45 130 
45 134 
45 136 
45 146 
45 156 
45 178 
45 182 
47 6 
47 14 
47 23 
47 27 
47 44 
47 45 
47 63 
47 105 
47 139 
49 2 
49 5 
49 7 
49 10 
49 23 
49 27 
49 45 
49 55 
49 76 
49 94 
49 95 
49 96 
49 108 
51 2 
51 22 
51 45 
51 60 
52 6 
52 40 
52 42 
52 62 
52 68 
52 69 
52 87 
52 90 
52 148 
55 6 
55 16 
55 26 
55 45 
55 66 
55 79 
55 94 
55 96 
55 97 
55 108 
55 128 
58 5 
58 16 
58 45 
58 76 
58 79 
58 96 
58 97 
59 54 
59 170 
60 27 
60 44 
60 51 
60 69 
60 77 
60 88 
60 90 
62 68 
62 84 
62 134 
62 146 
63 3 
63 11 
63 30 
63 32 
63 37 
63 42 
63 69 
63 73 
63 83 
63 84 
63 87 
63 117 
67 7 
67 8 
67 15 
68 2 
68 3 
68 7 
68 9 
68 14 
68 22 
68 48 
68 52 
68 62 
68 84 
68 88 
68 90 
68 150 
69 3 
69 22 
69 52 
69 60 
69 63 
69 82 
69 84 
69 87 
69 100 
70 6 
70 11 
70 27 
70 39 
70 49 
70 62 
70 69 
70 84 
71 2 
71 3 
71 5 
71 6 
71 7 
71 8 
71 9 
71 10 
71 11 
71 15 
71 17 
71 18 
71 21 
71 22 
71 23 
71 26 
71 27 
71 28 
71 30 
71 31 
71 32 
71 34 
71 37 
71 44 
71 45 
71 55 
71 58 
71 60 
71 76 
71 88 
71 92 
73 15 
73 21 
73 42 
73 98 
73 121 
74 4 
74 27 
74 66 
76 5 
76 6 
76 16 
76 23 
76 30 
76 35 
76 45 
76 55 
76 58 
76 79 
76 94 
76 97 
76 108 
76 136 
78 4 
78 14 
78 15 
80 36 
80 102 
80 148 
81 127 
82 14 
82 35 
82 37 
82 53 
82 68 
82 74 
84 6 
84 22 
84 35 
84 52 
84 68 
84 69 
84 83 
86 77 
86 90 
87 14 
87 30 
87 52 
87 63 
87 69 
88 2 
88 32 
88 51 
88 52 
88 60 
88 63 
88 77 
88 90 
88 117 
90 48 
90 77 
92 159 
93 17 
93 33 
93 77 
93 96 
96 2 
96 5 
96 6 
96 7 
96 8 
96 9 
96 10 
96 15 
96 18 
96 21 
96 22 
96 29 
96 31 
96 39 
96 44 
96 45 
96 49 
96 55 
96 58 
96 66 
96 76 
96 94 
96 95 
96 97 
97 16 
97 79 
99 166 
100 68 
101 16 
101 97 
102 17 
102 94 
103 45 
104 2 
104 22 
105 2 
105 7 
105 9 
105 15 
105 31 
105 99 
105 165 
105 182 
107 2 
107 15 
107 23 
107 45 
107 49 
107 55 
107 94 
108 45 
108 94 
108 95 
108 96 
109 2 
109 6 
109 7 
109 10 
109 11 
109 14 
109 15 
109 37 
109 42 
109 45 
109 68 
109 71 
109 75 
109 80 
109 82 
109 92 
109 109 
109 115 
109 138 
109 168 
110 2 
110 6 
110 7 
110 8 
110 9 
110 10 
110 15 
110 17 
110 18 
110 21 
110 23 
110 25 
110 26 
110 27 
110 31 
110 34 
110 37 
110 39 
110 45 
110 62 
110 63 
110 91 
110 94 
110 96 
110 105 
110 125 
110 170 
110 187 
110 212 
111 134 
112 130 
112 178 
120 112 
121 73 
121 98 
121 100 
124 45 
125 6 
145 193 
146 2 
146 33 
150 104 
153 7 
153 10 
153 26 
153 34 
155 15 
163 39 
173 45 
173 170 
187 4 
