2 7 
2 8 
2 18 
2 26 
2 34 
2 105 
2 140 
2 156 
2 212 
3 14 
3 15 
3 22 
3 27 
3 30 
3 37 
3 60 
3 63 
3 68 
3 69 
3 84 
3 87 
3 88 
4 3 
4 11 
4 14 
4 15 
4 21 
4 22 
4 27 
4 30 
4 36 
4 37 
4 44 
4 63 
4 73 
4 74 
4 80 
4 82 
4 87 
4 158 
6 6 
6 45 
7 26 
7 32 
7 34 
7 39 
7 67 
7 72 
7 116 
8 34 
8 140 
9 8 
9 26 
9 32 
9 34 
9 39 
9 67 
9 72 
9 116 
9 140 
10 8 
10 34 
11 15 
11 27 
11 30 
11 35 
11 36 
12 3 
12 4 
12 6 
12 11 
12 14 
12 15 
12 27 
12 32 
12 36 
12 42 
12 51 
12 62 
12 80 
12 88 
12 212 
13 32 
13 36 
13 98 
14 3 
14 4 
14 11 
14 15 
14 21 
14 22 
14 27 
14 30 
14 35 
14 36 
14 37 
14 44 
14 51 
14 54 
14 63 
14 69 
14 73 
14 74 
14 80 
14 82 
14 87 
14 88 
15 3 
15 4 
15 11 
15 13 
15 14 
15 21 
15 22 
15 27 
15 30 
15 35 
15 36 
15 37 
15 39 
15 44 
15 60 
15 63 
15 68 
15 69 
15 73 
15 74 
15 80 
15 82 
15 84 
15 87 
15 88 
15 98 
15 212 
16 6 
16 58 
16 79 
16 97 
17 21 
17 31 
17 33 
17 34 
17 134 
17 155 
17 158 
17 190 
17 212 
18 26 
18 34 
19 15 
19 28 
19 32 
19 37 
19 42 
19 52 
19 83 
19 100 
19 116 
19 125 
19 133 
21 15 
21 27 
21 44 
22 3 
22 4 
22 6 
22 11 
22 13 
22 14 
22 15 
22 21 
22 27 
22 30 
22 35 
22 37 
22 42 
22 44 
22 48 
22 51 
22 60 
22 63 
22 68 
22 69 
22 73 
22 74 
22 77 
22 80 
22 82 
22 84 
22 86 
22 87 
22 88 
22 92 
22 117 
22 148 
23 7 
23 8 
23 10 
23 32 
23 34 
23 140 
24 32 
25 14 
25 15 
25 36 
25 44 
25 89 
25 134 
25 158 
26 34 
26 39 
26 212 
27 3 
27 4 
27 6 
27 7 
27 8 
27 11 
27 13 
27 14 
27 15 
27 21 
27 22 
27 26 
27 30 
27 32 
27 34 
27 35 
27 36 
27 37 
27 42 
27 44 
27 45 
27 52 
27 60 
27 62 
27 63 
27 68 
27 69 
27 73 
27 74 
27 80 
27 82 
27 84 
27 86 
27 87 
27 88 
27 98 
27 102 
27 117 
27 121 
27 148 
27 158 
28 6 
30 6 
30 11 
30 14 
30 15 
30 21 
30 27 
30 32 
30 35 
30 36 
30 37 
30 42 
30 44 
30 63 
30 69 
30 73 
30 84 
30 87 
30 98 
30 117 
30 121 
31 7 
31 8 
31 23 
32 117 
33 25 
33 36 
33 134 
33 158 
34 26 
34 212 
35 3 
35 4 
35 6 
35 11 
35 13 
35 14 
35 15 
35 21 
35 22 
35 27 
35 30 
35 32 
35 36 
35 37 
35 42 
35 44 
35 45 
35 51 
35 52 
35 53 
35 60 
35 63 
35 69 
35 73 
35 74 
35 77 
35 80 
35 82 
35 83 
35 84 
35 86 
35 87 
35 88 
35 94 
35 98 
35 102 
35 117 
35 121 
36 11 
36 13 
36 27 
36 63 
36 73 
36 80 
37 3 
37 6 
37 14 
37 15 
38 32 
39 7 
39 8 
39 15 
39 26 
39 27 
39 32 
39 34 
39 37 
39 212 
40 3 
40 4 
40 11 
40 14 
40 15 
40 27 
40 30 
40 32 
40 34 
40 36 
40 37 
40 42 
40 44 
40 48 
40 51 
40 52 
40 60 
40 63 
40 68 
40 77 
40 80 
40 83 
40 84 
40 86 
40 87 
40 88 
40 90 
40 100 
40 117 
40 121 
40 133 
40 146 
40 158 
41 32 
42 15 
42 30 
42 32 
42 73 
42 83 
42 117 
43 125 
43 212 
44 4 
44 14 
44 15 
44 21 
44 27 
44 35 
44 63 
44 69 
44 80 
44 115 
44 128 
45 6 
45 18 
45 34 
45 76 
45 79 
45 94 
45 95 
45 103 
45 127 
45 128 
45 130 
45 158 
45 178 
45 182 
46 32 
46 72 
47 7 
47 8 
47 34 
48 52 
48 68 
48 77 
48 86 
48 90 
49 6 
49 37 
51 3 
51 15 
51 60 
51 86 
51 88 
52 15 
52 22 
52 44 
52 63 
52 68 
52 73 
52 80 
52 84 
55 6 
55 127 
58 6 
58 45 
58 79 
60 88 
61 6 
62 3 
62 15 
62 52 
62 68 
63 15 
63 27 
63 30 
63 35 
63 52 
63 69 
63 84 
63 87 
63 100 
64 44 
65 6 
65 14 
65 27 
65 45 
66 6 
66 80 
68 3 
68 4 
68 11 
68 15 
68 22 
68 27 
68 30 
68 32 
68 48 
68 52 
68 60 
68 62 
68 63 
68 77 
68 80 
68 83 
68 84 
68 86 
68 87 
68 88 
68 90 
68 116 
68 117 
69 3 
69 15 
69 27 
69 30 
69 35 
69 51 
69 63 
69 84 
69 87 
69 88 
70 4 
70 6 
70 27 
70 32 
70 44 
70 62 
70 80 
70 88 
71 11 
71 27 
72 32 
73 21 
73 32 
73 35 
73 44 
73 98 
73 121 
74 4 
74 14 
76 6 
76 45 
77 51 
78 3 
78 4 
78 6 
78 14 
78 15 
78 22 
78 27 
78 30 
78 32 
78 35 
78 37 
78 51 
78 60 
78 63 
78 80 
78 82 
78 86 
78 87 
78 146 
78 213 
79 97 
81 127 
82 14 
82 35 
82 53 
82 74 
84 3 
84 15 
84 22 
84 30 
84 35 
84 37 
84 52 
84 63 
84 69 
84 73 
84 83 
86 3 
86 30 
86 32 
86 51 
86 63 
86 69 
86 77 
86 83 
86 88 
87 3 
87 30 
87 63 
87 69 
87 84 
87 88 
88 3 
88 22 
88 87 
89 25 
89 30 
89 32 
89 36 
89 42 
89 48 
89 52 
89 62 
89 83 
89 84 
89 100 
89 116 
89 117 
89 125 
89 146 
89 158 
90 3 
90 15 
90 30 
90 32 
90 36 
90 37 
90 42 
90 44 
90 48 
90 51 
90 52 
90 60 
90 63 
90 68 
90 69 
90 73 
90 77 
90 83 
90 84 
90 86 
90 87 
90 88 
93 21 
93 30 
93 33 
93 77 
93 100 
93 127 
94 127 
96 6 
98 13 
98 32 
98 73 
98 82 
98 87 
98 117 
98 121 
100 116 
101 6 
101 16 
101 45 
101 58 
101 79 
101 97 
105 7 
105 8 
105 166 
105 182 
108 6 
108 15 
108 45 
108 96 
109 57 
109 75 
109 115 
109 138 
109 150 
109 168 
110 37 
110 158 
110 212 
112 128 
116 32 
120 128 
121 15 
121 35 
121 73 
121 98 
125 134 
128 178 
133 32 
135 158 
146 4 
146 6 
146 11 
146 14 
146 15 
146 25 
146 27 
146 30 
146 32 
146 36 
146 42 
146 44 
146 51 
146 52 
146 68 
146 69 
146 70 
146 83 
146 84 
146 89 
146 100 
146 117 
146 125 
146 134 
146 158 
147 39 
148 15 
167 125 
169 157 
203 37 
204 59 
