2 2 
2 6 
2 7 
2 8 
2 9 
2 18 
2 23 
2 26 
2 29 
2 34 
2 39 
2 44 
2 45 
2 99 
2 105 
2 110 
2 155 
2 166 
2 170 
2 212 
3 4 
3 6 
3 7 
3 9 
3 10 
3 11 
3 13 
3 14 
3 15 
3 18 
3 22 
3 23 
3 25 
3 26 
3 30 
3 33 
3 34 
3 36 
3 37 
3 44 
3 45 
3 52 
3 60 
3 63 
3 68 
3 69 
3 73 
3 87 
3 88 
3 128 
3 134 
3 187 
3 212 
4 3 
4 11 
4 14 
4 15 
4 18 
4 26 
4 27 
4 29 
4 30 
4 33 
4 34 
4 35 
4 37 
4 39 
4 44 
4 57 
4 59 
4 68 
4 74 
4 80 
4 84 
4 105 
4 119 
4 125 
4 134 
4 156 
4 170 
4 173 
4 180 
4 181 
4 187 
5 2 
5 6 
5 16 
5 23 
5 39 
5 45 
5 49 
5 53 
5 63 
5 70 
5 76 
5 78 
5 80 
5 82 
5 108 
5 112 
5 127 
6 2 
6 7 
6 8 
6 9 
6 15 
6 17 
6 26 
6 31 
6 39 
6 44 
6 45 
6 54 
6 76 
6 102 
6 105 
6 112 
6 127 
6 128 
6 136 
7 2 
7 6 
7 17 
7 22 
7 23 
7 26 
7 29 
7 33 
7 34 
7 35 
7 39 
7 45 
7 57 
7 59 
7 80 
7 96 
7 105 
7 109 
7 119 
7 158 
7 166 
7 187 
8 140 
8 158 
9 2 
9 6 
9 8 
9 10 
9 22 
9 23 
9 26 
9 29 
9 33 
9 34 
9 35 
9 39 
9 57 
9 59 
9 80 
9 109 
9 140 
9 166 
9 187 
10 6 
10 9 
10 17 
10 23 
10 26 
10 29 
10 34 
10 39 
10 45 
10 96 
10 105 
10 119 
11 3 
11 13 
11 14 
11 27 
11 30 
11 32 
11 34 
11 35 
11 36 
11 44 
11 45 
11 67 
11 80 
11 88 
11 102 
11 150 
12 6 
12 25 
12 54 
12 59 
12 67 
12 71 
12 104 
12 115 
12 119 
12 120 
12 134 
12 180 
12 187 
12 212 
13 98 
13 121 
14 3 
14 4 
14 6 
14 7 
14 8 
14 9 
14 10 
14 11 
14 13 
14 15 
14 17 
14 18 
14 21 
14 22 
14 23 
14 25 
14 27 
14 31 
14 32 
14 33 
14 34 
14 35 
14 36 
14 37 
14 39 
14 42 
14 44 
14 45 
14 52 
14 54 
14 57 
14 59 
14 63 
14 68 
14 69 
14 73 
14 74 
14 78 
14 82 
14 84 
14 86 
14 87 
14 88 
14 102 
14 104 
14 117 
14 119 
14 121 
14 148 
14 150 
14 156 
14 157 
14 158 
14 170 
14 173 
14 180 
14 182 
14 187 
14 212 
15 3 
15 4 
15 6 
15 7 
15 8 
15 9 
15 10 
15 11 
15 13 
15 14 
15 18 
15 21 
15 22 
15 23 
15 26 
15 27 
15 29 
15 30 
15 31 
15 32 
15 33 
15 34 
15 35 
15 36 
15 37 
15 42 
15 44 
15 45 
15 51 
15 52 
15 57 
15 59 
15 60 
15 62 
15 63 
15 69 
15 73 
15 74 
15 80 
15 82 
15 83 
15 84 
15 87 
15 88 
15 96 
15 98 
15 100 
15 102 
15 105 
15 117 
15 119 
15 121 
15 134 
15 146 
15 148 
15 173 
15 180 
15 182 
16 97 
16 136 
17 26 
17 34 
17 119 
17 155 
17 157 
17 158 
17 190 
17 212 
18 23 
18 150 
18 212 
19 2 
19 6 
19 15 
19 28 
19 32 
19 36 
19 40 
19 42 
19 44 
19 45 
19 116 
19 133 
20 40 
21 30 
21 44 
21 73 
22 2 
22 3 
22 4 
22 6 
22 7 
22 9 
22 10 
22 11 
22 13 
22 14 
22 15 
22 17 
22 21 
22 23 
22 26 
22 27 
22 28 
22 29 
22 30 
22 31 
22 32 
22 35 
22 36 
22 37 
22 39 
22 40 
22 42 
22 44 
22 45 
22 48 
22 52 
22 58 
22 59 
22 60 
22 62 
22 63 
22 68 
22 69 
22 70 
22 71 
22 72 
22 73 
22 76 
22 77 
22 80 
22 82 
22 83 
22 84 
22 86 
22 87 
22 88 
22 89 
22 91 
22 100 
22 105 
22 109 
22 110 
22 116 
22 117 
22 119 
22 121 
22 133 
22 148 
22 150 
22 212 
23 7 
23 8 
23 9 
23 10 
23 31 
23 32 
23 34 
23 105 
23 109 
25 158 
25 173 
26 6 
26 7 
26 9 
26 18 
26 29 
26 34 
26 39 
26 67 
26 71 
26 99 
26 166 
26 212 
27 2 
27 3 
27 4 
27 11 
27 13 
27 14 
27 15 
27 17 
27 21 
27 22 
27 26 
27 30 
27 32 
27 34 
27 35 
27 36 
27 37 
27 39 
27 42 
27 44 
27 68 
27 69 
27 74 
27 80 
27 84 
27 88 
27 98 
27 121 
27 127 
27 130 
27 146 
27 148 
28 6 
28 72 
28 109 
29 26 
29 158 
29 212 
30 7 
30 9 
30 21 
30 27 
30 32 
30 44 
30 45 
30 52 
30 63 
30 68 
30 69 
30 73 
30 84 
30 87 
30 88 
30 102 
30 117 
31 2 
31 5 
31 6 
31 7 
31 9 
31 16 
31 18 
31 23 
31 26 
31 32 
31 34 
31 39 
31 44 
31 45 
31 59 
31 72 
31 76 
31 105 
31 139 
31 155 
31 187 
31 212 
32 35 
32 45 
32 100 
32 117 
33 6 
33 17 
33 18 
33 28 
33 34 
33 67 
33 125 
33 134 
33 212 
34 7 
34 8 
34 26 
34 109 
34 166 
34 212 
35 2 
35 3 
35 4 
35 6 
35 7 
35 8 
35 9 
35 10 
35 11 
35 13 
35 14 
35 15 
35 16 
35 17 
35 18 
35 19 
35 21 
35 22 
35 23 
35 26 
35 27 
35 28 
35 29 
35 30 
35 31 
35 32 
35 33 
35 34 
35 36 
35 37 
35 39 
35 40 
35 42 
35 44 
35 45 
35 52 
35 53 
35 54 
35 57 
35 59 
35 62 
35 63 
35 68 
35 69 
35 70 
35 72 
35 73 
35 76 
35 78 
35 80 
35 82 
35 84 
35 86 
35 88 
35 94 
35 103 
35 105 
35 109 
35 112 
35 117 
35 119 
35 120 
35 121 
35 128 
35 148 
35 150 
35 157 
35 170 
35 180 
35 187 
36 4 
36 6 
36 13 
36 42 
36 80 
36 100 
36 102 
37 3 
37 7 
37 10 
37 11 
37 13 
37 15 
37 22 
37 32 
37 34 
37 36 
37 52 
37 63 
37 80 
37 84 
37 87 
37 212 
39 2 
39 7 
39 8 
39 9 
39 10 
39 17 
39 18 
39 26 
39 28 
39 34 
39 99 
39 104 
39 105 
39 108 
39 125 
39 134 
39 158 
39 182 
39 212 
40 2 
40 3 
40 4 
40 6 
40 7 
40 8 
40 9 
40 10 
40 11 
40 14 
40 15 
40 22 
40 23 
40 26 
40 27 
40 29 
40 31 
40 32 
40 34 
40 36 
40 37 
40 39 
40 42 
40 44 
40 45 
40 48 
40 68 
40 70 
40 71 
40 76 
40 78 
40 91 
40 98 
40 100 
40 112 
40 148 
40 150 
40 178 
40 212 
42 32 
42 40 
42 72 
42 83 
42 100 
42 116 
42 133 
42 155 
43 2 
43 15 
43 17 
43 19 
43 26 
43 54 
43 67 
43 92 
43 104 
43 109 
43 113 
43 125 
43 134 
43 150 
43 158 
43 187 
43 212 
44 6 
44 14 
44 15 
44 17 
44 21 
44 34 
44 35 
44 36 
44 39 
44 54 
44 59 
44 71 
44 80 
44 102 
44 103 
44 104 
44 105 
44 109 
44 119 
44 158 
44 212 
45 2 
45 4 
45 5 
45 6 
45 7 
45 8 
45 9 
45 10 
45 14 
45 15 
45 16 
45 17 
45 18 
45 22 
45 23 
45 26 
45 27 
45 28 
45 29 
45 31 
45 32 
45 34 
45 37 
45 39 
45 44 
45 49 
45 55 
45 58 
45 66 
45 70 
45 76 
45 79 
45 94 
45 95 
45 96 
45 97 
45 99 
45 102 
45 103 
45 105 
45 108 
45 109 
45 112 
45 120 
45 125 
45 127 
45 128 
45 134 
45 136 
45 156 
45 158 
45 178 
45 182 
46 32 
46 42 
46 72 
46 117 
47 17 
49 2 
49 5 
49 6 
49 7 
49 9 
49 15 
49 23 
49 27 
49 28 
49 29 
49 31 
49 32 
49 39 
49 42 
49 45 
49 49 
49 55 
49 58 
49 70 
49 76 
49 94 
49 96 
49 97 
49 103 
49 105 
49 109 
49 117 
52 51 
52 83 
52 116 
55 17 
55 45 
58 16 
58 79 
58 97 
58 112 
62 7 
62 9 
62 10 
62 13 
62 26 
62 27 
62 29 
62 34 
62 36 
62 39 
62 54 
62 68 
62 78 
62 80 
62 104 
62 109 
62 110 
62 119 
62 150 
62 170 
62 212 
63 30 
63 69 
63 87 
63 94 
66 37 
68 15 
68 22 
68 27 
68 32 
68 35 
68 44 
68 62 
68 84 
68 90 
69 15 
69 22 
69 32 
69 84 
69 87 
69 98 
70 2 
70 3 
70 4 
70 5 
70 6 
70 7 
70 8 
70 9 
70 14 
70 15 
70 22 
70 27 
70 32 
70 34 
70 37 
70 39 
70 42 
70 44 
70 45 
70 63 
70 76 
70 80 
70 83 
70 96 
70 98 
70 100 
70 105 
70 109 
70 117 
71 92 
73 13 
73 15 
73 32 
73 98 
73 121 
74 4 
74 68 
76 6 
76 7 
76 9 
76 16 
76 45 
76 55 
76 58 
76 94 
76 95 
76 97 
76 103 
76 119 
76 127 
76 130 
76 136 
80 150 
81 7 
81 10 
81 45 
81 58 
81 112 
81 127 
82 4 
82 35 
82 74 
83 32 
83 73 
83 100 
83 117 
84 22 
84 52 
84 68 
84 87 
86 22 
86 51 
86 63 
86 77 
86 87 
86 88 
87 30 
87 52 
87 63 
87 69 
88 22 
88 51 
88 60 
88 90 
89 91 
90 69 
90 86 
92 71 
92 159 
93 28 
93 33 
93 97 
96 2 
96 5 
96 6 
96 7 
96 9 
96 10 
96 17 
96 23 
96 27 
96 28 
96 31 
96 32 
96 35 
96 39 
96 42 
96 45 
96 53 
96 55 
96 58 
96 66 
96 76 
96 86 
96 94 
96 97 
96 105 
96 109 
96 136 
96 146 
97 16 
97 58 
97 76 
97 79 
98 73 
98 121 
100 116 
100 117 
103 128 
105 2 
105 6 
105 7 
105 8 
105 26 
105 99 
105 165 
105 166 
105 182 
108 45 
108 94 
109 2 
109 4 
109 5 
109 6 
109 7 
109 8 
109 9 
109 10 
109 14 
109 15 
109 16 
109 18 
109 21 
109 23 
109 26 
109 29 
109 31 
109 33 
109 34 
109 44 
109 45 
109 49 
109 54 
109 57 
109 59 
109 62 
109 67 
109 71 
109 75 
109 80 
109 82 
109 92 
109 98 
109 103 
109 104 
109 105 
109 109 
109 110 
109 112 
109 113 
109 115 
109 119 
109 120 
109 125 
109 128 
109 134 
109 138 
109 150 
109 158 
109 168 
109 180 
109 187 
109 212 
110 17 
112 127 
112 178 
114 5 
114 6 
114 49 
114 55 
114 70 
114 94 
121 21 
124 109 
129 130 
133 32 
135 26 
141 28 
141 130 
141 187 
146 25 
159 92 
159 181 
167 67 
168 115 
172 33 
172 134 
172 146 
172 158 
