1 40 
2 17 
2 22 
2 23 
2 40 
2 44 
3 14 
3 22 
3 30 
3 88 
4 14 
4 22 
4 27 
4 35 
4 63 
4 84 
4 88 
5 17 
5 22 
5 23 
5 63 
6 17 
6 22 
6 27 
6 40 
7 17 
8 17 
9 17 
10 17 
11 17 
11 23 
11 27 
12 17 
12 23 
13 14 
13 22 
14 4 
14 17 
14 22 
14 27 
14 28 
14 30 
14 35 
14 40 
14 84 
15 4 
15 14 
15 17 
15 22 
15 23 
15 27 
15 30 
15 35 
15 40 
15 63 
15 74 
15 84 
15 88 
18 17 
18 22 
19 40 
20 17 
20 40 
21 22 
21 27 
21 40 
21 87 
22 14 
22 17 
22 19 
22 27 
22 30 
22 35 
22 40 
22 84 
22 86 
22 87 
23 17 
23 40 
23 69 
24 17 
24 40 
25 17 
25 22 
25 40 
26 17 
27 4 
27 14 
27 17 
27 22 
27 23 
27 35 
27 40 
28 17 
29 17 
30 17 
30 22 
30 35 
30 40 
30 63 
30 73 
30 88 
31 17 
33 17 
35 14 
35 17 
35 22 
35 27 
35 40 
36 14 
36 17 
36 22 
37 14 
37 17 
37 22 
37 27 
38 40 
39 17 
39 23 
40 17 
41 40 
42 17 
42 22 
42 30 
43 17 
44 14 
44 17 
44 22 
44 27 
44 30 
44 35 
44 40 
45 17 
45 22 
45 23 
45 27 
45 40 
46 17 
47 17 
48 22 
48 40 
48 84 
48 86 
49 17 
51 22 
51 40 
51 84 
51 88 
52 22 
52 40 
52 88 
55 22 
58 22 
58 40 
60 22 
60 27 
60 88 
62 35 
62 40 
63 4 
63 17 
63 22 
63 30 
63 87 
63 88 
65 22 
65 40 
66 17 
66 22 
67 17 
68 17 
68 22 
68 40 
69 22 
70 22 
71 17 
71 22 
72 17 
73 17 
73 30 
76 4 
76 17 
76 23 
78 134 
79 17 
79 22 
79 40 
80 17 
80 35 
80 40 
81 22 
82 22 
82 35 
82 40 
83 22 
83 40 
84 22 
84 40 
84 86 
86 22 
86 88 
87 30 
87 63 
88 22 
88 30 
88 63 
88 86 
89 40 
90 86 
91 17 
91 40 
92 17 
92 40 
93 40 
94 22 
95 22 
96 22 
100 22 
100 40 
101 40 
102 22 
102 27 
104 17 
104 22 
105 17 
105 22 
105 23 
105 28 
105 84 
108 22 
109 17 
109 22 
109 28 
109 40 
113 17 
114 22 
114 35 
116 22 
117 22 
117 30 
117 40 
117 63 
117 73 
117 98 
121 22 
133 40 
135 17 
139 17 
143 17 
145 17 
153 17 
155 17 
156 22 
167 17 
168 17 
168 22 
169 17 
169 40 
175 17 
176 17 
186 40 
204 40 
213 22 
