2 2 
2 6 
2 7 
2 8 
2 9 
2 14 
2 15 
2 23 
2 26 
2 27 
2 29 
2 31 
2 32 
2 34 
2 39 
2 40 
2 44 
2 45 
2 49 
2 69 
2 105 
2 109 
2 150 
2 156 
3 4 
3 14 
3 15 
3 22 
3 25 
3 27 
3 36 
3 37 
3 42 
3 45 
3 60 
3 63 
3 80 
3 86 
3 88 
3 96 
4 5 
4 6 
4 7 
4 10 
4 11 
4 14 
4 15 
4 22 
4 23 
4 26 
4 27 
4 31 
4 32 
4 33 
4 35 
4 37 
4 39 
4 40 
4 42 
4 44 
4 45 
4 49 
4 55 
4 58 
4 59 
4 60 
4 68 
4 70 
4 74 
4 76 
4 78 
4 80 
4 86 
4 96 
4 109 
4 133 
4 146 
4 158 
5 5 
5 15 
5 27 
5 36 
5 44 
5 45 
5 49 
5 70 
5 76 
5 80 
5 96 
5 109 
5 146 
5 150 
6 4 
6 6 
6 7 
6 9 
6 14 
6 15 
6 21 
6 23 
6 27 
6 32 
6 36 
6 37 
6 44 
6 45 
6 76 
6 80 
6 109 
7 2 
7 14 
7 15 
7 23 
7 27 
7 31 
7 34 
7 45 
7 105 
7 113 
7 119 
7 157 
8 2 
8 9 
8 14 
8 23 
8 27 
8 34 
8 45 
8 105 
9 15 
9 31 
9 34 
9 113 
9 119 
9 157 
11 4 
11 5 
11 6 
11 14 
11 15 
11 27 
11 32 
11 34 
11 35 
11 36 
11 37 
11 44 
11 45 
11 80 
12 4 
12 14 
12 15 
12 33 
12 158 
13 14 
13 15 
13 27 
13 32 
13 36 
13 37 
13 80 
14 3 
14 4 
14 5 
14 6 
14 14 
14 15 
14 17 
14 21 
14 22 
14 23 
14 27 
14 30 
14 31 
14 32 
14 34 
14 35 
14 36 
14 37 
14 39 
14 40 
14 44 
14 45 
14 49 
14 51 
14 55 
14 59 
14 60 
14 63 
14 68 
14 70 
14 73 
14 76 
14 78 
14 80 
14 87 
14 91 
14 96 
14 104 
14 109 
14 112 
14 157 
14 158 
14 173 
14 187 
15 2 
15 3 
15 4 
15 5 
15 6 
15 7 
15 9 
15 10 
15 11 
15 14 
15 16 
15 19 
15 21 
15 22 
15 23 
15 25 
15 27 
15 30 
15 31 
15 32 
15 33 
15 34 
15 35 
15 36 
15 37 
15 39 
15 40 
15 42 
15 44 
15 45 
15 48 
15 49 
15 51 
15 52 
15 58 
15 60 
15 63 
15 68 
15 69 
15 70 
15 74 
15 76 
15 78 
15 80 
15 83 
15 86 
15 96 
15 100 
15 109 
15 117 
15 133 
15 134 
15 146 
15 158 
15 213 
16 45 
16 58 
16 76 
16 79 
16 97 
17 26 
17 45 
17 110 
17 155 
17 173 
18 6 
19 6 
19 37 
19 105 
21 2 
21 4 
21 5 
21 6 
21 14 
21 15 
21 17 
21 22 
21 23 
21 27 
21 31 
21 32 
21 34 
21 37 
21 39 
21 40 
21 44 
21 45 
21 49 
21 51 
21 60 
21 63 
21 68 
21 78 
21 80 
21 86 
21 96 
21 109 
21 146 
22 3 
22 4 
22 6 
22 14 
22 15 
22 21 
22 27 
22 32 
22 35 
22 36 
22 37 
22 40 
22 42 
22 44 
22 45 
22 48 
22 49 
22 51 
22 52 
22 60 
22 63 
22 70 
22 80 
22 84 
22 86 
22 113 
22 158 
23 7 
23 9 
23 14 
23 15 
23 27 
23 31 
23 34 
23 45 
24 7 
24 9 
25 27 
25 158 
26 11 
26 27 
26 29 
26 34 
26 39 
27 3 
27 4 
27 5 
27 6 
27 7 
27 9 
27 11 
27 14 
27 15 
27 16 
27 19 
27 21 
27 22 
27 23 
27 25 
27 26 
27 31 
27 32 
27 35 
27 36 
27 37 
27 39 
27 40 
27 42 
27 44 
27 45 
27 49 
27 55 
27 60 
27 63 
27 66 
27 69 
27 70 
27 74 
27 76 
27 78 
27 80 
27 84 
27 86 
27 87 
27 96 
27 109 
27 117 
27 125 
27 146 
27 158 
30 6 
30 14 
30 15 
30 22 
30 27 
30 31 
30 32 
30 37 
30 40 
30 45 
30 60 
30 68 
30 72 
30 80 
30 87 
30 117 
31 15 
31 45 
32 3 
32 4 
32 7 
32 9 
32 11 
32 13 
32 14 
32 15 
32 19 
32 27 
32 30 
32 40 
32 63 
32 69 
32 73 
32 87 
32 98 
32 121 
32 158 
33 15 
33 25 
33 27 
33 44 
33 45 
33 134 
33 146 
33 158 
34 2 
34 11 
34 26 
35 4 
35 6 
35 14 
35 15 
35 16 
35 21 
35 22 
35 27 
35 29 
35 32 
35 36 
35 37 
35 40 
35 44 
35 45 
35 53 
35 55 
35 58 
35 60 
35 76 
35 78 
35 79 
35 80 
35 86 
35 96 
35 158 
36 4 
36 6 
36 11 
36 13 
36 14 
36 15 
36 22 
36 25 
36 27 
36 32 
36 33 
36 37 
36 40 
36 44 
36 45 
36 60 
36 76 
36 80 
36 86 
37 3 
37 4 
37 6 
37 11 
37 14 
37 15 
37 22 
37 27 
37 30 
37 35 
37 36 
37 44 
37 45 
37 63 
37 69 
37 70 
37 80 
37 87 
38 1 
39 26 
39 39 
40 3 
40 14 
40 15 
40 27 
40 44 
40 45 
40 52 
42 3 
42 15 
42 30 
42 32 
42 63 
42 73 
42 158 
43 2 
43 5 
43 14 
43 15 
43 19 
43 27 
43 33 
43 34 
43 35 
43 44 
43 45 
43 119 
43 125 
43 134 
43 146 
43 158 
44 2 
44 4 
44 5 
44 6 
44 7 
44 8 
44 9 
44 11 
44 14 
44 15 
44 17 
44 21 
44 22 
44 23 
44 26 
44 27 
44 28 
44 29 
44 32 
44 33 
44 34 
44 35 
44 37 
44 40 
44 45 
44 49 
44 51 
44 60 
44 63 
44 68 
44 70 
44 78 
44 80 
44 87 
44 96 
44 105 
44 109 
44 134 
44 158 
44 178 
45 2 
45 4 
45 5 
45 6 
45 7 
45 8 
45 9 
45 10 
45 11 
45 13 
45 14 
45 15 
45 16 
45 17 
45 21 
45 22 
45 23 
45 26 
45 27 
45 29 
45 30 
45 31 
45 32 
45 33 
45 34 
45 35 
45 36 
45 37 
45 39 
45 40 
45 44 
45 49 
45 55 
45 58 
45 60 
45 63 
45 66 
45 70 
45 76 
45 78 
45 80 
45 86 
45 94 
45 96 
45 97 
45 103 
45 105 
45 108 
45 109 
45 112 
45 120 
45 128 
45 130 
45 134 
45 158 
45 178 
46 1 
49 5 
49 6 
49 14 
49 15 
49 16 
49 22 
49 23 
49 26 
49 27 
49 31 
49 32 
49 34 
49 35 
49 37 
49 39 
49 44 
49 45 
49 49 
49 55 
49 58 
49 66 
49 76 
49 96 
49 97 
49 108 
49 109 
49 128 
49 150 
52 15 
52 19 
52 22 
52 25 
52 37 
52 40 
52 68 
52 86 
52 146 
55 45 
55 55 
55 66 
55 76 
55 108 
55 127 
57 168 
58 6 
58 16 
58 45 
58 76 
58 79 
58 97 
60 3 
60 4 
60 15 
60 22 
60 44 
60 51 
60 69 
60 86 
60 88 
61 16 
63 6 
63 14 
63 15 
63 32 
63 37 
63 45 
63 87 
65 45 
66 45 
66 55 
66 108 
68 22 
68 44 
68 52 
69 3 
69 6 
69 15 
69 22 
69 25 
69 27 
69 30 
69 32 
69 37 
69 40 
69 45 
69 51 
69 60 
69 63 
69 80 
69 84 
69 86 
69 87 
69 90 
69 146 
70 4 
70 27 
70 45 
71 92 
71 113 
71 168 
71 181 
73 22 
73 30 
73 32 
73 40 
73 80 
74 4 
74 15 
74 25 
74 27 
74 37 
75 168 
76 14 
76 15 
76 16 
76 27 
76 45 
76 55 
76 58 
76 96 
76 136 
78 14 
78 35 
79 16 
79 58 
79 97 
80 4 
80 5 
80 11 
80 13 
80 14 
80 15 
80 27 
80 36 
80 37 
80 44 
80 45 
80 73 
81 16 
81 45 
81 55 
81 76 
81 79 
81 108 
82 4 
82 5 
82 6 
82 14 
82 15 
82 35 
82 37 
82 53 
82 55 
82 76 
82 78 
82 80 
84 22 
84 30 
84 35 
84 52 
84 80 
86 14 
86 22 
86 27 
86 32 
86 39 
86 51 
86 60 
86 68 
86 69 
86 77 
86 84 
86 90 
87 6 
87 11 
87 37 
87 60 
87 63 
88 3 
88 22 
88 32 
88 37 
88 60 
88 80 
88 86 
89 14 
89 25 
89 27 
89 33 
89 87 
89 146 
91 6 
91 14 
92 159 
93 28 
93 30 
93 33 
93 36 
93 83 
93 91 
93 100 
93 109 
94 45 
94 55 
96 5 
96 14 
96 27 
96 35 
96 39 
96 45 
96 49 
96 55 
96 66 
96 76 
96 108 
97 16 
97 45 
97 79 
98 15 
98 80 
100 45 
100 116 
101 16 
101 45 
101 79 
102 3 
102 4 
102 11 
102 14 
102 15 
102 27 
102 30 
102 36 
102 37 
102 44 
102 45 
102 80 
102 84 
103 112 
105 2 
105 6 
105 7 
105 8 
105 9 
105 22 
105 23 
105 31 
105 34 
105 39 
105 44 
105 45 
105 99 
105 105 
105 156 
105 182 
107 49 
108 15 
108 16 
108 45 
108 49 
108 66 
108 96 
109 15 
109 18 
109 27 
109 34 
109 44 
109 45 
109 71 
109 75 
109 109 
109 113 
109 119 
109 138 
109 150 
109 168 
112 45 
112 120 
112 128 
113 71 
114 5 
114 15 
114 22 
114 27 
114 32 
114 35 
114 37 
114 39 
114 45 
114 49 
114 55 
115 168 
117 15 
117 22 
117 27 
117 30 
117 73 
117 98 
120 130 
121 30 
121 32 
121 37 
121 80 
125 45 
125 158 
128 45 
128 112 
129 127 
132 128 
133 19 
133 40 
134 14 
134 146 
134 158 
137 45 
146 25 
146 27 
146 52 
146 70 
150 44 
151 7 
151 9 
152 109 
154 138 
157 59 
157 119 
157 170 
158 11 
158 14 
158 15 
158 25 
158 27 
158 33 
158 45 
158 125 
158 134 
160 112 
167 78 
168 75 
168 109 
169 14 
170 119 
172 15 
172 27 
172 33 
172 146 
172 158 
176 158 
198 11 
