1 15 
1 28 
2 6 
2 7 
2 8 
2 10 
2 18 
2 23 
2 26 
2 29 
2 32 
2 33 
2 34 
2 39 
2 44 
2 49 
2 99 
2 110 
2 125 
2 134 
2 139 
2 140 
2 150 
2 156 
2 158 
2 165 
2 166 
2 182 
2 212 
3 4 
3 6 
3 14 
3 15 
3 21 
3 22 
3 27 
3 30 
3 32 
3 35 
3 36 
3 37 
3 44 
3 51 
3 52 
3 60 
3 63 
3 69 
3 80 
3 82 
3 84 
3 86 
3 87 
3 88 
3 102 
3 117 
3 134 
4 3 
4 6 
4 7 
4 10 
4 11 
4 13 
4 14 
4 15 
4 21 
4 22 
4 23 
4 25 
4 27 
4 30 
4 31 
4 32 
4 35 
4 36 
4 37 
4 39 
4 42 
4 44 
4 45 
4 52 
4 57 
4 59 
4 63 
4 68 
4 69 
4 73 
4 74 
4 78 
4 80 
4 82 
4 87 
4 102 
4 117 
4 119 
4 121 
4 146 
4 158 
4 187 
4 213 
5 4 
5 6 
5 14 
5 15 
5 22 
5 27 
5 31 
5 32 
5 35 
5 37 
5 44 
5 49 
5 60 
5 80 
5 82 
5 86 
5 117 
6 6 
6 7 
6 8 
6 15 
6 25 
6 29 
6 31 
6 34 
6 45 
6 103 
6 112 
6 125 
6 128 
6 178 
6 182 
7 2 
7 4 
7 6 
7 11 
7 14 
7 15 
7 18 
7 22 
7 23 
7 26 
7 27 
7 28 
7 31 
7 32 
7 34 
7 36 
7 39 
7 44 
7 45 
7 59 
7 60 
7 67 
7 69 
7 80 
7 83 
7 86 
7 109 
7 113 
7 125 
7 130 
7 134 
7 136 
7 157 
7 158 
7 166 
7 212 
8 6 
8 26 
8 34 
8 45 
8 134 
8 140 
9 2 
9 4 
9 6 
9 8 
9 10 
9 11 
9 14 
9 15 
9 18 
9 22 
9 23 
9 26 
9 27 
9 28 
9 31 
9 32 
9 34 
9 36 
9 39 
9 44 
9 45 
9 59 
9 60 
9 67 
9 69 
9 80 
9 83 
9 86 
9 109 
9 113 
9 125 
9 130 
9 134 
9 136 
9 140 
9 157 
9 158 
9 166 
9 212 
10 6 
10 8 
10 9 
10 15 
10 23 
10 26 
10 34 
10 45 
10 80 
10 86 
10 134 
11 3 
11 4 
11 13 
11 14 
11 15 
11 18 
11 22 
11 27 
11 30 
11 32 
11 35 
11 36 
11 44 
11 52 
11 60 
11 73 
11 80 
11 82 
11 92 
11 98 
11 102 
11 121 
12 3 
12 4 
12 6 
12 14 
12 15 
12 18 
12 21 
12 22 
12 25 
12 27 
12 32 
12 33 
12 35 
12 37 
12 42 
12 44 
12 45 
12 60 
12 68 
12 69 
12 80 
12 90 
12 91 
12 102 
12 109 
12 113 
12 119 
12 125 
12 134 
12 146 
12 150 
12 158 
13 3 
13 11 
13 27 
13 32 
13 36 
13 98 
14 3 
14 4 
14 6 
14 7 
14 8 
14 10 
14 11 
14 13 
14 15 
14 17 
14 18 
14 21 
14 22 
14 23 
14 25 
14 26 
14 27 
14 29 
14 30 
14 32 
14 33 
14 34 
14 35 
14 36 
14 37 
14 39 
14 42 
14 44 
14 45 
14 54 
14 57 
14 59 
14 60 
14 62 
14 63 
14 68 
14 69 
14 70 
14 73 
14 74 
14 78 
14 80 
14 82 
14 84 
14 86 
14 88 
14 90 
14 98 
14 102 
14 104 
14 109 
14 117 
14 119 
14 121 
14 125 
14 134 
14 146 
14 150 
14 157 
14 158 
14 173 
14 180 
14 187 
14 213 
15 3 
15 4 
15 7 
15 8 
15 11 
15 13 
15 14 
15 17 
15 21 
15 22 
15 25 
15 27 
15 30 
15 32 
15 34 
15 35 
15 36 
15 37 
15 42 
15 44 
15 51 
15 52 
15 60 
15 62 
15 63 
15 68 
15 69 
15 73 
15 74 
15 80 
15 82 
15 83 
15 84 
15 86 
15 87 
15 88 
15 98 
15 102 
15 105 
15 117 
15 121 
15 193 
15 212 
15 213 
16 4 
16 6 
16 14 
16 22 
16 27 
16 44 
16 45 
16 58 
16 79 
16 97 
16 127 
17 2 
17 3 
17 4 
17 5 
17 6 
17 7 
17 8 
17 11 
17 14 
17 15 
17 18 
17 21 
17 22 
17 25 
17 26 
17 27 
17 28 
17 29 
17 33 
17 34 
17 36 
17 37 
17 44 
17 45 
17 63 
17 80 
17 82 
17 102 
17 109 
17 125 
17 133 
17 134 
17 138 
17 150 
17 155 
17 158 
17 190 
17 212 
18 7 
18 8 
18 10 
18 14 
18 21 
18 23 
18 26 
18 33 
18 34 
18 125 
18 134 
18 158 
19 15 
19 26 
19 28 
19 32 
19 37 
19 42 
19 84 
19 125 
19 133 
19 134 
19 158 
20 134 
21 14 
21 27 
21 30 
21 44 
21 80 
21 96 
22 3 
22 4 
22 5 
22 6 
22 7 
22 8 
22 10 
22 11 
22 13 
22 14 
22 15 
22 21 
22 23 
22 25 
22 27 
22 30 
22 32 
22 34 
22 35 
22 36 
22 37 
22 42 
22 44 
22 48 
22 51 
22 52 
22 59 
22 60 
22 62 
22 63 
22 68 
22 69 
22 70 
22 71 
22 73 
22 74 
22 77 
22 80 
22 82 
22 83 
22 84 
22 86 
22 87 
22 88 
22 90 
22 91 
22 92 
22 98 
22 102 
22 109 
22 117 
22 121 
22 148 
22 150 
22 157 
22 158 
22 212 
23 4 
23 6 
23 7 
23 8 
23 10 
23 11 
23 14 
23 15 
23 18 
23 22 
23 26 
23 27 
23 29 
23 31 
23 32 
23 34 
23 36 
23 37 
23 39 
23 44 
23 45 
23 63 
23 80 
23 134 
23 140 
23 158 
23 182 
24 32 
24 69 
25 6 
25 14 
25 15 
25 33 
25 36 
25 44 
25 45 
25 57 
25 80 
25 117 
25 119 
25 125 
25 134 
25 146 
25 158 
26 7 
26 8 
26 10 
26 14 
26 18 
26 21 
26 23 
26 27 
26 34 
26 39 
26 146 
26 158 
26 212 
27 3 
27 4 
27 6 
27 7 
27 8 
27 10 
27 11 
27 13 
27 14 
27 15 
27 21 
27 22 
27 23 
27 25 
27 26 
27 28 
27 29 
27 30 
27 31 
27 32 
27 33 
27 34 
27 35 
27 36 
27 37 
27 39 
27 42 
27 44 
27 45 
27 51 
27 52 
27 59 
27 60 
27 62 
27 63 
27 68 
27 69 
27 71 
27 73 
27 74 
27 80 
27 82 
27 83 
27 84 
27 86 
27 87 
27 88 
27 90 
27 98 
27 100 
27 102 
27 115 
27 117 
27 119 
27 120 
27 121 
27 125 
27 127 
27 128 
27 133 
27 134 
27 146 
27 148 
27 157 
27 158 
27 168 
27 187 
27 213 
28 3 
28 6 
28 7 
28 8 
28 11 
28 14 
28 15 
28 22 
28 26 
28 27 
28 34 
28 36 
28 37 
28 44 
28 68 
28 80 
28 117 
28 125 
28 134 
28 158 
28 187 
29 6 
29 7 
29 8 
29 23 
29 26 
29 37 
29 68 
30 2 
30 3 
30 6 
30 11 
30 13 
30 14 
30 15 
30 21 
30 22 
30 27 
30 32 
30 35 
30 36 
30 37 
30 42 
30 44 
30 45 
30 52 
30 60 
30 63 
30 68 
30 69 
30 73 
30 80 
30 83 
30 84 
30 87 
30 88 
30 98 
30 117 
30 121 
31 2 
31 6 
31 7 
31 8 
31 10 
31 15 
31 17 
31 18 
31 23 
31 26 
31 29 
31 34 
31 37 
31 44 
31 45 
31 95 
31 109 
31 119 
31 134 
32 42 
32 73 
32 83 
32 117 
33 25 
33 28 
33 36 
33 125 
33 134 
33 158 
33 213 
34 18 
34 26 
34 29 
34 44 
34 212 
35 3 
35 4 
35 7 
35 10 
35 11 
35 13 
35 14 
35 15 
35 17 
35 21 
35 22 
35 25 
35 26 
35 27 
35 30 
35 32 
35 36 
35 37 
35 42 
35 44 
35 51 
35 52 
35 53 
35 55 
35 59 
35 60 
35 63 
35 68 
35 69 
35 73 
35 74 
35 80 
35 82 
35 83 
35 84 
35 86 
35 87 
35 88 
35 90 
35 98 
35 102 
35 117 
35 121 
35 157 
35 158 
35 187 
36 6 
36 11 
36 13 
36 14 
36 15 
36 22 
36 27 
36 30 
36 35 
36 44 
36 63 
36 73 
36 80 
36 102 
37 3 
37 14 
37 15 
37 35 
37 125 
37 212 
38 32 
39 2 
39 3 
39 4 
39 6 
39 7 
39 8 
39 10 
39 11 
39 13 
39 14 
39 15 
39 17 
39 22 
39 23 
39 25 
39 26 
39 27 
39 28 
39 30 
39 32 
39 33 
39 34 
39 36 
39 37 
39 39 
39 42 
39 44 
39 49 
39 60 
39 63 
39 68 
39 69 
39 74 
39 80 
39 86 
39 97 
39 102 
39 110 
39 125 
39 134 
39 140 
39 146 
39 158 
39 190 
39 212 
40 3 
40 4 
40 6 
40 11 
40 14 
40 15 
40 18 
40 25 
40 27 
40 30 
40 32 
40 36 
40 37 
40 42 
40 44 
40 45 
40 51 
40 52 
40 63 
40 68 
40 69 
40 72 
40 77 
40 80 
40 83 
40 84 
40 86 
40 87 
40 88 
40 89 
40 90 
40 100 
40 109 
40 117 
40 121 
40 133 
41 32 
42 15 
42 30 
42 32 
42 73 
42 117 
43 21 
43 26 
43 113 
43 125 
43 134 
43 158 
43 212 
44 4 
44 7 
44 8 
44 11 
44 14 
44 15 
44 17 
44 21 
44 22 
44 26 
44 27 
44 30 
44 32 
44 34 
44 35 
44 36 
44 37 
44 62 
44 63 
44 68 
44 70 
44 74 
44 80 
44 82 
44 86 
44 87 
44 88 
44 90 
44 102 
44 109 
44 119 
44 125 
44 128 
44 134 
44 148 
44 158 
44 168 
45 3 
45 6 
45 7 
45 8 
45 9 
45 10 
45 14 
45 15 
45 16 
45 17 
45 21 
45 22 
45 23 
45 25 
45 26 
45 27 
45 29 
45 31 
45 32 
45 33 
45 34 
45 37 
45 39 
45 44 
45 49 
45 53 
45 54 
45 58 
45 66 
45 68 
45 70 
45 71 
45 76 
45 79 
45 80 
45 91 
45 97 
45 102 
45 103 
45 112 
45 117 
45 120 
45 125 
45 127 
45 128 
45 130 
45 134 
45 136 
45 139 
45 146 
45 158 
45 178 
45 182 
46 32 
46 42 
46 72 
46 117 
46 121 
47 2 
47 3 
47 4 
47 6 
47 7 
47 8 
47 10 
47 14 
47 15 
47 26 
47 27 
47 30 
47 34 
47 36 
47 37 
47 39 
47 44 
47 63 
47 80 
47 102 
47 105 
47 158 
48 3 
48 11 
48 14 
48 37 
48 77 
49 4 
49 6 
49 7 
49 8 
49 14 
49 15 
49 22 
49 27 
49 32 
49 35 
49 44 
49 49 
49 60 
49 80 
49 96 
49 102 
49 117 
49 134 
51 11 
51 60 
52 6 
52 15 
52 27 
52 32 
52 44 
52 62 
52 63 
52 68 
52 80 
52 84 
52 90 
52 125 
54 4 
54 6 
54 14 
54 15 
54 21 
54 37 
54 44 
54 118 
55 6 
55 14 
55 27 
55 44 
55 45 
55 80 
55 127 
57 14 
58 4 
58 6 
58 14 
58 16 
58 25 
58 27 
58 32 
58 44 
58 45 
58 79 
58 80 
58 82 
58 86 
58 97 
58 112 
58 127 
59 4 
59 14 
59 15 
59 156 
60 3 
60 27 
60 32 
60 44 
60 51 
60 80 
60 88 
61 6 
62 4 
62 6 
62 13 
62 14 
62 15 
62 22 
62 32 
62 37 
62 44 
62 63 
62 68 
62 80 
62 125 
62 134 
63 3 
63 4 
63 15 
63 27 
63 30 
63 35 
63 36 
63 44 
63 69 
63 84 
63 87 
63 100 
64 6 
64 14 
64 44 
65 3 
65 4 
65 6 
65 11 
65 14 
65 15 
65 22 
65 27 
65 35 
65 36 
65 37 
65 44 
65 45 
65 63 
65 68 
65 80 
65 82 
65 102 
65 127 
66 3 
66 6 
66 37 
66 44 
66 45 
66 80 
66 125 
66 134 
67 4 
67 7 
67 9 
67 26 
67 32 
67 44 
67 125 
67 134 
67 158 
68 3 
68 6 
68 11 
68 14 
68 15 
68 21 
68 22 
68 25 
68 27 
68 32 
68 44 
68 48 
68 52 
68 62 
68 73 
68 80 
68 86 
68 88 
68 90 
69 3 
69 4 
69 14 
69 15 
69 22 
69 27 
69 30 
69 32 
69 35 
69 36 
69 37 
69 44 
69 51 
69 52 
69 63 
69 73 
69 84 
69 86 
69 87 
69 88 
69 98 
69 109 
70 3 
70 4 
70 6 
70 7 
70 8 
70 10 
70 11 
70 14 
70 15 
70 21 
70 22 
70 27 
70 32 
70 34 
70 37 
70 42 
70 44 
70 45 
70 52 
70 62 
70 63 
70 68 
70 69 
70 73 
70 80 
70 82 
70 83 
70 88 
70 102 
70 109 
70 117 
70 121 
70 146 
71 3 
71 4 
71 11 
71 14 
71 15 
71 21 
71 22 
71 25 
71 26 
71 27 
71 34 
71 37 
71 44 
71 80 
71 82 
71 92 
71 102 
71 109 
71 125 
71 134 
71 138 
71 158 
72 32 
73 11 
73 15 
73 21 
73 22 
73 30 
73 32 
73 44 
73 80 
73 98 
73 117 
73 121 
74 4 
74 14 
74 15 
74 27 
76 6 
76 14 
76 15 
76 16 
76 22 
76 23 
76 35 
76 44 
76 45 
76 79 
76 103 
76 136 
78 3 
78 4 
78 6 
78 11 
78 14 
78 15 
78 22 
78 25 
78 27 
78 32 
78 35 
78 36 
78 37 
78 44 
78 59 
78 80 
78 82 
78 117 
78 125 
78 134 
78 158 
78 187 
78 213 
79 6 
79 14 
79 22 
79 44 
79 45 
80 7 
80 8 
80 11 
80 36 
81 4 
81 14 
81 27 
81 32 
81 35 
81 44 
81 45 
81 58 
81 80 
81 127 
82 4 
82 6 
82 11 
82 14 
82 15 
82 22 
82 27 
82 32 
82 35 
82 36 
82 37 
82 44 
82 45 
82 53 
82 63 
82 74 
82 80 
82 102 
82 117 
83 30 
83 32 
83 117 
84 3 
84 4 
84 22 
84 27 
84 30 
84 44 
84 52 
84 68 
84 69 
84 83 
86 3 
86 14 
86 15 
86 27 
86 32 
86 36 
86 37 
86 51 
86 60 
86 69 
86 77 
86 80 
86 83 
86 87 
86 88 
86 90 
87 3 
87 30 
87 63 
87 69 
87 84 
87 88 
88 3 
88 14 
88 15 
88 22 
88 27 
88 48 
88 51 
88 60 
88 84 
88 86 
89 25 
89 26 
89 36 
89 125 
89 134 
89 146 
89 158 
90 27 
90 60 
90 68 
90 77 
90 80 
90 86 
91 14 
91 22 
91 32 
91 44 
91 68 
91 134 
91 158 
92 4 
92 14 
92 15 
92 22 
92 27 
92 36 
92 37 
92 44 
92 68 
92 125 
92 159 
93 14 
93 21 
93 27 
93 28 
93 32 
93 33 
93 36 
93 59 
93 77 
93 91 
93 100 
93 104 
93 127 
93 213 
94 127 
95 35 
96 6 
96 22 
96 49 
96 112 
96 187 
97 45 
98 13 
98 21 
98 30 
98 32 
98 73 
98 80 
98 82 
98 121 
99 2 
99 6 
99 45 
99 105 
100 30 
100 42 
100 73 
100 83 
100 84 
100 98 
100 116 
100 117 
100 121 
100 133 
101 6 
101 14 
101 16 
101 22 
101 44 
101 45 
101 58 
101 79 
101 97 
103 6 
103 44 
103 45 
104 14 
104 158 
105 2 
105 6 
105 7 
105 8 
105 9 
105 10 
105 15 
105 23 
105 26 
105 27 
105 34 
105 39 
105 44 
105 45 
105 49 
105 99 
105 156 
105 165 
105 166 
105 182 
108 5 
108 6 
108 22 
108 27 
108 35 
108 37 
108 44 
108 45 
108 60 
108 66 
108 95 
108 96 
108 127 
108 146 
108 158 
109 3 
109 4 
109 7 
109 8 
109 14 
109 15 
109 21 
109 22 
109 25 
109 26 
109 27 
109 32 
109 34 
109 35 
109 37 
109 42 
109 44 
109 49 
109 57 
109 59 
109 75 
109 80 
109 102 
109 109 
109 113 
109 115 
109 119 
109 134 
109 138 
109 150 
109 158 
109 168 
110 6 
110 11 
110 14 
110 15 
110 22 
110 25 
110 27 
110 33 
110 37 
110 44 
110 62 
110 68 
110 80 
110 125 
110 134 
110 158 
110 212 
111 134 
111 158 
112 6 
112 128 
113 44 
113 125 
114 22 
114 35 
115 44 
115 109 
116 14 
116 32 
117 42 
117 83 
118 57 
119 3 
119 4 
119 6 
119 14 
119 15 
119 22 
119 27 
119 44 
119 62 
119 80 
119 102 
119 109 
119 173 
120 6 
120 127 
120 128 
121 15 
121 27 
121 30 
121 35 
121 44 
121 73 
121 98 
122 14 
122 187 
124 3 
124 4 
124 15 
124 21 
124 26 
124 27 
124 28 
124 37 
124 44 
124 45 
124 103 
124 158 
125 28 
125 134 
125 158 
126 6 
128 44 
128 94 
130 27 
130 127 
133 32 
133 42 
134 134 
135 6 
135 14 
135 15 
135 21 
135 22 
135 25 
135 26 
135 28 
135 33 
135 34 
135 36 
135 44 
135 68 
135 125 
135 134 
135 158 
136 6 
138 168 
140 8 
142 4 
142 14 
142 37 
144 134 
145 4 
145 37 
146 3 
146 4 
146 6 
146 11 
146 14 
146 15 
146 21 
146 22 
146 25 
146 27 
146 32 
146 35 
146 36 
146 37 
146 42 
146 44 
146 68 
146 70 
146 89 
146 125 
146 134 
146 158 
147 4 
147 7 
147 9 
147 36 
147 39 
147 44 
148 4 
148 14 
148 15 
148 22 
148 84 
150 14 
150 21 
150 34 
150 44 
152 44 
152 109 
153 39 
154 7 
154 8 
154 27 
154 44 
155 17 
155 26 
155 34 
159 4 
160 6 
160 44 
163 4 
163 7 
163 10 
163 14 
163 15 
163 27 
163 37 
165 44 
167 125 
167 134 
167 146 
168 109 
168 138 
169 22 
169 157 
169 158 
170 14 
171 44 
172 134 
172 158 
173 4 
173 14 
173 37 
173 180 
174 84 
180 4 
181 4 
184 6 
184 14 
184 127 
185 80 
186 4 
186 27 
186 44 
186 45 
187 4 
187 14 
187 44 
187 213 
194 82 
204 59 
