1 6 
2 2 
2 7 
2 8 
2 9 
2 10 
2 18 
2 23 
2 26 
2 29 
2 32 
2 34 
2 39 
2 45 
2 99 
2 105 
2 110 
2 125 
2 156 
2 166 
2 212 
3 4 
3 13 
3 14 
3 15 
3 22 
3 23 
3 27 
3 30 
3 32 
3 37 
3 52 
3 60 
3 62 
3 63 
3 68 
3 69 
3 73 
3 76 
3 80 
3 82 
3 84 
3 86 
3 87 
3 88 
3 121 
3 148 
4 6 
4 11 
4 13 
4 14 
4 15 
4 21 
4 22 
4 23 
4 26 
4 27 
4 30 
4 32 
4 35 
4 36 
4 37 
4 44 
4 45 
4 54 
4 57 
4 59 
4 60 
4 63 
4 68 
4 74 
4 80 
4 82 
4 84 
4 104 
4 119 
4 156 
5 27 
5 35 
5 45 
5 130 
6 6 
6 27 
6 35 
6 36 
6 44 
6 45 
6 76 
6 79 
6 103 
6 112 
6 119 
6 120 
6 128 
7 2 
7 3 
7 6 
7 14 
7 15 
7 17 
7 21 
7 22 
7 26 
7 27 
7 29 
7 32 
7 34 
7 36 
7 37 
7 39 
7 44 
7 45 
7 49 
7 54 
7 63 
7 68 
7 82 
7 105 
7 108 
7 110 
7 116 
7 121 
7 130 
7 150 
7 156 
7 157 
7 158 
7 170 
7 182 
7 187 
8 6 
8 14 
8 21 
8 27 
8 29 
8 34 
8 36 
8 44 
8 45 
8 130 
8 140 
9 2 
9 3 
9 6 
9 8 
9 10 
9 14 
9 15 
9 17 
9 21 
9 22 
9 26 
9 27 
9 32 
9 34 
9 37 
9 39 
9 44 
9 45 
9 49 
9 54 
9 63 
9 68 
9 82 
9 105 
9 108 
9 110 
9 116 
9 121 
9 150 
9 156 
9 157 
9 158 
9 170 
9 182 
9 187 
10 6 
10 8 
10 27 
10 32 
10 49 
11 13 
11 14 
11 15 
11 21 
11 27 
11 30 
11 36 
11 59 
11 80 
11 102 
12 2 
12 3 
12 4 
12 5 
12 6 
12 14 
12 15 
12 19 
12 22 
12 26 
12 27 
12 28 
12 32 
12 33 
12 34 
12 35 
12 36 
12 42 
12 44 
12 45 
12 52 
12 55 
12 58 
12 62 
12 67 
12 68 
12 70 
12 76 
12 78 
12 79 
12 84 
12 91 
12 100 
12 105 
12 109 
12 116 
12 125 
12 134 
12 146 
12 150 
12 158 
12 187 
13 32 
13 73 
13 98 
13 121 
14 2 
14 3 
14 4 
14 5 
14 6 
14 7 
14 8 
14 9 
14 10 
14 11 
14 13 
14 15 
14 17 
14 18 
14 21 
14 22 
14 23 
14 25 
14 26 
14 27 
14 28 
14 30 
14 31 
14 32 
14 34 
14 35 
14 36 
14 37 
14 39 
14 44 
14 45 
14 52 
14 53 
14 54 
14 57 
14 59 
14 63 
14 68 
14 69 
14 70 
14 73 
14 74 
14 76 
14 78 
14 80 
14 82 
14 84 
14 88 
14 102 
14 104 
14 105 
14 109 
14 112 
14 119 
14 121 
14 134 
14 139 
14 146 
14 150 
14 156 
14 157 
14 158 
14 166 
14 170 
14 173 
14 178 
14 180 
14 182 
14 187 
14 212 
15 3 
15 4 
15 7 
15 10 
15 11 
15 13 
15 14 
15 21 
15 22 
15 27 
15 30 
15 31 
15 32 
15 35 
15 36 
15 37 
15 39 
15 40 
15 44 
15 45 
15 51 
15 52 
15 57 
15 58 
15 59 
15 60 
15 63 
15 68 
15 69 
15 72 
15 73 
15 74 
15 77 
15 80 
15 82 
15 84 
15 86 
15 87 
15 88 
15 96 
15 98 
15 100 
15 102 
15 105 
15 108 
15 121 
15 133 
15 156 
15 212 
16 45 
16 58 
16 79 
16 97 
16 136 
17 6 
17 21 
17 32 
17 35 
17 44 
17 63 
17 68 
17 105 
17 125 
17 190 
18 76 
19 6 
19 15 
19 26 
19 27 
19 44 
19 45 
20 40 
21 27 
21 44 
22 2 
22 3 
22 4 
22 5 
22 6 
22 7 
22 8 
22 9 
22 10 
22 11 
22 13 
22 14 
22 15 
22 16 
22 17 
22 18 
22 19 
22 21 
22 23 
22 25 
22 26 
22 27 
22 29 
22 30 
22 31 
22 32 
22 34 
22 35 
22 36 
22 37 
22 39 
22 42 
22 44 
22 45 
22 48 
22 49 
22 51 
22 52 
22 53 
22 55 
22 57 
22 58 
22 60 
22 62 
22 63 
22 67 
22 68 
22 69 
22 71 
22 73 
22 74 
22 76 
22 77 
22 79 
22 80 
22 82 
22 83 
22 84 
22 86 
22 87 
22 88 
22 90 
22 92 
22 94 
22 96 
22 97 
22 98 
22 100 
22 102 
22 104 
22 105 
22 108 
22 109 
22 110 
22 113 
22 115 
22 116 
22 119 
22 121 
22 128 
22 134 
22 148 
22 150 
22 156 
22 168 
22 182 
22 212 
23 6 
23 22 
23 27 
23 32 
23 35 
23 108 
23 110 
24 72 
25 2 
25 3 
25 4 
25 5 
25 6 
25 11 
25 14 
25 15 
25 27 
25 32 
25 36 
25 37 
25 42 
25 44 
25 45 
25 54 
25 55 
25 62 
25 63 
25 68 
25 75 
25 76 
25 80 
25 84 
25 87 
25 94 
25 105 
25 109 
25 115 
25 119 
25 125 
25 130 
25 134 
25 146 
25 158 
25 170 
25 173 
25 187 
26 17 
26 27 
26 134 
27 3 
27 4 
27 11 
27 13 
27 14 
27 15 
27 17 
27 21 
27 22 
27 30 
27 32 
27 34 
27 35 
27 36 
27 37 
27 44 
27 45 
27 57 
27 63 
27 68 
27 74 
27 80 
27 82 
27 84 
27 87 
27 88 
27 98 
27 102 
27 103 
27 104 
27 105 
27 109 
27 112 
27 121 
27 127 
27 130 
27 148 
28 6 
28 21 
28 68 
28 75 
29 6 
29 27 
29 37 
30 6 
30 11 
30 21 
30 22 
30 32 
30 35 
30 44 
30 48 
30 63 
30 68 
30 69 
30 73 
30 87 
30 102 
30 117 
30 121 
31 27 
31 32 
31 105 
31 127 
32 30 
33 4 
33 44 
33 158 
34 17 
34 44 
34 71 
34 110 
34 139 
34 212 
35 2 
35 3 
35 4 
35 5 
35 6 
35 7 
35 8 
35 9 
35 10 
35 11 
35 13 
35 14 
35 15 
35 16 
35 17 
35 18 
35 19 
35 21 
35 22 
35 23 
35 26 
35 27 
35 28 
35 29 
35 30 
35 31 
35 32 
35 33 
35 34 
35 36 
35 37 
35 39 
35 42 
35 44 
35 45 
35 48 
35 49 
35 51 
35 52 
35 53 
35 54 
35 55 
35 58 
35 59 
35 60 
35 62 
35 63 
35 66 
35 67 
35 68 
35 69 
35 70 
35 71 
35 72 
35 73 
35 74 
35 76 
35 77 
35 78 
35 79 
35 80 
35 82 
35 83 
35 84 
35 86 
35 87 
35 88 
35 94 
35 95 
35 96 
35 97 
35 98 
35 99 
35 100 
35 102 
35 103 
35 105 
35 108 
35 109 
35 110 
35 112 
35 113 
35 116 
35 117 
35 121 
35 125 
35 127 
35 128 
35 133 
35 134 
35 146 
35 148 
35 150 
35 156 
35 157 
35 158 
35 180 
35 182 
35 187 
35 212 
36 4 
36 11 
36 13 
36 15 
36 27 
36 32 
36 37 
36 40 
36 63 
36 68 
36 80 
36 102 
36 125 
36 146 
36 178 
37 3 
37 14 
37 15 
37 22 
37 35 
37 212 
39 2 
39 6 
39 7 
39 10 
39 14 
39 21 
39 27 
39 32 
39 34 
39 36 
39 45 
39 58 
39 63 
39 68 
39 76 
39 79 
39 80 
39 105 
39 130 
39 134 
39 156 
39 190 
40 2 
40 3 
40 4 
40 5 
40 6 
40 7 
40 8 
40 9 
40 11 
40 14 
40 15 
40 18 
40 19 
40 22 
40 23 
40 26 
40 27 
40 32 
40 33 
40 34 
40 35 
40 36 
40 37 
40 42 
40 44 
40 45 
40 48 
40 51 
40 52 
40 59 
40 63 
40 67 
40 68 
40 69 
40 70 
40 72 
40 76 
40 80 
40 83 
40 84 
40 86 
40 88 
40 90 
40 94 
40 100 
40 102 
40 105 
40 108 
40 109 
40 117 
40 121 
40 125 
40 133 
40 134 
40 146 
40 148 
40 158 
40 187 
42 32 
42 35 
42 121 
43 19 
43 34 
43 54 
43 57 
43 68 
43 71 
43 75 
43 76 
43 92 
43 94 
43 104 
43 105 
43 109 
43 110 
43 113 
43 119 
43 125 
43 133 
43 134 
43 159 
43 187 
43 212 
44 3 
44 4 
44 6 
44 7 
44 9 
44 11 
44 13 
44 14 
44 15 
44 21 
44 22 
44 23 
44 26 
44 27 
44 31 
44 34 
44 35 
44 36 
44 37 
44 45 
44 60 
44 62 
44 63 
44 68 
44 69 
44 80 
44 82 
44 87 
44 102 
44 105 
44 109 
44 112 
44 113 
44 119 
44 121 
44 128 
44 134 
44 148 
44 158 
45 4 
45 6 
45 7 
45 8 
45 9 
45 10 
45 16 
45 17 
45 18 
45 21 
45 22 
45 23 
45 26 
45 27 
45 31 
45 32 
45 34 
45 35 
45 37 
45 44 
45 55 
45 58 
45 68 
45 70 
45 76 
45 78 
45 79 
45 82 
45 94 
45 96 
45 97 
45 99 
45 102 
45 103 
45 105 
45 108 
45 109 
45 110 
45 112 
45 120 
45 125 
45 127 
45 128 
45 130 
45 134 
45 136 
45 178 
45 182 
45 212 
46 32 
47 6 
47 27 
47 32 
47 63 
48 68 
49 2 
49 3 
49 5 
49 6 
49 14 
49 16 
49 22 
49 27 
49 35 
49 45 
49 49 
49 55 
49 66 
49 68 
49 76 
49 79 
49 87 
49 94 
49 95 
49 96 
49 108 
49 109 
49 212 
51 27 
52 2 
52 32 
52 35 
52 44 
52 45 
52 68 
52 73 
52 84 
52 90 
52 105 
55 108 
60 6 
60 32 
60 51 
60 68 
60 77 
60 86 
60 88 
62 5 
62 15 
62 22 
62 44 
62 45 
62 68 
62 84 
62 109 
63 6 
63 30 
63 32 
63 60 
63 69 
63 73 
63 87 
63 98 
63 100 
65 103 
66 6 
68 2 
68 3 
68 4 
68 5 
68 6 
68 7 
68 8 
68 9 
68 10 
68 11 
68 13 
68 14 
68 15 
68 17 
68 19 
68 21 
68 22 
68 23 
68 26 
68 27 
68 30 
68 31 
68 32 
68 33 
68 34 
68 35 
68 36 
68 39 
68 40 
68 42 
68 44 
68 45 
68 48 
68 51 
68 52 
68 55 
68 58 
68 60 
68 62 
68 63 
68 67 
68 69 
68 70 
68 72 
68 73 
68 74 
68 76 
68 77 
68 79 
68 80 
68 82 
68 83 
68 84 
68 86 
68 87 
68 88 
68 90 
68 94 
68 98 
68 100 
68 102 
68 103 
68 105 
68 109 
68 112 
68 116 
68 117 
68 121 
68 125 
68 128 
68 146 
68 148 
68 150 
69 6 
69 27 
69 30 
69 32 
69 63 
69 84 
69 87 
69 88 
69 98 
69 121 
70 2 
70 3 
70 4 
70 5 
70 6 
70 11 
70 14 
70 15 
70 22 
70 27 
70 32 
70 34 
70 37 
70 44 
70 45 
70 58 
70 63 
70 71 
70 76 
70 96 
70 105 
70 109 
70 182 
71 113 
72 32 
73 21 
73 32 
73 35 
73 44 
73 98 
73 121 
74 4 
74 14 
76 6 
76 7 
76 9 
76 16 
76 32 
76 45 
76 63 
76 79 
76 125 
76 136 
78 2 
78 3 
78 4 
78 5 
78 6 
78 7 
78 10 
78 11 
78 14 
78 15 
78 21 
78 22 
78 23 
78 25 
78 27 
78 32 
78 33 
78 35 
78 36 
78 37 
78 42 
78 44 
78 45 
78 51 
78 54 
78 55 
78 59 
78 60 
78 68 
78 70 
78 76 
78 77 
78 79 
78 80 
78 83 
78 94 
78 97 
78 102 
78 105 
78 108 
78 109 
78 117 
78 134 
78 150 
78 156 
78 157 
78 158 
78 170 
78 173 
78 182 
78 187 
80 36 
81 2 
82 2 
82 4 
82 5 
82 6 
82 7 
82 11 
82 14 
82 15 
82 22 
82 23 
82 27 
82 30 
82 32 
82 33 
82 34 
82 35 
82 36 
82 37 
82 44 
82 45 
82 53 
82 68 
82 69 
82 74 
82 76 
82 80 
82 94 
82 109 
82 116 
82 133 
82 140 
82 150 
83 32 
83 68 
83 121 
84 6 
84 22 
84 35 
84 52 
84 68 
86 3 
86 22 
86 32 
86 45 
86 51 
86 60 
86 63 
86 69 
86 84 
86 88 
87 3 
87 30 
87 52 
87 63 
87 69 
88 3 
88 22 
88 32 
88 36 
88 51 
88 52 
88 60 
88 63 
88 77 
88 90 
88 102 
88 148 
89 2 
89 4 
89 5 
89 6 
89 7 
89 8 
89 11 
89 14 
89 15 
89 18 
89 19 
89 21 
89 22 
89 25 
89 26 
89 27 
89 28 
89 30 
89 32 
89 33 
89 35 
89 36 
89 37 
89 44 
89 45 
89 48 
89 55 
89 62 
89 63 
89 67 
89 68 
89 69 
89 80 
89 83 
89 84 
89 87 
89 94 
89 105 
89 116 
89 117 
89 125 
89 134 
89 146 
89 158 
90 6 
90 22 
90 27 
90 51 
90 68 
91 2 
91 4 
91 6 
91 14 
91 15 
91 19 
91 22 
91 26 
91 32 
91 44 
91 45 
91 54 
91 76 
91 119 
92 159 
93 14 
93 19 
93 27 
93 28 
93 33 
93 36 
93 48 
93 59 
93 63 
93 77 
93 91 
93 157 
96 2 
96 5 
96 6 
96 15 
96 16 
96 22 
96 35 
96 36 
96 45 
96 66 
96 76 
96 94 
96 95 
96 100 
96 108 
97 79 
98 13 
98 32 
98 73 
98 121 
98 133 
100 68 
102 72 
105 2 
105 22 
105 34 
105 99 
105 156 
108 2 
108 3 
108 5 
108 6 
108 14 
108 22 
108 23 
108 27 
108 32 
108 35 
108 36 
108 37 
108 44 
108 45 
108 55 
108 58 
108 66 
108 70 
108 76 
108 80 
108 94 
108 95 
108 96 
108 109 
109 6 
109 15 
109 27 
109 32 
109 36 
109 44 
109 75 
109 92 
109 104 
109 113 
109 115 
109 119 
109 138 
109 150 
109 168 
110 2 
110 212 
116 32 
116 42 
121 21 
121 30 
121 32 
121 68 
121 73 
121 98 
125 134 
129 27 
130 27 
133 32 
135 6 
135 22 
135 44 
140 6 
140 8 
140 156 
146 33 
146 44 
146 45 
146 70 
146 125 
146 134 
146 158 
150 27 
156 166 
163 27 
167 134 
168 115 
169 14 
169 157 
186 14 
186 22 
186 27 
186 44 
186 158 
203 37 
204 4 
204 35 
204 59 
213 54 
