1 28 
2 7 
2 8 
2 9 
2 10 
2 15 
2 18 
2 26 
2 29 
2 34 
2 39 
2 44 
2 69 
2 70 
2 86 
2 99 
2 105 
2 109 
2 134 
2 156 
2 165 
2 166 
2 212 
3 4 
3 5 
3 6 
3 11 
3 13 
3 14 
3 15 
3 21 
3 22 
3 27 
3 30 
3 31 
3 32 
3 35 
3 36 
3 37 
3 42 
3 44 
3 48 
3 51 
3 52 
3 60 
3 63 
3 68 
3 69 
3 73 
3 74 
3 82 
3 84 
3 87 
3 88 
3 90 
3 91 
3 98 
3 102 
3 109 
3 158 
4 3 
4 6 
4 7 
4 9 
4 11 
4 13 
4 14 
4 15 
4 21 
4 22 
4 27 
4 30 
4 31 
4 32 
4 35 
4 36 
4 37 
4 39 
4 40 
4 44 
4 45 
4 52 
4 57 
4 58 
4 59 
4 63 
4 68 
4 69 
4 70 
4 73 
4 74 
4 78 
4 80 
4 82 
4 84 
4 87 
4 88 
4 96 
4 98 
4 102 
4 104 
4 105 
4 109 
4 173 
5 6 
5 15 
5 17 
5 27 
5 35 
5 49 
5 53 
5 76 
5 82 
5 103 
5 109 
6 2 
6 3 
6 6 
6 7 
6 8 
6 9 
6 11 
6 14 
6 15 
6 26 
6 29 
6 34 
6 39 
6 44 
6 45 
6 76 
6 103 
6 104 
6 112 
6 127 
6 128 
6 158 
6 178 
7 2 
7 3 
7 4 
7 5 
7 6 
7 11 
7 13 
7 14 
7 15 
7 16 
7 17 
7 18 
7 19 
7 21 
7 22 
7 23 
7 25 
7 26 
7 27 
7 28 
7 29 
7 30 
7 31 
7 32 
7 33 
7 34 
7 35 
7 36 
7 37 
7 39 
7 40 
7 42 
7 44 
7 45 
7 48 
7 49 
7 51 
7 52 
7 54 
7 55 
7 58 
7 59 
7 60 
7 62 
7 63 
7 66 
7 67 
7 68 
7 69 
7 70 
7 71 
7 72 
7 73 
7 76 
7 77 
7 78 
7 80 
7 82 
7 83 
7 84 
7 86 
7 87 
7 88 
7 90 
7 91 
7 92 
7 94 
7 95 
7 96 
7 97 
7 98 
7 99 
7 100 
7 102 
7 103 
7 104 
7 105 
7 108 
7 109 
7 110 
7 112 
7 116 
7 117 
7 119 
7 121 
7 127 
7 128 
7 130 
7 133 
7 134 
7 136 
7 146 
7 148 
7 150 
7 155 
7 156 
7 157 
7 158 
7 165 
7 166 
7 173 
7 180 
7 182 
7 212 
8 2 
8 5 
8 6 
8 18 
8 26 
8 27 
8 29 
8 34 
8 36 
8 44 
8 45 
8 63 
8 80 
8 99 
8 103 
8 105 
8 109 
8 110 
8 140 
8 150 
8 156 
9 2 
9 3 
9 4 
9 5 
9 6 
9 8 
9 9 
9 10 
9 11 
9 13 
9 14 
9 15 
9 16 
9 17 
9 18 
9 19 
9 21 
9 22 
9 23 
9 25 
9 26 
9 27 
9 28 
9 29 
9 30 
9 31 
9 32 
9 33 
9 34 
9 35 
9 36 
9 37 
9 39 
9 40 
9 42 
9 44 
9 45 
9 48 
9 49 
9 51 
9 52 
9 54 
9 55 
9 58 
9 59 
9 60 
9 62 
9 63 
9 66 
9 67 
9 68 
9 69 
9 70 
9 71 
9 72 
9 73 
9 76 
9 77 
9 78 
9 80 
9 82 
9 83 
9 84 
9 86 
9 87 
9 88 
9 90 
9 91 
9 92 
9 94 
9 95 
9 96 
9 97 
9 98 
9 99 
9 100 
9 102 
9 103 
9 104 
9 105 
9 108 
9 109 
9 110 
9 112 
9 116 
9 117 
9 119 
9 121 
9 127 
9 128 
9 130 
9 133 
9 134 
9 140 
9 146 
9 148 
9 150 
9 156 
9 157 
9 158 
9 165 
9 166 
9 173 
9 180 
9 182 
9 212 
10 2 
10 4 
10 6 
10 8 
10 9 
10 14 
10 17 
10 18 
10 23 
10 25 
10 26 
10 27 
10 28 
10 29 
10 34 
10 35 
10 36 
10 39 
10 44 
10 45 
10 49 
10 80 
10 105 
10 109 
10 136 
10 155 
11 3 
11 13 
11 14 
11 15 
11 22 
11 27 
11 30 
11 35 
11 36 
11 40 
11 44 
11 74 
11 80 
11 96 
11 98 
11 102 
11 109 
11 121 
11 212 
12 2 
12 3 
12 4 
12 5 
12 6 
12 11 
12 13 
12 14 
12 15 
12 16 
12 17 
12 18 
12 22 
12 23 
12 25 
12 27 
12 30 
12 31 
12 32 
12 33 
12 34 
12 35 
12 36 
12 37 
12 39 
12 40 
12 42 
12 44 
12 45 
12 48 
12 49 
12 51 
12 52 
12 55 
12 58 
12 59 
12 60 
12 63 
12 68 
12 69 
12 70 
12 71 
12 73 
12 76 
12 78 
12 80 
12 82 
12 83 
12 84 
12 86 
12 87 
12 88 
12 89 
12 90 
12 94 
12 96 
12 102 
12 105 
12 109 
12 117 
12 121 
12 125 
12 128 
12 134 
12 146 
12 156 
12 158 
12 182 
13 11 
13 14 
13 30 
13 36 
13 45 
13 80 
13 98 
13 121 
14 2 
14 3 
14 4 
14 5 
14 6 
14 7 
14 8 
14 9 
14 11 
14 13 
14 15 
14 18 
14 21 
14 22 
14 23 
14 25 
14 26 
14 27 
14 30 
14 31 
14 32 
14 34 
14 35 
14 36 
14 37 
14 39 
14 40 
14 42 
14 44 
14 45 
14 49 
14 54 
14 57 
14 59 
14 60 
14 62 
14 63 
14 68 
14 69 
14 70 
14 74 
14 76 
14 78 
14 80 
14 82 
14 84 
14 87 
14 88 
14 90 
14 91 
14 96 
14 98 
14 102 
14 104 
14 105 
14 109 
14 110 
14 117 
14 121 
14 125 
14 134 
14 146 
14 148 
14 150 
14 156 
14 157 
14 158 
14 180 
14 182 
14 187 
15 2 
15 3 
15 4 
15 5 
15 6 
15 7 
15 8 
15 9 
15 10 
15 11 
15 13 
15 14 
15 16 
15 17 
15 18 
15 21 
15 22 
15 23 
15 25 
15 26 
15 27 
15 29 
15 30 
15 31 
15 32 
15 34 
15 35 
15 36 
15 37 
15 39 
15 40 
15 42 
15 44 
15 45 
15 49 
15 51 
15 52 
15 58 
15 59 
15 60 
15 62 
15 63 
15 66 
15 68 
15 69 
15 70 
15 73 
15 74 
15 76 
15 78 
15 80 
15 82 
15 83 
15 84 
15 86 
15 87 
15 88 
15 90 
15 91 
15 94 
15 95 
15 96 
15 97 
15 98 
15 100 
15 102 
15 105 
15 108 
15 109 
15 117 
15 121 
15 134 
15 146 
15 148 
15 150 
15 182 
15 212 
16 45 
16 58 
16 94 
16 97 
17 2 
17 3 
17 4 
17 5 
17 6 
17 7 
17 8 
17 9 
17 10 
17 11 
17 13 
17 14 
17 15 
17 16 
17 18 
17 19 
17 21 
17 22 
17 23 
17 25 
17 26 
17 27 
17 29 
17 30 
17 31 
17 32 
17 33 
17 34 
17 35 
17 36 
17 37 
17 39 
17 40 
17 42 
17 44 
17 45 
17 48 
17 49 
17 51 
17 52 
17 55 
17 58 
17 59 
17 60 
17 62 
17 63 
17 68 
17 69 
17 70 
17 71 
17 73 
17 76 
17 77 
17 78 
17 80 
17 82 
17 83 
17 84 
17 86 
17 87 
17 90 
17 92 
17 94 
17 95 
17 96 
17 98 
17 99 
17 102 
17 105 
17 108 
17 109 
17 110 
17 112 
17 115 
17 117 
17 121 
17 125 
17 128 
17 134 
17 146 
17 150 
17 155 
17 156 
17 158 
17 190 
17 212 
18 2 
18 6 
18 7 
18 8 
18 11 
18 14 
18 17 
18 23 
18 26 
18 27 
18 39 
18 83 
18 96 
18 105 
18 128 
19 2 
19 4 
19 5 
19 6 
19 11 
19 14 
19 15 
19 23 
19 26 
19 27 
19 28 
19 36 
19 37 
19 40 
19 42 
19 44 
19 45 
19 76 
19 105 
19 116 
19 134 
19 150 
21 15 
21 44 
21 105 
22 2 
22 3 
22 4 
22 5 
22 6 
22 7 
22 8 
22 9 
22 10 
22 11 
22 13 
22 14 
22 15 
22 17 
22 21 
22 23 
22 25 
22 27 
22 28 
22 29 
22 30 
22 31 
22 32 
22 34 
22 35 
22 36 
22 37 
22 39 
22 40 
22 42 
22 44 
22 45 
22 48 
22 51 
22 52 
22 53 
22 59 
22 60 
22 62 
22 63 
22 68 
22 69 
22 70 
22 71 
22 73 
22 74 
22 76 
22 77 
22 78 
22 80 
22 82 
22 83 
22 84 
22 86 
22 87 
22 88 
22 90 
22 92 
22 94 
22 96 
22 98 
22 100 
22 102 
22 105 
22 108 
22 109 
22 117 
22 119 
22 121 
22 148 
22 156 
22 212 
23 3 
23 4 
23 5 
23 6 
23 7 
23 8 
23 9 
23 10 
23 11 
23 13 
23 14 
23 15 
23 17 
23 22 
23 25 
23 26 
23 27 
23 29 
23 31 
23 34 
23 35 
23 36 
23 37 
23 39 
23 44 
23 45 
23 49 
23 60 
23 62 
23 63 
23 69 
23 80 
23 86 
23 105 
23 108 
23 109 
23 110 
23 128 
23 134 
23 146 
23 158 
24 72 
25 2 
25 3 
25 4 
25 5 
25 6 
25 14 
25 15 
25 27 
25 36 
25 44 
25 94 
25 119 
25 146 
25 158 
26 2 
26 6 
26 7 
26 9 
26 14 
26 17 
26 18 
26 34 
26 39 
26 105 
26 125 
26 212 
27 2 
27 3 
27 4 
27 5 
27 6 
27 7 
27 9 
27 10 
27 11 
27 13 
27 14 
27 15 
27 17 
27 18 
27 21 
27 22 
27 25 
27 26 
27 29 
27 30 
27 31 
27 32 
27 34 
27 35 
27 36 
27 37 
27 39 
27 40 
27 44 
27 45 
27 51 
27 52 
27 58 
27 59 
27 60 
27 62 
27 63 
27 68 
27 69 
27 70 
27 73 
27 74 
27 78 
27 80 
27 82 
27 84 
27 87 
27 88 
27 96 
27 98 
27 102 
27 105 
27 109 
27 110 
27 117 
27 121 
27 125 
27 127 
27 130 
27 134 
27 148 
27 158 
27 173 
27 187 
27 193 
27 213 
28 2 
28 6 
28 44 
28 45 
28 80 
28 109 
29 3 
29 4 
29 6 
29 7 
29 9 
29 18 
29 22 
29 26 
29 27 
29 31 
29 34 
29 39 
29 45 
29 105 
29 134 
29 158 
30 2 
30 3 
30 4 
30 5 
30 6 
30 7 
30 9 
30 10 
30 11 
30 13 
30 14 
30 15 
30 17 
30 21 
30 22 
30 27 
30 32 
30 35 
30 37 
30 39 
30 40 
30 42 
30 44 
30 45 
30 49 
30 51 
30 52 
30 59 
30 60 
30 63 
30 68 
30 69 
30 70 
30 73 
30 76 
30 78 
30 80 
30 83 
30 84 
30 86 
30 87 
30 95 
30 98 
30 102 
30 105 
30 109 
30 117 
30 121 
31 2 
31 3 
31 4 
31 6 
31 7 
31 8 
31 9 
31 10 
31 15 
31 17 
31 18 
31 23 
31 27 
31 29 
31 34 
31 36 
31 37 
31 39 
31 44 
31 45 
31 63 
31 96 
31 105 
31 109 
31 110 
31 134 
31 146 
32 14 
32 31 
32 42 
32 70 
32 72 
32 83 
32 88 
32 100 
32 116 
32 117 
33 134 
34 2 
34 6 
34 7 
34 8 
34 17 
34 18 
34 26 
34 27 
34 28 
34 29 
34 99 
34 109 
34 110 
34 146 
34 212 
35 2 
35 3 
35 4 
35 5 
35 6 
35 7 
35 9 
35 10 
35 11 
35 13 
35 14 
35 15 
35 16 
35 21 
35 22 
35 23 
35 26 
35 27 
35 28 
35 29 
35 30 
35 31 
35 32 
35 34 
35 36 
35 37 
35 39 
35 40 
35 44 
35 45 
35 49 
35 51 
35 52 
35 53 
35 54 
35 55 
35 58 
35 59 
35 60 
35 68 
35 69 
35 76 
35 78 
35 80 
35 82 
35 83 
35 84 
35 86 
35 87 
35 88 
35 90 
35 94 
35 96 
35 97 
35 102 
35 105 
35 109 
35 117 
35 212 
36 4 
36 6 
36 11 
36 13 
36 14 
36 15 
36 27 
36 29 
36 30 
36 34 
36 35 
36 37 
36 44 
36 45 
36 63 
36 69 
36 80 
36 87 
36 98 
36 102 
36 117 
36 121 
37 2 
37 3 
37 6 
37 11 
37 14 
37 15 
37 16 
37 17 
37 22 
37 23 
37 26 
37 29 
37 30 
37 31 
37 34 
37 39 
37 42 
37 45 
37 49 
37 55 
37 58 
37 60 
37 63 
37 69 
37 70 
37 73 
37 80 
37 84 
37 86 
37 97 
37 102 
37 105 
38 15 
38 32 
39 2 
39 3 
39 6 
39 7 
39 8 
39 9 
39 10 
39 11 
39 13 
39 14 
39 15 
39 17 
39 21 
39 23 
39 25 
39 26 
39 27 
39 28 
39 29 
39 31 
39 34 
39 36 
39 37 
39 39 
39 44 
39 45 
39 63 
39 70 
39 76 
39 80 
39 84 
39 98 
39 102 
39 105 
39 128 
39 134 
39 139 
39 146 
39 155 
39 190 
39 212 
40 2 
40 3 
40 4 
40 5 
40 6 
40 11 
40 14 
40 15 
40 17 
40 18 
40 22 
40 23 
40 25 
40 26 
40 27 
40 28 
40 30 
40 32 
40 34 
40 35 
40 36 
40 37 
40 39 
40 42 
40 44 
40 45 
40 49 
40 51 
40 52 
40 55 
40 58 
40 60 
40 63 
40 68 
40 69 
40 70 
40 72 
40 76 
40 77 
40 80 
40 82 
40 83 
40 84 
40 87 
40 88 
40 90 
40 91 
40 95 
40 96 
40 102 
40 105 
40 108 
40 109 
40 125 
40 133 
40 134 
40 148 
40 187 
42 30 
42 32 
42 63 
42 83 
42 100 
42 117 
42 121 
43 6 
43 19 
43 26 
43 57 
43 110 
43 125 
43 158 
43 212 
44 3 
44 4 
44 5 
44 6 
44 7 
44 9 
44 11 
44 13 
44 14 
44 15 
44 17 
44 21 
44 22 
44 25 
44 26 
44 27 
44 28 
44 29 
44 30 
44 31 
44 34 
44 35 
44 36 
44 37 
44 39 
44 40 
44 45 
44 59 
44 62 
44 63 
44 68 
44 69 
44 70 
44 71 
44 76 
44 80 
44 82 
44 84 
44 87 
44 88 
44 92 
44 105 
44 109 
44 113 
44 119 
44 125 
44 128 
44 134 
44 148 
44 187 
45 2 
45 3 
45 4 
45 5 
45 6 
45 7 
45 8 
45 9 
45 10 
45 11 
45 13 
45 14 
45 15 
45 16 
45 17 
45 18 
45 21 
45 22 
45 23 
45 25 
45 26 
45 27 
45 28 
45 29 
45 31 
45 32 
45 34 
45 35 
45 36 
45 37 
45 39 
45 40 
45 42 
45 44 
45 49 
45 51 
45 55 
45 58 
45 60 
45 62 
45 63 
45 66 
45 68 
45 69 
45 70 
45 71 
45 75 
45 76 
45 78 
45 79 
45 80 
45 82 
45 83 
45 84 
45 86 
45 90 
45 92 
45 94 
45 95 
45 96 
45 97 
45 98 
45 99 
45 102 
45 103 
45 105 
45 108 
45 109 
45 112 
45 116 
45 117 
45 119 
45 120 
45 125 
45 127 
45 128 
45 130 
45 134 
45 136 
45 146 
45 158 
45 165 
45 178 
45 182 
46 3 
46 6 
46 15 
46 32 
46 37 
46 42 
46 45 
46 80 
46 83 
46 95 
46 96 
46 117 
46 121 
46 133 
47 2 
47 6 
47 7 
47 8 
47 10 
47 14 
47 15 
47 23 
47 26 
47 30 
47 31 
47 32 
47 34 
47 36 
47 39 
47 42 
47 44 
47 45 
47 63 
47 80 
47 87 
47 102 
47 105 
47 156 
48 6 
48 7 
48 9 
48 14 
48 15 
48 45 
49 2 
49 4 
49 5 
49 6 
49 7 
49 9 
49 14 
49 15 
49 22 
49 27 
49 32 
49 35 
49 37 
49 42 
49 45 
49 55 
49 57 
49 69 
49 76 
49 95 
49 96 
49 108 
51 3 
51 6 
51 15 
51 60 
51 69 
51 77 
51 86 
51 90 
52 3 
52 6 
52 15 
52 22 
52 23 
52 35 
52 45 
52 68 
52 73 
52 84 
52 90 
52 100 
52 105 
54 4 
54 6 
54 37 
54 39 
54 57 
54 80 
54 109 
55 6 
55 16 
55 45 
55 66 
55 96 
55 108 
55 127 
58 16 
58 45 
58 79 
58 97 
59 22 
59 57 
60 3 
60 14 
60 15 
60 30 
60 40 
60 45 
60 51 
60 69 
60 77 
62 44 
62 87 
63 2 
63 3 
63 4 
63 14 
63 15 
63 23 
63 30 
63 32 
63 35 
63 37 
63 45 
63 52 
63 60 
63 69 
63 80 
63 84 
63 87 
63 90 
63 102 
65 6 
65 45 
66 23 
66 44 
66 45 
67 7 
67 9 
68 2 
68 4 
68 6 
68 15 
68 22 
68 27 
68 30 
68 36 
68 40 
68 45 
68 48 
68 52 
68 62 
68 84 
68 90 
68 109 
69 2 
69 3 
69 4 
69 5 
69 6 
69 7 
69 9 
69 14 
69 15 
69 17 
69 22 
69 23 
69 25 
69 27 
69 30 
69 32 
69 35 
69 36 
69 37 
69 40 
69 42 
69 44 
69 45 
69 51 
69 60 
69 63 
69 68 
69 73 
69 76 
69 80 
69 83 
69 84 
69 86 
69 87 
69 88 
69 90 
69 94 
69 95 
69 96 
69 102 
69 105 
69 109 
69 117 
69 156 
69 182 
70 2 
70 4 
70 5 
70 6 
70 7 
70 9 
70 11 
70 14 
70 15 
70 16 
70 17 
70 21 
70 22 
70 27 
70 30 
70 31 
70 34 
70 35 
70 36 
70 37 
70 39 
70 40 
70 44 
70 45 
70 49 
70 55 
70 60 
70 63 
70 73 
70 76 
70 80 
70 96 
70 105 
70 109 
70 156 
71 44 
71 109 
71 159 
72 32 
72 100 
73 15 
73 44 
73 98 
73 121 
74 4 
74 14 
76 3 
76 4 
76 6 
76 7 
76 9 
76 14 
76 16 
76 27 
76 30 
76 44 
76 45 
76 55 
76 58 
76 66 
76 94 
76 96 
76 97 
76 102 
76 112 
76 128 
78 5 
78 6 
78 14 
78 15 
78 17 
78 22 
78 27 
78 44 
78 45 
78 58 
78 80 
78 109 
78 150 
79 45 
79 102 
80 11 
80 30 
80 36 
80 63 
81 16 
81 58 
82 2 
82 5 
82 7 
82 9 
82 10 
82 11 
82 14 
82 15 
82 17 
82 18 
82 26 
82 27 
82 30 
82 35 
82 37 
82 44 
82 53 
82 74 
82 76 
82 80 
82 94 
82 105 
82 109 
83 32 
84 22 
84 27 
84 30 
84 35 
84 44 
84 52 
84 63 
84 68 
84 69 
84 83 
84 88 
86 2 
86 3 
86 7 
86 9 
86 15 
86 22 
86 30 
86 32 
86 35 
86 39 
86 45 
86 51 
86 60 
86 69 
86 77 
86 80 
86 90 
86 102 
86 105 
86 109 
86 117 
87 3 
87 14 
87 15 
87 30 
87 44 
87 52 
87 63 
87 69 
87 84 
87 105 
87 109 
88 22 
88 44 
88 48 
88 51 
88 60 
88 69 
88 77 
88 84 
88 90 
89 4 
89 5 
89 6 
89 15 
89 25 
89 27 
89 36 
89 37 
89 40 
89 42 
89 45 
89 68 
89 80 
89 102 
89 116 
89 158 
90 2 
90 15 
90 27 
90 51 
90 52 
90 69 
90 86 
91 4 
91 6 
91 14 
91 15 
91 22 
91 27 
91 80 
93 14 
93 27 
93 28 
93 30 
93 33 
93 34 
93 40 
93 48 
93 59 
93 63 
93 77 
93 96 
95 35 
95 45 
95 49 
96 2 
96 5 
96 6 
96 7 
96 10 
96 14 
96 15 
96 16 
96 23 
96 27 
96 29 
96 32 
96 35 
96 42 
96 45 
96 49 
96 55 
96 58 
96 69 
96 76 
96 80 
96 87 
96 97 
96 103 
96 105 
96 108 
96 109 
96 117 
97 16 
97 45 
97 58 
97 79 
98 4 
98 11 
98 13 
98 15 
98 32 
98 36 
98 73 
98 121 
99 105 
102 11 
102 128 
103 6 
103 44 
103 45 
104 14 
104 102 
105 2 
105 4 
105 7 
105 10 
105 14 
105 15 
105 17 
105 18 
105 23 
105 26 
105 27 
105 29 
105 39 
105 49 
105 60 
105 69 
105 70 
105 76 
105 105 
105 109 
105 156 
105 165 
105 182 
108 2 
108 4 
108 5 
108 6 
108 13 
108 14 
108 15 
108 16 
108 22 
108 23 
108 27 
108 28 
108 31 
108 32 
108 35 
108 37 
108 42 
108 44 
108 45 
108 49 
108 55 
108 58 
108 60 
108 63 
108 66 
108 76 
108 80 
108 94 
108 95 
108 96 
108 105 
108 109 
109 15 
109 21 
109 26 
109 27 
109 37 
109 44 
109 45 
109 57 
109 59 
109 75 
109 76 
109 92 
109 109 
109 113 
109 115 
109 119 
109 138 
109 150 
109 168 
110 2 
110 6 
110 34 
110 44 
110 80 
110 105 
110 212 
112 6 
112 45 
112 178 
113 71 
113 92 
114 14 
114 70 
116 14 
116 45 
119 2 
119 6 
119 15 
119 21 
119 27 
119 37 
119 44 
119 109 
119 173 
119 180 
121 30 
121 73 
121 98 
122 14 
122 22 
122 35 
124 3 
124 4 
124 6 
124 21 
124 27 
124 39 
124 44 
124 45 
124 80 
124 109 
124 157 
126 44 
135 22 
135 26 
140 6 
140 34 
141 7 
141 9 
142 4 
145 14 
145 37 
145 45 
145 82 
146 2 
146 44 
146 59 
146 109 
147 39 
147 80 
149 44 
150 14 
151 31 
153 7 
153 9 
153 10 
153 31 
153 34 
153 39 
154 27 
155 26 
155 44 
159 37 
159 181 
160 120 
170 119 
173 4 
173 6 
173 27 
180 57 
186 45 
187 14 
187 22 
187 213 
204 59 
