2 7 
2 9 
2 22 
2 212 
3 14 
3 15 
3 22 
3 37 
3 63 
3 87 
3 88 
4 3 
4 6 
4 13 
4 14 
4 15 
4 27 
4 36 
4 68 
4 74 
4 187 
6 22 
6 70 
7 2 
7 6 
7 14 
7 15 
7 18 
7 19 
7 21 
7 22 
7 23 
7 25 
7 26 
7 27 
7 29 
7 31 
7 32 
7 33 
7 34 
7 35 
7 36 
7 37 
7 39 
7 40 
7 42 
7 44 
7 45 
7 51 
7 60 
7 62 
7 67 
7 68 
7 69 
7 70 
7 78 
7 80 
7 82 
7 84 
7 86 
7 87 
7 89 
7 90 
7 99 
7 105 
7 109 
7 117 
7 134 
7 139 
7 146 
7 158 
7 187 
8 2 
8 6 
8 26 
8 27 
8 44 
8 45 
8 105 
8 109 
8 140 
9 2 
9 6 
9 8 
9 9 
9 10 
9 14 
9 15 
9 18 
9 19 
9 21 
9 22 
9 23 
9 25 
9 26 
9 27 
9 29 
9 31 
9 32 
9 33 
9 34 
9 35 
9 36 
9 37 
9 39 
9 40 
9 42 
9 44 
9 45 
9 51 
9 60 
9 62 
9 67 
9 68 
9 69 
9 70 
9 78 
9 80 
9 82 
9 84 
9 86 
9 87 
9 89 
9 90 
9 99 
9 105 
9 117 
9 134 
9 139 
9 140 
9 146 
9 158 
9 187 
10 8 
10 34 
11 30 
14 3 
14 4 
14 6 
14 7 
14 8 
14 11 
14 13 
14 15 
14 21 
14 22 
14 23 
14 25 
14 26 
14 27 
14 30 
14 32 
14 35 
14 36 
14 37 
14 42 
14 44 
14 45 
14 63 
14 68 
14 74 
14 80 
14 82 
14 88 
14 105 
14 187 
15 3 
15 4 
15 11 
15 14 
15 27 
15 30 
15 36 
15 37 
15 44 
15 45 
15 63 
15 69 
15 74 
15 82 
15 87 
15 121 
16 6 
17 26 
17 158 
18 26 
21 44 
22 2 
22 3 
22 4 
22 5 
22 6 
22 7 
22 9 
22 10 
22 11 
22 14 
22 15 
22 23 
22 25 
22 26 
22 27 
22 30 
22 34 
22 35 
22 36 
22 37 
22 44 
22 45 
22 51 
22 52 
22 60 
22 63 
22 68 
22 69 
22 70 
22 71 
22 74 
22 78 
22 80 
22 83 
22 84 
22 86 
22 87 
22 88 
22 90 
22 94 
22 103 
22 105 
22 117 
22 148 
22 182 
23 7 
23 8 
23 9 
23 10 
23 15 
23 34 
23 45 
25 44 
25 187 
26 2 
26 7 
26 8 
26 18 
26 34 
27 3 
27 4 
27 11 
27 13 
27 14 
27 15 
27 21 
27 22 
27 26 
27 30 
27 35 
27 36 
27 37 
27 44 
27 62 
27 63 
27 69 
27 71 
27 73 
27 84 
27 87 
27 98 
27 121 
27 127 
27 148 
30 11 
30 14 
30 15 
30 44 
31 3 
31 6 
31 7 
31 8 
31 9 
31 10 
31 14 
31 15 
31 18 
31 23 
31 26 
31 27 
31 32 
31 34 
31 44 
31 45 
31 105 
35 3 
35 4 
35 5 
35 7 
35 10 
35 14 
35 15 
35 22 
35 27 
35 30 
35 37 
35 42 
35 44 
35 60 
35 68 
35 69 
35 76 
35 78 
35 80 
35 82 
35 94 
35 187 
36 15 
37 3 
37 14 
37 15 
37 22 
37 80 
37 82 
39 15 
39 17 
39 212 
40 3 
40 11 
40 15 
40 22 
40 25 
40 27 
40 34 
40 36 
40 37 
40 44 
40 69 
40 70 
40 80 
40 87 
40 88 
40 89 
40 146 
40 158 
42 116 
43 125 
43 212 
44 15 
44 21 
44 22 
44 27 
44 30 
44 35 
44 39 
44 87 
44 125 
44 134 
45 6 
45 22 
45 70 
45 134 
45 182 
47 2 
47 15 
47 45 
47 105 
48 22 
48 77 
48 88 
51 14 
51 22 
51 69 
51 86 
51 88 
52 3 
52 22 
60 88 
62 27 
63 87 
68 15 
68 22 
68 25 
68 27 
68 48 
68 52 
68 62 
68 84 
68 146 
69 15 
69 87 
73 121 
74 4 
74 14 
74 15 
76 6 
77 51 
77 60 
82 4 
82 5 
82 6 
82 7 
82 14 
82 15 
82 22 
82 35 
82 37 
82 44 
82 45 
82 53 
82 54 
82 69 
82 74 
82 109 
82 140 
84 68 
86 69 
86 77 
86 90 
87 63 
87 69 
87 84 
88 22 
88 87 
89 36 
90 37 
90 51 
90 52 
90 69 
90 77 
90 84 
90 86 
90 88 
93 33 
93 77 
93 90 
95 49 
96 6 
96 22 
96 27 
96 78 
99 6 
99 105 
100 116 
105 156 
108 6 
110 212 
148 84 
158 125 
169 22 
204 59 
