2 2 
2 7 
2 8 
2 16 
2 18 
2 23 
2 29 
2 31 
2 33 
2 34 
2 39 
2 45 
2 58 
2 99 
2 105 
2 108 
2 110 
2 150 
2 166 
2 212 
3 15 
3 22 
3 27 
3 30 
3 31 
3 52 
3 63 
3 69 
3 83 
3 84 
3 87 
3 88 
3 90 
3 148 
4 11 
4 13 
4 14 
4 15 
4 23 
4 26 
4 27 
4 31 
4 35 
4 37 
4 44 
4 74 
4 78 
4 113 
4 173 
4 181 
5 95 
6 2 
6 4 
6 5 
6 7 
6 10 
6 19 
6 31 
6 33 
6 34 
6 39 
6 45 
6 63 
6 78 
6 103 
6 108 
6 130 
7 29 
7 34 
7 45 
7 48 
7 105 
7 130 
7 134 
7 173 
9 29 
9 45 
9 48 
9 105 
9 130 
9 134 
9 173 
10 9 
10 34 
11 2 
11 7 
11 8 
11 14 
11 15 
11 22 
11 29 
11 30 
11 32 
11 33 
11 35 
11 36 
11 39 
11 40 
11 44 
11 45 
11 49 
11 68 
11 70 
11 76 
11 80 
11 84 
11 96 
12 158 
13 4 
13 11 
13 14 
13 15 
13 22 
13 33 
13 35 
13 36 
13 37 
13 80 
13 82 
13 98 
14 2 
14 3 
14 4 
14 5 
14 11 
14 13 
14 15 
14 18 
14 22 
14 25 
14 26 
14 27 
14 28 
14 29 
14 30 
14 31 
14 32 
14 33 
14 34 
14 35 
14 37 
14 39 
14 40 
14 42 
14 44 
14 48 
14 49 
14 52 
14 59 
14 60 
14 63 
14 68 
14 69 
14 70 
14 73 
14 74 
14 78 
14 82 
14 83 
14 84 
14 87 
14 88 
14 91 
14 95 
14 96 
14 104 
14 109 
14 117 
14 121 
14 146 
14 148 
14 150 
14 158 
14 173 
15 3 
15 4 
15 6 
15 7 
15 9 
15 11 
15 13 
15 14 
15 21 
15 22 
15 26 
15 27 
15 28 
15 30 
15 31 
15 32 
15 33 
15 34 
15 35 
15 36 
15 37 
15 40 
15 42 
15 44 
15 45 
15 51 
15 52 
15 60 
15 63 
15 68 
15 69 
15 73 
15 74 
15 80 
15 82 
15 84 
15 87 
15 88 
15 90 
15 98 
15 105 
15 109 
15 117 
15 121 
15 148 
15 212 
17 2 
17 34 
17 45 
17 125 
17 138 
17 155 
17 212 
18 212 
19 33 
21 11 
21 14 
21 15 
21 19 
21 22 
21 27 
21 31 
21 35 
21 39 
21 44 
21 51 
21 60 
21 80 
21 148 
22 3 
22 4 
22 13 
22 14 
22 15 
22 23 
22 27 
22 30 
22 31 
22 32 
22 35 
22 36 
22 37 
22 44 
22 48 
22 52 
22 63 
22 68 
22 88 
22 105 
22 134 
22 148 
23 7 
23 10 
23 31 
23 39 
23 133 
25 25 
25 187 
26 7 
26 8 
26 18 
26 29 
26 34 
26 212 
27 2 
27 3 
27 4 
27 7 
27 8 
27 9 
27 11 
27 13 
27 14 
27 15 
27 18 
27 19 
27 21 
27 22 
27 23 
27 26 
27 30 
27 31 
27 32 
27 34 
27 35 
27 36 
27 37 
27 39 
27 40 
27 44 
27 48 
27 51 
27 52 
27 62 
27 63 
27 68 
27 69 
27 73 
27 78 
27 80 
27 82 
27 86 
27 87 
27 91 
27 102 
27 108 
27 116 
27 117 
27 121 
27 130 
27 134 
27 139 
27 148 
29 212 
30 4 
30 11 
30 13 
30 14 
30 15 
30 21 
30 22 
30 25 
30 27 
30 39 
30 44 
30 48 
30 52 
30 62 
30 63 
30 68 
30 69 
30 73 
30 80 
30 84 
30 87 
30 91 
30 113 
30 121 
31 23 
31 34 
32 13 
32 117 
32 133 
33 134 
33 212 
34 23 
34 26 
34 31 
34 45 
34 62 
34 89 
34 212 
35 4 
35 14 
35 15 
35 22 
35 27 
35 30 
35 44 
35 52 
35 62 
35 68 
35 69 
35 82 
35 88 
35 119 
35 146 
36 4 
36 11 
36 13 
36 15 
36 32 
36 44 
36 60 
36 80 
36 84 
37 4 
37 13 
37 14 
37 15 
37 17 
37 18 
37 34 
37 39 
37 40 
37 54 
37 80 
39 7 
39 8 
39 34 
39 155 
39 212 
40 33 
42 33 
42 72 
42 83 
42 100 
42 116 
42 133 
43 71 
43 187 
43 212 
44 11 
44 14 
44 15 
44 21 
44 22 
44 27 
44 30 
44 34 
44 35 
44 37 
44 52 
44 62 
44 63 
44 71 
44 80 
44 119 
45 2 
45 5 
45 6 
45 7 
45 10 
45 16 
45 17 
45 18 
45 23 
45 25 
45 26 
45 28 
45 29 
45 31 
45 33 
45 34 
45 37 
45 39 
45 44 
45 55 
45 70 
45 76 
45 77 
45 78 
45 86 
45 91 
45 94 
45 96 
45 97 
45 105 
45 108 
45 109 
45 112 
45 119 
45 127 
45 128 
45 165 
47 212 
49 5 
49 19 
49 28 
49 96 
49 108 
51 77 
51 86 
52 68 
55 94 
58 16 
58 79 
59 170 
60 33 
60 90 
62 19 
63 27 
63 30 
63 51 
63 69 
63 73 
63 84 
63 87 
65 45 
68 4 
68 14 
68 15 
68 27 
68 52 
68 62 
69 6 
69 30 
69 45 
69 51 
69 52 
69 63 
69 84 
69 87 
69 90 
70 34 
73 3 
73 6 
73 15 
73 27 
73 30 
73 34 
73 35 
73 44 
73 84 
73 98 
73 117 
73 121 
74 4 
74 15 
74 133 
76 58 
76 136 
76 158 
80 11 
82 25 
82 35 
82 40 
82 44 
82 52 
82 53 
82 80 
82 109 
82 148 
84 30 
84 52 
84 68 
86 51 
86 77 
87 3 
87 63 
87 69 
92 159 
93 21 
93 33 
93 59 
96 31 
98 3 
98 73 
98 121 
105 2 
105 4 
105 5 
105 6 
105 7 
105 8 
105 9 
105 10 
105 16 
105 18 
105 19 
105 23 
105 26 
105 27 
105 31 
105 33 
105 34 
105 35 
105 37 
105 39 
105 44 
105 45 
105 76 
105 78 
105 89 
105 94 
105 96 
105 97 
105 99 
105 103 
105 105 
105 108 
105 109 
105 134 
105 146 
105 155 
105 156 
105 165 
105 166 
109 75 
109 115 
109 138 
109 168 
110 212 
114 26 
114 29 
117 133 
121 27 
121 32 
121 73 
146 134 
151 7 
151 9 
152 2 
172 33 
172 134 
172 146 
172 158 
173 157 
173 170 
194 193 
