1 2 
2 2 
2 7 
2 8 
2 9 
2 10 
2 15 
2 17 
2 18 
2 22 
2 23 
2 25 
2 26 
2 27 
2 29 
2 31 
2 34 
2 39 
2 45 
2 68 
2 71 
2 99 
2 105 
2 109 
2 113 
2 125 
2 139 
2 156 
2 157 
2 158 
2 165 
2 166 
2 182 
2 212 
3 4 
3 14 
3 15 
3 22 
3 23 
3 27 
3 30 
3 32 
3 35 
3 36 
3 37 
3 42 
3 48 
3 51 
3 52 
3 60 
3 63 
3 68 
3 69 
3 74 
3 77 
3 83 
3 84 
3 86 
3 87 
3 88 
3 109 
3 212 
4 3 
4 5 
4 7 
4 9 
4 11 
4 13 
4 14 
4 15 
4 16 
4 17 
4 18 
4 21 
4 22 
4 25 
4 27 
4 30 
4 31 
4 32 
4 34 
4 35 
4 36 
4 37 
4 39 
4 40 
4 42 
4 44 
4 49 
4 51 
4 52 
4 53 
4 57 
4 62 
4 63 
4 68 
4 69 
4 74 
4 76 
4 78 
4 80 
4 82 
4 84 
4 102 
4 104 
4 118 
4 119 
4 120 
4 130 
4 148 
4 157 
4 168 
4 173 
4 180 
4 182 
4 187 
4 193 
5 6 
5 35 
5 37 
5 44 
5 49 
5 82 
5 95 
5 130 
5 157 
5 180 
6 2 
6 5 
6 6 
6 7 
6 8 
6 9 
6 14 
6 22 
6 23 
6 25 
6 26 
6 27 
6 30 
6 31 
6 34 
6 37 
6 44 
6 45 
6 58 
6 68 
6 69 
6 71 
6 76 
6 80 
6 92 
6 97 
6 102 
6 103 
6 104 
6 112 
6 113 
6 120 
6 125 
6 127 
6 146 
6 156 
6 168 
6 212 
7 2 
7 4 
7 6 
7 14 
7 15 
7 17 
7 18 
7 22 
7 26 
7 27 
7 28 
7 29 
7 31 
7 34 
7 35 
7 36 
7 37 
7 39 
7 44 
7 45 
7 49 
7 53 
7 54 
7 67 
7 75 
7 80 
7 82 
7 92 
7 102 
7 103 
7 104 
7 105 
7 108 
7 109 
7 110 
7 112 
7 113 
7 116 
7 119 
7 120 
7 127 
7 139 
7 155 
7 156 
7 157 
7 165 
7 166 
7 168 
7 173 
7 180 
7 182 
7 213 
8 2 
8 6 
8 10 
8 14 
8 17 
8 18 
8 26 
8 27 
8 29 
8 34 
8 36 
8 44 
8 45 
8 103 
8 104 
8 105 
8 109 
8 140 
8 166 
9 2 
9 4 
9 6 
9 8 
9 14 
9 15 
9 18 
9 22 
9 26 
9 27 
9 28 
9 29 
9 31 
9 34 
9 35 
9 36 
9 37 
9 39 
9 44 
9 45 
9 49 
9 53 
9 54 
9 67 
9 75 
9 80 
9 82 
9 92 
9 103 
9 104 
9 105 
9 108 
9 109 
9 110 
9 112 
9 113 
9 116 
9 119 
9 120 
9 127 
9 139 
9 140 
9 156 
9 157 
9 166 
9 168 
9 173 
9 180 
9 182 
9 213 
10 2 
10 6 
10 8 
10 9 
10 26 
10 27 
10 29 
10 34 
10 39 
10 44 
10 45 
10 102 
10 105 
10 140 
10 155 
10 165 
11 4 
11 13 
11 14 
11 15 
11 27 
11 30 
11 34 
11 35 
11 36 
11 39 
11 44 
11 69 
11 74 
11 80 
11 102 
11 148 
11 193 
12 2 
12 22 
12 25 
12 33 
12 40 
12 42 
12 45 
12 67 
12 70 
12 92 
12 104 
12 119 
12 125 
12 146 
12 181 
12 193 
12 213 
13 11 
13 32 
13 36 
13 42 
13 63 
13 73 
13 83 
13 87 
13 98 
13 100 
13 117 
13 121 
13 133 
14 3 
14 4 
14 5 
14 6 
14 7 
14 8 
14 9 
14 10 
14 11 
14 15 
14 17 
14 18 
14 21 
14 22 
14 23 
14 25 
14 27 
14 29 
14 30 
14 31 
14 32 
14 33 
14 34 
14 35 
14 36 
14 37 
14 39 
14 42 
14 44 
14 45 
14 49 
14 52 
14 53 
14 54 
14 57 
14 59 
14 60 
14 62 
14 63 
14 66 
14 68 
14 70 
14 74 
14 76 
14 78 
14 80 
14 82 
14 83 
14 84 
14 88 
14 89 
14 91 
14 94 
14 96 
14 98 
14 104 
14 105 
14 109 
14 118 
14 119 
14 121 
14 125 
14 134 
14 146 
14 148 
14 150 
14 156 
14 157 
14 158 
14 165 
14 166 
14 170 
14 173 
14 180 
14 182 
14 187 
14 193 
14 213 
15 2 
15 3 
15 4 
15 6 
15 7 
15 9 
15 10 
15 11 
15 13 
15 14 
15 18 
15 19 
15 21 
15 22 
15 23 
15 25 
15 26 
15 27 
15 30 
15 31 
15 32 
15 34 
15 35 
15 36 
15 37 
15 39 
15 40 
15 42 
15 44 
15 45 
15 48 
15 51 
15 52 
15 54 
15 57 
15 60 
15 62 
15 63 
15 68 
15 69 
15 70 
15 73 
15 74 
15 76 
15 80 
15 82 
15 83 
15 84 
15 86 
15 87 
15 88 
15 98 
15 100 
15 102 
15 104 
15 105 
15 109 
15 112 
15 117 
15 119 
15 121 
15 130 
15 133 
15 134 
15 146 
15 148 
15 156 
15 157 
15 168 
15 173 
15 182 
15 187 
15 193 
15 212 
16 58 
16 76 
16 79 
16 97 
17 2 
17 3 
17 4 
17 6 
17 7 
17 8 
17 10 
17 14 
17 15 
17 18 
17 21 
17 23 
17 26 
17 27 
17 29 
17 30 
17 31 
17 32 
17 34 
17 35 
17 36 
17 37 
17 39 
17 44 
17 45 
17 54 
17 62 
17 63 
17 70 
17 75 
17 80 
17 92 
17 105 
17 109 
17 110 
17 113 
17 119 
17 120 
17 125 
17 130 
17 134 
17 138 
17 150 
17 155 
17 158 
17 165 
17 180 
17 190 
17 193 
17 212 
18 2 
18 7 
18 8 
18 10 
18 26 
18 27 
18 29 
18 31 
18 34 
18 39 
18 105 
18 119 
18 134 
19 3 
19 27 
19 28 
19 36 
19 67 
19 100 
19 116 
19 125 
19 133 
19 158 
20 40 
20 45 
21 27 
21 31 
21 35 
21 44 
21 45 
21 48 
21 70 
21 74 
21 117 
22 2 
22 3 
22 4 
22 5 
22 6 
22 7 
22 8 
22 9 
22 10 
22 11 
22 13 
22 14 
22 15 
22 17 
22 21 
22 23 
22 25 
22 27 
22 28 
22 29 
22 30 
22 31 
22 32 
22 34 
22 35 
22 36 
22 37 
22 39 
22 40 
22 42 
22 44 
22 45 
22 48 
22 49 
22 51 
22 52 
22 53 
22 55 
22 57 
22 60 
22 62 
22 63 
22 67 
22 68 
22 69 
22 70 
22 71 
22 72 
22 73 
22 74 
22 76 
22 77 
22 80 
22 82 
22 83 
22 84 
22 86 
22 87 
22 88 
22 90 
22 91 
22 92 
22 96 
22 98 
22 102 
22 104 
22 105 
22 108 
22 109 
22 113 
22 116 
22 117 
22 119 
22 121 
22 127 
22 130 
22 133 
22 134 
22 146 
22 148 
22 155 
22 156 
22 180 
22 181 
22 182 
22 187 
22 193 
22 212 
23 2 
23 4 
23 5 
23 6 
23 7 
23 8 
23 9 
23 10 
23 11 
23 14 
23 15 
23 17 
23 18 
23 22 
23 26 
23 27 
23 29 
23 31 
23 32 
23 34 
23 35 
23 36 
23 37 
23 39 
23 44 
23 45 
23 62 
23 63 
23 78 
23 80 
23 82 
23 91 
23 99 
23 102 
23 105 
23 109 
23 134 
23 140 
23 146 
23 150 
23 158 
23 165 
23 170 
23 212 
24 7 
24 9 
24 32 
24 42 
24 72 
24 83 
24 117 
24 133 
25 2 
25 5 
25 6 
25 14 
25 15 
25 25 
25 36 
25 37 
25 45 
25 62 
25 89 
25 94 
25 119 
25 146 
25 158 
25 170 
25 180 
26 2 
26 7 
26 8 
26 11 
26 15 
26 18 
26 29 
26 34 
26 39 
26 44 
26 125 
26 165 
26 182 
26 212 
27 2 
27 3 
27 4 
27 6 
27 11 
27 13 
27 14 
27 15 
27 18 
27 21 
27 22 
27 25 
27 26 
27 28 
27 30 
27 33 
27 34 
27 35 
27 36 
27 37 
27 39 
27 44 
27 48 
27 52 
27 53 
27 57 
27 62 
27 63 
27 68 
27 70 
27 73 
27 74 
27 80 
27 82 
27 83 
27 84 
27 87 
27 88 
27 96 
27 102 
27 117 
27 119 
27 120 
27 127 
27 130 
27 134 
27 146 
27 156 
27 170 
27 173 
27 182 
27 193 
28 2 
28 4 
28 11 
28 26 
28 31 
28 34 
28 36 
28 39 
28 45 
28 80 
28 109 
28 134 
28 173 
29 34 
29 39 
29 44 
29 45 
29 134 
30 6 
30 11 
30 13 
30 14 
30 15 
30 18 
30 21 
30 27 
30 29 
30 31 
30 32 
30 36 
30 42 
30 44 
30 45 
30 63 
30 69 
30 73 
30 83 
30 84 
30 87 
30 98 
30 102 
30 112 
30 117 
30 121 
30 148 
31 2 
31 3 
31 6 
31 7 
31 8 
31 9 
31 10 
31 15 
31 17 
31 21 
31 27 
31 30 
31 32 
31 34 
31 39 
31 44 
31 45 
31 63 
31 71 
31 73 
31 76 
31 105 
31 109 
31 110 
31 119 
31 134 
31 139 
31 140 
31 146 
31 168 
32 4 
32 6 
32 7 
32 9 
32 10 
32 13 
32 14 
32 15 
32 17 
32 26 
32 27 
32 29 
32 31 
32 34 
32 37 
32 39 
32 42 
32 45 
32 48 
32 63 
32 68 
32 70 
32 72 
32 80 
32 83 
32 100 
32 113 
32 116 
32 117 
32 125 
32 133 
33 27 
33 44 
33 89 
33 134 
33 146 
33 157 
34 7 
34 8 
34 9 
34 11 
34 17 
34 18 
34 26 
34 29 
34 31 
34 39 
34 45 
34 75 
34 104 
34 110 
34 125 
34 134 
34 139 
34 140 
34 155 
34 168 
34 182 
34 212 
35 4 
35 6 
35 13 
35 14 
35 15 
35 18 
35 21 
35 22 
35 27 
35 30 
35 33 
35 37 
35 44 
35 45 
35 51 
35 52 
35 53 
35 54 
35 60 
35 62 
35 78 
35 80 
35 82 
35 94 
35 104 
35 113 
35 146 
35 150 
35 180 
35 187 
35 193 
35 213 
36 4 
36 6 
36 11 
36 13 
36 15 
36 22 
36 27 
36 30 
36 32 
36 42 
36 44 
36 63 
36 73 
36 74 
36 80 
36 83 
36 88 
36 98 
36 102 
36 117 
36 121 
37 3 
37 14 
37 15 
37 27 
37 29 
37 69 
37 83 
37 157 
37 180 
37 187 
38 72 
39 2 
39 7 
39 8 
39 9 
39 13 
39 14 
39 15 
39 26 
39 27 
39 28 
39 29 
39 34 
39 36 
39 37 
39 39 
39 44 
39 45 
39 59 
39 63 
39 80 
39 82 
39 102 
39 104 
39 105 
39 134 
39 139 
39 146 
39 156 
39 187 
39 190 
39 212 
40 2 
40 3 
40 4 
40 5 
40 6 
40 7 
40 8 
40 10 
40 11 
40 14 
40 15 
40 17 
40 18 
40 19 
40 25 
40 26 
40 27 
40 29 
40 31 
40 32 
40 33 
40 34 
40 36 
40 37 
40 39 
40 42 
40 44 
40 45 
40 48 
40 52 
40 54 
40 58 
40 67 
40 68 
40 70 
40 71 
40 72 
40 75 
40 80 
40 83 
40 84 
40 89 
40 91 
40 92 
40 95 
40 97 
40 100 
40 104 
40 105 
40 109 
40 110 
40 112 
40 119 
40 125 
40 133 
40 134 
40 146 
40 150 
40 157 
40 158 
40 165 
40 168 
40 170 
40 173 
40 180 
40 193 
40 212 
42 4 
42 6 
42 15 
42 18 
42 25 
42 26 
42 28 
42 29 
42 31 
42 32 
42 34 
42 35 
42 39 
42 45 
42 68 
42 69 
42 70 
42 71 
42 83 
42 92 
42 100 
42 104 
42 113 
42 116 
42 117 
42 118 
42 119 
42 125 
42 146 
43 2 
43 6 
43 7 
43 8 
43 11 
43 14 
43 17 
43 21 
43 23 
43 25 
43 26 
43 29 
43 33 
43 34 
43 37 
43 42 
43 44 
43 45 
43 54 
43 62 
43 67 
43 80 
43 92 
43 104 
43 105 
43 109 
43 110 
43 113 
43 119 
43 125 
43 133 
43 134 
43 146 
43 158 
43 168 
43 212 
43 213 
44 2 
44 4 
44 5 
44 6 
44 7 
44 8 
44 9 
44 10 
44 11 
44 13 
44 14 
44 15 
44 17 
44 21 
44 22 
44 23 
44 25 
44 27 
44 28 
44 29 
44 30 
44 33 
44 34 
44 35 
44 36 
44 37 
44 39 
44 45 
44 51 
44 52 
44 62 
44 63 
44 68 
44 69 
44 70 
44 76 
44 80 
44 82 
44 84 
44 102 
44 109 
44 112 
44 113 
44 119 
44 125 
44 128 
44 134 
44 146 
44 148 
44 150 
44 158 
44 173 
44 178 
44 180 
44 187 
44 193 
45 2 
45 4 
45 5 
45 6 
45 7 
45 8 
45 9 
45 10 
45 13 
45 14 
45 15 
45 16 
45 18 
45 22 
45 23 
45 25 
45 26 
45 27 
45 28 
45 29 
45 31 
45 32 
45 33 
45 34 
45 35 
45 37 
45 39 
45 42 
45 44 
45 53 
45 55 
45 58 
45 62 
45 63 
45 66 
45 68 
45 70 
45 71 
45 76 
45 79 
45 82 
45 83 
45 94 
45 95 
45 96 
45 97 
45 102 
45 103 
45 105 
45 108 
45 109 
45 112 
45 116 
45 117 
45 119 
45 120 
45 125 
45 127 
45 128 
45 130 
45 134 
45 136 
45 146 
45 155 
45 157 
45 165 
45 168 
45 170 
45 178 
45 181 
45 182 
45 193 
46 72 
46 134 
47 4 
47 7 
47 8 
47 10 
47 11 
47 14 
47 15 
47 18 
47 27 
47 29 
47 31 
47 34 
47 39 
47 44 
47 45 
47 69 
47 139 
47 156 
47 182 
49 5 
49 26 
49 31 
49 35 
49 45 
49 48 
49 49 
49 58 
49 66 
49 94 
49 95 
49 96 
49 97 
49 108 
49 109 
49 112 
49 130 
51 3 
51 27 
51 36 
51 44 
51 45 
51 60 
51 77 
51 86 
51 88 
51 90 
52 30 
52 44 
52 48 
52 62 
52 68 
52 70 
52 73 
52 84 
52 90 
54 57 
54 118 
55 66 
55 94 
55 127 
58 57 
58 79 
59 57 
59 119 
59 157 
59 170 
59 180 
59 213 
60 6 
60 36 
60 45 
60 51 
60 57 
60 69 
60 80 
60 87 
60 88 
60 90 
61 76 
62 22 
62 25 
62 28 
62 33 
62 68 
62 86 
62 125 
62 130 
62 134 
62 146 
62 158 
62 193 
63 3 
63 4 
63 15 
63 21 
63 30 
63 44 
63 69 
63 73 
63 87 
63 88 
63 98 
65 35 
65 45 
65 58 
66 14 
66 45 
66 94 
68 2 
68 6 
68 11 
68 15 
68 22 
68 27 
68 32 
68 42 
68 45 
68 48 
68 52 
68 62 
68 67 
68 84 
68 86 
68 90 
68 125 
69 3 
69 14 
69 15 
69 22 
69 30 
69 31 
69 37 
69 42 
69 48 
69 51 
69 52 
69 60 
69 63 
69 70 
69 73 
69 84 
69 86 
69 87 
69 88 
69 117 
69 158 
70 3 
70 4 
70 6 
70 14 
70 37 
70 45 
70 76 
70 96 
70 109 
70 146 
71 15 
71 44 
71 92 
73 11 
73 13 
73 15 
73 21 
73 30 
73 32 
73 35 
73 39 
73 44 
73 98 
73 102 
73 117 
73 121 
74 4 
74 11 
74 14 
74 15 
74 27 
74 30 
75 115 
75 168 
76 4 
76 5 
76 6 
76 16 
76 35 
76 45 
76 55 
76 58 
76 66 
76 79 
76 94 
76 95 
76 96 
76 97 
76 103 
76 108 
76 112 
76 120 
76 136 
78 6 
78 44 
78 118 
78 157 
78 173 
78 180 
78 193 
78 213 
79 58 
80 11 
80 15 
80 36 
82 4 
82 14 
82 15 
82 27 
82 30 
82 35 
82 37 
82 44 
82 45 
82 53 
82 74 
82 78 
83 48 
83 68 
83 84 
83 117 
84 22 
84 30 
84 31 
84 35 
84 42 
84 44 
84 52 
84 62 
84 68 
84 69 
84 70 
84 83 
84 88 
86 14 
86 37 
86 44 
86 51 
86 52 
86 60 
86 69 
86 77 
86 84 
86 88 
86 90 
86 193 
87 3 
87 22 
87 27 
87 30 
87 44 
87 45 
87 63 
87 69 
87 83 
87 84 
87 88 
87 180 
88 3 
88 22 
88 27 
88 39 
88 48 
88 51 
88 52 
88 60 
88 90 
89 6 
89 40 
89 44 
89 45 
89 62 
89 134 
90 6 
90 48 
90 51 
90 52 
90 86 
91 6 
91 14 
91 25 
91 37 
91 118 
91 170 
91 173 
91 180 
91 187 
91 213 
92 22 
92 181 
93 14 
93 27 
93 28 
93 33 
93 36 
93 48 
93 84 
93 90 
93 100 
93 104 
93 180 
95 156 
96 66 
96 100 
96 108 
97 16 
98 11 
98 13 
98 30 
98 31 
98 54 
98 73 
98 121 
98 148 
99 45 
99 105 
99 165 
99 166 
99 182 
100 116 
101 16 
101 97 
102 180 
103 45 
103 112 
103 120 
103 127 
105 2 
105 39 
105 99 
105 156 
105 165 
105 166 
105 182 
105 193 
107 5 
108 35 
108 45 
108 66 
108 95 
108 96 
108 108 
108 127 
109 15 
109 27 
109 37 
109 44 
109 75 
109 92 
109 104 
109 109 
109 113 
109 115 
109 119 
109 138 
109 150 
109 168 
110 2 
110 4 
110 7 
110 8 
110 11 
110 15 
110 18 
110 26 
110 27 
110 31 
110 34 
110 37 
110 39 
110 44 
110 80 
110 139 
110 212 
111 67 
112 103 
112 120 
112 128 
112 130 
113 71 
113 75 
113 92 
113 125 
113 181 
114 5 
115 168 
116 32 
117 72 
117 83 
117 116 
117 133 
119 27 
119 45 
119 173 
119 193 
120 103 
120 112 
120 128 
120 130 
121 13 
121 21 
121 30 
121 39 
121 44 
121 45 
121 70 
121 73 
121 98 
121 102 
122 157 
124 21 
124 44 
124 45 
124 157 
125 67 
125 134 
125 146 
125 158 
129 27 
129 127 
130 120 
131 165 
133 70 
134 158 
135 45 
138 168 
139 159 
140 8 
142 15 
142 27 
142 57 
142 115 
143 2 
146 45 
148 62 
150 104 
150 168 
151 7 
151 9 
152 168 
153 39 
155 44 
155 45 
156 182 
158 26 
158 33 
159 4 
159 113 
159 181 
163 138 
167 125 
167 158 
168 44 
169 157 
171 112 
172 15 
172 33 
172 134 
172 146 
172 158 
173 157 
173 180 
178 128 
180 157 
180 170 
183 157 
186 40 
187 45 
187 170 
187 180 
187 213 
188 92 
193 213 
201 57 
201 118 
201 193 
204 59 
204 157 
213 157 
