3 15 
3 22 
3 27 
4 14 
4 15 
4 27 
4 36 
4 44 
4 74 
11 36 
14 4 
14 15 
14 22 
14 27 
14 35 
14 44 
14 73 
14 74 
15 3 
15 4 
15 11 
15 13 
15 14 
15 22 
15 27 
15 30 
15 35 
15 36 
15 44 
15 62 
15 63 
15 69 
22 3 
22 4 
22 13 
22 14 
22 15 
22 30 
22 36 
22 44 
22 73 
22 148 
25 62 
27 4 
27 11 
27 14 
27 15 
27 30 
27 35 
27 36 
27 44 
27 68 
27 73 
27 98 
27 148 
30 4 
30 15 
30 32 
30 36 
30 63 
30 69 
30 73 
30 98 
35 4 
35 13 
35 14 
35 15 
35 22 
35 32 
35 36 
35 44 
35 62 
35 63 
35 82 
35 84 
36 11 
40 15 
40 32 
40 36 
44 21 
44 36 
45 27 
46 32 
49 22 
49 35 
51 60 
52 22 
52 68 
60 3 
60 69 
63 4 
63 15 
68 11 
68 22 
68 32 
68 52 
68 62 
69 3 
69 4 
69 15 
69 27 
69 30 
69 32 
69 60 
69 63 
69 73 
69 84 
69 87 
69 98 
74 4 
82 35 
83 32 
84 32 
84 69 
86 3 
86 15 
86 22 
86 32 
86 52 
86 60 
86 69 
87 69 
90 52 
96 35 
116 32 
121 98 
