2 3 
2 6 
2 7 
2 8 
2 9 
2 10 
2 11 
2 14 
2 15 
2 17 
2 18 
2 22 
2 23 
2 26 
2 31 
2 34 
2 35 
2 37 
2 39 
2 44 
2 45 
2 55 
2 99 
2 105 
2 134 
2 150 
2 155 
2 156 
2 158 
2 165 
2 166 
2 182 
2 212 
3 6 
3 11 
3 14 
3 15 
3 21 
3 22 
3 27 
3 30 
3 31 
3 32 
3 35 
3 37 
3 52 
3 60 
3 63 
3 69 
3 70 
3 74 
3 84 
3 87 
3 88 
3 148 
4 3 
4 11 
4 13 
4 14 
4 15 
4 17 
4 21 
4 22 
4 27 
4 30 
4 32 
4 34 
4 35 
4 36 
4 37 
4 39 
4 44 
4 45 
4 59 
4 62 
4 63 
4 69 
4 73 
4 74 
4 80 
4 84 
4 87 
4 88 
4 98 
4 102 
4 148 
4 156 
4 170 
4 173 
4 181 
4 182 
4 213 
5 6 
5 31 
5 44 
5 45 
5 53 
5 94 
5 95 
5 96 
5 130 
6 6 
6 7 
6 9 
6 15 
6 16 
6 26 
6 34 
6 68 
6 99 
6 103 
6 112 
6 119 
6 120 
6 128 
6 178 
6 212 
7 2 
7 3 
7 5 
7 6 
7 15 
7 18 
7 23 
7 26 
7 28 
7 29 
7 31 
7 34 
7 35 
7 44 
7 45 
7 48 
7 54 
7 57 
7 59 
7 92 
7 105 
7 119 
7 134 
7 150 
7 157 
7 187 
8 6 
8 23 
8 31 
8 34 
8 45 
8 59 
8 140 
9 2 
9 3 
9 6 
9 8 
9 15 
9 18 
9 28 
9 35 
9 44 
9 45 
9 48 
9 54 
9 57 
9 92 
9 105 
9 119 
9 134 
9 150 
9 157 
9 187 
10 2 
10 5 
10 6 
10 8 
10 9 
10 26 
10 29 
10 35 
10 45 
10 105 
10 150 
11 13 
11 14 
11 15 
11 27 
11 30 
11 36 
11 37 
11 54 
11 80 
11 102 
11 190 
12 7 
12 9 
12 18 
12 23 
12 28 
12 34 
12 35 
12 37 
12 45 
12 102 
12 125 
12 134 
12 158 
13 4 
13 15 
13 35 
13 36 
13 73 
13 98 
13 121 
14 2 
14 3 
14 4 
14 5 
14 6 
14 7 
14 8 
14 9 
14 10 
14 11 
14 13 
14 15 
14 17 
14 21 
14 22 
14 23 
14 25 
14 26 
14 27 
14 30 
14 31 
14 32 
14 34 
14 35 
14 36 
14 37 
14 39 
14 44 
14 45 
14 48 
14 52 
14 53 
14 54 
14 55 
14 57 
14 59 
14 60 
14 62 
14 63 
14 68 
14 69 
14 70 
14 71 
14 73 
14 74 
14 76 
14 78 
14 80 
14 82 
14 83 
14 84 
14 87 
14 88 
14 96 
14 100 
14 102 
14 104 
14 105 
14 109 
14 112 
14 119 
14 128 
14 134 
14 148 
14 150 
14 156 
14 157 
14 158 
14 166 
14 170 
14 173 
14 178 
14 180 
14 182 
14 187 
14 212 
14 213 
15 2 
15 3 
15 4 
15 5 
15 6 
15 7 
15 9 
15 11 
15 13 
15 14 
15 17 
15 18 
15 21 
15 22 
15 27 
15 28 
15 30 
15 31 
15 32 
15 34 
15 35 
15 36 
15 37 
15 39 
15 42 
15 44 
15 45 
15 48 
15 51 
15 52 
15 59 
15 60 
15 63 
15 68 
15 69 
15 70 
15 73 
15 74 
15 76 
15 80 
15 82 
15 83 
15 84 
15 86 
15 87 
15 88 
15 92 
15 98 
15 100 
15 102 
15 105 
15 109 
15 113 
15 119 
15 121 
15 134 
15 140 
15 155 
15 193 
15 212 
16 2 
16 45 
16 97 
16 136 
17 6 
17 26 
17 34 
17 45 
17 80 
17 110 
17 155 
17 158 
17 212 
18 67 
18 118 
18 119 
18 166 
19 6 
21 4 
21 15 
21 44 
22 2 
22 3 
22 4 
22 5 
22 6 
22 7 
22 8 
22 9 
22 10 
22 11 
22 13 
22 14 
22 15 
22 16 
22 17 
22 18 
22 19 
22 21 
22 23 
22 25 
22 26 
22 27 
22 28 
22 29 
22 30 
22 31 
22 32 
22 33 
22 34 
22 35 
22 36 
22 37 
22 39 
22 42 
22 44 
22 45 
22 48 
22 49 
22 51 
22 52 
22 53 
22 54 
22 55 
22 57 
22 58 
22 59 
22 60 
22 62 
22 63 
22 66 
22 67 
22 68 
22 69 
22 70 
22 71 
22 73 
22 74 
22 75 
22 76 
22 77 
22 78 
22 79 
22 80 
22 82 
22 83 
22 84 
22 86 
22 87 
22 88 
22 90 
22 91 
22 92 
22 94 
22 95 
22 96 
22 97 
22 98 
22 99 
22 100 
22 102 
22 103 
22 104 
22 105 
22 108 
22 109 
22 110 
22 112 
22 113 
22 115 
22 116 
22 117 
22 119 
22 121 
22 125 
22 127 
22 128 
22 133 
22 134 
22 138 
22 139 
22 148 
22 150 
22 155 
22 156 
22 157 
22 158 
22 159 
22 166 
22 168 
22 178 
22 180 
22 182 
22 187 
22 193 
22 212 
23 4 
23 5 
23 6 
23 7 
23 8 
23 9 
23 10 
23 14 
23 15 
23 22 
23 26 
23 27 
23 31 
23 32 
23 34 
23 35 
23 37 
23 39 
23 44 
23 45 
23 80 
23 182 
25 2 
25 3 
25 4 
25 5 
25 6 
25 11 
25 14 
25 15 
25 21 
25 23 
25 25 
25 27 
25 33 
25 36 
25 37 
25 42 
25 44 
25 45 
25 49 
25 54 
25 55 
25 63 
25 76 
25 78 
25 80 
25 84 
25 94 
25 95 
25 105 
25 109 
25 115 
25 119 
25 125 
25 130 
25 134 
25 157 
25 158 
25 170 
25 173 
25 180 
25 187 
26 2 
26 7 
26 8 
26 17 
26 22 
26 34 
26 99 
26 125 
26 134 
26 158 
26 213 
27 2 
27 3 
27 4 
27 7 
27 8 
27 9 
27 11 
27 13 
27 14 
27 15 
27 17 
27 18 
27 21 
27 22 
27 30 
27 31 
27 32 
27 34 
27 35 
27 36 
27 37 
27 40 
27 44 
27 45 
27 52 
27 59 
27 60 
27 63 
27 68 
27 69 
27 73 
27 74 
27 80 
27 82 
27 84 
27 87 
27 88 
27 98 
27 100 
27 102 
27 109 
27 119 
27 121 
27 127 
27 130 
27 134 
27 148 
27 182 
29 6 
29 39 
29 150 
30 4 
30 6 
30 15 
30 27 
30 35 
30 36 
30 44 
30 63 
30 69 
30 73 
30 80 
30 84 
30 87 
30 121 
31 2 
31 6 
31 7 
31 8 
31 9 
31 18 
31 23 
31 34 
31 45 
31 96 
31 105 
31 139 
32 30 
32 88 
32 133 
33 3 
33 5 
33 6 
33 34 
33 109 
33 125 
33 134 
33 158 
34 2 
34 7 
34 8 
34 17 
34 18 
34 110 
34 134 
34 139 
34 155 
34 212 
35 2 
35 3 
35 4 
35 5 
35 6 
35 7 
35 8 
35 9 
35 10 
35 11 
35 13 
35 14 
35 15 
35 16 
35 17 
35 18 
35 19 
35 21 
35 22 
35 23 
35 26 
35 27 
35 28 
35 29 
35 30 
35 31 
35 32 
35 33 
35 34 
35 36 
35 37 
35 39 
35 42 
35 44 
35 45 
35 48 
35 49 
35 51 
35 52 
35 53 
35 54 
35 55 
35 58 
35 59 
35 60 
35 62 
35 63 
35 66 
35 67 
35 68 
35 69 
35 70 
35 71 
35 72 
35 73 
35 74 
35 76 
35 77 
35 78 
35 79 
35 80 
35 82 
35 83 
35 84 
35 86 
35 87 
35 88 
35 90 
35 94 
35 95 
35 96 
35 97 
35 98 
35 100 
35 102 
35 103 
35 105 
35 108 
35 109 
35 110 
35 112 
35 113 
35 116 
35 117 
35 119 
35 121 
35 125 
35 127 
35 133 
35 134 
35 136 
35 148 
35 150 
35 155 
35 156 
35 158 
35 166 
35 170 
35 178 
35 180 
35 182 
35 187 
35 212 
35 213 
36 3 
36 11 
36 13 
36 15 
36 22 
36 27 
36 30 
36 67 
36 80 
36 102 
37 3 
37 7 
37 10 
37 14 
37 15 
37 22 
37 26 
37 27 
37 29 
37 44 
37 45 
37 68 
37 70 
37 88 
37 109 
37 117 
37 125 
37 212 
39 155 
39 158 
39 190 
39 212 
40 2 
40 3 
40 5 
40 6 
40 7 
40 8 
40 9 
40 10 
40 11 
40 14 
40 15 
40 17 
40 18 
40 19 
40 22 
40 23 
40 26 
40 27 
40 28 
40 29 
40 30 
40 31 
40 32 
40 33 
40 34 
40 35 
40 36 
40 37 
40 39 
40 42 
40 44 
40 45 
40 52 
40 54 
40 60 
40 67 
40 70 
40 72 
40 73 
40 76 
40 77 
40 78 
40 80 
40 84 
40 90 
40 92 
40 100 
40 102 
40 103 
40 105 
40 109 
40 112 
40 117 
40 127 
40 128 
40 133 
40 134 
40 136 
40 139 
40 150 
40 158 
40 178 
40 187 
40 212 
43 2 
43 17 
43 19 
43 36 
43 39 
43 44 
43 54 
43 55 
43 71 
43 75 
43 92 
43 94 
43 104 
43 105 
43 109 
43 110 
43 113 
43 115 
43 119 
43 125 
43 134 
43 158 
43 173 
43 181 
43 193 
43 212 
44 2 
44 3 
44 4 
44 6 
44 7 
44 8 
44 9 
44 10 
44 11 
44 13 
44 14 
44 15 
44 17 
44 21 
44 22 
44 23 
44 25 
44 26 
44 27 
44 28 
44 30 
44 31 
44 34 
44 35 
44 36 
44 37 
44 39 
44 45 
44 62 
44 63 
44 68 
44 69 
44 70 
44 71 
44 73 
44 80 
44 82 
44 87 
44 92 
44 94 
44 95 
44 102 
44 103 
44 109 
44 110 
44 112 
44 113 
44 119 
44 120 
44 125 
44 128 
44 134 
44 138 
44 148 
44 150 
44 158 
44 178 
44 193 
44 212 
45 2 
45 4 
45 5 
45 6 
45 7 
45 8 
45 9 
45 10 
45 14 
45 15 
45 16 
45 17 
45 18 
45 22 
45 23 
45 25 
45 26 
45 27 
45 28 
45 29 
45 31 
45 34 
45 35 
45 36 
45 37 
45 39 
45 44 
45 53 
45 54 
45 55 
45 58 
45 63 
45 66 
45 70 
45 71 
45 76 
45 79 
45 80 
45 82 
45 94 
45 95 
45 96 
45 97 
45 99 
45 102 
45 103 
45 105 
45 108 
45 109 
45 112 
45 119 
45 120 
45 125 
45 127 
45 128 
45 130 
45 134 
45 136 
45 139 
45 157 
45 158 
45 165 
45 168 
45 178 
45 182 
47 102 
48 37 
49 5 
49 6 
49 7 
49 9 
49 14 
49 16 
49 23 
49 26 
49 27 
49 30 
49 31 
49 35 
49 37 
49 44 
49 45 
49 55 
49 58 
49 66 
49 76 
49 80 
49 94 
49 95 
49 96 
49 105 
49 108 
49 109 
52 22 
52 35 
52 48 
52 60 
52 62 
52 68 
52 73 
52 84 
52 86 
52 90 
52 121 
55 6 
58 79 
58 80 
60 2 
60 3 
60 4 
60 6 
60 7 
60 9 
60 14 
60 15 
60 22 
60 32 
60 44 
60 45 
60 51 
60 63 
60 68 
60 77 
60 80 
60 86 
60 88 
60 90 
62 2 
62 13 
62 14 
62 15 
62 34 
62 45 
62 68 
62 109 
62 158 
63 4 
63 30 
63 35 
63 44 
63 68 
63 69 
63 73 
63 84 
63 87 
63 98 
65 35 
65 103 
66 31 
68 2 
68 3 
68 4 
68 5 
68 6 
68 7 
68 8 
68 9 
68 10 
68 11 
68 13 
68 14 
68 15 
68 16 
68 17 
68 18 
68 19 
68 21 
68 22 
68 23 
68 26 
68 27 
68 28 
68 29 
68 30 
68 31 
68 32 
68 34 
68 35 
68 36 
68 39 
68 42 
68 44 
68 45 
68 48 
68 52 
68 58 
68 60 
68 62 
68 63 
68 67 
68 69 
68 70 
68 71 
68 73 
68 74 
68 76 
68 80 
68 83 
68 84 
68 86 
68 87 
68 88 
68 90 
68 94 
68 98 
68 100 
68 102 
68 105 
68 109 
68 116 
68 117 
68 121 
68 125 
68 134 
68 148 
68 156 
68 168 
68 182 
69 27 
69 35 
69 63 
69 84 
69 87 
69 88 
69 100 
70 2 
70 3 
70 4 
70 5 
70 6 
70 7 
70 9 
70 14 
70 15 
70 21 
70 22 
70 23 
70 27 
70 31 
70 32 
70 34 
70 37 
70 44 
70 45 
70 79 
70 80 
70 88 
70 105 
70 109 
70 119 
71 92 
71 113 
72 45 
73 11 
73 15 
73 30 
73 35 
73 98 
73 117 
73 121 
74 4 
74 14 
74 15 
74 100 
76 6 
76 39 
76 45 
76 55 
76 136 
78 2 
78 4 
78 5 
78 6 
78 7 
78 9 
78 14 
78 15 
78 17 
78 22 
78 23 
78 27 
78 34 
78 35 
78 37 
78 44 
78 45 
78 59 
78 80 
78 82 
78 125 
78 134 
78 156 
78 213 
80 82 
81 16 
81 58 
81 94 
82 2 
82 4 
82 5 
82 6 
82 7 
82 8 
82 9 
82 10 
82 11 
82 13 
82 14 
82 15 
82 21 
82 22 
82 23 
82 27 
82 30 
82 31 
82 32 
82 34 
82 35 
82 36 
82 37 
82 39 
82 44 
82 45 
82 48 
82 53 
82 59 
82 60 
82 63 
82 69 
82 70 
82 73 
82 74 
82 75 
82 76 
82 80 
82 86 
82 94 
82 95 
82 98 
82 109 
82 116 
82 117 
82 121 
82 133 
82 140 
82 150 
82 170 
84 30 
84 45 
84 62 
84 69 
86 6 
86 22 
86 48 
86 51 
86 60 
86 77 
87 35 
87 63 
87 69 
87 121 
88 3 
88 22 
88 27 
88 32 
88 35 
88 37 
88 48 
88 51 
88 52 
88 60 
88 63 
88 77 
89 2 
89 4 
89 5 
89 6 
89 7 
89 9 
89 11 
89 14 
89 15 
89 19 
89 21 
89 23 
89 25 
89 26 
89 28 
89 32 
89 33 
89 35 
89 36 
89 39 
89 44 
89 45 
89 55 
89 62 
89 63 
89 69 
89 71 
89 80 
89 83 
89 84 
89 94 
89 105 
89 112 
89 113 
89 116 
89 125 
89 134 
89 158 
90 6 
91 2 
91 4 
91 5 
91 6 
91 7 
91 9 
91 10 
91 14 
91 15 
91 17 
91 22 
91 23 
91 25 
91 29 
91 32 
91 33 
91 35 
91 36 
91 37 
91 39 
91 42 
91 44 
91 45 
91 48 
91 55 
91 59 
91 60 
91 69 
91 70 
91 73 
91 76 
91 78 
91 82 
91 86 
91 89 
91 102 
91 117 
91 125 
91 134 
91 157 
91 158 
93 14 
93 23 
93 27 
93 28 
93 33 
93 48 
93 58 
93 59 
93 66 
93 77 
93 100 
96 2 
96 4 
96 5 
96 6 
96 7 
96 8 
96 9 
96 10 
96 11 
96 15 
96 22 
96 23 
96 26 
96 27 
96 30 
96 31 
96 34 
96 35 
96 37 
96 44 
96 45 
96 49 
96 55 
96 58 
96 63 
96 66 
96 76 
96 94 
96 95 
96 100 
96 105 
98 13 
98 35 
98 73 
98 121 
99 105 
99 165 
102 14 
103 6 
103 45 
105 2 
105 6 
105 7 
105 8 
105 9 
105 10 
105 23 
105 29 
105 34 
105 39 
105 44 
105 45 
105 99 
105 105 
105 165 
105 166 
105 182 
108 2 
108 5 
108 6 
108 23 
108 35 
108 37 
108 45 
108 55 
108 66 
108 95 
108 96 
109 3 
109 4 
109 6 
109 7 
109 9 
109 10 
109 11 
109 14 
109 15 
109 27 
109 31 
109 34 
109 36 
109 37 
109 44 
109 45 
109 71 
109 74 
109 75 
109 80 
109 92 
109 98 
109 102 
109 104 
109 113 
109 115 
109 119 
109 138 
109 150 
109 168 
110 26 
110 212 
111 125 
112 128 
113 159 
113 181 
114 5 
114 45 
114 49 
119 27 
120 130 
121 73 
121 98 
126 26 
130 67 
135 45 
139 34 
140 8 
146 6 
146 7 
146 9 
146 15 
146 23 
146 25 
146 27 
146 32 
146 33 
146 36 
146 37 
146 44 
146 45 
146 70 
146 109 
146 125 
146 134 
146 158 
148 14 
148 22 
148 35 
150 6 
150 104 
150 113 
154 115 
156 166 
158 33 
169 6 
169 14 
169 45 
172 134 
172 158 
175 29 
186 3 
186 4 
186 14 
186 15 
186 22 
186 26 
186 27 
186 33 
186 37 
186 44 
186 45 
186 80 
186 158 
203 37 
204 59 
