2 2 
2 7 
2 8 
2 9 
2 10 
2 15 
2 17 
2 18 
2 23 
2 25 
2 26 
2 28 
2 29 
2 31 
2 33 
2 34 
2 37 
2 39 
2 76 
2 99 
2 109 
2 150 
2 156 
2 158 
2 212 
3 14 
3 15 
3 22 
3 32 
3 37 
3 60 
3 69 
3 87 
3 88 
4 14 
4 15 
4 27 
4 74 
4 88 
4 125 
5 4 
5 14 
5 22 
5 23 
5 49 
5 82 
6 6 
6 7 
6 9 
6 16 
6 18 
6 21 
6 22 
6 23 
6 25 
6 26 
6 29 
6 31 
6 33 
6 45 
6 58 
6 66 
6 76 
6 97 
6 103 
6 119 
6 120 
6 127 
6 128 
6 146 
7 6 
7 17 
7 18 
7 23 
7 26 
7 31 
7 109 
7 146 
9 17 
9 18 
9 23 
9 26 
9 31 
9 109 
9 146 
10 6 
10 26 
11 14 
11 15 
11 31 
11 102 
11 121 
13 4 
13 11 
13 14 
13 15 
13 35 
13 36 
13 37 
13 44 
13 45 
13 80 
13 98 
13 109 
13 121 
14 3 
14 4 
14 11 
14 15 
14 21 
14 22 
14 23 
14 27 
14 30 
14 35 
14 37 
14 42 
14 68 
14 74 
14 78 
14 82 
14 96 
14 125 
14 148 
15 3 
15 4 
15 7 
15 10 
15 11 
15 13 
15 14 
15 21 
15 22 
15 27 
15 29 
15 30 
15 32 
15 35 
15 36 
15 37 
15 42 
15 44 
15 63 
15 68 
15 69 
15 73 
15 74 
15 80 
15 84 
15 87 
15 88 
15 98 
15 102 
15 119 
15 134 
15 158 
16 97 
17 44 
17 110 
17 119 
17 155 
17 190 
17 212 
21 6 
21 14 
21 15 
21 44 
22 3 
22 14 
22 15 
22 25 
22 35 
22 45 
22 48 
22 52 
22 68 
22 82 
22 87 
22 102 
22 148 
23 45 
24 32 
24 100 
24 133 
25 146 
26 33 
26 34 
26 119 
27 4 
27 11 
27 14 
27 15 
27 30 
27 35 
27 36 
27 37 
27 44 
27 60 
27 80 
27 82 
27 103 
27 109 
27 125 
30 3 
30 11 
30 15 
30 22 
30 27 
30 35 
30 44 
30 63 
30 73 
30 80 
30 82 
30 84 
30 121 
31 29 
32 15 
32 31 
32 133 
33 125 
33 146 
34 26 
34 110 
34 212 
35 14 
35 22 
35 44 
35 78 
35 82 
36 11 
36 13 
36 14 
36 15 
36 21 
36 22 
36 33 
36 35 
36 44 
36 80 
36 102 
36 121 
36 148 
37 14 
39 190 
40 27 
42 25 
42 28 
42 29 
42 35 
42 52 
42 70 
42 78 
42 116 
43 2 
43 17 
43 33 
43 62 
43 92 
43 113 
43 125 
43 134 
43 158 
43 173 
43 212 
44 4 
44 7 
44 8 
44 9 
44 11 
44 14 
44 15 
44 17 
44 21 
44 22 
44 27 
44 28 
44 31 
44 32 
44 33 
44 35 
44 36 
44 45 
44 68 
44 82 
44 102 
44 119 
44 120 
44 148 
44 158 
45 4 
45 6 
45 7 
45 9 
45 11 
45 23 
45 25 
45 31 
45 34 
45 48 
45 55 
45 66 
45 76 
45 102 
45 103 
45 112 
45 119 
45 120 
45 127 
45 128 
45 134 
45 136 
45 146 
45 165 
49 14 
49 22 
49 27 
49 95 
49 109 
52 15 
52 68 
52 134 
60 51 
63 3 
63 15 
63 22 
63 27 
63 30 
63 35 
63 37 
63 84 
63 86 
63 87 
63 88 
66 35 
67 70 
68 52 
68 62 
69 3 
69 22 
69 27 
69 36 
69 37 
69 51 
69 60 
69 84 
69 87 
69 88 
73 11 
73 15 
73 22 
73 30 
73 44 
73 80 
73 98 
73 121 
74 3 
74 4 
74 15 
76 45 
78 119 
80 36 
81 127 
82 35 
84 15 
84 22 
84 37 
86 51 
86 77 
87 3 
87 15 
87 22 
87 30 
87 45 
87 51 
87 60 
87 63 
87 69 
87 86 
87 88 
88 3 
88 22 
91 119 
93 33 
93 48 
96 14 
96 16 
96 23 
96 27 
96 30 
96 49 
96 55 
96 58 
96 66 
96 76 
96 97 
96 108 
98 11 
98 35 
98 121 
99 165 
103 6 
103 45 
105 6 
105 36 
105 165 
107 49 
108 22 
109 15 
109 23 
109 31 
109 75 
109 92 
109 115 
109 119 
109 138 
109 168 
109 212 
110 212 
114 27 
114 49 
117 83 
121 11 
121 15 
121 22 
121 35 
121 44 
121 73 
121 98 
132 67 
138 168 
148 158 
148 187 
