1 19 
1 28 
2 2 
2 4 
2 22 
2 23 
2 29 
2 31 
2 35 
2 39 
2 44 
2 82 
2 95 
2 105 
2 109 
2 110 
2 134 
2 156 
3 11 
3 15 
3 22 
3 27 
3 32 
3 37 
3 44 
3 63 
3 69 
3 74 
3 84 
3 87 
3 88 
4 3 
4 11 
4 13 
4 14 
4 15 
4 22 
4 23 
4 27 
4 30 
4 35 
4 37 
4 44 
4 60 
4 63 
4 68 
4 69 
4 70 
4 80 
4 82 
4 87 
4 88 
4 109 
4 121 
4 134 
6 4 
6 14 
6 15 
6 16 
6 22 
6 25 
6 26 
6 27 
6 34 
6 36 
6 37 
6 44 
6 45 
6 55 
6 58 
6 66 
6 68 
6 70 
6 82 
6 94 
6 96 
6 97 
6 108 
6 112 
6 120 
6 128 
6 130 
6 134 
6 150 
7 2 
7 4 
7 5 
7 6 
7 11 
7 13 
7 14 
7 15 
7 18 
7 21 
7 22 
7 23 
7 26 
7 27 
7 28 
7 29 
7 31 
7 33 
7 34 
7 35 
7 36 
7 37 
7 39 
7 40 
7 44 
7 45 
7 60 
7 62 
7 63 
7 67 
7 70 
7 80 
7 82 
7 86 
7 87 
7 90 
7 105 
7 109 
7 110 
7 112 
7 134 
7 139 
7 148 
7 156 
7 158 
7 187 
8 80 
8 110 
9 2 
9 4 
9 5 
9 6 
9 10 
9 11 
9 13 
9 14 
9 15 
9 18 
9 21 
9 22 
9 23 
9 26 
9 27 
9 28 
9 29 
9 31 
9 33 
9 34 
9 35 
9 36 
9 37 
9 39 
9 40 
9 44 
9 45 
9 60 
9 62 
9 63 
9 67 
9 70 
9 80 
9 82 
9 86 
9 87 
9 90 
9 105 
9 109 
9 110 
9 112 
9 134 
9 148 
9 156 
9 158 
9 187 
10 6 
10 29 
10 139 
11 13 
11 30 
11 36 
11 80 
12 4 
12 6 
12 15 
12 22 
12 25 
12 27 
12 89 
14 3 
14 4 
14 6 
14 15 
14 22 
14 27 
14 35 
14 37 
14 44 
14 45 
14 57 
14 60 
14 82 
14 84 
14 91 
14 182 
15 3 
15 4 
15 7 
15 8 
15 11 
15 13 
15 14 
15 22 
15 27 
15 30 
15 35 
15 36 
15 37 
15 44 
15 51 
15 60 
15 63 
15 69 
15 73 
15 74 
15 82 
15 84 
15 87 
15 88 
15 98 
15 105 
16 58 
17 4 
17 6 
17 7 
17 10 
17 11 
17 15 
17 18 
17 22 
17 23 
17 26 
17 27 
17 28 
17 29 
17 31 
17 33 
17 34 
17 35 
17 37 
17 44 
17 45 
17 70 
17 75 
17 78 
17 82 
17 92 
17 96 
17 109 
17 110 
17 125 
17 134 
17 155 
17 158 
17 190 
17 212 
21 44 
22 3 
22 14 
22 15 
22 32 
22 35 
22 37 
22 51 
22 88 
22 90 
23 27 
23 45 
26 34 
26 39 
27 3 
27 4 
27 11 
27 13 
27 14 
27 15 
27 21 
27 22 
27 30 
27 34 
27 35 
27 36 
27 37 
27 44 
27 45 
27 51 
27 60 
27 63 
27 68 
27 69 
27 73 
27 80 
27 87 
27 88 
27 109 
27 112 
27 130 
28 80 
28 116 
28 134 
28 158 
29 23 
30 4 
30 6 
30 14 
30 15 
30 22 
30 27 
30 63 
30 73 
30 84 
30 87 
30 117 
31 6 
31 45 
31 105 
32 4 
32 6 
32 15 
32 37 
32 44 
32 45 
32 51 
32 68 
32 70 
32 117 
32 133 
34 29 
35 14 
35 22 
35 44 
35 82 
36 11 
36 13 
36 63 
37 15 
37 109 
39 23 
39 29 
39 134 
40 19 
42 4 
42 6 
42 15 
42 19 
42 22 
42 25 
42 27 
42 28 
42 29 
42 30 
42 32 
42 35 
42 37 
42 40 
42 44 
42 52 
42 63 
42 68 
42 69 
42 70 
42 72 
42 73 
42 78 
42 80 
42 82 
42 86 
42 87 
42 88 
42 89 
42 100 
42 109 
42 116 
42 117 
42 134 
42 146 
42 148 
43 57 
43 125 
43 212 
44 6 
44 11 
44 14 
44 21 
44 27 
44 29 
44 63 
44 148 
45 4 
45 5 
45 6 
45 7 
45 10 
45 14 
45 15 
45 16 
45 18 
45 22 
45 23 
45 25 
45 26 
45 27 
45 29 
45 31 
45 34 
45 37 
45 39 
45 44 
45 51 
45 55 
45 58 
45 70 
45 76 
45 80 
45 82 
45 94 
45 96 
45 97 
45 102 
45 103 
45 105 
45 108 
45 109 
45 112 
45 128 
45 146 
45 157 
45 182 
47 23 
47 29 
47 158 
49 4 
49 5 
49 6 
49 15 
49 22 
49 23 
49 27 
49 35 
49 96 
49 109 
52 11 
52 15 
52 35 
52 40 
52 62 
52 68 
52 82 
52 88 
52 90 
52 134 
59 57 
63 3 
63 15 
63 22 
63 27 
63 30 
63 35 
63 84 
63 87 
63 88 
67 6 
67 25 
67 27 
67 33 
67 45 
67 70 
68 84 
69 3 
69 4 
69 14 
69 15 
69 22 
69 27 
69 35 
69 37 
69 44 
69 51 
69 73 
69 84 
69 87 
69 88 
70 109 
71 45 
73 3 
73 22 
73 98 
73 121 
76 16 
78 157 
80 102 
81 70 
82 35 
84 15 
84 22 
86 51 
86 69 
86 90 
87 3 
87 4 
87 11 
87 15 
87 22 
87 63 
87 84 
87 88 
88 11 
92 44 
92 71 
93 19 
93 27 
93 33 
93 96 
98 121 
109 6 
109 15 
109 27 
109 168 
113 71 
113 92 
113 181 
114 4 
114 22 
114 27 
114 109 
119 6 
121 73 
122 157 
122 170 
124 157 
125 113 
133 19 
142 159 
143 45 
155 17 
167 33 
170 119 
170 157 
184 6 
187 22 
187 37 
187 213 
