2 6 
2 7 
2 10 
2 13 
2 14 
2 15 
2 23 
2 45 
2 99 
2 105 
3 22 
3 37 
3 40 
3 87 
3 88 
4 14 
4 15 
4 26 
4 27 
4 44 
4 68 
4 69 
4 74 
4 121 
5 23 
5 26 
5 28 
5 31 
5 35 
5 45 
5 96 
5 97 
5 110 
6 7 
6 8 
6 45 
7 2 
7 4 
7 5 
7 6 
7 11 
7 14 
7 15 
7 17 
7 19 
7 22 
7 23 
7 26 
7 31 
7 32 
7 34 
7 35 
7 36 
7 40 
7 42 
7 44 
7 45 
7 48 
7 62 
7 66 
7 68 
7 70 
7 71 
7 76 
7 84 
7 86 
7 96 
7 100 
7 105 
7 109 
7 110 
7 121 
7 146 
7 159 
8 19 
9 2 
9 4 
9 5 
9 6 
9 8 
9 11 
9 14 
9 15 
9 17 
9 19 
9 22 
9 23 
9 31 
9 32 
9 34 
9 35 
9 36 
9 40 
9 42 
9 44 
9 45 
9 48 
9 62 
9 66 
9 68 
9 70 
9 71 
9 76 
9 84 
9 86 
9 96 
9 100 
9 105 
9 109 
9 110 
9 121 
9 146 
9 159 
10 5 
10 6 
10 8 
10 9 
10 15 
10 23 
10 26 
11 3 
11 13 
11 15 
11 30 
11 36 
11 37 
11 44 
11 80 
12 62 
12 78 
12 146 
13 80 
13 98 
14 2 
14 4 
14 5 
14 7 
14 9 
14 13 
14 15 
14 17 
14 21 
14 22 
14 23 
14 30 
14 31 
14 34 
14 35 
14 36 
14 37 
14 40 
14 44 
14 45 
14 60 
14 63 
14 68 
14 70 
14 76 
14 78 
14 82 
14 84 
14 94 
14 96 
14 104 
15 2 
15 3 
15 4 
15 6 
15 7 
15 8 
15 10 
15 11 
15 13 
15 14 
15 16 
15 17 
15 19 
15 21 
15 22 
15 23 
15 26 
15 27 
15 28 
15 29 
15 30 
15 31 
15 34 
15 35 
15 36 
15 37 
15 40 
15 42 
15 44 
15 45 
15 51 
15 60 
15 63 
15 66 
15 67 
15 68 
15 69 
15 70 
15 74 
15 76 
15 78 
15 80 
15 82 
15 84 
15 86 
15 87 
15 88 
15 94 
15 95 
15 96 
15 97 
15 103 
15 105 
15 108 
15 109 
15 117 
15 121 
15 146 
16 58 
16 97 
17 4 
17 6 
17 14 
17 15 
17 71 
17 110 
18 17 
18 63 
18 109 
21 44 
21 51 
22 2 
22 3 
22 6 
22 14 
22 15 
22 17 
22 21 
22 27 
22 30 
22 35 
22 37 
22 44 
22 45 
22 52 
22 59 
22 63 
22 68 
22 76 
22 77 
22 82 
22 84 
22 86 
22 88 
22 90 
22 98 
22 148 
23 7 
23 8 
23 9 
23 10 
23 14 
23 26 
23 28 
23 31 
23 34 
26 17 
26 45 
26 109 
27 4 
27 7 
27 9 
27 11 
27 13 
27 14 
27 15 
27 17 
27 22 
27 26 
27 28 
27 30 
27 31 
27 35 
27 36 
27 37 
27 40 
27 44 
27 63 
27 69 
27 76 
27 78 
27 82 
27 88 
27 109 
30 73 
30 84 
30 117 
31 7 
31 9 
31 17 
34 71 
34 110 
35 4 
35 14 
35 15 
35 22 
35 26 
35 36 
35 68 
35 78 
35 82 
35 84 
36 11 
36 13 
36 15 
36 37 
36 45 
36 80 
37 14 
37 15 
37 27 
37 45 
37 80 
39 7 
39 8 
39 10 
39 15 
39 45 
40 15 
40 100 
40 119 
40 133 
42 100 
43 19 
44 4 
44 6 
44 7 
44 8 
44 10 
44 11 
44 13 
44 14 
44 15 
44 17 
44 19 
44 21 
44 22 
44 23 
44 27 
44 30 
44 36 
44 37 
44 45 
44 68 
44 71 
44 80 
44 82 
44 109 
44 121 
44 128 
44 136 
44 148 
44 150 
45 2 
45 4 
45 5 
45 6 
45 7 
45 8 
45 9 
45 10 
45 14 
45 15 
45 17 
45 23 
45 26 
45 27 
45 30 
45 31 
45 35 
45 36 
45 40 
45 44 
45 55 
45 58 
45 66 
45 67 
45 68 
45 70 
45 71 
45 76 
45 78 
45 94 
45 96 
45 97 
45 103 
45 108 
45 109 
45 110 
45 112 
45 120 
45 121 
45 128 
45 136 
47 15 
47 23 
47 45 
49 15 
49 16 
49 23 
49 45 
51 60 
51 90 
52 22 
52 40 
52 68 
52 90 
54 27 
54 44 
54 45 
59 14 
59 15 
62 40 
63 87 
65 45 
67 15 
67 23 
67 45 
68 2 
68 52 
68 84 
68 104 
69 86 
70 170 
73 117 
73 121 
76 16 
78 60 
80 36 
82 14 
82 35 
82 45 
82 68 
86 51 
86 60 
86 77 
86 84 
87 63 
88 60 
89 40 
93 90 
96 95 
104 45 
105 2 
105 6 
105 15 
105 23 
105 34 
105 37 
105 44 
105 45 
105 70 
105 146 
105 150 
105 166 
109 2 
109 71 
109 138 
113 15 
113 23 
113 45 
118 15 
118 23 
118 44 
118 45 
122 45 
122 78 
124 45 
145 45 
154 15 
170 45 
