2 4 
2 7 
2 10 
2 14 
2 15 
2 18 
2 22 
2 23 
2 26 
2 27 
2 29 
2 31 
2 34 
2 44 
2 80 
2 99 
2 105 
2 125 
2 156 
2 158 
2 166 
3 4 
3 11 
3 14 
3 15 
3 22 
3 23 
3 27 
3 30 
3 31 
3 32 
3 35 
3 36 
3 37 
3 44 
3 48 
3 51 
3 52 
3 60 
3 63 
3 68 
3 69 
3 73 
3 74 
3 77 
3 80 
3 84 
3 86 
3 87 
3 88 
3 90 
3 98 
3 117 
4 3 
4 11 
4 13 
4 14 
4 15 
4 17 
4 21 
4 22 
4 23 
4 26 
4 27 
4 29 
4 30 
4 31 
4 32 
4 34 
4 35 
4 36 
4 37 
4 42 
4 44 
4 48 
4 52 
4 57 
4 59 
4 60 
4 62 
4 63 
4 68 
4 69 
4 73 
4 74 
4 77 
4 82 
4 83 
4 84 
4 86 
4 87 
4 88 
4 90 
4 98 
4 104 
4 117 
4 119 
4 121 
4 125 
4 133 
4 148 
4 158 
5 7 
5 17 
5 29 
5 32 
5 34 
5 42 
5 48 
5 49 
5 53 
5 57 
5 59 
5 66 
5 83 
5 96 
5 116 
5 119 
5 133 
5 140 
5 158 
6 2 
6 7 
6 9 
6 10 
6 16 
6 21 
6 22 
6 23 
6 26 
6 27 
6 29 
6 31 
6 32 
6 34 
6 42 
6 48 
6 55 
6 59 
6 60 
6 66 
6 76 
6 83 
6 90 
6 96 
6 100 
6 103 
6 104 
6 105 
6 108 
6 112 
6 116 
6 117 
6 127 
6 128 
6 133 
6 178 
7 26 
7 29 
7 34 
7 42 
7 72 
7 100 
7 116 
8 29 
8 140 
9 26 
9 29 
9 34 
9 42 
9 72 
9 100 
9 116 
9 140 
10 9 
11 2 
11 4 
11 6 
11 7 
11 9 
11 10 
11 13 
11 14 
11 15 
11 21 
11 22 
11 23 
11 26 
11 27 
11 29 
11 30 
11 31 
11 32 
11 34 
11 35 
11 36 
11 37 
11 42 
11 44 
11 49 
11 52 
11 59 
11 60 
11 62 
11 63 
11 68 
11 69 
11 73 
11 74 
11 77 
11 80 
11 84 
11 86 
11 87 
11 88 
11 98 
11 100 
11 102 
11 105 
11 117 
11 121 
11 127 
11 133 
12 134 
13 2 
13 4 
13 6 
13 7 
13 10 
13 11 
13 14 
13 22 
13 23 
13 26 
13 29 
13 30 
13 31 
13 32 
13 34 
13 36 
13 44 
13 52 
13 63 
13 68 
13 69 
13 73 
13 80 
13 98 
13 105 
13 121 
13 156 
14 3 
14 4 
14 7 
14 9 
14 11 
14 15 
14 21 
14 22 
14 23 
14 27 
14 29 
14 30 
14 31 
14 32 
14 34 
14 35 
14 36 
14 37 
14 42 
14 44 
14 48 
14 52 
14 57 
14 59 
14 60 
14 62 
14 63 
14 68 
14 69 
14 73 
14 74 
14 78 
14 80 
14 82 
14 83 
14 84 
14 87 
14 88 
14 90 
14 91 
14 98 
14 100 
14 117 
14 119 
14 121 
14 133 
14 148 
14 157 
14 170 
15 2 
15 3 
15 4 
15 7 
15 9 
15 11 
15 13 
15 14 
15 16 
15 21 
15 22 
15 26 
15 27 
15 29 
15 30 
15 31 
15 32 
15 34 
15 35 
15 36 
15 37 
15 42 
15 44 
15 48 
15 51 
15 52 
15 57 
15 59 
15 60 
15 62 
15 63 
15 68 
15 69 
15 73 
15 74 
15 77 
15 80 
15 82 
15 83 
15 84 
15 86 
15 87 
15 88 
15 90 
15 98 
15 100 
15 116 
15 117 
15 121 
15 125 
15 133 
15 148 
17 155 
17 190 
21 3 
21 4 
21 6 
21 7 
21 9 
21 11 
21 14 
21 15 
21 22 
21 23 
21 27 
21 29 
21 30 
21 31 
21 32 
21 34 
21 35 
21 36 
21 44 
21 52 
21 63 
21 68 
21 69 
21 73 
21 82 
21 84 
21 87 
21 98 
21 112 
22 3 
22 4 
22 11 
22 14 
22 15 
22 17 
22 21 
22 23 
22 27 
22 30 
22 35 
22 36 
22 37 
22 44 
22 48 
22 51 
22 52 
22 59 
22 60 
22 63 
22 68 
22 69 
22 73 
22 83 
22 84 
22 86 
22 87 
22 88 
22 90 
22 98 
22 100 
22 112 
22 116 
22 119 
22 121 
22 125 
22 133 
22 148 
23 3 
23 7 
23 31 
23 34 
23 140 
24 32 
25 29 
26 34 
27 3 
27 4 
27 6 
27 7 
27 10 
27 11 
27 13 
27 14 
27 15 
27 17 
27 21 
27 22 
27 23 
27 26 
27 29 
27 30 
27 31 
27 32 
27 34 
27 35 
27 36 
27 37 
27 42 
27 44 
27 48 
27 51 
27 52 
27 53 
27 57 
27 59 
27 60 
27 62 
27 63 
27 68 
27 69 
27 73 
27 74 
27 77 
27 80 
27 82 
27 83 
27 84 
27 86 
27 87 
27 88 
27 90 
27 98 
27 100 
27 104 
27 116 
27 117 
27 121 
27 125 
27 127 
27 130 
27 134 
27 148 
30 3 
30 4 
30 11 
30 13 
30 14 
30 15 
30 21 
30 22 
30 23 
30 27 
30 29 
30 31 
30 32 
30 35 
30 36 
30 37 
30 42 
30 44 
30 52 
30 59 
30 60 
30 63 
30 68 
30 69 
30 73 
30 80 
30 83 
30 84 
30 87 
30 88 
30 98 
30 117 
30 121 
31 14 
31 29 
32 73 
32 98 
34 17 
34 29 
35 3 
35 4 
35 7 
35 9 
35 11 
35 13 
35 14 
35 15 
35 17 
35 21 
35 22 
35 23 
35 26 
35 27 
35 29 
35 30 
35 31 
35 32 
35 34 
35 36 
35 37 
35 42 
35 44 
35 48 
35 51 
35 52 
35 53 
35 57 
35 59 
35 60 
35 62 
35 63 
35 68 
35 69 
35 73 
35 74 
35 77 
35 80 
35 82 
35 83 
35 84 
35 86 
35 87 
35 88 
35 90 
35 96 
35 98 
35 100 
35 105 
35 116 
35 117 
35 121 
35 127 
35 133 
35 146 
35 148 
36 4 
36 7 
36 10 
36 11 
36 13 
36 15 
36 23 
36 26 
36 27 
36 30 
36 31 
36 32 
36 34 
36 44 
36 52 
36 63 
36 68 
36 73 
36 80 
36 84 
36 98 
36 105 
36 121 
36 156 
36 178 
37 3 
37 15 
37 22 
37 29 
37 59 
37 110 
39 26 
39 39 
42 32 
42 35 
43 125 
44 3 
44 4 
44 11 
44 14 
44 15 
44 17 
44 21 
44 22 
44 26 
44 27 
44 29 
44 30 
44 31 
44 34 
44 35 
44 36 
44 37 
44 52 
44 63 
44 68 
44 69 
44 73 
44 82 
44 84 
44 88 
44 98 
44 112 
44 121 
44 125 
44 148 
44 178 
45 2 
45 4 
45 6 
45 7 
45 9 
45 10 
45 14 
45 15 
45 16 
45 17 
45 22 
45 23 
45 26 
45 27 
45 29 
45 31 
45 32 
45 34 
45 35 
45 37 
45 39 
45 42 
45 44 
45 48 
45 53 
45 55 
45 60 
45 66 
45 72 
45 76 
45 79 
45 90 
45 96 
45 97 
45 100 
45 103 
45 104 
45 105 
45 108 
45 112 
45 116 
45 119 
45 120 
45 127 
45 128 
45 130 
45 133 
45 134 
45 140 
45 146 
45 158 
45 178 
47 26 
47 29 
49 5 
49 32 
52 4 
52 14 
52 15 
52 30 
52 31 
52 36 
52 68 
52 73 
52 84 
58 79 
58 97 
59 21 
60 3 
60 51 
60 69 
62 4 
62 14 
62 27 
62 29 
62 30 
62 35 
62 44 
62 48 
62 52 
62 63 
62 68 
62 69 
62 84 
62 87 
62 125 
62 146 
63 3 
63 4 
63 11 
63 13 
63 14 
63 15 
63 27 
63 30 
63 35 
63 37 
63 69 
63 84 
63 87 
63 100 
65 100 
68 3 
68 4 
68 15 
68 27 
68 30 
68 35 
68 36 
68 44 
68 48 
68 52 
68 62 
68 83 
68 84 
68 90 
69 3 
69 4 
69 7 
69 10 
69 11 
69 14 
69 15 
69 22 
69 23 
69 27 
69 30 
69 31 
69 32 
69 34 
69 35 
69 36 
69 37 
69 42 
69 44 
69 48 
69 51 
69 52 
69 60 
69 63 
69 68 
69 73 
69 77 
69 83 
69 84 
69 86 
69 87 
69 88 
69 98 
69 100 
69 121 
71 113 
71 125 
71 159 
73 3 
73 11 
73 13 
73 15 
73 27 
73 30 
73 32 
73 35 
73 36 
73 63 
73 88 
73 98 
73 117 
73 121 
73 148 
74 4 
74 14 
74 15 
74 30 
74 36 
74 100 
76 23 
76 31 
76 112 
79 97 
80 11 
80 29 
80 35 
80 36 
80 42 
80 44 
80 117 
82 4 
82 7 
82 13 
82 14 
82 15 
82 27 
82 30 
82 32 
82 35 
82 37 
82 44 
82 53 
82 59 
82 62 
82 63 
82 68 
82 74 
82 84 
82 140 
84 14 
84 22 
84 27 
84 30 
84 52 
84 63 
84 68 
84 69 
84 87 
86 14 
86 51 
86 77 
86 90 
87 3 
87 30 
87 52 
87 63 
87 69 
87 84 
87 98 
88 3 
88 14 
88 22 
88 37 
88 44 
88 51 
88 60 
88 69 
88 84 
88 86 
88 87 
90 86 
92 53 
92 159 
93 14 
93 21 
93 27 
93 30 
93 34 
93 59 
93 127 
96 6 
96 15 
96 22 
96 23 
96 27 
96 31 
96 32 
96 34 
96 35 
96 36 
96 44 
96 49 
96 55 
96 60 
96 66 
96 76 
96 95 
96 100 
96 108 
98 11 
98 13 
98 27 
98 30 
98 32 
98 36 
98 37 
98 63 
98 73 
98 82 
98 84 
98 121 
102 60 
105 17 
105 29 
105 34 
105 37 
105 133 
105 158 
105 166 
107 48 
109 92 
109 115 
109 119 
109 134 
109 138 
109 168 
109 181 
114 127 
117 30 
121 4 
121 30 
121 36 
121 73 
121 98 
129 34 
148 14 
148 22 
148 68 
148 69 
153 26 
186 100 
