2 2 
2 7 
2 9 
2 17 
2 29 
2 34 
2 39 
2 71 
2 99 
2 105 
2 156 
2 166 
2 212 
3 5 
3 15 
3 22 
3 32 
3 37 
3 52 
3 63 
3 69 
3 74 
3 84 
3 87 
3 88 
4 11 
4 14 
4 22 
4 27 
4 37 
4 44 
4 59 
4 63 
4 74 
4 182 
4 212 
6 2 
6 3 
6 4 
6 5 
6 6 
6 7 
6 8 
6 9 
6 10 
6 11 
6 13 
6 14 
6 15 
6 17 
6 19 
6 21 
6 22 
6 23 
6 25 
6 26 
6 27 
6 30 
6 31 
6 32 
6 34 
6 35 
6 36 
6 37 
6 39 
6 40 
6 42 
6 44 
6 45 
6 49 
6 51 
6 55 
6 59 
6 60 
6 62 
6 63 
6 69 
6 70 
6 76 
6 77 
6 80 
6 84 
6 86 
6 90 
6 95 
6 96 
6 102 
6 105 
6 109 
6 121 
6 128 
6 134 
6 156 
6 178 
6 182 
6 187 
7 2 
7 14 
7 18 
7 33 
7 34 
7 59 
7 63 
7 76 
7 77 
7 105 
7 109 
7 150 
9 2 
9 14 
9 33 
9 34 
9 59 
9 63 
9 76 
9 77 
9 109 
9 150 
10 2 
10 18 
10 34 
10 105 
11 3 
11 4 
11 14 
11 15 
11 22 
11 35 
11 36 
11 37 
11 44 
11 54 
11 63 
11 73 
11 74 
11 80 
11 82 
11 102 
11 109 
11 182 
12 36 
12 109 
13 98 
13 121 
14 4 
14 13 
14 15 
14 17 
14 21 
14 22 
14 27 
14 30 
14 32 
14 34 
14 35 
14 37 
14 44 
14 52 
14 54 
14 59 
14 63 
14 68 
14 69 
14 74 
14 76 
14 78 
14 80 
14 84 
14 100 
14 104 
14 121 
14 139 
14 150 
14 156 
14 182 
14 187 
15 3 
15 4 
15 11 
15 13 
15 14 
15 21 
15 22 
15 27 
15 30 
15 32 
15 35 
15 36 
15 37 
15 44 
15 51 
15 52 
15 60 
15 63 
15 67 
15 68 
15 69 
15 73 
15 74 
15 80 
15 82 
15 84 
15 87 
15 88 
15 98 
15 100 
15 102 
15 109 
15 121 
15 212 
16 79 
16 97 
17 2 
17 33 
17 155 
17 158 
17 212 
18 6 
18 34 
21 44 
22 4 
22 14 
22 17 
22 35 
22 37 
22 44 
22 48 
22 51 
22 52 
22 68 
22 82 
22 84 
22 88 
23 7 
23 8 
23 9 
23 10 
23 34 
23 39 
25 2 
25 4 
25 36 
26 158 
27 3 
27 4 
27 6 
27 11 
27 13 
27 14 
27 15 
27 21 
27 22 
27 30 
27 35 
27 36 
27 37 
27 44 
27 57 
27 60 
27 68 
27 70 
27 80 
27 84 
27 105 
29 16 
29 18 
29 156 
29 182 
31 16 
31 44 
31 136 
32 133 
34 7 
34 8 
34 17 
34 22 
34 110 
34 125 
34 139 
34 158 
34 212 
35 14 
35 53 
35 82 
36 11 
36 80 
37 80 
37 86 
37 90 
39 212 
40 36 
43 212 
44 2 
44 4 
44 6 
44 11 
44 13 
44 14 
44 15 
44 21 
44 22 
44 26 
44 27 
44 30 
44 32 
44 34 
44 35 
44 36 
44 37 
44 39 
44 62 
44 63 
44 68 
44 71 
44 74 
44 80 
44 87 
44 88 
44 112 
44 113 
44 128 
44 134 
44 148 
44 158 
45 2 
45 4 
45 5 
45 6 
45 7 
45 8 
45 9 
45 10 
45 11 
45 13 
45 14 
45 15 
45 16 
45 17 
45 18 
45 21 
45 22 
45 23 
45 25 
45 26 
45 27 
45 28 
45 29 
45 30 
45 31 
45 32 
45 34 
45 35 
45 36 
45 37 
45 39 
45 44 
45 55 
45 58 
45 62 
45 66 
45 67 
45 71 
45 76 
45 79 
45 80 
45 82 
45 95 
45 96 
45 97 
45 99 
45 102 
45 103 
45 105 
45 108 
45 109 
45 112 
45 119 
45 125 
45 128 
45 134 
45 136 
45 158 
45 168 
45 178 
45 182 
52 68 
55 94 
58 97 
63 4 
63 30 
63 73 
63 87 
63 98 
68 14 
68 35 
68 52 
68 62 
69 15 
69 84 
69 87 
71 113 
76 6 
76 59 
76 182 
82 35 
82 44 
86 77 
87 63 
90 52 
90 77 
93 14 
93 33 
93 97 
103 6 
105 2 
105 34 
105 99 
105 165 
105 166 
105 182 
108 45 
109 21 
109 59 
109 105 
109 109 
109 115 
109 138 
109 150 
109 168 
110 212 
118 77 
121 73 
121 98 
169 104 
169 157 
184 22 
