2 7 
2 8 
2 109 
3 11 
3 15 
3 63 
3 69 
3 84 
3 87 
3 88 
4 14 
4 15 
4 22 
4 27 
4 30 
4 35 
4 44 
4 48 
4 52 
4 60 
4 63 
4 68 
4 69 
4 73 
4 74 
4 98 
4 109 
4 121 
4 148 
4 173 
5 7 
5 8 
5 15 
5 23 
5 27 
5 32 
5 35 
5 48 
5 52 
5 60 
5 63 
5 69 
5 80 
5 83 
5 84 
5 87 
5 90 
5 109 
5 116 
5 133 
5 156 
5 173 
6 7 
6 8 
6 14 
6 45 
6 109 
7 23 
7 72 
7 116 
7 173 
9 8 
9 23 
9 72 
9 116 
9 173 
11 4 
11 7 
11 8 
11 13 
11 14 
11 15 
11 27 
11 30 
11 32 
11 36 
11 52 
11 63 
11 68 
11 69 
11 80 
11 87 
11 98 
11 121 
13 11 
13 30 
13 32 
13 36 
13 73 
13 98 
13 121 
14 3 
14 4 
14 7 
14 8 
14 11 
14 13 
14 15 
14 21 
14 22 
14 27 
14 30 
14 32 
14 35 
14 44 
14 49 
14 52 
14 62 
14 63 
14 68 
14 69 
14 74 
14 80 
14 82 
14 84 
14 87 
14 88 
14 116 
14 121 
14 156 
14 173 
15 3 
15 4 
15 7 
15 8 
15 11 
15 13 
15 14 
15 21 
15 22 
15 27 
15 30 
15 32 
15 35 
15 36 
15 44 
15 48 
15 52 
15 60 
15 63 
15 68 
15 69 
15 73 
15 74 
15 82 
15 83 
15 84 
15 87 
15 90 
15 98 
15 121 
21 4 
21 15 
21 27 
21 30 
21 44 
21 63 
21 69 
21 73 
21 109 
22 3 
22 4 
22 14 
22 15 
22 21 
22 27 
22 30 
22 35 
22 44 
22 48 
22 52 
22 63 
22 68 
22 69 
22 73 
22 88 
22 90 
22 98 
22 116 
22 121 
22 148 
22 173 
27 3 
27 4 
27 7 
27 8 
27 11 
27 13 
27 14 
27 15 
27 21 
27 22 
27 30 
27 35 
27 36 
27 44 
27 48 
27 52 
27 60 
27 63 
27 68 
27 69 
27 73 
27 74 
27 80 
27 82 
27 84 
27 87 
27 88 
27 90 
27 98 
27 121 
27 148 
27 173 
30 3 
30 4 
30 7 
30 8 
30 14 
30 15 
30 22 
30 27 
30 32 
30 44 
30 52 
30 63 
30 69 
30 73 
30 83 
30 84 
30 87 
30 88 
30 98 
30 116 
30 121 
31 7 
31 8 
31 109 
35 4 
35 11 
35 14 
35 15 
35 22 
35 27 
35 30 
35 36 
35 44 
35 48 
35 52 
35 63 
35 68 
35 69 
35 80 
35 82 
35 84 
35 98 
35 173 
36 11 
36 13 
36 69 
36 80 
36 98 
39 7 
39 8 
40 72 
40 90 
40 133 
40 173 
42 83 
42 116 
43 133 
44 4 
44 13 
44 14 
44 15 
44 21 
44 22 
44 27 
44 30 
44 35 
44 36 
44 52 
44 68 
44 69 
44 73 
44 80 
44 82 
44 98 
44 109 
44 121 
44 173 
45 7 
45 8 
45 48 
45 83 
45 109 
45 156 
49 7 
49 8 
49 32 
49 109 
49 156 
51 60 
52 4 
52 14 
52 27 
52 68 
52 84 
52 90 
52 116 
60 36 
60 90 
62 22 
62 30 
62 52 
63 3 
63 4 
63 27 
63 30 
63 44 
63 69 
63 84 
63 87 
63 148 
63 173 
68 15 
68 48 
68 52 
68 90 
69 3 
69 4 
69 14 
69 15 
69 22 
69 27 
69 30 
69 32 
69 44 
69 63 
69 73 
69 80 
69 84 
69 87 
69 88 
69 121 
73 14 
73 30 
73 98 
73 121 
74 4 
74 14 
74 30 
76 7 
76 8 
80 11 
80 36 
82 14 
82 15 
82 22 
82 35 
82 44 
82 52 
82 63 
82 74 
82 87 
84 3 
84 15 
84 27 
84 52 
84 63 
84 68 
84 69 
84 80 
84 87 
86 60 
86 90 
87 3 
87 30 
87 63 
87 69 
87 84 
88 3 
88 27 
88 36 
88 60 
88 63 
88 69 
88 84 
88 87 
88 90 
93 14 
96 7 
96 8 
96 32 
96 109 
96 156 
98 73 
98 121 
105 109 
114 32 
119 173 
121 27 
121 73 
121 98 
