1 17 
2 6 
2 7 
2 8 
2 9 
2 10 
2 15 
2 17 
2 19 
2 22 
2 23 
2 26 
2 28 
2 31 
2 40 
2 44 
2 45 
2 49 
2 73 
2 76 
2 80 
2 84 
2 91 
2 102 
2 105 
2 150 
3 4 
3 15 
3 22 
3 37 
3 98 
4 3 
4 6 
4 7 
4 9 
4 11 
4 14 
4 15 
4 17 
4 21 
4 22 
4 27 
4 30 
4 31 
4 37 
4 42 
4 44 
4 45 
4 52 
4 68 
4 73 
4 78 
4 80 
4 82 
4 98 
4 150 
5 4 
5 7 
5 9 
5 15 
5 17 
6 6 
6 45 
7 2 
7 4 
7 6 
7 11 
7 14 
7 15 
7 17 
7 18 
7 21 
7 22 
7 23 
7 27 
7 28 
7 31 
7 35 
7 40 
7 45 
7 49 
7 71 
7 80 
7 82 
7 91 
7 99 
7 110 
7 119 
7 150 
7 155 
7 187 
8 2 
8 110 
9 2 
9 4 
9 6 
9 8 
9 9 
9 10 
9 11 
9 14 
9 15 
9 17 
9 18 
9 22 
9 23 
9 27 
9 28 
9 31 
9 35 
9 40 
9 45 
9 49 
9 71 
9 80 
9 82 
9 91 
9 99 
9 119 
9 150 
9 187 
10 9 
10 21 
10 23 
10 31 
10 155 
11 3 
11 4 
11 35 
11 44 
11 73 
11 80 
12 4 
12 7 
12 9 
12 17 
13 22 
14 4 
14 7 
14 9 
14 15 
14 17 
14 21 
14 22 
14 23 
14 27 
14 35 
14 37 
14 44 
14 57 
14 78 
14 82 
15 3 
15 4 
15 7 
15 9 
15 11 
15 14 
15 17 
15 18 
15 21 
15 22 
15 30 
15 32 
15 35 
15 37 
15 44 
15 51 
15 52 
15 63 
15 68 
15 69 
15 70 
15 73 
15 78 
15 80 
15 82 
15 87 
15 88 
15 98 
15 110 
15 121 
17 2 
17 4 
17 22 
17 45 
17 80 
17 109 
17 110 
19 7 
19 8 
19 9 
19 17 
20 17 
21 44 
22 3 
22 4 
22 7 
22 9 
22 11 
22 14 
22 15 
22 17 
22 23 
22 27 
22 31 
22 35 
22 37 
22 40 
22 44 
22 45 
22 49 
22 52 
22 63 
22 68 
22 69 
22 70 
22 73 
22 82 
22 84 
22 86 
22 87 
22 150 
23 26 
23 31 
23 45 
24 7 
24 9 
24 32 
24 72 
26 17 
27 4 
27 7 
27 10 
27 11 
27 14 
27 15 
27 22 
27 35 
27 44 
27 73 
28 4 
28 7 
28 9 
28 14 
28 17 
28 82 
30 4 
30 15 
30 42 
30 73 
30 87 
31 18 
32 7 
32 9 
32 15 
32 17 
32 22 
32 52 
32 117 
33 4 
33 7 
33 9 
33 17 
33 22 
34 18 
34 26 
35 3 
35 4 
35 7 
35 8 
35 9 
35 10 
35 11 
35 14 
35 15 
35 17 
35 18 
35 22 
35 37 
35 44 
35 45 
35 73 
35 78 
35 82 
36 3 
36 73 
36 80 
37 3 
37 11 
37 36 
38 32 
39 7 
39 10 
39 17 
39 18 
40 4 
40 6 
40 7 
40 9 
40 14 
40 15 
40 17 
40 22 
40 28 
40 30 
40 44 
40 45 
40 52 
40 68 
40 70 
40 82 
40 115 
40 117 
40 187 
41 4 
41 17 
41 32 
41 42 
41 117 
42 22 
42 117 
43 17 
44 2 
44 3 
44 4 
44 6 
44 7 
44 8 
44 9 
44 11 
44 13 
44 14 
44 15 
44 17 
44 21 
44 22 
44 23 
44 26 
44 27 
44 28 
44 30 
44 31 
44 35 
44 36 
44 37 
44 40 
44 45 
44 68 
44 72 
44 73 
44 76 
44 78 
44 80 
44 82 
44 83 
44 87 
44 98 
44 102 
44 105 
44 109 
44 121 
44 155 
45 4 
45 6 
45 7 
45 9 
45 15 
45 17 
45 22 
45 26 
45 34 
45 76 
45 112 
46 32 
48 17 
48 22 
48 68 
49 4 
49 5 
49 6 
49 7 
49 9 
49 14 
49 15 
49 17 
49 22 
49 23 
49 26 
49 27 
49 30 
49 35 
49 45 
49 76 
49 80 
49 95 
49 108 
49 109 
51 4 
51 40 
52 4 
52 14 
52 15 
52 22 
52 23 
52 30 
52 40 
62 17 
63 15 
63 17 
63 35 
63 73 
63 87 
68 4 
68 17 
68 84 
69 22 
69 30 
70 17 
71 7 
71 9 
71 17 
72 7 
72 9 
73 11 
73 121 
78 4 
78 17 
80 36 
80 45 
82 4 
82 7 
82 9 
82 22 
82 35 
82 40 
82 76 
82 80 
82 109 
83 7 
83 9 
83 117 
84 7 
84 9 
84 17 
84 22 
84 40 
84 117 
86 4 
86 69 
86 90 
87 22 
87 30 
87 69 
87 84 
89 4 
89 7 
89 9 
89 17 
89 22 
89 40 
90 15 
91 17 
91 22 
93 44 
95 7 
95 9 
96 7 
96 9 
96 15 
96 19 
96 22 
96 66 
98 11 
98 73 
99 165 
100 133 
102 11 
102 15 
102 27 
102 73 
105 2 
105 4 
105 6 
105 7 
105 8 
105 9 
105 10 
105 11 
105 14 
105 15 
105 17 
105 18 
105 19 
105 22 
105 23 
105 26 
105 28 
105 30 
105 31 
105 32 
105 35 
105 36 
105 37 
105 40 
105 42 
105 45 
105 52 
105 68 
105 73 
105 76 
105 78 
105 80 
105 82 
105 83 
105 84 
105 86 
105 96 
105 98 
105 102 
105 105 
105 109 
105 121 
105 150 
105 155 
108 7 
108 9 
108 15 
108 17 
108 22 
109 6 
109 7 
109 8 
109 9 
109 14 
109 15 
109 17 
109 22 
109 23 
109 31 
109 35 
109 40 
109 44 
109 45 
109 80 
109 91 
109 138 
109 150 
109 168 
114 5 
114 6 
114 7 
114 9 
114 14 
114 15 
114 17 
114 22 
114 45 
114 52 
114 55 
114 76 
117 7 
117 9 
117 17 
117 22 
124 17 
146 17 
146 22 
146 89 
151 7 
151 9 
151 15 
151 17 
151 32 
155 44 
172 17 
203 11 
204 4 
204 6 
204 17 
204 40 
204 44 
204 82 
