1 17 
2 17 
2 18 
2 25 
2 26 
2 31 
2 34 
2 37 
2 39 
2 99 
2 105 
2 139 
2 156 
2 166 
2 212 
3 15 
3 22 
3 27 
3 37 
3 63 
3 68 
3 69 
3 74 
3 87 
3 88 
4 13 
4 14 
4 15 
4 22 
4 27 
4 35 
4 36 
4 37 
4 44 
4 59 
4 63 
4 73 
4 74 
4 156 
4 187 
4 213 
5 32 
5 44 
5 117 
6 6 
6 112 
6 120 
6 136 
7 2 
7 3 
7 4 
7 6 
7 14 
7 15 
7 17 
7 18 
7 21 
7 22 
7 23 
7 26 
7 27 
7 32 
7 34 
7 35 
7 36 
7 37 
7 39 
7 40 
7 42 
7 44 
7 45 
7 67 
7 71 
7 80 
7 82 
7 90 
7 99 
7 105 
7 108 
7 109 
7 117 
7 127 
7 133 
7 136 
7 139 
7 146 
7 150 
7 182 
7 187 
7 213 
8 2 
8 6 
8 21 
8 26 
8 27 
8 34 
8 36 
8 44 
8 45 
8 105 
8 109 
8 140 
9 2 
9 3 
9 4 
9 6 
9 8 
9 10 
9 14 
9 15 
9 17 
9 18 
9 21 
9 22 
9 23 
9 26 
9 27 
9 32 
9 34 
9 35 
9 36 
9 37 
9 39 
9 40 
9 42 
9 44 
9 45 
9 67 
9 71 
9 80 
9 82 
9 90 
9 99 
9 105 
9 108 
9 109 
9 117 
9 127 
9 133 
9 136 
9 139 
9 140 
9 146 
9 150 
9 182 
9 187 
9 213 
10 2 
10 6 
10 8 
10 26 
10 34 
11 13 
11 27 
11 36 
11 80 
11 105 
12 2 
12 3 
12 4 
12 6 
12 11 
12 14 
12 15 
12 18 
12 22 
12 23 
12 25 
12 26 
12 27 
12 30 
12 31 
12 32 
12 34 
12 35 
12 39 
12 40 
12 42 
12 44 
12 45 
12 49 
12 51 
12 62 
12 67 
12 68 
12 78 
12 80 
12 89 
12 90 
12 99 
12 109 
12 133 
12 146 
12 150 
12 158 
12 187 
12 193 
12 212 
12 213 
13 98 
13 121 
14 3 
14 4 
14 6 
14 11 
14 13 
14 15 
14 21 
14 22 
14 25 
14 26 
14 27 
14 30 
14 32 
14 34 
14 35 
14 36 
14 37 
14 44 
14 54 
14 57 
14 59 
14 62 
14 63 
14 68 
14 69 
14 73 
14 74 
14 80 
14 82 
14 87 
14 88 
14 102 
14 104 
14 119 
14 121 
14 134 
14 150 
14 156 
14 157 
14 180 
14 187 
14 212 
14 213 
15 3 
15 4 
15 7 
15 8 
15 11 
15 13 
15 14 
15 21 
15 22 
15 23 
15 27 
15 30 
15 32 
15 35 
15 36 
15 37 
15 39 
15 42 
15 44 
15 51 
15 52 
15 60 
15 62 
15 63 
15 69 
15 71 
15 73 
15 74 
15 80 
15 82 
15 83 
15 84 
15 87 
15 88 
15 100 
15 102 
15 121 
15 148 
15 150 
15 212 
16 6 
16 97 
17 2 
17 4 
17 6 
17 26 
17 34 
17 44 
17 45 
17 70 
17 71 
17 80 
17 99 
17 105 
17 109 
17 110 
17 113 
17 134 
17 146 
17 155 
17 158 
17 187 
17 212 
18 17 
19 2 
19 3 
19 4 
19 5 
19 6 
19 7 
19 9 
19 10 
19 11 
19 13 
19 14 
19 15 
19 17 
19 18 
19 21 
19 22 
19 23 
19 25 
19 26 
19 27 
19 28 
19 29 
19 30 
19 31 
19 32 
19 34 
19 35 
19 36 
19 37 
19 40 
19 42 
19 44 
19 45 
19 48 
19 51 
19 52 
19 55 
19 60 
19 63 
19 67 
19 69 
19 71 
19 72 
19 73 
19 77 
19 83 
19 84 
19 86 
19 87 
19 90 
19 95 
19 96 
19 99 
19 100 
19 102 
19 105 
19 109 
19 110 
19 112 
19 116 
19 117 
19 121 
19 133 
19 134 
19 146 
19 148 
19 150 
19 156 
19 158 
19 187 
20 7 
20 9 
20 14 
20 17 
20 18 
20 25 
20 26 
20 28 
20 36 
20 40 
20 42 
20 44 
20 67 
20 78 
20 87 
20 89 
20 110 
20 134 
20 158 
20 187 
21 44 
22 3 
22 4 
22 11 
22 14 
22 15 
22 25 
22 27 
22 30 
22 32 
22 35 
22 36 
22 37 
22 44 
22 48 
22 60 
22 67 
22 68 
22 73 
22 84 
22 88 
22 148 
23 7 
23 10 
25 2 
25 4 
25 5 
25 6 
25 14 
25 15 
25 27 
25 36 
25 44 
25 62 
25 109 
25 115 
25 119 
25 158 
25 187 
25 193 
26 17 
26 18 
26 34 
26 105 
26 110 
27 3 
27 4 
27 11 
27 13 
27 14 
27 15 
27 21 
27 22 
27 26 
27 30 
27 34 
27 35 
27 36 
27 37 
27 44 
27 52 
27 53 
27 62 
27 63 
27 68 
27 69 
27 71 
27 73 
27 74 
27 80 
27 82 
27 84 
27 87 
27 88 
27 98 
27 102 
27 105 
27 121 
27 148 
27 158 
28 2 
28 3 
28 6 
28 7 
28 8 
28 9 
28 11 
28 15 
28 17 
28 21 
28 22 
28 23 
28 26 
28 30 
28 31 
28 34 
28 36 
28 40 
28 44 
28 45 
28 59 
28 68 
28 72 
28 75 
28 76 
28 90 
28 99 
28 105 
28 109 
28 110 
28 112 
28 134 
28 155 
28 158 
29 44 
29 102 
30 73 
30 121 
31 7 
31 10 
31 45 
33 2 
33 3 
33 4 
33 6 
33 7 
33 8 
33 9 
33 11 
33 14 
33 15 
33 17 
33 18 
33 21 
33 25 
33 26 
33 27 
33 28 
33 32 
33 34 
33 35 
33 36 
33 37 
33 39 
33 40 
33 44 
33 45 
33 48 
33 51 
33 54 
33 59 
33 67 
33 68 
33 71 
33 75 
33 76 
33 78 
33 80 
33 89 
33 92 
33 95 
33 105 
33 109 
33 110 
33 113 
33 115 
33 117 
33 119 
33 125 
33 133 
33 134 
33 146 
33 150 
33 157 
33 158 
33 159 
33 173 
33 187 
33 193 
33 212 
33 213 
34 7 
34 8 
34 18 
34 26 
34 29 
34 44 
34 99 
34 110 
34 139 
34 212 
35 4 
35 5 
35 6 
35 11 
35 14 
35 15 
35 21 
35 22 
35 27 
35 36 
35 37 
35 44 
35 45 
35 52 
35 53 
35 59 
35 68 
35 73 
35 82 
36 11 
36 13 
36 15 
36 27 
36 80 
37 14 
37 15 
37 32 
39 6 
39 15 
39 25 
39 26 
39 32 
39 34 
39 42 
39 44 
39 70 
39 80 
39 113 
39 116 
39 146 
39 158 
39 190 
40 2 
40 3 
40 4 
40 11 
40 14 
40 15 
40 22 
40 27 
40 30 
40 32 
40 36 
40 37 
40 44 
40 48 
40 51 
40 80 
40 83 
40 90 
40 102 
40 105 
40 134 
40 156 
40 157 
40 187 
42 83 
43 2 
43 4 
43 6 
43 7 
43 8 
43 9 
43 13 
43 14 
43 15 
43 17 
43 18 
43 22 
43 23 
43 25 
43 26 
43 27 
43 28 
43 29 
43 31 
43 33 
43 34 
43 36 
43 37 
43 39 
43 42 
43 44 
43 45 
43 48 
43 57 
43 59 
43 67 
43 69 
43 71 
43 75 
43 78 
43 80 
43 89 
43 92 
43 98 
43 99 
43 104 
43 105 
43 109 
43 110 
43 113 
43 115 
43 119 
43 125 
43 134 
43 146 
43 158 
43 168 
43 170 
43 173 
43 187 
43 193 
43 212 
43 213 
44 4 
44 11 
44 13 
44 14 
44 15 
44 21 
44 22 
44 25 
44 27 
44 34 
44 35 
44 36 
44 37 
44 62 
44 63 
44 71 
44 73 
44 75 
44 80 
44 88 
44 102 
44 109 
44 113 
44 119 
44 128 
44 148 
44 193 
45 2 
45 4 
45 5 
45 6 
45 7 
45 8 
45 10 
45 11 
45 14 
45 15 
45 16 
45 17 
45 18 
45 22 
45 23 
45 25 
45 26 
45 27 
45 28 
45 29 
45 31 
45 32 
45 34 
45 35 
45 36 
45 37 
45 44 
45 55 
45 58 
45 66 
45 71 
45 76 
45 78 
45 79 
45 80 
45 96 
45 97 
45 99 
45 102 
45 103 
45 105 
45 112 
45 120 
45 127 
45 128 
45 134 
45 136 
45 156 
45 158 
45 178 
45 182 
46 32 
47 139 
48 59 
48 170 
52 32 
54 37 
55 127 
58 117 
60 63 
63 30 
63 84 
63 87 
63 98 
68 3 
68 22 
68 27 
68 52 
68 62 
68 67 
68 84 
69 3 
69 27 
69 30 
69 60 
69 84 
69 87 
69 88 
70 2 
70 4 
70 5 
70 6 
70 7 
70 9 
70 11 
70 14 
70 15 
70 17 
70 22 
70 27 
70 30 
70 32 
70 34 
70 35 
70 37 
70 39 
70 40 
70 42 
70 44 
70 45 
70 49 
70 51 
70 53 
70 60 
70 62 
70 68 
70 71 
70 80 
70 83 
70 86 
70 88 
70 102 
70 105 
70 109 
70 117 
70 128 
70 156 
71 92 
71 109 
73 13 
73 15 
73 30 
73 98 
73 100 
73 121 
74 14 
74 15 
76 2 
76 4 
76 6 
76 14 
76 16 
76 27 
76 37 
76 45 
76 49 
76 105 
76 156 
78 14 
78 80 
78 213 
82 14 
82 35 
82 53 
84 14 
84 63 
87 3 
87 15 
87 30 
87 63 
87 84 
88 3 
88 22 
89 4 
89 6 
89 15 
89 25 
89 26 
89 36 
89 44 
89 80 
89 146 
90 48 
91 2 
91 3 
91 4 
91 5 
91 6 
91 7 
91 8 
91 10 
91 11 
91 13 
91 14 
91 15 
91 17 
91 18 
91 22 
91 23 
91 25 
91 26 
91 27 
91 29 
91 31 
91 32 
91 34 
91 35 
91 36 
91 37 
91 39 
91 40 
91 42 
91 44 
91 45 
91 48 
91 49 
91 51 
91 52 
91 54 
91 57 
91 59 
91 60 
91 62 
91 67 
91 69 
91 76 
91 77 
91 78 
91 80 
91 82 
91 84 
91 86 
91 87 
91 90 
91 94 
91 102 
91 105 
91 109 
91 117 
91 121 
91 133 
91 134 
91 146 
91 148 
91 150 
91 156 
91 157 
91 158 
91 182 
91 187 
91 212 
91 213 
93 17 
93 23 
93 27 
93 28 
93 33 
93 39 
93 91 
93 127 
93 180 
93 213 
96 5 
96 7 
96 11 
96 80 
96 140 
97 44 
98 13 
98 73 
98 121 
101 97 
101 158 
103 44 
105 34 
105 99 
105 165 
108 76 
109 4 
109 6 
109 14 
109 15 
109 18 
109 26 
109 27 
109 32 
109 34 
109 35 
109 36 
109 40 
109 44 
109 45 
109 71 
109 75 
109 80 
109 104 
109 115 
109 138 
109 139 
109 150 
109 158 
109 168 
109 182 
110 212 
111 67 
113 75 
119 25 
121 73 
121 98 
122 157 
122 170 
125 14 
125 15 
125 17 
125 23 
125 26 
125 33 
125 37 
125 71 
125 113 
125 158 
134 26 
135 44 
135 158 
146 2 
146 3 
146 4 
146 6 
146 11 
146 14 
146 15 
146 17 
146 25 
146 26 
146 27 
146 36 
146 37 
146 40 
146 44 
146 69 
146 70 
146 71 
146 78 
146 80 
146 134 
146 158 
146 212 
154 14 
154 35 
154 44 
157 170 
158 17 
158 25 
158 37 
158 134 
167 26 
169 3 
169 4 
169 6 
169 14 
169 15 
169 17 
169 26 
169 32 
169 35 
169 36 
169 37 
169 40 
169 44 
169 45 
169 54 
169 59 
169 60 
169 78 
169 80 
169 146 
169 150 
169 156 
169 157 
169 182 
169 213 
172 17 
172 37 
172 44 
172 110 
172 134 
172 146 
172 157 
172 173 
176 18 
186 4 
186 14 
186 22 
186 26 
186 40 
186 44 
186 45 
186 80 
186 146 
187 14 
187 213 
204 22 
204 25 
204 59 
204 157 
