2 2 
2 7 
2 8 
2 26 
2 99 
2 105 
2 140 
2 156 
2 166 
3 4 
3 6 
3 27 
3 37 
3 51 
3 60 
3 63 
3 87 
4 2 
4 3 
4 5 
4 6 
4 7 
4 8 
4 10 
4 11 
4 13 
4 14 
4 15 
4 18 
4 21 
4 22 
4 23 
4 25 
4 26 
4 27 
4 30 
4 31 
4 32 
4 34 
4 35 
4 37 
4 39 
4 40 
4 44 
4 45 
4 49 
4 52 
4 60 
4 62 
4 63 
4 67 
4 68 
4 69 
4 70 
4 73 
4 74 
4 76 
4 78 
4 80 
4 82 
4 84 
4 87 
4 88 
4 98 
4 104 
4 105 
4 108 
4 109 
4 110 
4 121 
4 134 
4 146 
4 150 
4 158 
5 6 
5 7 
5 10 
5 15 
5 18 
5 26 
5 27 
5 30 
5 36 
5 37 
5 42 
5 45 
5 49 
5 80 
5 87 
5 116 
5 127 
6 7 
6 15 
6 37 
6 39 
6 45 
6 70 
6 79 
6 103 
6 140 
7 2 
7 6 
7 15 
7 23 
7 26 
7 28 
7 29 
7 34 
7 36 
7 37 
7 45 
7 70 
7 99 
7 105 
7 139 
7 166 
8 2 
8 6 
8 23 
8 26 
8 29 
8 34 
8 36 
8 37 
8 70 
8 99 
8 105 
8 139 
8 140 
8 166 
9 6 
9 8 
9 15 
9 26 
9 28 
9 34 
9 37 
9 45 
9 166 
10 2 
10 6 
10 8 
10 26 
10 34 
10 140 
11 2 
11 3 
11 4 
11 5 
11 6 
11 7 
11 9 
11 10 
11 13 
11 14 
11 15 
11 22 
11 23 
11 25 
11 26 
11 27 
11 28 
11 32 
11 34 
11 35 
11 36 
11 37 
11 39 
11 42 
11 44 
11 45 
11 49 
11 59 
11 60 
11 68 
11 76 
11 80 
11 82 
11 83 
11 91 
11 102 
11 105 
11 109 
11 116 
11 150 
11 158 
11 187 
12 3 
12 14 
12 35 
12 62 
12 84 
13 11 
13 98 
14 4 
14 6 
14 7 
14 8 
14 15 
14 17 
14 22 
14 25 
14 27 
14 35 
14 37 
14 57 
14 59 
14 62 
14 70 
14 74 
14 82 
14 84 
14 88 
14 102 
14 104 
14 140 
14 156 
14 182 
14 187 
15 2 
15 3 
15 4 
15 5 
15 6 
15 7 
15 8 
15 9 
15 10 
15 11 
15 13 
15 14 
15 17 
15 18 
15 21 
15 22 
15 23 
15 25 
15 26 
15 27 
15 28 
15 30 
15 31 
15 32 
15 34 
15 35 
15 36 
15 37 
15 39 
15 40 
15 42 
15 44 
15 45 
15 48 
15 49 
15 52 
15 60 
15 62 
15 63 
15 68 
15 69 
15 70 
15 73 
15 74 
15 76 
15 77 
15 80 
15 82 
15 83 
15 84 
15 86 
15 87 
15 88 
15 89 
15 90 
15 91 
15 98 
15 100 
15 105 
15 108 
15 109 
15 116 
15 117 
15 121 
15 127 
15 128 
15 133 
15 140 
15 146 
15 148 
15 150 
15 158 
15 212 
16 37 
16 45 
16 136 
17 2 
17 7 
17 8 
17 10 
17 30 
17 31 
17 32 
17 34 
17 45 
17 49 
17 103 
17 108 
17 112 
17 121 
17 140 
17 146 
17 212 
18 2 
18 3 
18 4 
18 5 
18 7 
18 8 
18 10 
18 15 
18 17 
18 18 
18 21 
18 23 
18 25 
18 26 
18 27 
18 28 
18 30 
18 32 
18 34 
18 36 
18 37 
18 40 
18 45 
18 49 
18 62 
18 63 
18 68 
18 69 
18 73 
18 80 
18 100 
18 134 
18 140 
18 150 
21 3 
21 4 
21 6 
21 15 
21 23 
21 27 
21 30 
21 37 
21 45 
21 63 
21 82 
21 96 
22 2 
22 3 
22 4 
22 6 
22 13 
22 14 
22 15 
22 21 
22 23 
22 25 
22 27 
22 34 
22 35 
22 37 
22 45 
22 48 
22 60 
22 68 
22 70 
22 84 
22 86 
22 87 
22 88 
22 148 
23 6 
23 7 
23 8 
23 26 
25 6 
25 158 
26 2 
26 7 
26 8 
26 26 
26 34 
26 44 
27 2 
27 3 
27 4 
27 5 
27 6 
27 7 
27 8 
27 9 
27 10 
27 11 
27 13 
27 14 
27 15 
27 16 
27 17 
27 19 
27 21 
27 22 
27 23 
27 25 
27 26 
27 30 
27 31 
27 32 
27 34 
27 35 
27 36 
27 37 
27 39 
27 40 
27 42 
27 44 
27 45 
27 48 
27 49 
27 52 
27 55 
27 59 
27 60 
27 62 
27 63 
27 67 
27 68 
27 69 
27 70 
27 71 
27 73 
27 74 
27 76 
27 77 
27 78 
27 80 
27 82 
27 83 
27 84 
27 86 
27 87 
27 88 
27 89 
27 90 
27 91 
27 94 
27 96 
27 98 
27 100 
27 102 
27 103 
27 105 
27 108 
27 109 
27 110 
27 113 
27 116 
27 117 
27 121 
27 125 
27 127 
27 128 
27 130 
27 134 
27 140 
27 146 
27 148 
27 150 
27 158 
27 166 
27 178 
29 4 
29 6 
29 7 
29 11 
29 15 
29 23 
29 26 
29 27 
29 28 
29 36 
29 37 
29 45 
29 62 
29 140 
30 11 
30 63 
31 7 
31 8 
31 34 
32 15 
32 117 
34 7 
34 8 
34 26 
34 139 
34 140 
35 3 
35 4 
35 6 
35 7 
35 8 
35 13 
35 14 
35 15 
35 16 
35 18 
35 22 
35 23 
35 27 
35 30 
35 32 
35 34 
35 37 
35 44 
35 45 
35 49 
35 52 
35 62 
35 63 
35 68 
35 70 
35 74 
35 78 
35 82 
35 83 
35 87 
35 88 
35 96 
35 100 
35 109 
35 140 
35 187 
36 6 
36 11 
36 13 
36 15 
36 80 
36 90 
36 134 
37 2 
37 4 
37 5 
37 6 
37 7 
37 8 
37 9 
37 10 
37 14 
37 15 
37 16 
37 17 
37 23 
37 25 
37 26 
37 30 
37 31 
37 34 
37 36 
37 39 
37 40 
37 44 
37 45 
37 49 
37 57 
37 60 
37 62 
37 63 
37 67 
37 70 
37 71 
37 77 
37 80 
37 84 
37 86 
37 89 
37 92 
37 100 
37 105 
37 108 
37 109 
37 110 
37 116 
37 128 
37 134 
37 140 
37 156 
37 158 
37 166 
37 187 
37 212 
39 2 
39 7 
39 140 
42 15 
43 2 
43 4 
43 7 
43 8 
43 19 
43 26 
43 71 
43 92 
43 104 
43 113 
43 115 
43 125 
43 212 
44 2 
44 4 
44 6 
44 14 
44 15 
44 21 
44 22 
44 26 
44 34 
44 35 
44 36 
44 45 
44 51 
44 62 
44 71 
44 82 
44 84 
44 97 
44 98 
44 100 
44 103 
44 105 
44 109 
44 125 
45 2 
45 4 
45 5 
45 6 
45 7 
45 8 
45 10 
45 11 
45 15 
45 16 
45 17 
45 21 
45 22 
45 23 
45 25 
45 26 
45 27 
45 29 
45 30 
45 31 
45 32 
45 33 
45 34 
45 36 
45 37 
45 39 
45 44 
45 49 
45 52 
45 60 
45 62 
45 63 
45 68 
45 69 
45 70 
45 76 
45 80 
45 82 
45 83 
45 84 
45 86 
45 88 
45 89 
45 90 
45 96 
45 97 
45 99 
45 100 
45 103 
45 105 
45 108 
45 109 
45 112 
45 116 
45 117 
45 121 
45 127 
45 128 
45 130 
45 134 
45 136 
45 139 
45 140 
45 146 
45 148 
45 166 
45 178 
45 212 
47 26 
47 213 
49 5 
49 14 
49 62 
49 96 
50 45 
55 37 
55 45 
58 4 
58 5 
58 6 
58 7 
58 11 
58 14 
58 15 
58 16 
58 27 
58 34 
58 36 
58 37 
58 45 
58 52 
58 62 
58 63 
58 68 
58 70 
58 84 
58 90 
58 109 
58 140 
58 146 
58 156 
58 158 
58 212 
60 2 
60 11 
61 2 
61 3 
61 4 
61 5 
61 6 
61 7 
61 8 
61 9 
61 10 
61 14 
61 15 
61 16 
61 17 
61 21 
61 22 
61 23 
61 25 
61 26 
61 28 
61 30 
61 31 
61 32 
61 33 
61 34 
61 35 
61 36 
61 37 
61 39 
61 42 
61 44 
61 48 
61 49 
61 51 
61 52 
61 55 
61 59 
61 60 
61 62 
61 63 
61 66 
61 67 
61 68 
61 69 
61 71 
61 73 
61 76 
61 77 
61 78 
61 80 
61 82 
61 83 
61 84 
61 86 
61 87 
61 88 
61 89 
61 90 
61 91 
61 94 
61 96 
61 97 
61 98 
61 100 
61 102 
61 105 
61 108 
61 109 
61 112 
61 116 
61 117 
61 125 
61 128 
61 133 
61 134 
61 139 
61 140 
61 148 
61 150 
61 155 
61 156 
61 158 
61 166 
61 178 
61 182 
61 187 
62 2 
62 4 
62 6 
62 7 
62 8 
62 14 
62 26 
62 34 
62 37 
62 68 
62 70 
62 71 
62 104 
62 113 
62 138 
62 140 
62 158 
62 187 
63 7 
63 8 
63 11 
63 15 
63 30 
63 68 
63 87 
63 140 
64 7 
64 10 
64 23 
64 25 
64 34 
64 36 
64 48 
64 49 
64 60 
64 70 
64 77 
64 83 
64 86 
64 112 
64 116 
64 140 
64 146 
64 150 
65 2 
65 3 
65 4 
65 5 
65 6 
65 7 
65 8 
65 9 
65 11 
65 13 
65 14 
65 15 
65 22 
65 23 
65 25 
65 26 
65 27 
65 30 
65 31 
65 32 
65 35 
65 36 
65 37 
65 39 
65 42 
65 44 
65 45 
65 48 
65 49 
65 52 
65 60 
65 62 
65 63 
65 68 
65 69 
65 70 
65 72 
65 73 
65 76 
65 80 
65 82 
65 83 
65 84 
65 87 
65 88 
65 89 
65 90 
65 91 
65 96 
65 98 
65 102 
65 103 
65 105 
65 108 
65 109 
65 117 
65 121 
65 127 
65 128 
65 134 
65 140 
65 150 
65 158 
65 166 
66 2 
66 7 
66 35 
66 45 
66 140 
68 4 
68 7 
68 8 
68 62 
68 70 
68 98 
69 4 
69 15 
69 22 
69 27 
69 35 
69 63 
69 82 
69 87 
69 121 
70 7 
70 8 
73 15 
73 30 
73 42 
73 121 
74 4 
74 27 
74 35 
74 37 
74 69 
76 2 
76 3 
76 6 
76 7 
76 8 
76 10 
76 13 
76 14 
76 15 
76 23 
76 30 
76 32 
76 35 
76 36 
76 37 
76 44 
76 45 
76 48 
76 49 
76 62 
76 63 
76 69 
76 73 
76 80 
76 82 
76 87 
76 121 
76 127 
76 140 
79 2 
79 3 
79 4 
79 5 
79 6 
79 7 
79 8 
79 10 
79 13 
79 14 
79 15 
79 16 
79 22 
79 23 
79 25 
79 26 
79 27 
79 30 
79 31 
79 32 
79 35 
79 36 
79 37 
79 44 
79 45 
79 49 
79 52 
79 60 
79 62 
79 63 
79 68 
79 70 
79 73 
79 76 
79 82 
79 84 
79 87 
79 88 
79 94 
79 97 
79 98 
79 102 
79 103 
79 105 
79 108 
79 109 
79 112 
79 116 
79 121 
79 128 
79 140 
81 2 
81 6 
81 7 
81 8 
81 16 
81 37 
81 45 
81 49 
81 82 
81 97 
81 136 
82 4 
82 15 
82 27 
82 37 
82 63 
84 27 
84 86 
85 26 
87 3 
87 21 
87 63 
87 88 
90 48 
93 14 
93 16 
93 28 
93 30 
93 33 
93 34 
93 63 
93 74 
93 82 
93 89 
96 7 
96 140 
98 34 
98 68 
98 73 
98 100 
98 121 
100 11 
101 2 
101 3 
101 4 
101 5 
101 6 
101 7 
101 10 
101 13 
101 14 
101 15 
101 16 
101 23 
101 25 
101 27 
101 30 
101 31 
101 32 
101 34 
101 35 
101 36 
101 37 
101 44 
101 45 
101 49 
101 52 
101 62 
101 63 
101 68 
101 69 
101 70 
101 73 
101 76 
101 79 
101 80 
101 82 
101 83 
101 84 
101 87 
101 89 
101 97 
101 98 
101 102 
101 109 
101 116 
101 127 
101 128 
101 136 
103 6 
103 45 
105 25 
105 182 
107 37 
107 45 
107 127 
108 4 
108 23 
108 36 
108 37 
108 45 
108 63 
109 115 
109 138 
109 168 
114 127 
116 11 
116 45 
121 73 
124 6 
128 37 
129 37 
129 103 
129 112 
129 127 
129 128 
129 130 
135 26 
135 212 
136 2 
139 26 
139 34 
140 8 
140 26 
146 26 
146 70 
149 2 
150 37 
150 104 
155 45 
157 2 
163 166 
