2 7 
2 8 
2 18 
2 23 
2 26 
2 29 
2 34 
2 39 
2 44 
2 45 
2 99 
2 105 
2 134 
2 139 
2 150 
2 156 
2 158 
2 166 
2 212 
3 4 
3 11 
3 14 
3 15 
3 22 
3 27 
3 30 
3 35 
3 37 
3 40 
3 44 
3 49 
3 51 
3 52 
3 60 
3 63 
3 68 
3 69 
3 77 
3 82 
3 83 
3 84 
3 87 
3 88 
3 102 
4 2 
4 3 
4 5 
4 6 
4 7 
4 8 
4 9 
4 10 
4 11 
4 13 
4 14 
4 15 
4 21 
4 22 
4 23 
4 25 
4 26 
4 27 
4 30 
4 32 
4 33 
4 34 
4 35 
4 36 
4 37 
4 39 
4 40 
4 42 
4 44 
4 45 
4 49 
4 51 
4 52 
4 53 
4 54 
4 55 
4 57 
4 59 
4 60 
4 62 
4 63 
4 68 
4 69 
4 70 
4 73 
4 74 
4 76 
4 77 
4 78 
4 80 
4 82 
4 83 
4 84 
4 86 
4 87 
4 88 
4 90 
4 91 
4 94 
4 96 
4 98 
4 102 
4 103 
4 104 
4 105 
4 109 
4 110 
4 112 
4 117 
4 119 
4 121 
4 125 
4 128 
4 133 
4 134 
4 146 
4 148 
4 150 
4 156 
4 158 
4 173 
4 182 
4 187 
4 193 
5 6 
5 14 
5 23 
6 2 
6 6 
6 7 
6 8 
6 18 
6 23 
6 26 
6 29 
6 45 
6 58 
6 67 
6 70 
6 76 
6 99 
6 102 
6 104 
6 112 
6 128 
6 134 
6 158 
7 2 
7 3 
7 4 
7 5 
7 6 
7 11 
7 13 
7 14 
7 15 
7 17 
7 18 
7 19 
7 21 
7 22 
7 23 
7 25 
7 26 
7 27 
7 28 
7 29 
7 30 
7 31 
7 32 
7 33 
7 34 
7 35 
7 36 
7 37 
7 39 
7 40 
7 42 
7 44 
7 45 
7 49 
7 52 
7 55 
7 58 
7 59 
7 60 
7 62 
7 63 
7 66 
7 67 
7 68 
7 69 
7 70 
7 72 
7 76 
7 77 
7 80 
7 82 
7 84 
7 86 
7 87 
7 88 
7 90 
7 91 
7 92 
7 96 
7 98 
7 99 
7 103 
7 105 
7 109 
7 110 
7 113 
7 117 
7 121 
7 125 
7 134 
7 139 
7 146 
7 150 
7 156 
7 158 
7 180 
7 182 
7 212 
8 6 
8 23 
8 26 
8 34 
8 45 
8 99 
8 109 
8 140 
9 2 
9 3 
9 4 
9 5 
9 6 
9 8 
9 9 
9 10 
9 11 
9 13 
9 14 
9 15 
9 17 
9 18 
9 19 
9 21 
9 22 
9 23 
9 25 
9 26 
9 27 
9 28 
9 29 
9 30 
9 31 
9 32 
9 33 
9 34 
9 35 
9 36 
9 37 
9 39 
9 40 
9 42 
9 44 
9 45 
9 49 
9 52 
9 55 
9 58 
9 59 
9 60 
9 62 
9 63 
9 66 
9 67 
9 68 
9 69 
9 70 
9 72 
9 76 
9 77 
9 80 
9 82 
9 84 
9 86 
9 87 
9 88 
9 90 
9 91 
9 92 
9 96 
9 98 
9 99 
9 103 
9 105 
9 109 
9 110 
9 113 
9 117 
9 121 
9 125 
9 134 
9 139 
9 140 
9 146 
9 150 
9 156 
9 158 
9 180 
9 182 
9 212 
10 6 
10 8 
10 11 
10 15 
10 23 
10 25 
10 26 
10 34 
10 36 
10 37 
10 39 
10 44 
10 45 
10 105 
10 109 
10 150 
11 3 
11 4 
11 13 
11 14 
11 15 
11 21 
11 22 
11 26 
11 27 
11 30 
11 34 
11 35 
11 36 
11 37 
11 44 
11 59 
11 62 
11 63 
11 68 
11 69 
11 73 
11 74 
11 80 
11 98 
11 102 
11 103 
11 119 
11 121 
11 128 
11 134 
11 146 
11 148 
11 150 
11 212 
12 2 
12 3 
12 4 
12 6 
12 7 
12 8 
12 9 
12 10 
12 11 
12 14 
12 15 
12 21 
12 22 
12 23 
12 25 
12 27 
12 30 
12 32 
12 33 
12 35 
12 36 
12 37 
12 40 
12 44 
12 45 
12 48 
12 59 
12 62 
12 67 
12 68 
12 70 
12 76 
12 77 
12 78 
12 80 
12 84 
12 91 
12 105 
12 119 
12 125 
12 134 
12 146 
12 148 
12 150 
12 156 
12 158 
13 4 
13 22 
13 30 
13 35 
13 36 
13 52 
13 73 
13 80 
13 98 
13 121 
14 2 
14 3 
14 4 
14 5 
14 6 
14 7 
14 8 
14 9 
14 10 
14 11 
14 13 
14 15 
14 18 
14 21 
14 22 
14 23 
14 25 
14 26 
14 27 
14 29 
14 30 
14 31 
14 32 
14 33 
14 34 
14 35 
14 36 
14 37 
14 39 
14 40 
14 42 
14 44 
14 45 
14 49 
14 51 
14 52 
14 54 
14 55 
14 57 
14 59 
14 60 
14 62 
14 63 
14 68 
14 69 
14 70 
14 74 
14 78 
14 80 
14 82 
14 84 
14 87 
14 88 
14 90 
14 91 
14 98 
14 104 
14 105 
14 109 
14 119 
14 125 
14 134 
14 139 
14 146 
14 148 
14 150 
14 156 
14 158 
14 173 
14 180 
14 182 
14 187 
14 193 
14 213 
15 3 
15 4 
15 5 
15 6 
15 7 
15 9 
15 10 
15 11 
15 13 
15 14 
15 21 
15 22 
15 27 
15 29 
15 30 
15 31 
15 32 
15 34 
15 35 
15 36 
15 37 
15 39 
15 40 
15 42 
15 44 
15 45 
15 52 
15 59 
15 60 
15 62 
15 63 
15 68 
15 69 
15 73 
15 74 
15 80 
15 82 
15 83 
15 84 
15 86 
15 87 
15 88 
15 98 
15 100 
15 105 
15 117 
15 119 
15 121 
15 133 
15 139 
15 158 
15 193 
15 212 
16 4 
16 6 
16 11 
16 14 
16 15 
16 23 
16 27 
16 36 
16 44 
16 45 
16 76 
16 80 
16 97 
16 127 
16 136 
17 2 
17 4 
17 6 
17 7 
17 8 
17 14 
17 15 
17 19 
17 21 
17 22 
17 26 
17 27 
17 29 
17 32 
17 33 
17 34 
17 36 
17 37 
17 44 
17 45 
17 68 
17 76 
17 84 
17 90 
17 105 
17 109 
17 110 
17 113 
17 125 
17 134 
17 138 
17 155 
17 158 
17 190 
17 193 
17 212 
18 7 
18 10 
18 15 
18 18 
18 23 
18 26 
18 27 
18 31 
18 32 
18 34 
19 2 
19 6 
19 44 
19 116 
20 40 
21 4 
21 15 
21 27 
21 35 
21 44 
21 148 
22 2 
22 3 
22 4 
22 6 
22 7 
22 8 
22 9 
22 10 
22 11 
22 13 
22 14 
22 15 
22 21 
22 23 
22 27 
22 30 
22 32 
22 34 
22 35 
22 36 
22 37 
22 39 
22 40 
22 44 
22 45 
22 48 
22 49 
22 51 
22 52 
22 59 
22 60 
22 62 
22 63 
22 68 
22 69 
22 71 
22 74 
22 76 
22 80 
22 84 
22 86 
22 87 
22 88 
22 91 
22 98 
22 119 
22 148 
22 156 
22 158 
22 193 
23 2 
23 4 
23 6 
23 7 
23 8 
23 9 
23 10 
23 14 
23 15 
23 18 
23 22 
23 25 
23 26 
23 27 
23 29 
23 32 
23 34 
23 36 
23 37 
23 39 
23 44 
23 45 
23 58 
23 80 
23 82 
23 105 
23 109 
23 134 
23 158 
23 187 
25 6 
25 34 
25 44 
25 158 
26 2 
26 7 
26 8 
26 18 
26 34 
26 105 
26 139 
26 150 
26 158 
26 193 
26 212 
27 2 
27 3 
27 4 
27 5 
27 6 
27 7 
27 8 
27 10 
27 11 
27 13 
27 14 
27 15 
27 21 
27 22 
27 23 
27 30 
27 31 
27 32 
27 35 
27 36 
27 37 
27 42 
27 44 
27 45 
27 52 
27 53 
27 59 
27 60 
27 62 
27 63 
27 67 
27 68 
27 69 
27 70 
27 72 
27 73 
27 74 
27 76 
27 77 
27 78 
27 80 
27 82 
27 83 
27 84 
27 87 
27 88 
27 98 
27 100 
27 102 
27 105 
27 108 
27 109 
27 116 
27 117 
27 119 
27 120 
27 121 
27 125 
27 127 
27 130 
27 134 
27 148 
27 156 
27 158 
27 182 
27 187 
27 193 
28 6 
28 34 
28 44 
28 80 
28 92 
28 125 
28 134 
29 2 
29 6 
29 21 
29 27 
29 34 
29 44 
29 45 
29 62 
29 105 
29 134 
29 158 
30 2 
30 3 
30 4 
30 6 
30 7 
30 9 
30 11 
30 13 
30 14 
30 15 
30 21 
30 22 
30 23 
30 27 
30 31 
30 32 
30 33 
30 35 
30 36 
30 37 
30 39 
30 42 
30 44 
30 45 
30 49 
30 51 
30 52 
30 60 
30 63 
30 68 
30 69 
30 70 
30 72 
30 73 
30 74 
30 80 
30 82 
30 83 
30 84 
30 86 
30 87 
30 88 
30 90 
30 98 
30 102 
30 105 
30 109 
30 116 
30 117 
30 121 
30 125 
30 133 
30 146 
30 148 
30 156 
30 182 
31 2 
31 6 
31 7 
31 8 
31 9 
31 15 
31 16 
31 19 
31 23 
31 26 
31 27 
31 29 
31 34 
31 45 
31 70 
31 125 
31 150 
31 158 
31 166 
32 14 
32 15 
32 22 
32 35 
32 37 
32 42 
32 45 
32 73 
32 117 
33 25 
33 26 
33 28 
33 134 
33 146 
33 157 
33 158 
33 213 
34 18 
34 26 
34 29 
34 31 
34 110 
34 139 
34 212 
35 2 
35 3 
35 4 
35 5 
35 6 
35 7 
35 9 
35 11 
35 13 
35 14 
35 15 
35 16 
35 21 
35 22 
35 23 
35 25 
35 27 
35 29 
35 30 
35 32 
35 33 
35 36 
35 37 
35 40 
35 42 
35 44 
35 45 
35 49 
35 51 
35 53 
35 54 
35 59 
35 60 
35 62 
35 63 
35 68 
35 69 
35 70 
35 74 
35 76 
35 77 
35 78 
35 80 
35 82 
35 83 
35 84 
35 86 
35 87 
35 88 
35 91 
35 94 
35 97 
35 98 
35 121 
35 134 
35 148 
35 150 
35 156 
35 158 
35 182 
35 187 
35 212 
36 4 
36 6 
36 11 
36 13 
36 14 
36 15 
36 22 
36 23 
36 25 
36 27 
36 30 
36 32 
36 35 
36 37 
36 40 
36 44 
36 45 
36 62 
36 63 
36 69 
36 73 
36 74 
36 80 
36 84 
36 87 
36 91 
36 102 
36 105 
36 109 
36 148 
36 178 
37 3 
37 4 
37 14 
37 15 
37 22 
37 26 
37 29 
37 35 
37 82 
37 99 
37 150 
39 2 
39 3 
39 4 
39 6 
39 7 
39 8 
39 9 
39 10 
39 11 
39 14 
39 15 
39 22 
39 23 
39 25 
39 26 
39 27 
39 30 
39 32 
39 34 
39 36 
39 37 
39 39 
39 44 
39 45 
39 60 
39 71 
39 80 
39 105 
39 109 
39 125 
39 134 
39 158 
39 190 
39 212 
40 2 
40 3 
40 4 
40 6 
40 11 
40 13 
40 14 
40 15 
40 21 
40 22 
40 23 
40 27 
40 29 
40 30 
40 31 
40 32 
40 35 
40 36 
40 37 
40 44 
40 45 
40 48 
40 51 
40 52 
40 60 
40 63 
40 68 
40 69 
40 70 
40 77 
40 78 
40 80 
40 84 
40 86 
40 88 
40 100 
40 105 
40 133 
40 182 
40 187 
42 3 
42 15 
42 22 
42 23 
42 30 
42 32 
42 37 
42 60 
42 73 
42 117 
43 19 
43 26 
43 45 
43 59 
43 75 
43 92 
43 113 
43 125 
43 158 
43 187 
43 193 
43 212 
44 2 
44 4 
44 6 
44 7 
44 8 
44 9 
44 11 
44 13 
44 14 
44 15 
44 21 
44 22 
44 23 
44 26 
44 27 
44 30 
44 32 
44 34 
44 35 
44 36 
44 37 
44 39 
44 40 
44 45 
44 49 
44 52 
44 62 
44 63 
44 68 
44 69 
44 70 
44 71 
44 74 
44 82 
44 84 
44 87 
44 102 
44 105 
44 109 
44 112 
44 134 
44 138 
44 146 
44 148 
44 150 
44 158 
44 178 
44 193 
45 2 
45 4 
45 5 
45 6 
45 7 
45 8 
45 9 
45 10 
45 14 
45 16 
45 18 
45 21 
45 23 
45 25 
45 26 
45 29 
45 30 
45 31 
45 32 
45 34 
45 39 
45 40 
45 44 
45 55 
45 58 
45 59 
45 66 
45 70 
45 75 
45 76 
45 79 
45 80 
45 92 
45 94 
45 95 
45 96 
45 97 
45 102 
45 103 
45 105 
45 109 
45 110 
45 112 
45 120 
45 125 
45 127 
45 128 
45 130 
45 134 
45 136 
45 139 
45 146 
45 158 
45 159 
45 165 
45 168 
45 178 
45 182 
46 32 
47 2 
47 3 
47 4 
47 6 
47 7 
47 9 
47 10 
47 11 
47 14 
47 15 
47 23 
47 25 
47 26 
47 27 
47 30 
47 31 
47 34 
47 36 
47 37 
47 39 
47 44 
47 45 
47 63 
47 80 
47 105 
47 109 
47 139 
48 22 
49 5 
49 49 
49 96 
49 158 
51 3 
51 15 
51 22 
51 37 
51 88 
52 3 
52 4 
52 6 
52 14 
52 15 
52 22 
52 23 
52 30 
52 35 
52 36 
52 37 
52 40 
52 44 
52 48 
52 60 
52 62 
52 63 
52 68 
52 69 
52 70 
52 77 
52 83 
52 84 
52 87 
52 88 
52 158 
54 4 
54 6 
54 14 
54 27 
54 37 
54 44 
54 45 
55 6 
55 22 
55 29 
55 45 
55 96 
55 127 
55 159 
58 45 
58 127 
59 14 
59 27 
59 45 
60 3 
60 4 
60 35 
60 36 
60 40 
60 51 
60 69 
60 77 
60 86 
60 88 
61 7 
61 8 
62 15 
62 22 
62 27 
62 68 
62 87 
63 3 
63 4 
63 14 
63 15 
63 27 
63 30 
63 35 
63 37 
63 44 
63 52 
63 60 
63 69 
63 84 
63 87 
65 45 
65 100 
65 127 
66 3 
66 4 
66 5 
66 6 
66 11 
66 13 
66 14 
66 15 
66 21 
66 23 
66 27 
66 31 
66 35 
66 36 
66 37 
66 44 
66 45 
66 70 
66 76 
66 80 
66 96 
66 103 
66 105 
66 112 
68 3 
68 4 
68 11 
68 14 
68 15 
68 22 
68 27 
68 30 
68 35 
68 36 
68 40 
68 44 
68 45 
68 48 
68 52 
68 62 
68 84 
68 86 
68 87 
68 90 
68 116 
69 3 
69 4 
69 7 
69 10 
69 13 
69 14 
69 15 
69 22 
69 27 
69 30 
69 32 
69 34 
69 35 
69 36 
69 37 
69 40 
69 42 
69 44 
69 51 
69 52 
69 60 
69 62 
69 63 
69 68 
69 70 
69 80 
69 84 
69 86 
69 87 
69 88 
69 146 
70 4 
70 6 
70 7 
70 8 
70 13 
70 15 
70 27 
70 44 
70 45 
70 62 
70 63 
71 2 
71 4 
71 14 
71 44 
71 92 
71 109 
71 113 
71 159 
73 3 
73 4 
73 11 
73 13 
73 14 
73 15 
73 21 
73 22 
73 30 
73 32 
73 35 
73 36 
73 37 
73 45 
73 84 
73 98 
73 121 
74 4 
74 14 
74 100 
76 2 
76 5 
76 6 
76 7 
76 9 
76 10 
76 11 
76 15 
76 16 
76 23 
76 31 
76 44 
76 45 
76 112 
76 134 
77 3 
77 22 
77 32 
77 88 
78 6 
78 14 
78 22 
78 35 
78 70 
78 158 
80 11 
80 15 
80 36 
80 40 
80 158 
81 14 
82 3 
82 4 
82 5 
82 6 
82 7 
82 11 
82 13 
82 14 
82 15 
82 21 
82 22 
82 23 
82 27 
82 30 
82 35 
82 37 
82 44 
82 45 
82 53 
82 60 
82 63 
82 68 
82 74 
82 76 
82 80 
82 84 
82 98 
82 109 
82 140 
83 3 
83 14 
83 32 
84 3 
84 4 
84 14 
84 15 
84 22 
84 23 
84 27 
84 30 
84 31 
84 35 
84 37 
84 45 
84 52 
84 60 
84 63 
84 68 
84 69 
84 86 
84 88 
86 2 
86 3 
86 4 
86 14 
86 15 
86 22 
86 23 
86 27 
86 30 
86 32 
86 37 
86 51 
86 52 
86 60 
86 62 
86 63 
86 68 
86 69 
86 77 
86 84 
86 87 
86 88 
86 90 
86 117 
86 182 
87 3 
87 4 
87 13 
87 15 
87 22 
87 27 
87 30 
87 36 
87 44 
87 60 
87 63 
87 68 
87 69 
87 80 
87 84 
87 86 
87 88 
88 3 
88 14 
88 22 
88 27 
88 51 
88 60 
88 63 
88 69 
88 86 
88 87 
89 4 
89 25 
89 62 
89 84 
89 158 
90 3 
90 4 
90 14 
90 15 
90 22 
90 30 
90 52 
90 60 
90 63 
90 68 
90 69 
90 77 
90 86 
90 88 
91 4 
91 14 
91 22 
91 35 
92 4 
92 6 
92 44 
92 159 
92 181 
93 14 
93 21 
93 27 
93 33 
93 48 
93 58 
93 59 
93 77 
93 90 
93 96 
93 110 
93 127 
96 3 
96 4 
96 5 
96 6 
96 7 
96 8 
96 14 
96 15 
96 22 
96 23 
96 30 
96 32 
96 35 
96 36 
96 37 
96 44 
96 45 
96 49 
96 55 
96 58 
96 59 
96 60 
96 66 
96 80 
96 94 
96 108 
96 150 
96 156 
96 182 
97 6 
97 16 
97 45 
98 3 
98 13 
98 15 
98 22 
98 37 
98 73 
98 117 
98 121 
99 2 
99 6 
99 45 
99 105 
99 166 
100 193 
103 6 
103 45 
104 14 
105 2 
105 6 
105 7 
105 8 
105 9 
105 10 
105 18 
105 23 
105 25 
105 26 
105 29 
105 33 
105 34 
105 39 
105 44 
105 45 
105 59 
105 99 
105 102 
105 103 
105 105 
105 109 
105 125 
105 134 
105 150 
105 156 
105 158 
105 165 
105 166 
105 182 
108 4 
108 6 
108 14 
108 15 
108 22 
108 23 
108 27 
108 35 
108 36 
108 37 
108 44 
108 45 
108 76 
108 96 
108 127 
108 134 
108 158 
109 2 
109 14 
109 22 
109 26 
109 27 
109 36 
109 75 
109 92 
109 113 
109 115 
109 119 
109 138 
109 150 
109 168 
109 182 
110 2 
110 6 
110 212 
112 6 
113 44 
113 92 
113 125 
113 181 
114 5 
114 15 
114 22 
114 48 
114 49 
116 32 
117 15 
117 30 
117 37 
117 73 
119 44 
121 3 
121 11 
121 13 
121 22 
121 73 
121 98 
124 44 
124 45 
125 113 
126 45 
129 193 
130 127 
135 2 
135 6 
135 22 
135 23 
135 31 
135 44 
135 45 
135 158 
139 11 
140 8 
141 7 
141 9 
142 4 
142 6 
142 37 
146 69 
148 3 
148 4 
153 134 
153 158 
154 168 
159 181 
165 2 
165 105 
167 125 
167 146 
168 109 
169 35 
173 4 
173 6 
173 27 
173 37 
173 45 
177 45 
180 157 
184 127 
186 146 
187 22 
193 27 
203 37 
204 59 
