2 29 
3 15 
3 22 
3 32 
3 42 
3 45 
3 60 
3 63 
3 69 
3 84 
3 88 
3 121 
4 14 
4 15 
4 22 
4 27 
4 30 
4 35 
4 62 
4 63 
4 69 
4 74 
4 84 
4 88 
5 49 
5 95 
6 7 
6 9 
6 15 
6 23 
6 26 
6 27 
6 30 
6 31 
6 32 
6 39 
6 44 
6 45 
6 55 
6 76 
6 96 
6 98 
6 108 
6 109 
6 117 
9 8 
9 140 
11 3 
11 4 
11 7 
11 9 
11 10 
11 14 
11 15 
11 22 
11 23 
11 26 
11 27 
11 30 
11 31 
11 32 
11 35 
11 36 
11 37 
11 39 
11 42 
11 44 
11 52 
11 62 
11 63 
11 68 
11 69 
11 70 
11 83 
11 84 
11 86 
11 87 
11 88 
11 90 
11 121 
13 32 
14 3 
14 4 
14 6 
14 7 
14 9 
14 15 
14 22 
14 27 
14 30 
14 31 
14 32 
14 35 
14 37 
14 42 
14 44 
14 51 
14 52 
14 55 
14 60 
14 62 
14 63 
14 68 
14 69 
14 73 
14 74 
14 84 
14 86 
14 90 
14 117 
14 130 
15 3 
15 4 
15 11 
15 14 
15 22 
15 27 
15 30 
15 32 
15 35 
15 42 
15 44 
15 51 
15 52 
15 60 
15 63 
15 69 
15 73 
15 74 
15 83 
15 84 
15 86 
15 87 
15 88 
15 117 
17 155 
18 34 
21 32 
21 35 
21 39 
21 44 
21 45 
21 48 
21 68 
22 27 
22 30 
22 35 
22 48 
22 69 
22 82 
22 84 
22 88 
23 31 
27 4 
27 14 
27 15 
27 22 
27 30 
27 32 
27 35 
27 37 
27 48 
27 51 
27 52 
27 60 
27 63 
27 68 
27 69 
27 73 
27 74 
27 82 
27 83 
27 84 
27 87 
27 88 
30 22 
30 27 
30 32 
30 35 
30 42 
30 69 
30 73 
30 83 
30 84 
30 87 
30 117 
30 121 
32 13 
32 73 
32 121 
35 4 
35 14 
35 22 
35 27 
35 29 
35 32 
35 60 
35 82 
35 84 
36 15 
36 84 
36 98 
37 3 
37 15 
37 22 
39 139 
42 100 
44 4 
44 6 
44 14 
44 22 
44 23 
44 26 
44 27 
44 32 
44 35 
44 42 
44 68 
45 5 
45 6 
45 7 
45 10 
45 11 
45 15 
45 16 
45 23 
45 26 
45 29 
45 31 
45 39 
45 44 
45 55 
45 58 
45 76 
45 127 
52 68 
52 100 
58 16 
58 66 
58 97 
59 119 
60 48 
60 51 
60 86 
63 3 
63 15 
63 22 
63 27 
63 32 
63 42 
63 48 
63 52 
63 60 
63 69 
63 77 
63 87 
63 88 
63 117 
63 121 
68 48 
68 52 
69 3 
69 15 
69 22 
69 27 
69 30 
69 32 
69 42 
69 48 
69 51 
69 60 
69 68 
69 77 
69 83 
69 84 
69 86 
69 87 
69 88 
69 117 
71 113 
73 27 
73 30 
73 32 
73 83 
73 84 
73 117 
73 121 
74 4 
74 14 
74 15 
74 27 
74 84 
80 13 
80 30 
80 36 
80 98 
82 35 
84 68 
84 69 
84 83 
86 51 
86 77 
87 3 
87 15 
87 30 
87 35 
87 63 
87 68 
87 69 
87 84 
88 3 
88 48 
88 77 
90 48 
90 86 
92 159 
96 66 
96 95 
98 32 
98 121 
108 66 
109 75 
109 92 
109 115 
109 138 
109 168 
114 49 
114 95 
121 14 
121 30 
121 32 
121 73 
124 180 
170 173 
