2 7 
2 8 
2 9 
2 10 
2 23 
2 26 
2 29 
2 34 
2 99 
2 156 
2 158 
2 166 
2 182 
2 212 
3 14 
3 15 
3 22 
3 27 
3 35 
3 37 
3 52 
3 63 
3 68 
3 69 
3 74 
3 87 
3 88 
3 98 
3 121 
4 3 
4 7 
4 9 
4 10 
4 14 
4 15 
4 22 
4 23 
4 25 
4 27 
4 30 
4 33 
4 35 
4 36 
4 37 
4 44 
4 54 
4 57 
4 59 
4 63 
4 68 
4 74 
4 86 
4 87 
4 119 
4 130 
4 134 
4 158 
4 181 
4 213 
5 7 
5 10 
5 29 
5 37 
5 94 
5 95 
5 96 
5 119 
5 130 
5 157 
5 178 
5 193 
5 213 
6 2 
6 29 
6 45 
6 127 
6 136 
6 178 
7 29 
7 34 
7 45 
7 115 
7 136 
7 170 
7 173 
7 180 
7 187 
8 29 
8 45 
8 115 
8 140 
8 173 
9 8 
9 29 
9 136 
9 170 
9 173 
9 180 
9 187 
10 8 
10 34 
10 187 
11 3 
11 7 
11 9 
11 10 
11 14 
11 15 
11 27 
11 29 
11 33 
11 34 
11 36 
11 44 
11 59 
11 68 
11 73 
11 82 
11 125 
11 146 
11 158 
11 213 
12 33 
12 57 
12 104 
12 113 
12 134 
12 158 
12 213 
13 98 
14 2 
14 3 
14 4 
14 7 
14 8 
14 9 
14 10 
14 11 
14 15 
14 22 
14 25 
14 27 
14 28 
14 29 
14 30 
14 32 
14 34 
14 35 
14 36 
14 37 
14 39 
14 44 
14 52 
14 57 
14 59 
14 60 
14 63 
14 67 
14 68 
14 69 
14 73 
14 74 
14 78 
14 80 
14 82 
14 84 
14 88 
14 94 
14 96 
14 104 
14 109 
14 113 
14 125 
14 128 
14 138 
14 156 
14 158 
14 166 
14 173 
14 180 
14 182 
14 187 
14 193 
14 213 
15 2 
15 3 
15 4 
15 6 
15 7 
15 8 
15 9 
15 10 
15 11 
15 13 
15 14 
15 16 
15 21 
15 22 
15 23 
15 25 
15 27 
15 30 
15 33 
15 35 
15 36 
15 37 
15 44 
15 48 
15 49 
15 51 
15 52 
15 53 
15 54 
15 59 
15 60 
15 63 
15 68 
15 69 
15 71 
15 73 
15 74 
15 78 
15 80 
15 82 
15 83 
15 84 
15 86 
15 87 
15 88 
15 90 
15 91 
15 94 
15 98 
15 100 
15 112 
15 113 
15 121 
15 125 
15 130 
15 133 
15 134 
15 146 
15 148 
15 158 
15 182 
15 193 
15 212 
15 213 
16 97 
16 136 
17 34 
17 105 
17 134 
17 155 
17 158 
17 190 
17 212 
18 7 
18 10 
18 212 
21 11 
21 27 
21 44 
21 125 
22 3 
22 14 
22 15 
22 27 
22 29 
22 35 
22 48 
22 57 
22 59 
22 63 
22 68 
22 74 
22 88 
22 148 
22 158 
22 213 
23 7 
23 8 
23 34 
25 193 
26 7 
26 8 
26 28 
26 29 
26 34 
26 57 
26 58 
26 59 
26 99 
26 105 
26 112 
26 120 
26 125 
26 130 
26 150 
26 158 
26 173 
26 193 
26 212 
27 3 
27 4 
27 7 
27 8 
27 9 
27 10 
27 11 
27 13 
27 14 
27 15 
27 22 
27 28 
27 29 
27 30 
27 33 
27 34 
27 35 
27 36 
27 37 
27 44 
27 45 
27 52 
27 53 
27 54 
27 57 
27 58 
27 59 
27 63 
27 67 
27 68 
27 69 
27 71 
27 73 
27 74 
27 75 
27 78 
27 79 
27 80 
27 82 
27 95 
27 105 
27 119 
27 121 
27 125 
27 127 
27 128 
27 130 
27 134 
27 146 
27 148 
27 158 
27 170 
27 178 
27 180 
27 187 
27 193 
27 213 
28 134 
29 7 
29 8 
29 10 
29 34 
29 134 
29 158 
30 6 
30 14 
30 15 
30 21 
30 22 
30 27 
30 33 
30 44 
30 52 
30 60 
30 63 
30 69 
30 73 
30 84 
30 98 
31 66 
32 72 
32 117 
33 67 
33 105 
33 113 
33 125 
33 134 
33 146 
33 158 
33 193 
33 212 
33 213 
34 7 
34 8 
34 16 
34 28 
34 29 
34 31 
34 57 
34 59 
34 99 
34 105 
34 120 
34 130 
34 134 
34 158 
34 173 
34 193 
34 212 
34 213 
35 14 
35 15 
35 22 
35 27 
35 44 
35 52 
35 53 
35 54 
35 82 
35 94 
35 187 
35 213 
36 15 
36 27 
36 34 
36 80 
37 4 
37 7 
37 9 
37 14 
37 26 
37 29 
39 7 
39 8 
39 10 
39 26 
39 29 
39 34 
39 57 
39 130 
39 134 
39 155 
39 158 
39 212 
40 33 
40 133 
42 29 
42 70 
42 100 
42 134 
43 33 
43 34 
43 57 
43 59 
43 113 
43 125 
43 134 
43 158 
43 181 
43 212 
43 213 
44 4 
44 7 
44 10 
44 14 
44 15 
44 21 
44 22 
44 27 
44 28 
44 29 
44 34 
44 35 
44 113 
44 115 
44 119 
44 125 
44 134 
44 148 
44 158 
44 193 
45 6 
45 7 
45 8 
45 18 
45 29 
45 33 
45 34 
45 58 
45 76 
45 79 
45 97 
45 99 
45 103 
45 109 
45 112 
45 119 
45 120 
45 127 
45 128 
45 130 
45 134 
45 136 
45 158 
45 178 
47 29 
47 34 
49 127 
49 158 
52 15 
52 68 
58 16 
58 79 
58 97 
58 136 
59 170 
60 51 
60 77 
63 15 
63 30 
63 60 
63 69 
63 87 
65 127 
68 15 
68 27 
68 45 
68 48 
68 52 
68 62 
68 84 
69 77 
69 84 
71 113 
73 3 
73 4 
73 6 
73 15 
73 21 
73 30 
73 35 
73 57 
73 59 
73 63 
73 68 
73 87 
73 98 
73 121 
74 3 
74 4 
74 14 
74 15 
74 27 
76 16 
76 58 
76 79 
76 97 
76 136 
78 213 
79 97 
81 16 
81 58 
81 79 
81 97 
82 4 
82 14 
82 15 
82 27 
82 30 
82 35 
82 37 
82 52 
82 53 
82 74 
82 84 
82 94 
84 22 
84 68 
86 77 
87 35 
87 69 
87 84 
88 3 
89 33 
93 28 
93 33 
93 157 
96 95 
96 108 
97 16 
97 79 
98 32 
98 73 
98 121 
105 7 
105 9 
105 10 
105 16 
105 29 
105 33 
105 34 
105 97 
105 103 
105 112 
105 127 
105 156 
105 158 
105 165 
108 45 
108 66 
108 80 
108 94 
108 95 
108 96 
108 112 
108 119 
108 120 
108 125 
108 127 
108 130 
108 134 
108 136 
108 150 
108 157 
108 173 
108 178 
108 187 
108 193 
108 213 
109 25 
109 57 
109 75 
109 113 
109 115 
109 138 
109 150 
109 168 
110 212 
112 127 
112 130 
113 115 
113 159 
114 158 
115 168 
117 42 
119 57 
119 187 
121 21 
121 73 
121 102 
124 80 
124 157 
125 158 
130 120 
134 33 
134 158 
140 8 
142 57 
150 104 
150 113 
150 115 
152 168 
164 187 
167 33 
167 125 
167 134 
172 33 
172 134 
172 158 
181 159 
204 59 
