2 6 
2 14 
2 45 
2 105 
2 158 
2 166 
3 2 
3 4 
3 13 
3 14 
3 15 
3 30 
3 35 
3 37 
3 44 
3 63 
3 68 
3 69 
3 80 
3 82 
3 84 
3 88 
4 3 
4 11 
4 13 
4 14 
4 15 
4 17 
4 22 
4 26 
4 27 
4 30 
4 35 
4 36 
4 37 
4 39 
4 40 
4 44 
4 52 
4 59 
4 63 
4 68 
4 69 
4 74 
4 80 
4 82 
4 84 
4 87 
4 88 
4 91 
4 119 
4 121 
4 170 
5 14 
5 45 
5 49 
5 55 
5 66 
5 67 
5 94 
5 96 
5 103 
5 127 
5 158 
6 14 
6 17 
6 21 
6 44 
6 45 
6 55 
6 170 
7 3 
7 4 
7 5 
7 6 
7 11 
7 14 
7 15 
7 16 
7 17 
7 18 
7 19 
7 21 
7 22 
7 23 
7 26 
7 27 
7 28 
7 31 
7 33 
7 35 
7 36 
7 39 
7 40 
7 44 
7 45 
7 51 
7 54 
7 55 
7 63 
7 66 
7 67 
7 71 
7 76 
7 80 
7 82 
7 86 
7 94 
7 96 
7 105 
7 108 
7 109 
7 110 
7 115 
7 119 
7 127 
7 134 
7 139 
7 146 
7 148 
7 158 
7 166 
8 9 
8 11 
8 16 
8 19 
8 26 
8 27 
8 35 
8 45 
8 105 
8 127 
8 139 
8 148 
8 158 
8 166 
9 4 
9 5 
9 6 
9 8 
9 9 
9 10 
9 11 
9 14 
9 15 
9 17 
9 18 
9 21 
9 22 
9 23 
9 26 
9 27 
9 28 
9 31 
9 33 
9 35 
9 39 
9 44 
9 45 
9 54 
9 55 
9 63 
9 66 
9 67 
9 71 
9 76 
9 80 
9 82 
9 94 
9 96 
9 105 
9 108 
9 109 
9 110 
9 115 
9 119 
9 134 
9 139 
9 146 
9 158 
10 3 
10 6 
10 8 
10 9 
10 11 
10 14 
10 17 
10 18 
10 26 
10 33 
10 35 
10 36 
10 40 
10 44 
10 45 
10 51 
10 66 
10 80 
10 86 
10 94 
10 105 
10 108 
10 109 
10 139 
10 158 
11 13 
11 14 
11 22 
11 35 
11 36 
11 73 
11 80 
11 84 
12 17 
13 80 
14 4 
14 5 
14 6 
14 11 
14 15 
14 17 
14 22 
14 27 
14 28 
14 29 
14 30 
14 32 
14 33 
14 35 
14 37 
14 44 
14 45 
14 51 
14 52 
14 63 
14 69 
14 70 
14 74 
14 78 
14 80 
14 82 
14 84 
14 87 
14 91 
14 104 
14 119 
14 125 
14 158 
14 170 
15 2 
15 3 
15 4 
15 5 
15 6 
15 7 
15 8 
15 9 
15 11 
15 13 
15 14 
15 17 
15 18 
15 21 
15 22 
15 26 
15 27 
15 30 
15 33 
15 35 
15 36 
15 37 
15 40 
15 44 
15 45 
15 48 
15 52 
15 55 
15 60 
15 63 
15 66 
15 67 
15 68 
15 69 
15 70 
15 73 
15 74 
15 76 
15 78 
15 80 
15 82 
15 83 
15 84 
15 87 
15 88 
15 91 
15 96 
15 98 
15 105 
15 109 
15 113 
15 121 
15 125 
15 134 
15 158 
16 5 
16 6 
16 15 
16 45 
16 49 
16 55 
16 66 
16 76 
16 79 
16 94 
16 95 
16 96 
16 97 
16 108 
17 2 
17 5 
17 6 
17 7 
17 9 
17 11 
17 14 
17 15 
17 22 
17 26 
17 27 
17 28 
17 31 
17 33 
17 40 
17 44 
17 45 
17 49 
17 69 
17 70 
17 71 
17 76 
17 92 
17 95 
17 105 
17 108 
17 109 
17 110 
17 113 
17 134 
17 146 
17 150 
17 155 
17 158 
17 170 
18 2 
18 4 
18 5 
18 6 
18 7 
18 8 
18 9 
18 10 
18 13 
18 14 
18 15 
18 17 
18 19 
18 22 
18 23 
18 26 
18 27 
18 28 
18 29 
18 30 
18 31 
18 32 
18 35 
18 36 
18 39 
18 40 
18 42 
18 44 
18 45 
18 49 
18 55 
18 63 
18 66 
18 68 
18 69 
18 70 
18 71 
18 76 
18 82 
18 84 
18 86 
18 87 
18 88 
18 91 
18 94 
18 96 
18 98 
18 105 
18 108 
18 109 
18 110 
18 113 
18 117 
18 155 
19 116 
21 44 
21 158 
22 3 
22 5 
22 6 
22 11 
22 13 
22 14 
22 15 
22 17 
22 28 
22 30 
22 32 
22 35 
22 36 
22 37 
22 40 
22 44 
22 45 
22 48 
22 49 
22 52 
22 63 
22 68 
22 69 
22 70 
22 73 
22 80 
22 82 
22 84 
22 87 
22 88 
22 91 
22 100 
22 105 
22 121 
22 134 
22 158 
22 170 
23 4 
23 5 
23 6 
23 7 
23 8 
23 9 
23 10 
23 11 
23 15 
23 17 
23 18 
23 19 
23 22 
23 26 
23 29 
23 31 
23 39 
23 40 
23 44 
23 45 
23 48 
23 70 
23 76 
23 109 
23 158 
25 26 
26 2 
26 3 
26 4 
26 5 
26 6 
26 7 
26 8 
26 9 
26 10 
26 11 
26 13 
26 14 
26 15 
26 17 
26 18 
26 19 
26 21 
26 22 
26 23 
26 27 
26 28 
26 29 
26 30 
26 31 
26 32 
26 35 
26 36 
26 39 
26 40 
26 42 
26 44 
26 45 
26 49 
26 51 
26 52 
26 55 
26 59 
26 60 
26 63 
26 67 
26 68 
26 69 
26 70 
26 71 
26 76 
26 78 
26 80 
26 82 
26 84 
26 86 
26 87 
26 88 
26 91 
26 94 
26 96 
26 105 
26 109 
26 110 
26 113 
26 117 
26 134 
26 146 
26 158 
27 3 
27 4 
27 5 
27 11 
27 13 
27 14 
27 15 
27 22 
27 30 
27 35 
27 36 
27 37 
27 40 
27 42 
27 44 
27 52 
27 69 
27 70 
27 71 
27 74 
27 80 
27 82 
27 92 
27 127 
27 134 
27 148 
28 22 
29 7 
29 9 
29 10 
29 13 
29 17 
29 23 
29 26 
29 30 
29 31 
29 109 
30 3 
30 14 
30 15 
30 17 
30 22 
30 35 
30 52 
30 63 
30 68 
30 73 
30 74 
30 84 
30 87 
30 88 
31 7 
31 8 
31 9 
31 10 
31 11 
31 17 
31 22 
31 26 
31 27 
31 33 
31 44 
31 45 
31 66 
31 67 
31 82 
31 84 
31 96 
31 105 
31 158 
32 6 
32 14 
32 15 
32 27 
32 40 
32 44 
32 45 
32 49 
32 86 
32 117 
33 134 
33 158 
34 2 
34 5 
34 6 
34 7 
34 8 
34 11 
34 13 
34 15 
34 17 
34 18 
34 19 
34 26 
34 27 
34 28 
34 31 
34 35 
34 40 
34 44 
34 45 
34 49 
34 55 
34 63 
34 66 
34 70 
34 76 
34 94 
34 96 
34 109 
34 110 
35 3 
35 4 
35 6 
35 7 
35 9 
35 10 
35 14 
35 17 
35 22 
35 27 
35 30 
35 37 
35 40 
35 44 
35 52 
35 63 
35 69 
35 70 
35 78 
35 82 
35 87 
35 88 
35 103 
35 125 
35 158 
36 5 
36 6 
36 11 
36 13 
36 14 
36 17 
36 22 
36 30 
36 35 
36 68 
36 80 
36 84 
36 98 
36 121 
37 3 
37 5 
37 11 
37 15 
37 19 
37 45 
37 91 
37 125 
37 158 
39 2 
39 3 
39 4 
39 5 
39 6 
39 7 
39 8 
39 9 
39 10 
39 11 
39 14 
39 15 
39 17 
39 18 
39 19 
39 22 
39 23 
39 26 
39 27 
39 28 
39 30 
39 31 
39 32 
39 33 
39 35 
39 36 
39 37 
39 39 
39 40 
39 42 
39 44 
39 45 
39 48 
39 49 
39 55 
39 60 
39 63 
39 68 
39 69 
39 70 
39 71 
39 76 
39 78 
39 84 
39 86 
39 87 
39 88 
39 89 
39 91 
39 94 
39 96 
39 105 
39 108 
39 109 
39 110 
39 117 
39 139 
39 155 
39 158 
40 15 
40 22 
40 33 
40 35 
40 44 
40 52 
40 86 
40 100 
40 113 
40 133 
40 158 
43 17 
43 19 
43 33 
43 59 
43 71 
43 92 
43 125 
43 158 
43 159 
44 2 
44 3 
44 4 
44 6 
44 11 
44 13 
44 14 
44 15 
44 17 
44 21 
44 22 
44 27 
44 28 
44 30 
44 31 
44 32 
44 33 
44 35 
44 36 
44 37 
44 39 
44 40 
44 42 
44 45 
44 49 
44 52 
44 55 
44 62 
44 63 
44 68 
44 69 
44 70 
44 73 
44 74 
44 80 
44 82 
44 84 
44 92 
44 105 
44 109 
44 119 
44 121 
44 134 
44 158 
44 168 
44 170 
45 2 
45 3 
45 4 
45 5 
45 6 
45 7 
45 9 
45 10 
45 11 
45 13 
45 14 
45 15 
45 16 
45 17 
45 18 
45 21 
45 22 
45 23 
45 25 
45 26 
45 27 
45 28 
45 30 
45 31 
45 32 
45 33 
45 35 
45 36 
45 37 
45 39 
45 40 
45 44 
45 49 
45 52 
45 55 
45 60 
45 63 
45 66 
45 68 
45 70 
45 73 
45 76 
45 79 
45 80 
45 94 
45 95 
45 96 
45 97 
45 103 
45 108 
45 109 
45 110 
45 112 
45 113 
45 116 
45 120 
45 127 
45 138 
45 158 
45 178 
47 2 
47 3 
47 4 
47 5 
47 6 
47 7 
47 8 
47 9 
47 10 
47 11 
47 13 
47 14 
47 15 
47 17 
47 18 
47 19 
47 21 
47 22 
47 23 
47 25 
47 26 
47 27 
47 28 
47 30 
47 31 
47 32 
47 35 
47 36 
47 40 
47 42 
47 44 
47 45 
47 49 
47 52 
47 55 
47 60 
47 62 
47 63 
47 67 
47 68 
47 69 
47 70 
47 76 
47 78 
47 80 
47 82 
47 84 
47 86 
47 88 
47 89 
47 91 
47 94 
47 96 
47 98 
47 105 
47 108 
47 109 
47 110 
47 117 
47 155 
47 187 
49 35 
49 96 
52 22 
52 84 
52 90 
54 5 
54 7 
54 9 
54 13 
54 14 
54 15 
54 17 
54 22 
54 26 
54 30 
54 32 
54 35 
54 40 
54 42 
54 44 
54 45 
54 49 
54 69 
54 76 
54 84 
54 88 
54 117 
55 16 
55 44 
55 45 
55 96 
57 5 
57 7 
57 9 
57 14 
57 15 
57 17 
57 26 
57 30 
57 35 
57 40 
57 42 
57 49 
57 68 
58 96 
59 4 
59 5 
59 7 
59 9 
59 13 
59 14 
59 15 
59 17 
59 22 
59 26 
59 27 
59 30 
59 32 
59 35 
59 36 
59 40 
59 42 
59 44 
59 45 
59 49 
59 52 
59 63 
59 68 
59 69 
59 76 
59 78 
59 82 
59 84 
59 86 
59 91 
59 94 
59 109 
59 117 
59 168 
59 170 
59 187 
60 22 
60 88 
62 3 
63 3 
63 4 
63 14 
63 15 
63 22 
63 27 
63 30 
63 32 
63 45 
63 87 
66 4 
66 27 
66 55 
66 108 
68 15 
68 22 
68 48 
68 69 
68 84 
68 90 
68 158 
69 3 
69 36 
69 37 
69 84 
71 17 
71 92 
71 113 
73 13 
73 30 
73 98 
73 121 
74 4 
74 14 
74 15 
74 30 
74 40 
74 44 
74 63 
74 82 
74 88 
74 158 
75 71 
75 109 
75 115 
75 168 
76 6 
76 16 
76 45 
76 55 
76 66 
76 79 
76 97 
78 35 
80 11 
80 36 
81 5 
81 55 
81 94 
82 3 
82 6 
82 15 
82 35 
82 40 
82 55 
82 76 
82 158 
84 14 
84 15 
84 22 
84 27 
84 40 
86 51 
86 52 
86 60 
86 63 
86 90 
87 3 
87 14 
87 15 
87 35 
87 63 
88 6 
88 15 
88 22 
88 44 
88 51 
88 60 
88 74 
93 17 
93 28 
93 33 
93 42 
93 49 
93 59 
94 17 
96 76 
96 108 
98 30 
98 121 
102 45 
105 2 
105 45 
105 165 
106 2 
106 15 
106 26 
108 66 
108 95 
108 96 
109 15 
109 17 
109 19 
109 75 
109 104 
109 115 
109 119 
109 138 
109 150 
109 168 
110 2 
110 4 
110 5 
110 6 
110 7 
110 8 
110 9 
110 10 
110 14 
110 15 
110 17 
110 21 
110 22 
110 23 
110 25 
110 26 
110 27 
110 28 
110 30 
110 31 
110 32 
110 35 
110 36 
110 40 
110 42 
110 44 
110 45 
110 49 
110 55 
110 60 
110 63 
110 70 
110 71 
110 76 
110 78 
110 80 
110 84 
110 86 
110 88 
110 96 
110 98 
110 105 
110 108 
110 109 
110 146 
110 155 
110 158 
113 17 
113 71 
113 115 
118 17 
119 13 
119 14 
119 15 
119 17 
119 22 
119 26 
119 27 
119 30 
119 32 
119 35 
119 40 
119 44 
119 45 
119 63 
119 71 
119 76 
119 82 
119 84 
119 109 
119 117 
124 5 
124 6 
124 7 
124 9 
124 14 
124 15 
124 17 
124 22 
124 26 
124 27 
124 28 
124 30 
124 35 
124 40 
124 42 
124 44 
124 45 
124 49 
124 69 
124 70 
124 71 
124 76 
124 82 
124 84 
124 91 
124 109 
124 117 
125 158 
126 7 
126 9 
127 94 
134 158 
135 7 
135 9 
135 17 
135 23 
135 26 
135 28 
135 35 
135 40 
135 155 
139 7 
139 9 
139 10 
139 17 
139 22 
139 26 
139 31 
139 35 
139 45 
139 117 
141 14 
142 5 
142 15 
142 26 
142 30 
142 35 
142 40 
142 92 
142 113 
145 14 
145 15 
145 17 
145 22 
145 26 
145 30 
145 35 
145 40 
145 44 
145 84 
145 109 
147 7 
147 9 
147 39 
148 63 
153 7 
153 9 
153 10 
153 17 
153 26 
153 28 
153 31 
153 39 
154 17 
154 75 
157 35 
168 109 
172 19 
183 7 
183 9 
183 14 
183 15 
183 17 
183 22 
183 26 
183 27 
183 30 
183 35 
183 44 
183 45 
183 82 
185 5 
185 6 
185 7 
185 9 
185 13 
185 14 
185 15 
185 17 
185 22 
185 26 
185 27 
185 32 
185 35 
185 40 
185 42 
185 44 
185 45 
185 59 
185 63 
185 76 
185 86 
185 88 
185 109 
185 117 
188 18 
188 55 
194 35 
202 26 
203 37 
