2 2 
2 4 
2 6 
2 7 
2 8 
2 9 
2 10 
2 17 
2 18 
2 21 
2 22 
2 23 
2 26 
2 27 
2 29 
2 31 
2 32 
2 34 
2 36 
2 37 
2 39 
2 40 
2 42 
2 44 
2 45 
2 62 
2 63 
2 80 
2 84 
2 99 
2 105 
2 109 
2 125 
2 134 
2 139 
2 146 
2 156 
2 158 
2 166 
2 182 
2 212 
3 2 
3 4 
3 6 
3 7 
3 8 
3 9 
3 10 
3 11 
3 13 
3 14 
3 15 
3 17 
3 19 
3 22 
3 23 
3 27 
3 30 
3 31 
3 32 
3 35 
3 36 
3 37 
3 40 
3 42 
3 44 
3 45 
3 51 
3 52 
3 60 
3 63 
3 68 
3 69 
3 70 
3 73 
3 74 
3 78 
3 80 
3 83 
3 84 
3 86 
3 87 
3 88 
3 90 
3 98 
3 109 
3 116 
3 117 
3 121 
3 146 
3 158 
4 2 
4 3 
4 5 
4 6 
4 7 
4 8 
4 9 
4 10 
4 11 
4 13 
4 14 
4 15 
4 17 
4 21 
4 22 
4 23 
4 27 
4 30 
4 31 
4 32 
4 34 
4 35 
4 36 
4 37 
4 39 
4 40 
4 42 
4 44 
4 45 
4 52 
4 57 
4 59 
4 62 
4 63 
4 68 
4 69 
4 70 
4 73 
4 74 
4 77 
4 78 
4 80 
4 82 
4 84 
4 86 
4 87 
4 88 
4 92 
4 96 
4 97 
4 98 
4 102 
4 104 
4 109 
4 116 
4 117 
4 121 
4 125 
4 130 
4 133 
4 134 
4 148 
4 150 
4 156 
4 157 
4 173 
4 182 
4 187 
4 193 
5 2 
5 3 
5 4 
5 5 
5 6 
5 7 
5 8 
5 9 
5 10 
5 11 
5 14 
5 15 
5 22 
5 23 
5 25 
5 26 
5 27 
5 30 
5 31 
5 32 
5 34 
5 35 
5 36 
5 37 
5 40 
5 42 
5 44 
5 45 
5 48 
5 49 
5 53 
5 55 
5 59 
5 60 
5 62 
5 66 
5 67 
5 73 
5 74 
5 76 
5 78 
5 80 
5 82 
5 84 
5 86 
5 89 
5 91 
5 95 
5 96 
5 102 
5 105 
5 109 
5 113 
5 125 
5 128 
5 130 
5 134 
5 146 
5 150 
5 156 
5 157 
5 158 
5 168 
5 170 
5 182 
5 213 
6 2 
6 4 
6 6 
6 7 
6 9 
6 10 
6 14 
6 15 
6 21 
6 22 
6 23 
6 26 
6 30 
6 31 
6 32 
6 34 
6 37 
6 40 
6 44 
6 45 
6 49 
6 52 
6 62 
6 68 
6 76 
6 80 
6 84 
6 87 
6 121 
6 125 
6 128 
6 134 
6 146 
6 178 
7 2 
7 3 
7 5 
7 6 
7 11 
7 14 
7 15 
7 21 
7 22 
7 23 
7 26 
7 27 
7 29 
7 31 
7 32 
7 34 
7 36 
7 37 
7 44 
7 45 
7 63 
7 67 
7 75 
7 76 
7 78 
7 80 
7 92 
7 96 
7 102 
7 105 
7 109 
7 136 
7 139 
7 146 
7 155 
7 156 
7 158 
7 182 
8 2 
8 6 
8 9 
8 10 
8 14 
8 23 
8 26 
8 27 
8 29 
8 31 
8 34 
8 36 
8 44 
8 105 
8 140 
8 155 
9 2 
9 3 
9 5 
9 6 
9 8 
9 10 
9 15 
9 21 
9 22 
9 23 
9 26 
9 27 
9 31 
9 32 
9 34 
9 36 
9 37 
9 44 
9 45 
9 63 
9 67 
9 75 
9 76 
9 78 
9 80 
9 92 
9 96 
9 102 
9 105 
9 109 
9 139 
9 146 
9 156 
9 158 
9 182 
10 2 
10 6 
10 8 
10 9 
10 11 
10 29 
10 32 
10 34 
10 45 
10 105 
10 136 
11 3 
11 4 
11 6 
11 7 
11 9 
11 13 
11 14 
11 15 
11 22 
11 27 
11 30 
11 32 
11 34 
11 35 
11 36 
11 37 
11 44 
11 63 
11 73 
11 74 
11 80 
11 84 
11 88 
11 90 
11 96 
11 98 
11 102 
11 117 
11 121 
12 2 
12 27 
12 44 
12 45 
12 59 
12 78 
12 92 
12 158 
13 2 
13 4 
13 6 
13 11 
13 23 
13 32 
13 35 
13 36 
13 42 
13 45 
13 73 
13 74 
13 80 
13 83 
13 98 
13 117 
13 121 
13 133 
14 2 
14 3 
14 4 
14 6 
14 7 
14 8 
14 9 
14 10 
14 11 
14 13 
14 15 
14 21 
14 22 
14 23 
14 25 
14 27 
14 29 
14 30 
14 31 
14 32 
14 34 
14 35 
14 36 
14 37 
14 39 
14 40 
14 42 
14 44 
14 45 
14 52 
14 53 
14 54 
14 57 
14 59 
14 60 
14 63 
14 68 
14 69 
14 70 
14 71 
14 73 
14 74 
14 76 
14 78 
14 80 
14 82 
14 83 
14 84 
14 86 
14 87 
14 88 
14 91 
14 98 
14 100 
14 102 
14 104 
14 116 
14 117 
14 121 
14 134 
14 139 
14 146 
14 150 
14 156 
14 157 
14 158 
14 166 
14 170 
14 173 
14 178 
14 180 
14 182 
14 187 
15 2 
15 3 
15 4 
15 6 
15 7 
15 8 
15 9 
15 10 
15 11 
15 13 
15 14 
15 18 
15 19 
15 21 
15 22 
15 23 
15 25 
15 26 
15 27 
15 29 
15 30 
15 31 
15 32 
15 34 
15 35 
15 36 
15 37 
15 39 
15 40 
15 42 
15 44 
15 45 
15 48 
15 49 
15 51 
15 52 
15 57 
15 59 
15 60 
15 62 
15 63 
15 67 
15 68 
15 69 
15 70 
15 71 
15 73 
15 74 
15 77 
15 80 
15 82 
15 83 
15 84 
15 86 
15 87 
15 88 
15 90 
15 94 
15 98 
15 100 
15 102 
15 105 
15 109 
15 116 
15 117 
15 121 
15 125 
15 133 
15 134 
15 146 
15 148 
15 156 
15 157 
15 158 
15 182 
15 212 
16 6 
16 7 
16 10 
16 14 
16 15 
16 23 
16 32 
16 36 
16 45 
16 58 
16 59 
16 76 
16 80 
16 97 
16 109 
16 117 
16 136 
16 158 
17 2 
17 3 
17 4 
17 6 
17 7 
17 8 
17 11 
17 14 
17 15 
17 18 
17 22 
17 23 
17 26 
17 28 
17 32 
17 34 
17 37 
17 42 
17 44 
17 45 
17 59 
17 63 
17 72 
17 80 
17 109 
17 115 
17 125 
17 134 
17 138 
17 146 
17 150 
17 155 
17 158 
17 173 
17 182 
17 190 
17 193 
18 2 
18 4 
18 6 
18 7 
18 8 
18 9 
18 10 
18 14 
18 22 
18 23 
18 26 
18 27 
18 29 
18 31 
18 32 
18 34 
18 36 
18 37 
18 39 
18 44 
18 45 
18 67 
18 73 
18 76 
18 80 
18 84 
18 100 
18 105 
18 109 
18 125 
18 150 
18 166 
18 193 
19 6 
21 3 
21 14 
21 15 
21 30 
21 31 
21 44 
21 45 
21 76 
21 109 
22 2 
22 3 
22 4 
22 5 
22 6 
22 7 
22 8 
22 9 
22 10 
22 11 
22 13 
22 14 
22 15 
22 16 
22 17 
22 18 
22 19 
22 21 
22 23 
22 25 
22 26 
22 27 
22 29 
22 30 
22 31 
22 32 
22 33 
22 34 
22 35 
22 36 
22 37 
22 39 
22 40 
22 42 
22 44 
22 45 
22 48 
22 49 
22 51 
22 52 
22 53 
22 54 
22 55 
22 57 
22 58 
22 59 
22 60 
22 62 
22 63 
22 67 
22 68 
22 69 
22 70 
22 71 
22 72 
22 73 
22 74 
22 76 
22 77 
22 78 
22 80 
22 82 
22 83 
22 84 
22 86 
22 87 
22 88 
22 90 
22 91 
22 94 
22 95 
22 96 
22 97 
22 98 
22 100 
22 102 
22 105 
22 108 
22 109 
22 110 
22 112 
22 116 
22 117 
22 121 
22 125 
22 128 
22 133 
22 134 
22 139 
22 146 
22 148 
22 150 
22 155 
22 156 
22 157 
22 158 
22 168 
22 170 
22 180 
22 182 
22 187 
22 212 
23 2 
23 4 
23 6 
23 7 
23 8 
23 9 
23 10 
23 11 
23 14 
23 15 
23 18 
23 21 
23 26 
23 31 
23 32 
23 34 
23 36 
23 37 
23 39 
23 45 
23 134 
25 2 
25 4 
25 5 
25 6 
25 11 
25 14 
25 15 
25 27 
25 33 
25 36 
25 37 
25 42 
25 44 
25 45 
25 62 
25 68 
25 80 
25 94 
25 105 
25 109 
25 117 
25 125 
25 134 
25 146 
25 157 
25 158 
25 168 
25 170 
25 180 
25 187 
25 193 
26 2 
26 6 
26 7 
26 8 
26 9 
26 10 
26 15 
26 18 
26 30 
26 31 
26 34 
26 39 
26 45 
26 62 
26 105 
26 139 
26 146 
26 166 
26 212 
27 2 
27 3 
27 4 
27 6 
27 7 
27 8 
27 9 
27 10 
27 11 
27 13 
27 14 
27 15 
27 21 
27 22 
27 23 
27 25 
27 26 
27 30 
27 31 
27 32 
27 34 
27 35 
27 36 
27 37 
27 39 
27 40 
27 44 
27 45 
27 52 
27 53 
27 59 
27 60 
27 62 
27 63 
27 68 
27 69 
27 70 
27 71 
27 73 
27 74 
27 80 
27 82 
27 83 
27 84 
27 87 
27 88 
27 96 
27 98 
27 102 
27 104 
27 105 
27 109 
27 113 
27 116 
27 117 
27 121 
27 125 
27 127 
27 130 
27 133 
27 134 
27 146 
27 148 
27 156 
27 158 
27 182 
27 187 
28 72 
29 2 
29 6 
29 7 
29 10 
29 27 
29 34 
29 44 
29 45 
29 62 
29 166 
30 3 
30 4 
30 6 
30 7 
30 8 
30 9 
30 13 
30 14 
30 15 
30 21 
30 22 
30 31 
30 32 
30 34 
30 36 
30 40 
30 42 
30 44 
30 45 
30 52 
30 60 
30 62 
30 63 
30 68 
30 69 
30 70 
30 72 
30 73 
30 74 
30 80 
30 83 
30 84 
30 87 
30 88 
30 98 
30 100 
30 102 
30 109 
30 116 
30 117 
30 121 
31 2 
31 6 
31 7 
31 8 
31 9 
31 10 
31 15 
31 21 
31 27 
31 29 
31 32 
31 34 
31 35 
31 37 
31 39 
31 44 
31 45 
31 59 
31 72 
31 76 
31 96 
31 105 
31 108 
31 109 
31 139 
31 158 
32 6 
32 15 
32 22 
32 27 
32 42 
32 45 
32 72 
32 73 
32 83 
32 84 
32 98 
32 100 
32 116 
32 117 
32 121 
32 133 
33 2 
33 3 
33 27 
33 30 
33 36 
33 45 
33 67 
33 80 
33 105 
33 119 
33 134 
33 146 
33 158 
33 187 
34 2 
34 6 
34 7 
34 8 
34 9 
34 10 
34 23 
34 26 
34 29 
34 31 
34 37 
34 39 
34 45 
34 67 
34 105 
34 125 
34 139 
34 140 
34 146 
34 155 
34 166 
34 182 
34 212 
35 3 
35 4 
35 6 
35 7 
35 9 
35 10 
35 11 
35 13 
35 14 
35 15 
35 22 
35 23 
35 27 
35 30 
35 31 
35 32 
35 34 
35 36 
35 37 
35 40 
35 42 
35 44 
35 45 
35 52 
35 53 
35 59 
35 63 
35 67 
35 68 
35 69 
35 70 
35 73 
35 76 
35 77 
35 78 
35 80 
35 82 
35 83 
35 84 
35 87 
35 98 
35 100 
35 109 
35 117 
35 121 
35 146 
35 148 
35 156 
35 157 
35 166 
35 180 
35 182 
35 187 
36 2 
36 3 
36 4 
36 6 
36 7 
36 8 
36 9 
36 10 
36 11 
36 13 
36 14 
36 15 
36 22 
36 23 
36 27 
36 29 
36 30 
36 31 
36 32 
36 34 
36 35 
36 37 
36 40 
36 44 
36 45 
36 62 
36 63 
36 68 
36 69 
36 73 
36 74 
36 80 
36 84 
36 87 
36 96 
36 98 
36 102 
36 105 
36 117 
36 121 
37 2 
37 3 
37 4 
37 5 
37 6 
37 7 
37 8 
37 9 
37 10 
37 11 
37 13 
37 14 
37 15 
37 18 
37 19 
37 21 
37 22 
37 23 
37 25 
37 26 
37 27 
37 29 
37 30 
37 31 
37 32 
37 33 
37 34 
37 35 
37 36 
37 39 
37 40 
37 42 
37 44 
37 45 
37 49 
37 51 
37 52 
37 58 
37 60 
37 62 
37 63 
37 69 
37 70 
37 71 
37 73 
37 74 
37 76 
37 78 
37 80 
37 82 
37 84 
37 86 
37 87 
37 88 
37 96 
37 98 
37 102 
37 105 
37 109 
37 117 
37 121 
37 125 
37 134 
37 146 
37 148 
37 150 
37 155 
37 156 
37 158 
37 170 
37 182 
37 212 
39 2 
39 6 
39 7 
39 8 
39 9 
39 10 
39 13 
39 14 
39 15 
39 19 
39 23 
39 26 
39 27 
39 31 
39 34 
39 35 
39 36 
39 37 
39 44 
39 45 
39 67 
39 70 
39 80 
39 102 
39 105 
39 125 
39 139 
39 146 
39 155 
39 158 
39 166 
39 212 
40 2 
40 3 
40 4 
40 6 
40 7 
40 9 
40 11 
40 14 
40 15 
40 22 
40 23 
40 27 
40 32 
40 34 
40 36 
40 37 
40 44 
40 45 
40 80 
40 84 
40 88 
40 90 
40 91 
40 98 
40 100 
40 105 
40 133 
40 213 
42 3 
42 31 
42 32 
42 36 
42 83 
42 100 
42 117 
43 7 
43 9 
43 34 
43 54 
43 72 
43 83 
43 92 
43 105 
43 110 
43 113 
43 115 
43 116 
43 125 
43 133 
43 158 
43 181 
43 212 
44 2 
44 3 
44 4 
44 5 
44 6 
44 7 
44 8 
44 9 
44 11 
44 13 
44 14 
44 15 
44 21 
44 22 
44 23 
44 25 
44 26 
44 27 
44 29 
44 30 
44 31 
44 32 
44 33 
44 34 
44 35 
44 36 
44 37 
44 39 
44 40 
44 42 
44 45 
44 49 
44 52 
44 60 
44 62 
44 63 
44 68 
44 69 
44 71 
44 73 
44 76 
44 77 
44 80 
44 82 
44 84 
44 86 
44 87 
44 88 
44 95 
44 96 
44 98 
44 100 
44 102 
44 105 
44 109 
44 110 
44 112 
44 115 
44 119 
44 121 
44 125 
44 128 
44 133 
44 134 
44 146 
44 148 
44 150 
44 156 
44 158 
44 178 
44 193 
45 2 
45 3 
45 4 
45 5 
45 6 
45 7 
45 8 
45 9 
45 10 
45 11 
45 13 
45 14 
45 15 
45 16 
45 17 
45 18 
45 21 
45 22 
45 23 
45 25 
45 26 
45 27 
45 28 
45 29 
45 30 
45 31 
45 32 
45 33 
45 34 
45 35 
45 36 
45 37 
45 39 
45 40 
45 44 
45 49 
45 52 
45 53 
45 58 
45 62 
45 68 
45 69 
45 70 
45 76 
45 79 
45 80 
45 82 
45 83 
45 94 
45 96 
45 97 
45 98 
45 99 
45 100 
45 102 
45 105 
45 108 
45 109 
45 110 
45 112 
45 115 
45 117 
45 119 
45 120 
45 121 
45 125 
45 127 
45 128 
45 130 
45 134 
45 136 
45 146 
45 148 
45 158 
45 170 
45 178 
45 182 
45 212 
47 2 
47 3 
47 6 
47 7 
47 8 
47 9 
47 10 
47 11 
47 13 
47 14 
47 15 
47 18 
47 21 
47 23 
47 26 
47 27 
47 30 
47 31 
47 32 
47 34 
47 36 
47 37 
47 39 
47 44 
47 45 
47 63 
47 76 
47 80 
47 83 
47 89 
47 96 
47 100 
47 102 
47 105 
47 125 
47 139 
47 156 
48 22 
48 52 
48 90 
49 6 
49 14 
49 30 
49 45 
49 95 
49 96 
49 109 
49 125 
49 182 
51 2 
51 3 
51 6 
51 14 
51 22 
51 27 
51 36 
51 37 
51 45 
51 48 
51 60 
51 77 
51 80 
51 86 
51 88 
52 3 
52 22 
52 30 
52 32 
52 35 
52 40 
52 42 
52 44 
52 45 
52 60 
52 62 
52 68 
52 83 
52 84 
52 86 
52 87 
52 90 
52 100 
52 117 
53 45 
53 82 
53 187 
54 22 
54 57 
55 2 
55 6 
55 7 
55 8 
55 9 
55 10 
55 13 
55 14 
55 15 
55 22 
55 23 
55 25 
55 27 
55 30 
55 31 
55 32 
55 34 
55 35 
55 36 
55 37 
55 40 
55 42 
55 44 
55 45 
55 59 
55 63 
55 66 
55 76 
55 78 
55 80 
55 82 
55 83 
55 96 
55 108 
55 109 
55 117 
55 127 
55 128 
55 134 
55 156 
55 157 
55 182 
58 2 
58 3 
58 4 
58 6 
58 7 
58 9 
58 10 
58 11 
58 13 
58 15 
58 16 
58 22 
58 23 
58 27 
58 30 
58 31 
58 32 
58 35 
58 37 
58 45 
58 49 
58 63 
58 69 
58 76 
58 79 
58 80 
58 88 
58 96 
58 97 
58 109 
58 117 
58 121 
59 6 
59 7 
59 10 
59 14 
59 42 
59 45 
59 134 
59 146 
59 170 
59 182 
59 193 
60 2 
60 3 
60 6 
60 7 
60 9 
60 14 
60 22 
60 27 
60 37 
60 42 
60 45 
60 48 
60 51 
60 63 
60 69 
60 77 
60 80 
60 84 
60 86 
60 88 
60 90 
60 105 
61 6 
61 7 
61 9 
61 15 
61 21 
61 22 
61 27 
61 31 
61 32 
61 34 
61 37 
61 52 
61 62 
61 63 
61 76 
61 80 
61 82 
61 98 
61 182 
62 2 
62 7 
62 8 
62 14 
62 30 
62 36 
62 37 
62 40 
62 45 
62 68 
62 86 
62 109 
63 3 
63 6 
63 11 
63 14 
63 15 
63 30 
63 32 
63 35 
63 37 
63 42 
63 44 
63 48 
63 51 
63 52 
63 69 
63 73 
63 83 
63 84 
63 87 
63 88 
63 98 
63 100 
63 117 
63 121 
63 157 
63 182 
64 23 
65 6 
65 7 
65 9 
65 15 
65 22 
65 27 
65 32 
65 35 
65 36 
65 37 
65 45 
65 76 
65 102 
65 127 
66 6 
66 7 
66 9 
66 14 
66 22 
66 34 
66 35 
66 37 
66 45 
66 80 
66 96 
67 2 
67 4 
67 6 
67 7 
67 9 
67 10 
67 13 
67 15 
67 22 
67 23 
67 27 
67 32 
67 33 
67 34 
67 36 
67 80 
67 96 
67 109 
67 138 
67 156 
67 158 
67 182 
68 2 
68 3 
68 4 
68 6 
68 7 
68 9 
68 14 
68 15 
68 22 
68 27 
68 32 
68 34 
68 36 
68 42 
68 44 
68 45 
68 48 
68 52 
68 62 
68 63 
68 84 
68 86 
68 90 
68 100 
68 105 
68 109 
69 4 
69 14 
69 27 
69 30 
69 32 
69 42 
69 44 
69 52 
69 63 
69 68 
69 72 
69 73 
69 84 
69 87 
69 88 
69 100 
69 121 
70 2 
70 3 
70 4 
70 6 
70 7 
70 8 
70 9 
70 11 
70 14 
70 15 
70 22 
70 27 
70 34 
70 37 
70 40 
70 42 
70 44 
70 45 
70 62 
70 69 
70 77 
70 100 
70 105 
70 109 
71 6 
71 7 
71 9 
71 13 
71 15 
71 23 
71 27 
71 31 
71 34 
71 39 
71 45 
71 76 
71 80 
71 92 
71 105 
71 109 
71 113 
71 134 
71 168 
73 11 
73 15 
73 21 
73 30 
73 45 
73 68 
73 84 
73 98 
73 117 
73 121 
74 4 
74 14 
74 15 
74 27 
74 68 
74 84 
75 168 
76 6 
76 7 
76 9 
76 10 
76 11 
76 14 
76 15 
76 16 
76 23 
76 32 
76 34 
76 35 
76 36 
76 45 
76 80 
76 102 
76 125 
76 182 
77 45 
78 6 
78 35 
79 3 
79 6 
79 11 
79 14 
79 15 
79 45 
79 80 
79 97 
80 11 
80 15 
80 27 
80 30 
80 31 
80 32 
80 34 
80 35 
80 36 
80 44 
80 45 
80 98 
80 102 
81 4 
81 6 
81 7 
81 10 
81 27 
81 30 
81 35 
81 45 
81 80 
81 96 
81 121 
82 2 
82 4 
82 5 
82 6 
82 7 
82 8 
82 9 
82 14 
82 15 
82 21 
82 22 
82 27 
82 30 
82 32 
82 35 
82 37 
82 40 
82 42 
82 44 
82 45 
82 48 
82 52 
82 53 
82 59 
82 60 
82 63 
82 68 
82 69 
82 73 
82 74 
82 76 
82 78 
82 83 
82 84 
82 90 
82 94 
82 109 
82 117 
82 140 
82 158 
82 187 
84 6 
84 14 
84 22 
84 30 
84 35 
84 39 
84 44 
84 45 
84 52 
84 68 
84 69 
84 83 
85 82 
86 2 
86 3 
86 6 
86 15 
86 27 
86 37 
86 44 
86 45 
86 52 
86 74 
86 77 
86 84 
87 3 
87 15 
87 30 
87 44 
87 52 
87 60 
87 63 
87 69 
87 84 
87 88 
88 2 
88 3 
88 6 
88 22 
88 36 
88 40 
88 45 
88 48 
88 51 
88 52 
88 60 
88 63 
88 77 
88 86 
88 87 
88 90 
89 2 
89 4 
89 6 
89 11 
89 14 
89 15 
89 21 
89 25 
89 36 
89 44 
89 45 
89 62 
89 84 
89 105 
89 116 
89 117 
89 125 
89 146 
89 158 
90 2 
90 3 
90 6 
90 36 
90 45 
90 48 
90 52 
90 88 
91 14 
92 6 
92 11 
92 15 
92 37 
92 44 
92 45 
92 60 
92 80 
92 116 
92 159 
93 14 
93 19 
93 27 
93 33 
93 34 
93 36 
93 48 
93 59 
93 63 
93 76 
93 77 
93 84 
93 90 
94 6 
94 7 
94 9 
94 45 
94 98 
94 127 
95 6 
95 23 
95 35 
95 96 
96 6 
96 36 
96 45 
96 95 
96 100 
97 6 
97 16 
97 23 
97 27 
97 36 
97 45 
97 58 
97 63 
97 80 
97 136 
98 3 
98 11 
98 13 
98 30 
98 36 
98 73 
98 121 
99 166 
101 6 
101 23 
101 30 
101 45 
101 79 
101 97 
101 109 
102 11 
102 44 
103 2 
103 6 
103 7 
103 8 
103 9 
103 10 
103 15 
103 31 
103 32 
103 34 
103 37 
103 44 
103 45 
103 63 
103 80 
103 84 
103 86 
103 109 
103 128 
103 178 
104 23 
105 2 
105 7 
105 9 
105 34 
105 44 
105 45 
105 99 
105 109 
105 165 
105 182 
106 2 
106 6 
106 7 
106 8 
106 9 
106 10 
106 23 
106 31 
106 34 
106 37 
106 44 
106 45 
106 99 
106 105 
107 45 
108 6 
108 23 
108 45 
108 55 
108 80 
108 96 
108 105 
108 109 
108 182 
109 2 
109 4 
109 11 
109 15 
109 17 
109 25 
109 34 
109 44 
109 45 
109 70 
109 71 
109 75 
109 92 
109 104 
109 105 
109 109 
109 113 
109 115 
109 119 
109 138 
109 150 
109 158 
109 168 
109 187 
110 2 
110 6 
110 14 
110 15 
110 27 
110 37 
110 40 
110 45 
110 80 
111 127 
112 45 
112 128 
112 178 
113 6 
113 23 
113 27 
113 63 
113 71 
113 80 
113 92 
113 121 
116 32 
117 73 
119 158 
119 187 
121 3 
121 11 
121 13 
121 15 
121 30 
121 32 
121 73 
121 84 
121 98 
121 117 
126 6 
129 27 
129 127 
130 14 
134 125 
135 80 
136 7 
136 9 
136 134 
139 14 
140 8 
140 9 
140 44 
145 6 
146 2 
146 3 
146 6 
146 11 
146 33 
146 36 
146 45 
146 105 
146 134 
147 2 
147 6 
147 31 
147 34 
147 39 
147 45 
147 80 
148 30 
148 68 
150 63 
150 71 
150 104 
152 109 
155 4 
155 7 
155 10 
155 31 
155 32 
155 190 
156 14 
156 23 
156 31 
156 166 
158 82 
159 2 
159 6 
159 7 
159 10 
159 23 
159 45 
160 128 
164 2 
164 6 
164 23 
166 2 
166 105 
167 6 
167 7 
167 10 
167 23 
167 33 
167 45 
167 109 
167 125 
167 158 
168 109 
169 6 
169 157 
172 33 
172 125 
172 134 
172 146 
173 59 
173 119 
180 37 
181 159 
182 105 
184 6 
184 7 
184 10 
184 45 
186 100 
187 22 
187 27 
187 45 
187 53 
193 213 
203 37 
204 59 
