2 7 
2 8 
2 9 
2 10 
2 18 
2 23 
2 29 
2 31 
2 32 
2 34 
2 39 
2 45 
2 55 
2 67 
2 99 
2 105 
2 166 
2 212 
3 14 
3 15 
3 22 
3 30 
3 32 
3 37 
3 44 
3 60 
3 63 
3 69 
3 70 
3 82 
3 84 
3 87 
3 88 
3 148 
4 13 
4 14 
4 15 
4 21 
4 22 
4 27 
4 35 
4 37 
4 44 
4 52 
4 53 
4 54 
4 57 
4 59 
4 63 
4 68 
4 74 
4 80 
4 82 
4 84 
4 128 
5 95 
6 22 
6 29 
6 45 
6 49 
6 128 
6 134 
6 178 
7 2 
7 5 
7 6 
7 14 
7 15 
7 17 
7 23 
7 27 
7 30 
7 31 
7 32 
7 33 
7 34 
7 35 
7 39 
7 40 
7 44 
7 45 
7 48 
7 67 
7 68 
7 70 
7 72 
7 73 
7 78 
7 80 
7 84 
7 86 
7 90 
7 92 
7 98 
7 99 
7 102 
7 105 
7 109 
7 117 
7 118 
7 125 
7 150 
7 155 
7 193 
7 213 
8 10 
8 34 
8 92 
8 99 
8 140 
9 2 
9 5 
9 6 
9 8 
9 9 
9 10 
9 14 
9 15 
9 17 
9 23 
9 27 
9 30 
9 31 
9 32 
9 33 
9 34 
9 35 
9 39 
9 40 
9 44 
9 45 
9 48 
9 67 
9 68 
9 70 
9 72 
9 73 
9 78 
9 80 
9 84 
9 86 
9 90 
9 98 
9 99 
9 102 
9 105 
9 109 
9 117 
9 118 
9 125 
9 150 
9 193 
9 213 
10 9 
10 45 
10 155 
11 13 
11 15 
11 34 
11 36 
11 80 
11 98 
11 102 
12 2 
12 78 
13 36 
13 98 
13 121 
14 3 
14 4 
14 6 
14 7 
14 8 
14 9 
14 11 
14 13 
14 15 
14 17 
14 21 
14 22 
14 23 
14 25 
14 27 
14 30 
14 31 
14 32 
14 34 
14 35 
14 37 
14 40 
14 44 
14 54 
14 55 
14 57 
14 59 
14 74 
14 78 
14 80 
14 82 
14 84 
14 88 
14 102 
14 104 
14 117 
14 119 
14 134 
14 150 
14 156 
14 157 
14 166 
14 170 
14 180 
14 182 
14 187 
14 213 
15 3 
15 4 
15 7 
15 10 
15 11 
15 13 
15 14 
15 21 
15 22 
15 27 
15 30 
15 32 
15 35 
15 36 
15 37 
15 40 
15 44 
15 51 
15 52 
15 57 
15 58 
15 60 
15 62 
15 63 
15 68 
15 69 
15 73 
15 74 
15 80 
15 82 
15 83 
15 84 
15 86 
15 87 
15 88 
15 96 
15 98 
15 100 
15 102 
15 113 
15 121 
15 133 
15 158 
15 193 
15 212 
17 6 
17 23 
17 34 
17 44 
17 62 
17 70 
17 73 
17 105 
17 117 
17 155 
19 6 
19 44 
19 72 
21 14 
21 15 
21 30 
21 44 
21 69 
21 148 
22 2 
22 3 
22 4 
22 5 
22 6 
22 7 
22 8 
22 9 
22 10 
22 11 
22 13 
22 14 
22 15 
22 16 
22 17 
22 18 
22 21 
22 23 
22 25 
22 26 
22 27 
22 29 
22 30 
22 31 
22 32 
22 33 
22 34 
22 35 
22 36 
22 37 
22 39 
22 42 
22 44 
22 45 
22 48 
22 49 
22 51 
22 52 
22 53 
22 54 
22 55 
22 57 
22 58 
22 59 
22 60 
22 62 
22 63 
22 66 
22 67 
22 68 
22 69 
22 70 
22 71 
22 73 
22 74 
22 76 
22 77 
22 78 
22 79 
22 80 
22 82 
22 83 
22 84 
22 86 
22 87 
22 88 
22 90 
22 92 
22 94 
22 96 
22 97 
22 98 
22 99 
22 100 
22 102 
22 103 
22 104 
22 105 
22 108 
22 109 
22 112 
22 113 
22 116 
22 117 
22 119 
22 121 
22 125 
22 128 
22 130 
22 133 
22 134 
22 139 
22 146 
22 148 
22 150 
22 156 
22 157 
22 158 
22 168 
22 170 
22 180 
22 182 
22 187 
22 212 
22 213 
23 6 
23 7 
23 8 
23 9 
23 22 
23 34 
23 150 
23 213 
25 6 
26 18 
26 23 
26 39 
27 3 
27 4 
27 11 
27 13 
27 14 
27 15 
27 21 
27 22 
27 30 
27 35 
27 36 
27 37 
27 42 
27 44 
27 53 
27 57 
27 59 
27 60 
27 62 
27 63 
27 74 
27 80 
27 84 
27 102 
27 109 
27 121 
27 130 
27 134 
27 148 
27 187 
27 213 
30 11 
30 14 
30 15 
30 21 
30 27 
30 32 
30 35 
30 44 
30 63 
30 68 
30 69 
30 73 
30 83 
30 87 
30 98 
30 102 
30 117 
30 121 
32 2 
32 30 
32 80 
32 117 
33 146 
34 7 
34 8 
34 18 
34 71 
34 110 
34 166 
34 212 
35 2 
35 3 
35 4 
35 5 
35 7 
35 8 
35 9 
35 11 
35 13 
35 14 
35 15 
35 16 
35 21 
35 22 
35 25 
35 27 
35 29 
35 30 
35 31 
35 32 
35 34 
35 36 
35 37 
35 44 
35 45 
35 48 
35 51 
35 53 
35 54 
35 55 
35 58 
35 59 
35 60 
35 63 
35 68 
35 73 
35 74 
35 76 
35 78 
35 80 
35 82 
35 84 
35 86 
35 87 
35 90 
35 94 
35 97 
35 98 
35 102 
35 103 
35 105 
35 109 
35 116 
35 121 
35 148 
35 150 
35 156 
35 157 
35 158 
35 166 
35 170 
35 173 
35 182 
35 187 
35 212 
35 213 
36 4 
36 11 
36 13 
36 22 
36 27 
36 80 
36 121 
37 3 
37 14 
37 15 
37 22 
37 74 
37 83 
37 213 
39 14 
39 23 
39 29 
39 33 
39 34 
39 35 
39 36 
39 96 
39 99 
39 102 
39 105 
39 130 
39 150 
39 190 
40 2 
40 3 
40 4 
40 6 
40 11 
40 13 
40 14 
40 15 
40 21 
40 22 
40 23 
40 26 
40 27 
40 29 
40 31 
40 32 
40 35 
40 36 
40 37 
40 39 
40 42 
40 44 
40 45 
40 49 
40 60 
40 63 
40 68 
40 69 
40 70 
40 71 
40 73 
40 76 
40 77 
40 80 
40 86 
40 87 
40 88 
40 90 
40 94 
40 100 
40 102 
40 105 
40 117 
40 121 
40 133 
40 148 
40 187 
42 2 
42 6 
42 15 
42 32 
42 35 
42 37 
42 44 
42 70 
42 72 
42 80 
42 83 
42 98 
42 117 
43 2 
43 23 
43 92 
43 104 
43 113 
43 125 
43 133 
43 187 
43 193 
43 212 
43 213 
44 4 
44 6 
44 7 
44 8 
44 9 
44 13 
44 14 
44 15 
44 21 
44 22 
44 26 
44 27 
44 30 
44 31 
44 32 
44 34 
44 35 
44 36 
44 62 
44 63 
44 69 
44 71 
44 73 
44 80 
44 82 
44 87 
44 102 
44 103 
44 109 
44 112 
44 113 
44 117 
44 119 
44 128 
44 134 
44 148 
44 158 
44 168 
44 178 
45 2 
45 5 
45 6 
45 7 
45 8 
45 9 
45 10 
45 15 
45 16 
45 17 
45 18 
45 23 
45 25 
45 26 
45 27 
45 29 
45 31 
45 32 
45 34 
45 35 
45 39 
45 44 
45 52 
45 54 
45 55 
45 58 
45 66 
45 76 
45 79 
45 80 
45 92 
45 94 
45 96 
45 97 
45 99 
45 102 
45 103 
45 105 
45 108 
45 109 
45 112 
45 119 
45 120 
45 125 
45 128 
45 130 
45 134 
45 136 
45 146 
45 155 
45 156 
45 158 
45 166 
45 168 
45 170 
45 178 
45 182 
46 32 
47 6 
47 32 
47 44 
47 72 
49 2 
49 5 
49 23 
49 44 
49 55 
49 66 
49 84 
49 94 
49 95 
49 96 
49 99 
49 105 
49 109 
49 112 
49 150 
51 77 
52 15 
52 22 
52 32 
52 44 
52 45 
52 62 
52 68 
52 70 
52 73 
52 80 
52 84 
52 86 
52 98 
52 100 
52 105 
52 116 
52 121 
52 133 
55 76 
60 22 
60 68 
60 77 
60 90 
62 68 
63 3 
63 30 
63 52 
63 69 
63 73 
63 83 
63 84 
63 87 
63 98 
63 100 
68 2 
68 3 
68 4 
68 6 
68 11 
68 13 
68 14 
68 15 
68 21 
68 22 
68 23 
68 27 
68 30 
68 32 
68 36 
68 42 
68 44 
68 45 
68 48 
68 52 
68 58 
68 60 
68 62 
68 63 
68 70 
68 73 
68 80 
68 84 
68 86 
68 88 
68 90 
68 98 
68 105 
68 109 
68 117 
68 121 
69 3 
69 15 
69 30 
69 32 
69 44 
69 63 
69 73 
69 84 
69 87 
69 98 
69 100 
69 117 
69 121 
69 133 
70 2 
70 4 
70 6 
70 7 
70 8 
70 14 
70 15 
70 27 
70 32 
70 44 
70 45 
70 80 
70 105 
71 113 
72 32 
73 11 
73 30 
73 44 
73 98 
73 121 
74 4 
74 14 
76 2 
76 3 
76 4 
76 5 
76 6 
76 7 
76 9 
76 11 
76 15 
76 23 
76 27 
76 31 
76 32 
76 35 
76 36 
76 37 
76 44 
76 45 
76 49 
76 63 
76 105 
78 4 
78 14 
78 59 
78 182 
81 94 
81 103 
82 4 
82 7 
82 11 
82 13 
82 14 
82 15 
82 21 
82 27 
82 35 
82 36 
82 37 
82 44 
82 53 
82 74 
82 80 
82 87 
82 88 
82 105 
82 140 
83 6 
83 15 
83 32 
83 70 
83 72 
83 84 
83 100 
83 117 
83 121 
84 22 
84 44 
84 68 
84 69 
86 3 
86 15 
86 37 
86 63 
86 69 
86 77 
87 15 
87 36 
87 63 
88 14 
88 27 
88 30 
88 32 
88 48 
88 51 
88 52 
88 148 
89 2 
89 44 
89 117 
90 15 
90 36 
90 37 
90 44 
90 68 
90 77 
91 4 
91 5 
91 6 
91 14 
91 22 
91 23 
91 25 
91 36 
91 45 
91 76 
91 78 
91 150 
91 156 
93 14 
93 27 
93 33 
93 59 
93 77 
93 100 
93 116 
96 7 
96 9 
96 55 
96 58 
96 66 
96 94 
98 13 
98 73 
98 121 
99 166 
105 2 
105 99 
105 165 
105 166 
108 45 
108 96 
109 2 
109 6 
109 57 
109 71 
109 75 
109 92 
109 104 
109 113 
109 115 
109 119 
109 138 
109 150 
109 168 
110 212 
116 14 
116 32 
116 42 
119 6 
121 73 
121 98 
124 109 
142 159 
146 32 
146 78 
146 80 
146 109 
146 158 
148 2 
150 104 
156 166 
168 75 
186 27 
186 44 
203 37 
