1 28 
2 7 
2 8 
2 18 
2 23 
2 26 
2 29 
2 34 
2 39 
2 99 
2 140 
2 156 
2 158 
2 166 
2 212 
3 15 
3 22 
3 27 
3 30 
3 37 
3 44 
3 51 
3 52 
3 60 
3 63 
3 69 
3 87 
3 88 
4 3 
4 6 
4 11 
4 13 
4 14 
4 15 
4 21 
4 22 
4 23 
4 25 
4 27 
4 30 
4 32 
4 35 
4 36 
4 37 
4 42 
4 44 
4 51 
4 52 
4 59 
4 60 
4 63 
4 68 
4 69 
4 73 
4 74 
4 80 
4 82 
4 87 
4 88 
4 96 
4 98 
4 117 
4 121 
5 80 
6 6 
6 45 
6 178 
7 4 
7 6 
7 13 
7 14 
7 15 
7 18 
7 22 
7 23 
7 26 
7 27 
7 28 
7 31 
7 32 
7 34 
7 36 
7 39 
7 44 
7 45 
7 67 
7 71 
7 88 
7 109 
7 158 
7 159 
8 26 
8 140 
9 4 
9 6 
9 8 
9 13 
9 14 
9 15 
9 18 
9 22 
9 23 
9 26 
9 27 
9 28 
9 31 
9 32 
9 34 
9 36 
9 39 
9 44 
9 45 
9 67 
9 71 
9 88 
9 109 
9 140 
9 158 
9 159 
10 6 
10 23 
10 34 
11 13 
11 15 
11 27 
11 36 
11 80 
12 4 
12 14 
12 15 
12 22 
12 27 
12 37 
12 44 
12 80 
12 102 
12 150 
13 27 
14 3 
14 4 
14 6 
14 11 
14 13 
14 15 
14 21 
14 22 
14 25 
14 27 
14 30 
14 32 
14 34 
14 35 
14 36 
14 37 
14 42 
14 44 
14 45 
14 51 
14 57 
14 59 
14 60 
14 63 
14 69 
14 73 
14 74 
14 78 
14 80 
14 82 
14 86 
14 87 
14 88 
14 98 
14 102 
14 117 
14 121 
14 134 
14 157 
15 3 
15 4 
15 11 
15 13 
15 14 
15 21 
15 22 
15 27 
15 30 
15 32 
15 36 
15 37 
15 44 
15 51 
15 52 
15 60 
15 63 
15 68 
15 69 
15 74 
15 80 
15 82 
15 83 
15 84 
15 86 
15 87 
15 88 
15 102 
15 212 
16 6 
16 44 
16 45 
16 79 
16 97 
16 128 
17 3 
17 4 
17 6 
17 14 
17 15 
17 27 
17 34 
17 37 
17 80 
17 102 
17 134 
17 155 
17 190 
17 212 
18 26 
18 34 
18 39 
19 133 
21 44 
22 3 
22 11 
22 13 
22 14 
22 15 
22 27 
22 30 
22 32 
22 35 
22 36 
22 37 
22 44 
22 45 
22 51 
22 59 
22 60 
22 63 
22 68 
22 69 
22 73 
22 80 
22 84 
22 87 
22 88 
22 90 
22 102 
22 148 
23 7 
23 8 
23 10 
23 26 
23 31 
23 34 
23 63 
23 67 
23 158 
24 32 
24 133 
26 18 
26 23 
26 34 
26 39 
26 212 
27 3 
27 4 
27 6 
27 7 
27 8 
27 10 
27 11 
27 13 
27 14 
27 15 
27 21 
27 22 
27 23 
27 25 
27 26 
27 30 
27 32 
27 34 
27 35 
27 36 
27 37 
27 42 
27 44 
27 45 
27 51 
27 52 
27 59 
27 60 
27 62 
27 63 
27 68 
27 69 
27 73 
27 74 
27 80 
27 82 
27 83 
27 84 
27 86 
27 87 
27 88 
27 98 
27 102 
27 117 
27 121 
27 125 
27 148 
27 158 
27 193 
30 3 
30 4 
30 13 
30 14 
30 15 
30 22 
30 32 
30 36 
30 42 
30 52 
30 63 
30 68 
30 73 
30 87 
30 98 
31 18 
31 23 
33 158 
34 26 
35 3 
35 4 
35 11 
35 13 
35 14 
35 15 
35 21 
35 22 
35 27 
35 30 
35 32 
35 36 
35 37 
35 42 
35 44 
35 51 
35 53 
35 59 
35 60 
35 68 
35 73 
35 80 
35 82 
35 87 
35 102 
35 117 
36 11 
36 13 
36 22 
36 27 
36 80 
36 102 
37 14 
39 6 
39 11 
39 14 
39 15 
39 18 
39 25 
39 26 
39 27 
39 34 
39 36 
39 37 
39 44 
39 80 
39 134 
39 212 
40 3 
40 11 
40 14 
40 15 
40 27 
40 30 
40 32 
40 36 
40 37 
40 42 
40 44 
40 48 
40 51 
40 52 
40 63 
40 68 
40 69 
40 77 
40 80 
40 83 
40 84 
40 86 
40 87 
40 88 
40 90 
40 117 
40 133 
41 32 
42 32 
43 19 
43 212 
44 4 
44 11 
44 14 
44 15 
44 21 
44 27 
44 34 
44 35 
44 36 
44 37 
44 63 
44 87 
44 128 
45 6 
45 7 
45 10 
45 23 
45 26 
45 27 
45 34 
45 76 
45 102 
45 103 
45 112 
45 120 
45 127 
45 128 
45 130 
45 136 
45 178 
45 182 
46 32 
46 133 
47 2 
47 3 
47 6 
47 14 
47 36 
47 37 
47 80 
47 139 
48 22 
48 52 
48 68 
48 77 
48 90 
49 22 
52 15 
52 30 
52 40 
55 6 
55 27 
55 44 
55 45 
58 6 
58 79 
60 88 
62 44 
63 4 
63 15 
63 27 
63 30 
63 52 
63 69 
63 84 
63 87 
65 6 
65 14 
65 45 
66 6 
66 37 
67 4 
67 15 
67 27 
67 44 
68 4 
68 6 
68 48 
68 52 
68 62 
68 77 
68 80 
68 86 
68 90 
69 27 
69 30 
69 36 
69 63 
69 84 
70 3 
70 4 
70 6 
70 7 
70 8 
70 14 
70 15 
70 21 
70 22 
70 27 
70 30 
70 32 
70 37 
70 42 
70 44 
70 45 
70 52 
70 62 
70 63 
70 69 
70 80 
70 88 
70 102 
70 121 
71 3 
71 4 
71 15 
71 27 
71 37 
71 44 
71 102 
71 158 
73 32 
73 121 
74 14 
76 6 
76 45 
78 4 
78 14 
78 15 
78 35 
78 37 
78 80 
82 14 
82 15 
82 21 
82 27 
82 30 
82 35 
82 44 
82 53 
82 74 
84 52 
86 4 
86 14 
86 15 
86 27 
86 32 
86 51 
86 77 
87 30 
87 52 
87 63 
87 69 
87 88 
88 3 
88 14 
88 15 
88 22 
88 27 
88 60 
88 90 
89 83 
90 52 
90 63 
90 68 
90 117 
92 22 
93 14 
93 21 
93 77 
93 104 
94 127 
100 116 
100 117 
101 6 
101 45 
103 6 
105 23 
105 34 
105 99 
105 102 
105 156 
105 166 
105 182 
108 6 
108 44 
109 15 
109 22 
109 27 
109 32 
109 37 
109 44 
109 57 
109 115 
109 138 
109 150 
109 168 
110 6 
110 27 
110 37 
110 80 
110 134 
110 212 
112 6 
116 32 
121 73 
121 98 
124 157 
125 6 
133 32 
146 15 
148 15 
153 26 
155 17 
163 27 
163 37 
169 157 
186 4 
186 22 
186 27 
186 45 
196 57 
