2 4 
2 7 
2 8 
2 14 
2 15 
2 18 
2 22 
2 23 
2 26 
2 27 
2 31 
2 32 
2 33 
2 34 
2 35 
2 37 
2 39 
2 44 
2 80 
2 134 
2 158 
2 212 
3 15 
3 21 
3 22 
3 37 
3 52 
3 63 
3 68 
3 69 
3 87 
3 88 
4 3 
4 11 
4 13 
4 14 
4 15 
4 21 
4 22 
4 27 
4 30 
4 35 
4 36 
4 37 
4 44 
4 63 
4 68 
4 73 
4 74 
4 82 
5 4 
5 11 
5 14 
5 15 
5 22 
5 23 
5 27 
5 32 
5 33 
5 35 
5 37 
5 40 
5 44 
5 45 
5 49 
5 60 
5 72 
5 73 
5 74 
5 76 
5 78 
5 80 
5 82 
5 83 
5 86 
5 116 
5 133 
5 146 
7 3 
7 18 
7 23 
7 26 
7 31 
7 32 
7 34 
7 36 
7 39 
7 40 
7 44 
7 80 
7 99 
7 116 
7 134 
7 158 
8 34 
8 140 
9 3 
9 8 
9 18 
9 31 
9 32 
9 34 
9 36 
9 39 
9 40 
9 44 
9 80 
9 99 
9 116 
9 134 
9 140 
9 158 
10 8 
10 18 
10 23 
10 26 
10 31 
10 34 
11 3 
11 4 
11 13 
11 14 
11 15 
11 27 
11 35 
11 36 
11 37 
11 44 
12 3 
12 11 
12 14 
12 15 
12 21 
12 22 
12 27 
12 33 
12 35 
12 44 
12 68 
12 80 
12 125 
12 134 
12 146 
12 158 
12 212 
13 32 
14 3 
14 4 
14 11 
14 15 
14 21 
14 22 
14 27 
14 30 
14 32 
14 34 
14 35 
14 36 
14 37 
14 44 
14 63 
14 68 
14 69 
14 74 
14 78 
14 82 
14 84 
14 88 
15 3 
15 4 
15 11 
15 13 
15 14 
15 21 
15 22 
15 27 
15 30 
15 32 
15 35 
15 36 
15 37 
15 44 
15 52 
15 63 
15 68 
15 69 
15 73 
15 74 
15 82 
15 84 
15 87 
15 88 
15 146 
15 212 
16 27 
16 32 
16 35 
16 37 
16 44 
16 45 
16 60 
16 80 
16 83 
16 97 
17 3 
17 4 
17 7 
17 8 
17 13 
17 14 
17 15 
17 19 
17 22 
17 23 
17 26 
17 27 
17 32 
17 33 
17 34 
17 35 
17 36 
17 37 
17 39 
17 44 
17 45 
17 76 
17 80 
17 82 
17 125 
17 134 
17 146 
17 155 
17 158 
17 190 
17 212 
18 4 
18 7 
18 8 
18 14 
18 15 
18 22 
18 26 
18 27 
18 32 
18 33 
18 34 
18 37 
18 78 
18 80 
18 86 
18 125 
18 134 
18 158 
21 15 
21 32 
21 44 
22 3 
22 4 
22 11 
22 13 
22 14 
22 15 
22 27 
22 30 
22 32 
22 35 
22 37 
22 44 
22 52 
22 62 
22 63 
22 68 
22 73 
22 78 
22 80 
22 84 
22 88 
22 148 
23 7 
23 8 
23 10 
23 32 
23 34 
23 39 
25 134 
25 146 
26 17 
26 18 
26 27 
26 34 
26 37 
26 44 
26 110 
26 134 
26 212 
27 3 
27 4 
27 11 
27 13 
27 14 
27 15 
27 21 
27 22 
27 30 
27 32 
27 35 
27 36 
27 37 
27 44 
27 52 
27 62 
27 63 
27 68 
27 69 
27 73 
27 74 
27 82 
27 84 
27 87 
27 88 
27 98 
27 100 
27 148 
28 3 
28 4 
28 7 
28 8 
28 11 
28 14 
28 15 
28 19 
28 21 
28 22 
28 26 
28 27 
28 32 
28 33 
28 34 
28 35 
28 36 
28 37 
28 40 
28 44 
28 68 
28 80 
28 125 
28 134 
28 146 
28 155 
28 158 
28 212 
29 7 
29 8 
29 15 
29 21 
29 22 
29 23 
29 26 
29 27 
29 30 
29 31 
29 32 
29 34 
29 35 
29 36 
29 37 
29 44 
29 45 
29 62 
29 134 
29 212 
30 3 
30 15 
30 73 
32 73 
33 21 
33 125 
33 134 
33 146 
33 158 
34 18 
34 26 
34 27 
34 99 
34 139 
34 212 
35 3 
35 4 
35 11 
35 13 
35 14 
35 15 
35 21 
35 22 
35 27 
35 30 
35 32 
35 36 
35 37 
35 44 
35 52 
35 60 
35 63 
35 68 
35 69 
35 74 
35 78 
35 80 
35 82 
35 86 
35 87 
35 146 
35 158 
35 187 
36 11 
36 15 
36 27 
36 63 
37 17 
37 32 
37 39 
39 3 
39 4 
39 5 
39 7 
39 8 
39 10 
39 11 
39 13 
39 14 
39 15 
39 17 
39 18 
39 19 
39 22 
39 23 
39 26 
39 27 
39 29 
39 31 
39 32 
39 33 
39 34 
39 36 
39 37 
39 44 
39 45 
39 49 
39 58 
39 60 
39 62 
39 63 
39 69 
39 74 
39 76 
39 80 
39 86 
39 98 
39 112 
39 125 
39 134 
39 139 
39 140 
39 146 
39 148 
39 158 
39 212 
40 13 
43 19 
43 36 
43 37 
43 125 
43 134 
43 158 
43 212 
44 4 
44 11 
44 13 
44 14 
44 15 
44 21 
44 22 
44 27 
44 30 
44 32 
44 34 
44 35 
44 36 
44 37 
44 63 
44 69 
44 71 
44 73 
44 128 
45 3 
45 4 
45 7 
45 8 
45 10 
45 14 
45 16 
45 23 
45 27 
45 31 
45 34 
45 35 
45 37 
45 44 
45 55 
45 60 
45 80 
45 87 
45 97 
45 127 
45 128 
45 158 
47 3 
47 4 
47 7 
47 8 
47 11 
47 14 
47 15 
47 26 
47 27 
47 32 
47 34 
47 37 
47 39 
47 44 
47 63 
47 80 
49 116 
54 4 
54 14 
54 15 
54 37 
55 14 
55 15 
55 27 
55 32 
55 36 
55 37 
55 82 
55 127 
58 4 
58 14 
58 16 
58 22 
58 27 
58 32 
58 35 
58 40 
58 44 
58 45 
58 60 
58 78 
58 79 
58 80 
58 82 
58 83 
58 86 
58 116 
59 4 
59 14 
59 22 
59 27 
59 32 
59 35 
59 37 
59 40 
59 44 
59 60 
59 74 
59 78 
59 80 
59 86 
59 119 
61 22 
63 15 
63 30 
63 84 
63 87 
64 14 
64 23 
64 44 
65 4 
65 14 
65 15 
65 27 
65 32 
65 35 
65 37 
65 44 
65 45 
65 78 
65 80 
65 82 
66 4 
66 14 
66 15 
66 27 
66 32 
66 35 
66 40 
66 44 
66 45 
66 49 
66 55 
66 58 
66 76 
66 78 
66 80 
66 83 
66 97 
68 62 
69 27 
69 44 
69 84 
70 4 
70 7 
70 8 
70 14 
70 15 
70 22 
70 27 
70 32 
70 34 
70 35 
70 37 
70 44 
70 60 
70 62 
70 68 
70 80 
70 82 
70 86 
70 88 
70 146 
71 14 
71 15 
71 33 
71 37 
71 44 
71 80 
71 92 
71 113 
71 116 
71 125 
71 134 
71 138 
71 158 
71 212 
73 30 
74 4 
74 14 
74 15 
74 27 
74 82 
76 3 
76 4 
76 14 
76 15 
76 16 
76 22 
76 23 
76 27 
76 32 
76 35 
76 37 
76 44 
76 45 
76 58 
76 78 
76 80 
79 4 
79 27 
79 44 
79 45 
79 58 
79 80 
79 97 
81 32 
82 14 
82 15 
82 22 
82 27 
82 35 
82 53 
82 74 
84 52 
87 14 
87 30 
87 52 
87 63 
87 69 
87 84 
88 22 
88 30 
88 84 
92 11 
92 15 
92 37 
92 44 
92 80 
93 33 
94 14 
94 15 
94 22 
94 27 
94 35 
94 44 
94 53 
94 80 
94 82 
94 127 
96 14 
96 32 
96 80 
97 16 
98 82 
101 45 
101 58 
101 79 
101 97 
103 44 
105 7 
105 8 
105 27 
105 99 
108 4 
108 7 
108 8 
108 11 
108 14 
108 15 
108 16 
108 22 
108 23 
108 27 
108 32 
108 35 
108 36 
108 37 
108 40 
108 44 
108 45 
108 55 
108 58 
108 60 
108 66 
108 76 
108 78 
108 80 
108 82 
108 83 
108 86 
108 116 
109 7 
109 8 
109 13 
109 14 
109 15 
109 18 
109 22 
109 27 
109 32 
109 33 
109 34 
109 35 
109 37 
109 44 
109 45 
109 69 
109 75 
109 80 
109 116 
109 119 
109 134 
109 138 
109 146 
109 158 
109 168 
110 14 
110 15 
110 22 
110 27 
110 33 
110 37 
110 44 
110 63 
110 80 
110 125 
110 134 
110 158 
110 212 
111 33 
111 134 
111 158 
115 168 
119 4 
119 14 
119 15 
119 22 
119 27 
119 37 
119 44 
119 74 
119 80 
120 127 
121 15 
121 73 
121 98 
122 4 
122 14 
122 27 
122 32 
122 35 
122 60 
122 78 
122 80 
125 134 
125 158 
130 27 
135 15 
135 17 
135 22 
135 26 
135 34 
135 44 
145 27 
145 35 
145 44 
145 78 
146 44 
146 212 
147 44 
150 14 
153 34 
160 44 
160 128 
167 14 
167 33 
167 125 
167 134 
167 146 
167 158 
168 60 
170 3 
170 4 
170 14 
170 15 
170 27 
170 36 
170 37 
170 44 
170 74 
170 78 
170 80 
170 86 
170 119 
171 44 
173 4 
173 37 
178 44 
178 128 
181 4 
184 45 
187 4 
187 14 
187 27 
187 35 
187 37 
187 44 
187 78 
187 80 
187 213 
193 44 
194 27 
194 82 
