2 105 
2 156 
3 15 
3 22 
3 36 
3 60 
3 63 
3 68 
3 69 
3 87 
3 88 
4 14 
4 27 
4 44 
4 68 
4 74 
7 31 
9 31 
11 15 
11 27 
11 36 
11 80 
14 4 
14 15 
14 21 
14 35 
14 44 
14 70 
14 82 
14 148 
15 3 
15 4 
15 11 
15 14 
15 21 
15 22 
15 27 
15 30 
15 63 
15 70 
15 80 
15 82 
15 87 
16 79 
17 44 
17 155 
19 116 
21 44 
21 80 
22 3 
22 11 
22 14 
22 15 
22 48 
22 51 
22 87 
22 88 
23 39 
24 7 
24 9 
24 19 
24 32 
24 72 
24 133 
27 4 
27 11 
27 14 
27 15 
27 21 
27 30 
27 35 
27 44 
27 80 
28 31 
28 158 
30 14 
30 44 
30 63 
30 73 
30 87 
32 11 
32 14 
32 15 
32 19 
32 22 
32 30 
32 35 
32 40 
32 44 
32 62 
32 68 
32 73 
32 78 
32 89 
32 98 
32 100 
32 116 
32 117 
32 121 
32 133 
35 14 
35 82 
36 44 
37 14 
37 19 
37 22 
37 70 
42 4 
42 11 
42 14 
42 15 
42 22 
42 27 
42 30 
42 32 
42 35 
42 40 
42 44 
42 62 
42 63 
42 68 
42 69 
42 70 
42 73 
42 78 
42 80 
42 87 
42 89 
42 98 
42 100 
42 116 
42 117 
42 121 
42 133 
43 18 
43 19 
44 21 
44 27 
44 70 
44 80 
45 6 
45 29 
45 31 
45 44 
45 76 
49 11 
49 14 
49 22 
49 27 
49 36 
49 44 
49 45 
49 55 
49 60 
49 68 
49 80 
49 96 
49 109 
49 158 
51 22 
51 60 
51 69 
51 84 
51 86 
51 88 
52 3 
52 22 
52 25 
52 30 
52 40 
52 48 
52 62 
52 63 
52 68 
52 84 
52 86 
52 90 
52 146 
60 22 
60 51 
60 69 
60 86 
60 88 
62 70 
63 3 
63 15 
63 30 
63 87 
68 21 
68 22 
68 40 
68 48 
68 62 
68 90 
69 3 
69 15 
69 22 
69 30 
69 36 
69 51 
69 60 
69 63 
69 68 
69 87 
69 88 
73 11 
73 30 
73 80 
73 98 
73 121 
74 4 
75 168 
80 44 
82 21 
82 35 
82 44 
82 53 
83 30 
83 73 
83 84 
83 86 
83 117 
83 121 
83 133 
84 3 
84 14 
84 15 
84 22 
84 30 
84 35 
84 40 
84 52 
84 60 
84 68 
84 69 
84 82 
84 83 
84 86 
86 3 
86 48 
86 51 
86 60 
86 69 
86 77 
86 88 
86 90 
87 3 
87 15 
87 22 
87 30 
87 51 
87 60 
87 63 
87 69 
87 88 
88 22 
88 51 
88 69 
88 87 
90 48 
92 71 
93 28 
93 48 
93 90 
95 55 
95 96 
95 108 
96 7 
96 10 
98 11 
98 13 
98 121 
100 40 
100 116 
109 22 
109 115 
109 138 
109 168 
113 17 
113 28 
113 71 
113 92 
113 125 
114 45 
115 75 
115 138 
117 80 
121 11 
121 44 
121 73 
121 80 
121 98 
133 19 
152 109 
