1 28 
2 33 
2 44 
2 59 
2 156 
2 166 
3 15 
3 22 
3 30 
3 37 
3 69 
3 88 
4 3 
4 11 
4 14 
4 15 
4 22 
4 27 
4 35 
4 59 
4 63 
4 74 
4 112 
4 193 
4 213 
6 112 
7 4 
7 11 
7 18 
7 28 
7 39 
7 105 
7 112 
7 170 
9 4 
9 11 
9 18 
9 28 
9 39 
9 105 
9 112 
9 140 
9 170 
10 18 
11 13 
11 36 
11 193 
12 15 
12 27 
12 44 
12 59 
12 60 
12 91 
13 32 
14 3 
14 4 
14 11 
14 13 
14 15 
14 18 
14 21 
14 22 
14 23 
14 27 
14 30 
14 32 
14 33 
14 35 
14 36 
14 37 
14 44 
14 59 
14 63 
14 73 
14 74 
14 78 
14 80 
14 88 
15 3 
15 4 
15 11 
15 14 
15 22 
15 27 
15 30 
15 35 
15 36 
15 44 
15 63 
15 68 
15 74 
15 84 
15 88 
15 213 
17 3 
17 14 
17 18 
17 28 
17 37 
17 110 
17 134 
18 39 
19 28 
19 133 
21 44 
22 3 
22 4 
22 11 
22 14 
22 15 
22 27 
22 30 
22 32 
22 33 
22 35 
22 37 
22 44 
22 59 
22 63 
22 88 
22 148 
26 18 
27 3 
27 4 
27 5 
27 11 
27 13 
27 14 
27 15 
27 21 
27 22 
27 23 
27 30 
27 32 
27 33 
27 35 
27 36 
27 37 
27 44 
27 52 
27 59 
27 60 
27 63 
27 73 
27 74 
27 80 
27 83 
27 84 
27 87 
27 88 
27 112 
27 148 
27 170 
27 193 
27 213 
28 134 
29 18 
30 14 
30 44 
30 73 
35 5 
35 11 
35 14 
35 15 
35 21 
35 22 
35 36 
35 37 
35 44 
35 59 
35 82 
36 11 
39 3 
39 11 
39 14 
39 15 
39 18 
39 23 
39 27 
39 36 
39 37 
39 63 
39 80 
40 3 
40 14 
40 22 
40 27 
40 44 
40 80 
42 30 
44 5 
44 14 
44 15 
44 21 
44 27 
44 35 
44 59 
44 128 
45 5 
45 23 
45 27 
45 33 
45 105 
45 112 
47 3 
47 18 
47 23 
47 63 
47 80 
49 5 
49 14 
52 18 
52 68 
59 170 
63 87 
68 52 
69 15 
69 36 
70 44 
71 15 
73 22 
74 14 
76 15 
76 27 
76 44 
78 59 
78 213 
86 60 
87 63 
90 48 
91 22 
92 181 
93 14 
93 33 
93 48 
96 5 
98 13 
103 112 
105 23 
105 44 
105 59 
105 105 
105 156 
105 165 
105 166 
109 33 
110 37 
113 181 
114 5 
119 4 
119 27 
124 180 
129 112 
129 193 
153 18 
157 59 
157 170 
157 193 
159 181 
169 91 
204 59 
