2 7 
2 8 
2 9 
2 18 
2 26 
2 29 
2 34 
2 62 
2 99 
2 105 
2 150 
2 166 
3 14 
3 15 
3 22 
3 27 
3 36 
3 63 
3 68 
3 69 
3 84 
3 87 
3 88 
4 3 
4 11 
4 14 
4 15 
4 22 
4 27 
4 32 
4 35 
4 44 
4 53 
4 54 
4 68 
4 74 
4 119 
4 130 
4 148 
4 180 
4 213 
5 53 
5 193 
5 213 
6 7 
6 8 
6 178 
7 28 
7 59 
7 170 
8 140 
9 28 
9 170 
10 59 
11 3 
11 14 
11 15 
11 27 
11 35 
11 36 
11 74 
11 84 
11 136 
11 213 
12 25 
12 104 
12 120 
12 146 
12 213 
13 32 
13 36 
14 4 
14 5 
14 7 
14 9 
14 11 
14 15 
14 21 
14 22 
14 25 
14 26 
14 27 
14 29 
14 30 
14 32 
14 34 
14 35 
14 37 
14 42 
14 44 
14 48 
14 54 
14 57 
14 59 
14 63 
14 68 
14 74 
14 75 
14 78 
14 82 
14 84 
14 87 
14 88 
14 104 
14 113 
14 116 
14 118 
14 119 
14 120 
14 125 
14 127 
14 139 
14 148 
14 150 
14 157 
14 158 
14 170 
14 180 
14 182 
14 193 
14 213 
15 3 
15 4 
15 6 
15 7 
15 8 
15 9 
15 11 
15 13 
15 14 
15 22 
15 26 
15 27 
15 30 
15 33 
15 34 
15 35 
15 37 
15 44 
15 48 
15 52 
15 53 
15 54 
15 59 
15 60 
15 63 
15 68 
15 69 
15 73 
15 74 
15 82 
15 84 
15 87 
15 88 
15 100 
15 104 
15 116 
15 130 
15 134 
15 136 
15 148 
15 150 
15 158 
15 178 
15 193 
15 213 
17 7 
17 8 
17 34 
17 75 
17 119 
17 125 
17 155 
17 190 
17 193 
18 7 
18 8 
18 29 
18 34 
18 165 
18 193 
19 158 
21 13 
21 44 
21 52 
22 3 
22 4 
22 14 
22 15 
22 27 
22 29 
22 30 
22 32 
22 34 
22 35 
22 36 
22 37 
22 44 
22 48 
22 52 
22 57 
22 59 
22 68 
22 69 
22 82 
22 83 
22 84 
22 88 
22 95 
22 116 
22 148 
23 11 
23 18 
23 34 
23 110 
26 18 
26 28 
26 34 
26 166 
27 3 
27 4 
27 11 
27 14 
27 15 
27 21 
27 22 
27 26 
27 29 
27 33 
27 35 
27 36 
27 37 
27 44 
27 52 
27 53 
27 68 
27 69 
27 74 
27 87 
27 113 
27 127 
27 130 
27 136 
27 148 
27 158 
27 178 
27 193 
27 213 
29 127 
29 134 
30 3 
30 4 
30 11 
30 15 
30 21 
30 22 
30 32 
30 35 
30 36 
30 44 
30 52 
30 63 
30 69 
30 73 
30 82 
30 83 
30 84 
30 87 
30 117 
30 148 
31 109 
32 13 
32 83 
32 100 
32 116 
32 117 
32 133 
33 25 
33 28 
33 125 
33 134 
33 146 
33 158 
33 213 
34 26 
34 29 
34 110 
34 139 
34 213 
35 3 
35 4 
35 14 
35 22 
35 27 
35 53 
35 68 
35 69 
35 82 
35 84 
35 94 
35 134 
35 158 
35 213 
36 4 
36 11 
36 13 
37 15 
37 22 
37 79 
37 95 
39 34 
39 59 
39 109 
39 139 
39 213 
40 34 
40 133 
40 178 
42 83 
42 100 
42 133 
43 34 
43 110 
43 113 
43 125 
43 134 
43 146 
43 158 
43 159 
43 193 
43 213 
44 4 
44 11 
44 13 
44 14 
44 21 
44 22 
44 26 
44 28 
44 33 
44 34 
44 35 
44 62 
44 68 
44 71 
44 82 
44 92 
44 109 
44 148 
44 193 
45 6 
45 7 
45 9 
45 16 
45 18 
45 26 
45 29 
45 34 
45 76 
45 103 
45 119 
45 125 
45 127 
45 128 
45 136 
45 158 
45 178 
47 34 
49 26 
49 29 
49 34 
49 95 
49 104 
49 109 
49 119 
49 150 
49 193 
51 48 
51 60 
51 77 
51 86 
51 90 
52 22 
52 62 
52 68 
58 16 
58 79 
58 97 
58 136 
59 170 
59 193 
60 48 
60 51 
60 77 
60 84 
60 90 
62 68 
63 3 
63 15 
63 22 
63 30 
63 44 
63 52 
63 69 
63 87 
65 127 
66 94 
68 14 
68 27 
68 52 
68 62 
68 86 
68 90 
69 3 
69 15 
69 22 
69 30 
69 48 
69 51 
69 52 
69 63 
69 68 
69 84 
69 87 
69 88 
71 92 
71 113 
73 21 
73 30 
73 35 
73 59 
73 63 
73 121 
74 4 
74 14 
74 27 
76 16 
76 45 
76 136 
79 16 
79 58 
79 97 
80 36 
81 127 
82 4 
82 7 
82 14 
82 35 
82 44 
82 53 
82 74 
82 84 
82 140 
84 3 
84 22 
84 35 
84 36 
84 68 
84 69 
86 51 
86 77 
86 90 
87 3 
87 15 
87 22 
87 30 
87 48 
87 63 
87 69 
87 84 
88 22 
88 48 
88 51 
88 52 
88 60 
88 68 
88 90 
92 71 
93 28 
93 33 
93 48 
96 94 
96 95 
96 127 
98 73 
98 121 
99 165 
99 166 
101 16 
101 97 
103 120 
105 2 
105 7 
105 8 
105 9 
105 18 
105 26 
105 29 
105 34 
105 99 
105 127 
105 140 
105 150 
105 158 
105 165 
105 166 
105 178 
105 182 
107 5 
107 95 
108 33 
108 94 
108 136 
109 75 
109 92 
109 113 
109 115 
109 119 
109 138 
109 150 
109 168 
112 120 
112 127 
112 178 
114 5 
114 26 
114 29 
114 94 
114 96 
114 109 
115 75 
115 168 
121 11 
121 15 
121 21 
121 35 
121 73 
121 98 
124 157 
125 158 
128 178 
138 168 
142 168 
150 104 
172 125 
172 134 
172 146 
172 158 
195 139 
