2 7 
2 8 
2 23 
2 26 
2 29 
2 31 
2 34 
2 99 
2 105 
2 125 
2 150 
2 156 
2 158 
2 166 
2 182 
2 212 
3 4 
3 6 
3 7 
3 8 
3 11 
3 13 
3 14 
3 15 
3 21 
3 22 
3 23 
3 27 
3 30 
3 32 
3 35 
3 36 
3 37 
3 44 
3 48 
3 51 
3 52 
3 60 
3 62 
3 63 
3 68 
3 69 
3 73 
3 74 
3 77 
3 82 
3 83 
3 84 
3 86 
3 87 
3 88 
3 90 
3 98 
3 133 
3 148 
3 158 
4 3 
4 7 
4 8 
4 11 
4 13 
4 14 
4 15 
4 22 
4 25 
4 27 
4 30 
4 32 
4 35 
4 36 
4 37 
4 44 
4 52 
4 53 
4 57 
4 59 
4 62 
4 63 
4 68 
4 69 
4 74 
4 80 
4 82 
4 84 
4 87 
4 104 
4 108 
4 118 
4 119 
4 121 
4 130 
4 148 
4 156 
4 157 
4 181 
4 187 
4 193 
4 212 
4 213 
5 7 
5 8 
5 23 
5 25 
5 29 
5 32 
5 34 
5 49 
5 53 
5 57 
5 59 
5 67 
5 72 
5 94 
5 95 
5 103 
5 116 
5 119 
5 120 
5 125 
5 127 
5 130 
5 133 
5 134 
5 150 
5 156 
5 158 
5 165 
5 180 
5 193 
6 7 
6 8 
6 9 
6 10 
6 23 
6 27 
6 34 
6 44 
6 45 
6 59 
6 72 
6 76 
6 79 
6 82 
6 103 
6 104 
6 105 
6 108 
6 109 
6 112 
6 116 
6 127 
7 18 
7 23 
7 26 
7 29 
7 31 
7 34 
7 54 
7 67 
7 75 
7 79 
7 92 
7 96 
7 105 
7 108 
7 109 
7 113 
7 119 
7 120 
7 150 
7 157 
7 168 
7 180 
7 193 
9 8 
9 18 
9 23 
9 26 
9 31 
9 34 
9 54 
9 67 
9 75 
9 79 
9 92 
9 96 
9 105 
9 108 
9 109 
9 113 
9 119 
9 120 
9 150 
9 157 
9 168 
9 180 
9 193 
10 8 
10 9 
10 23 
10 29 
11 2 
11 3 
11 4 
11 7 
11 8 
11 9 
11 13 
11 14 
11 15 
11 17 
11 21 
11 22 
11 23 
11 25 
11 26 
11 27 
11 30 
11 31 
11 32 
11 34 
11 35 
11 36 
11 37 
11 44 
11 45 
11 51 
11 52 
11 59 
11 62 
11 63 
11 67 
11 68 
11 73 
11 74 
11 76 
11 80 
11 82 
11 84 
11 90 
11 92 
11 98 
11 100 
11 102 
11 105 
11 108 
11 119 
11 125 
11 127 
11 130 
11 133 
11 134 
11 136 
11 148 
11 150 
11 155 
11 156 
11 158 
11 178 
11 182 
11 193 
11 212 
12 193 
13 3 
13 32 
13 35 
13 36 
13 74 
13 98 
13 121 
14 3 
14 4 
14 6 
14 7 
14 8 
14 9 
14 11 
14 13 
14 15 
14 16 
14 21 
14 22 
14 23 
14 25 
14 26 
14 27 
14 30 
14 32 
14 34 
14 35 
14 36 
14 37 
14 42 
14 44 
14 45 
14 52 
14 53 
14 54 
14 57 
14 59 
14 62 
14 63 
14 67 
14 68 
14 69 
14 71 
14 73 
14 74 
14 80 
14 82 
14 84 
14 87 
14 88 
14 91 
14 96 
14 98 
14 100 
14 104 
14 108 
14 109 
14 116 
14 118 
14 119 
14 121 
14 125 
14 133 
14 134 
14 148 
14 150 
14 156 
14 157 
14 166 
14 173 
14 178 
14 180 
14 182 
14 187 
14 212 
15 2 
15 3 
15 4 
15 5 
15 6 
15 7 
15 8 
15 9 
15 11 
15 13 
15 14 
15 21 
15 22 
15 23 
15 25 
15 26 
15 27 
15 28 
15 30 
15 32 
15 34 
15 35 
15 36 
15 37 
15 42 
15 44 
15 45 
15 48 
15 51 
15 52 
15 57 
15 59 
15 60 
15 62 
15 63 
15 66 
15 68 
15 69 
15 73 
15 74 
15 76 
15 80 
15 82 
15 83 
15 84 
15 87 
15 88 
15 90 
15 96 
15 98 
15 100 
15 109 
15 113 
15 116 
15 119 
15 121 
15 130 
15 133 
15 134 
15 148 
15 150 
15 156 
15 158 
15 193 
15 212 
16 58 
16 79 
16 97 
16 136 
17 119 
17 134 
17 150 
19 125 
19 134 
21 3 
21 4 
21 6 
21 7 
21 8 
21 11 
21 13 
21 14 
21 15 
21 27 
21 30 
21 32 
21 35 
21 36 
21 40 
21 44 
21 52 
21 63 
21 68 
21 73 
21 109 
21 121 
22 2 
22 3 
22 4 
22 5 
22 6 
22 7 
22 8 
22 9 
22 11 
22 13 
22 14 
22 15 
22 21 
22 23 
22 25 
22 27 
22 30 
22 31 
22 32 
22 34 
22 35 
22 36 
22 37 
22 40 
22 42 
22 44 
22 45 
22 48 
22 49 
22 51 
22 52 
22 53 
22 54 
22 57 
22 58 
22 59 
22 60 
22 62 
22 63 
22 66 
22 67 
22 68 
22 69 
22 71 
22 73 
22 74 
22 76 
22 77 
22 79 
22 80 
22 82 
22 83 
22 84 
22 86 
22 87 
22 88 
22 90 
22 92 
22 94 
22 95 
22 96 
22 97 
22 98 
22 100 
22 102 
22 104 
22 105 
22 108 
22 109 
22 113 
22 116 
22 117 
22 119 
22 121 
22 127 
22 148 
22 150 
22 156 
22 180 
22 212 
23 7 
23 8 
23 9 
23 15 
23 35 
23 113 
25 2 
25 115 
25 119 
25 134 
25 158 
25 180 
26 7 
26 8 
26 18 
26 28 
26 34 
26 134 
26 158 
26 212 
27 2 
27 3 
27 4 
27 6 
27 7 
27 8 
27 11 
27 13 
27 14 
27 15 
27 17 
27 21 
27 22 
27 25 
27 30 
27 32 
27 34 
27 35 
27 36 
27 37 
27 44 
27 45 
27 52 
27 53 
27 54 
27 57 
27 58 
27 59 
27 60 
27 62 
27 63 
27 67 
27 68 
27 69 
27 71 
27 74 
27 80 
27 82 
27 84 
27 87 
27 98 
27 100 
27 102 
27 104 
27 105 
27 109 
27 119 
27 121 
27 125 
27 127 
27 130 
27 134 
27 148 
27 156 
27 157 
27 158 
27 180 
27 182 
27 187 
27 193 
27 212 
27 213 
29 2 
29 7 
29 8 
29 10 
29 23 
29 25 
29 105 
29 134 
29 158 
30 3 
30 4 
30 7 
30 8 
30 11 
30 14 
30 15 
30 21 
30 22 
30 23 
30 27 
30 32 
30 36 
30 37 
30 42 
30 44 
30 45 
30 52 
30 62 
30 63 
30 68 
30 69 
30 73 
30 80 
30 82 
30 83 
30 84 
30 87 
30 98 
30 121 
30 133 
31 7 
31 8 
31 9 
31 23 
31 29 
31 35 
31 134 
32 3 
32 15 
32 42 
32 72 
32 73 
32 86 
32 88 
32 100 
32 116 
32 117 
32 133 
32 155 
33 25 
33 28 
33 125 
33 134 
34 7 
34 8 
34 9 
34 18 
34 26 
34 29 
34 212 
35 3 
35 4 
35 5 
35 6 
35 7 
35 8 
35 11 
35 13 
35 14 
35 15 
35 16 
35 21 
35 22 
35 23 
35 25 
35 27 
35 29 
35 30 
35 31 
35 32 
35 34 
35 35 
35 36 
35 37 
35 42 
35 44 
35 45 
35 48 
35 49 
35 51 
35 52 
35 53 
35 54 
35 55 
35 57 
35 58 
35 59 
35 60 
35 62 
35 63 
35 66 
35 67 
35 68 
35 69 
35 73 
35 74 
35 76 
35 77 
35 79 
35 80 
35 82 
35 84 
35 86 
35 87 
35 88 
35 94 
35 95 
35 96 
35 97 
35 98 
35 100 
35 102 
35 105 
35 108 
35 109 
35 116 
35 117 
35 121 
35 133 
35 148 
35 150 
35 156 
35 180 
35 182 
35 187 
35 193 
36 4 
36 11 
36 13 
36 14 
36 15 
36 22 
36 27 
36 30 
36 34 
36 35 
36 44 
36 59 
36 62 
36 63 
36 68 
36 69 
36 73 
36 74 
36 80 
36 84 
36 87 
36 88 
36 98 
36 121 
36 178 
37 3 
37 7 
37 8 
37 14 
37 15 
37 22 
37 25 
37 29 
37 34 
37 35 
37 59 
37 63 
37 136 
39 7 
39 8 
39 9 
39 23 
39 34 
39 105 
39 139 
39 212 
40 36 
40 48 
40 51 
40 72 
40 100 
40 116 
40 133 
42 15 
42 193 
43 7 
43 8 
43 92 
43 104 
43 105 
43 113 
43 125 
43 134 
43 158 
43 159 
43 193 
43 212 
44 3 
44 4 
44 7 
44 8 
44 9 
44 11 
44 14 
44 15 
44 21 
44 22 
44 27 
44 29 
44 30 
44 34 
44 35 
44 37 
44 40 
44 52 
44 62 
44 63 
44 68 
44 69 
44 71 
44 73 
44 80 
44 82 
44 105 
44 109 
44 112 
44 113 
44 119 
44 125 
44 128 
44 134 
44 148 
44 178 
44 193 
45 2 
45 6 
45 7 
45 8 
45 9 
45 10 
45 16 
45 18 
45 23 
45 25 
45 26 
45 29 
45 31 
45 32 
45 34 
45 35 
45 55 
45 58 
45 66 
45 67 
45 68 
45 76 
45 79 
45 83 
45 94 
45 95 
45 96 
45 97 
45 100 
45 103 
45 105 
45 108 
45 112 
45 116 
45 119 
45 120 
45 125 
45 127 
45 128 
45 130 
45 134 
45 136 
45 156 
45 158 
45 165 
45 178 
45 182 
47 7 
47 8 
47 139 
48 51 
49 5 
49 7 
49 8 
49 59 
49 95 
49 108 
49 119 
49 127 
51 40 
51 48 
51 60 
51 77 
51 86 
51 90 
52 4 
52 22 
52 27 
52 35 
52 44 
52 48 
52 62 
52 68 
52 84 
55 108 
58 16 
58 79 
58 97 
60 2 
60 3 
60 36 
60 51 
60 77 
60 86 
60 88 
60 90 
60 102 
62 44 
62 68 
62 125 
63 3 
63 4 
63 14 
63 15 
63 30 
63 35 
63 37 
63 44 
63 52 
63 69 
63 84 
63 87 
63 100 
63 180 
64 127 
65 100 
66 55 
68 4 
68 15 
68 21 
68 22 
68 27 
68 40 
68 44 
68 48 
68 52 
68 62 
68 84 
68 90 
69 3 
69 4 
69 6 
69 7 
69 8 
69 11 
69 13 
69 14 
69 15 
69 22 
69 23 
69 30 
69 32 
69 34 
69 35 
69 36 
69 37 
69 42 
69 44 
69 52 
69 60 
69 62 
69 63 
69 68 
69 84 
69 86 
69 87 
69 88 
69 100 
69 133 
70 3 
70 4 
70 6 
70 7 
70 8 
70 14 
70 15 
70 22 
70 32 
70 35 
70 44 
70 68 
70 80 
70 100 
71 67 
71 92 
71 113 
71 119 
71 125 
71 133 
73 11 
73 15 
73 21 
73 22 
73 30 
73 32 
73 35 
73 44 
73 62 
73 68 
73 98 
73 117 
73 121 
74 4 
74 7 
74 9 
74 14 
74 15 
74 22 
74 35 
74 133 
76 16 
76 45 
76 97 
76 125 
77 51 
77 90 
78 187 
79 94 
79 97 
80 11 
80 15 
80 35 
80 36 
80 44 
82 2 
82 4 
82 5 
82 7 
82 8 
82 11 
82 14 
82 15 
82 22 
82 27 
82 30 
82 35 
82 36 
82 37 
82 44 
82 53 
82 68 
82 69 
82 73 
82 74 
82 84 
82 109 
82 148 
83 42 
84 4 
84 22 
84 35 
84 44 
84 52 
84 62 
84 63 
84 68 
84 69 
84 83 
84 87 
84 148 
86 6 
86 32 
86 51 
86 52 
86 77 
86 88 
86 90 
87 3 
87 13 
87 30 
87 32 
87 44 
87 52 
87 63 
87 69 
87 84 
88 3 
88 11 
88 15 
88 22 
88 27 
88 32 
88 36 
88 37 
88 44 
88 48 
88 51 
88 52 
88 60 
88 69 
88 77 
88 84 
88 86 
88 87 
88 90 
89 25 
90 48 
90 51 
90 60 
90 77 
90 86 
91 119 
93 14 
93 21 
93 27 
93 28 
93 48 
93 116 
93 127 
93 133 
93 148 
96 23 
96 66 
96 76 
96 100 
96 108 
96 156 
97 16 
98 13 
98 22 
98 30 
98 32 
98 36 
98 42 
98 73 
98 100 
98 121 
99 166 
103 112 
103 130 
103 136 
105 2 
105 7 
105 8 
105 23 
105 31 
105 99 
105 125 
105 165 
105 166 
105 182 
107 95 
109 57 
109 67 
109 75 
109 92 
109 105 
109 113 
109 115 
109 119 
109 138 
109 150 
109 168 
109 212 
110 17 
110 119 
110 212 
112 103 
112 120 
112 128 
112 130 
112 136 
112 178 
114 5 
117 15 
117 42 
117 116 
120 130 
121 3 
121 15 
121 21 
121 30 
121 32 
121 35 
121 44 
121 68 
121 73 
121 82 
121 98 
121 100 
122 193 
125 158 
128 103 
128 178 
140 8 
142 57 
146 25 
146 125 
146 134 
146 158 
148 119 
154 115 
154 118 
154 138 
154 168 
156 166 
156 182 
158 3 
168 75 
169 37 
173 180 
186 100 
189 35 
198 11 
204 59 
204 148 
