2 158 
3 22 
3 63 
3 69 
3 87 
3 88 
4 14 
4 44 
6 45 
7 6 
7 22 
7 26 
7 27 
7 138 
7 158 
9 6 
9 22 
9 26 
9 27 
9 138 
9 158 
11 102 
14 4 
14 22 
14 35 
14 36 
14 44 
14 187 
15 3 
15 4 
15 11 
15 22 
15 27 
15 30 
15 35 
15 37 
15 44 
15 68 
17 158 
17 190 
21 22 
21 44 
22 14 
22 68 
23 27 
25 44 
26 34 
27 2 
27 4 
27 14 
27 15 
27 44 
27 63 
27 187 
28 80 
30 87 
31 44 
35 14 
35 82 
35 158 
36 52 
36 80 
37 45 
43 125 
43 158 
44 14 
44 21 
44 68 
45 7 
45 9 
45 44 
45 146 
45 158 
47 34 
60 51 
63 30 
68 52 
69 60 
69 84 
73 121 
82 35 
86 51 
86 60 
86 77 
87 22 
87 52 
98 73 
102 11 
109 168 
121 73 
124 157 
