2 26 
3 15 
3 19 
3 22 
3 30 
3 48 
3 60 
3 63 
3 69 
3 86 
3 87 
3 88 
4 15 
4 22 
4 27 
4 74 
6 7 
6 10 
6 15 
6 23 
6 27 
6 45 
6 55 
6 78 
6 91 
11 15 
11 22 
14 3 
14 4 
14 15 
14 19 
14 21 
14 22 
14 25 
14 27 
14 30 
14 35 
14 37 
14 42 
14 44 
14 48 
14 54 
14 59 
14 68 
14 69 
14 74 
14 78 
14 82 
14 91 
15 3 
15 11 
15 14 
15 19 
15 22 
15 27 
15 30 
15 32 
15 35 
15 42 
15 44 
15 63 
15 68 
15 69 
15 84 
15 91 
21 44 
22 3 
22 14 
22 30 
22 68 
22 84 
22 88 
26 155 
27 3 
27 4 
27 13 
27 14 
27 15 
27 19 
27 30 
27 45 
27 82 
30 3 
30 14 
30 15 
30 32 
30 42 
30 44 
30 63 
30 69 
30 73 
30 86 
30 87 
30 117 
35 78 
35 82 
44 3 
44 14 
44 19 
44 21 
44 22 
44 27 
44 32 
44 35 
44 40 
44 45 
44 60 
44 68 
44 69 
44 70 
44 71 
44 78 
44 86 
44 87 
44 91 
44 119 
44 148 
45 6 
45 7 
45 10 
45 16 
45 22 
45 27 
45 30 
45 44 
45 66 
45 74 
45 76 
45 78 
45 103 
45 112 
45 134 
45 165 
49 95 
58 79 
63 15 
63 30 
63 32 
68 44 
68 48 
69 3 
69 14 
69 30 
69 42 
69 48 
69 51 
69 84 
69 86 
69 87 
70 15 
70 63 
70 87 
73 30 
86 51 
87 3 
87 22 
87 30 
87 63 
87 69 
87 73 
87 84 
87 86 
87 88 
88 3 
96 66 
96 95 
105 165 
108 55 
108 66 
108 95 
