1 28 
2 7 
2 9 
2 23 
2 119 
2 166 
3 14 
3 15 
3 22 
3 37 
4 11 
4 14 
4 15 
4 22 
4 27 
4 30 
4 35 
4 36 
4 37 
4 44 
4 45 
4 52 
4 63 
4 68 
4 74 
4 80 
4 102 
4 117 
5 4 
5 15 
5 23 
5 28 
5 45 
5 66 
5 94 
5 96 
6 4 
6 7 
6 8 
6 45 
6 120 
7 3 
7 4 
7 6 
7 14 
7 15 
7 17 
7 18 
7 22 
7 23 
7 26 
7 27 
7 29 
7 31 
7 33 
7 34 
7 35 
7 36 
7 44 
7 45 
7 67 
7 75 
7 78 
7 80 
7 94 
7 96 
7 99 
7 104 
7 109 
7 110 
7 113 
7 115 
7 134 
7 138 
7 146 
7 150 
7 155 
7 158 
7 168 
7 180 
7 213 
8 9 
8 15 
8 18 
8 34 
8 99 
9 3 
9 4 
9 6 
9 8 
9 10 
9 14 
9 15 
9 17 
9 18 
9 22 
9 23 
9 26 
9 27 
9 29 
9 31 
9 33 
9 34 
9 35 
9 36 
9 44 
9 45 
9 67 
9 75 
9 78 
9 80 
9 94 
9 96 
9 104 
9 109 
9 110 
9 113 
9 115 
9 134 
9 138 
9 146 
9 150 
9 158 
9 168 
9 180 
9 213 
10 8 
10 9 
10 15 
10 18 
10 23 
10 26 
10 34 
10 44 
10 109 
10 155 
11 13 
11 36 
11 75 
11 80 
12 4 
12 7 
12 8 
12 9 
12 22 
12 35 
12 158 
13 14 
13 34 
13 80 
13 98 
14 4 
14 5 
14 7 
14 8 
14 13 
14 15 
14 22 
14 27 
14 30 
14 33 
14 35 
14 37 
14 40 
14 44 
14 45 
14 63 
14 68 
14 76 
14 80 
14 82 
14 91 
14 110 
14 150 
14 156 
14 157 
14 158 
15 3 
15 4 
15 6 
15 7 
15 10 
15 11 
15 14 
15 17 
15 22 
15 27 
15 30 
15 32 
15 35 
15 36 
15 37 
15 40 
15 44 
15 63 
15 68 
15 76 
15 80 
15 82 
15 84 
15 87 
15 88 
15 102 
15 110 
15 158 
16 4 
16 15 
16 35 
16 79 
16 97 
17 4 
17 7 
17 8 
17 9 
17 10 
17 14 
17 15 
17 18 
17 22 
17 23 
17 26 
17 27 
17 28 
17 29 
17 34 
17 37 
17 44 
17 45 
17 51 
17 76 
17 88 
17 96 
17 109 
17 110 
17 115 
17 125 
17 138 
17 150 
17 155 
17 158 
17 168 
17 190 
17 212 
18 2 
18 4 
18 5 
18 7 
18 8 
18 9 
18 10 
18 15 
18 17 
18 22 
18 23 
18 26 
18 27 
18 29 
18 34 
18 44 
18 45 
19 7 
19 8 
19 9 
19 22 
19 40 
19 133 
20 40 
22 3 
22 5 
22 6 
22 7 
22 8 
22 9 
22 14 
22 15 
22 35 
22 37 
22 44 
22 45 
22 52 
22 54 
22 60 
22 62 
22 63 
22 68 
22 69 
22 82 
22 84 
22 86 
22 88 
22 91 
22 109 
22 158 
23 4 
23 7 
23 8 
23 9 
23 15 
23 26 
23 31 
23 45 
23 150 
23 158 
24 7 
24 9 
24 32 
24 35 
26 4 
26 6 
26 7 
26 8 
26 9 
26 10 
26 15 
26 18 
26 23 
26 29 
26 34 
27 4 
27 7 
27 8 
27 14 
27 15 
27 22 
27 34 
27 35 
27 36 
27 37 
27 44 
27 45 
27 62 
27 69 
27 76 
27 80 
27 102 
27 110 
28 4 
28 5 
28 6 
28 7 
28 8 
28 9 
28 10 
28 14 
28 15 
28 22 
28 26 
28 27 
28 29 
28 31 
28 34 
28 35 
28 37 
28 44 
28 45 
28 55 
28 62 
28 68 
28 76 
28 82 
28 88 
28 94 
28 96 
28 109 
28 125 
28 133 
28 134 
28 158 
30 3 
30 4 
30 11 
30 22 
30 44 
30 73 
30 84 
30 87 
31 4 
31 6 
31 7 
31 8 
31 9 
31 10 
31 15 
31 18 
31 22 
31 23 
31 27 
31 36 
31 44 
31 110 
31 119 
31 158 
32 7 
32 8 
32 9 
32 35 
32 73 
33 134 
33 158 
34 7 
34 8 
34 15 
34 26 
34 44 
34 105 
34 168 
35 4 
35 5 
35 6 
35 7 
35 8 
35 14 
35 15 
35 27 
35 36 
35 40 
35 45 
35 68 
35 78 
35 82 
35 88 
35 158 
36 11 
36 13 
36 17 
36 45 
36 80 
36 159 
37 3 
37 14 
37 15 
37 22 
37 113 
38 22 
38 32 
38 40 
39 4 
39 5 
39 7 
39 8 
39 9 
39 10 
39 15 
39 23 
39 26 
39 31 
39 32 
39 33 
39 34 
39 44 
39 158 
40 4 
40 5 
40 7 
40 8 
40 9 
40 14 
40 15 
40 16 
40 17 
40 19 
40 22 
40 25 
40 27 
40 30 
40 32 
40 35 
40 36 
40 37 
40 42 
40 44 
40 45 
40 52 
40 63 
40 68 
40 69 
40 70 
40 76 
40 80 
40 84 
40 86 
40 91 
40 94 
40 125 
40 148 
40 158 
40 159 
41 7 
41 8 
41 9 
41 32 
41 40 
41 82 
41 116 
42 73 
43 4 
43 7 
43 8 
43 17 
43 44 
43 92 
43 115 
43 125 
43 133 
43 150 
43 158 
43 212 
44 13 
44 14 
44 15 
44 17 
44 21 
44 22 
44 26 
44 27 
44 34 
44 45 
44 51 
44 68 
44 84 
44 96 
44 102 
44 110 
44 128 
44 168 
44 193 
45 3 
45 4 
45 5 
45 6 
45 7 
45 8 
45 9 
45 10 
45 14 
45 15 
45 17 
45 18 
45 22 
45 26 
45 27 
45 28 
45 29 
45 35 
45 37 
45 40 
45 44 
45 66 
45 68 
45 70 
45 76 
45 82 
45 94 
45 96 
45 97 
45 102 
45 103 
45 125 
45 127 
45 128 
45 158 
45 213 
46 7 
46 8 
46 9 
46 10 
46 15 
46 19 
46 22 
46 28 
46 31 
46 32 
46 40 
46 42 
46 72 
46 121 
47 7 
47 8 
47 9 
47 10 
47 23 
47 26 
47 44 
49 4 
49 5 
49 14 
49 15 
49 22 
49 27 
49 45 
49 70 
49 76 
49 96 
49 108 
52 15 
52 22 
52 40 
52 68 
52 86 
55 4 
55 94 
59 22 
59 35 
60 15 
60 22 
62 22 
63 14 
63 15 
63 22 
63 30 
63 87 
65 28 
65 35 
65 45 
65 76 
66 5 
67 40 
68 15 
68 22 
68 34 
68 35 
68 40 
68 62 
68 77 
68 84 
68 86 
68 90 
68 134 
69 15 
69 22 
69 87 
70 7 
70 8 
70 27 
71 113 
73 3 
73 15 
73 121 
76 4 
76 6 
76 7 
76 8 
76 14 
76 26 
76 44 
76 45 
76 55 
78 4 
78 15 
78 35 
78 82 
78 109 
80 27 
80 36 
80 44 
80 110 
81 94 
82 5 
82 7 
82 8 
82 13 
82 14 
82 22 
82 35 
82 53 
83 15 
83 32 
83 42 
83 44 
83 84 
84 7 
84 8 
84 9 
84 14 
84 22 
86 22 
86 51 
86 77 
87 3 
87 14 
87 15 
87 30 
87 63 
87 69 
88 15 
88 22 
88 51 
89 4 
89 7 
89 8 
89 14 
89 15 
89 22 
89 32 
89 33 
89 35 
89 40 
89 82 
91 7 
91 8 
91 15 
91 22 
92 28 
93 28 
93 33 
93 71 
93 91 
93 100 
93 110 
97 7 
97 8 
97 15 
97 16 
97 22 
97 35 
97 45 
97 76 
97 79 
97 82 
98 121 
101 4 
101 6 
101 7 
101 8 
101 27 
101 28 
101 35 
101 40 
101 45 
101 76 
101 79 
101 96 
101 97 
105 99 
108 35 
108 66 
108 94 
108 96 
109 7 
109 8 
109 14 
109 115 
109 138 
109 168 
110 2 
110 7 
110 8 
110 9 
110 10 
110 17 
110 19 
110 44 
110 212 
113 4 
113 7 
113 8 
113 28 
113 35 
113 37 
113 71 
113 75 
113 82 
113 109 
114 94 
115 7 
115 8 
115 109 
115 113 
115 138 
117 15 
117 44 
122 22 
122 75 
133 40 
134 7 
134 8 
134 28 
135 4 
135 5 
135 7 
135 8 
135 9 
135 17 
135 22 
135 26 
135 28 
135 31 
135 34 
135 35 
135 40 
135 45 
135 76 
135 82 
135 155 
138 168 
139 26 
142 115 
144 22 
150 7 
150 8 
150 9 
150 15 
150 17 
150 22 
150 35 
150 104 
150 109 
168 22 
168 109 
170 18 
180 22 
187 22 
193 213 
202 7 
202 8 
