2 7 
2 8 
2 9 
2 10 
2 18 
2 26 
2 28 
2 29 
2 31 
2 32 
2 33 
2 34 
2 39 
2 40 
2 48 
2 62 
2 78 
2 99 
2 105 
2 109 
2 110 
2 134 
2 139 
2 150 
2 156 
2 158 
2 166 
2 182 
2 212 
3 14 
3 15 
3 22 
3 28 
3 30 
3 35 
3 37 
3 48 
3 51 
3 60 
3 63 
3 68 
3 69 
3 74 
3 77 
3 84 
3 87 
3 88 
4 2 
4 3 
4 7 
4 8 
4 9 
4 10 
4 11 
4 13 
4 14 
4 15 
4 18 
4 19 
4 21 
4 22 
4 25 
4 27 
4 29 
4 30 
4 31 
4 32 
4 33 
4 35 
4 36 
4 37 
4 39 
4 40 
4 44 
4 45 
4 48 
4 52 
4 53 
4 54 
4 57 
4 59 
4 60 
4 62 
4 63 
4 67 
4 68 
4 69 
4 71 
4 73 
4 74 
4 76 
4 78 
4 80 
4 82 
4 84 
4 88 
4 89 
4 98 
4 104 
4 105 
4 108 
4 116 
4 117 
4 119 
4 121 
4 125 
4 134 
4 146 
4 148 
4 156 
4 158 
4 180 
4 181 
4 182 
4 187 
5 6 
5 7 
5 8 
5 32 
5 33 
5 45 
5 53 
5 55 
5 94 
5 95 
5 96 
5 108 
5 119 
5 130 
5 193 
6 4 
6 7 
6 9 
6 11 
6 22 
6 26 
6 36 
6 45 
6 55 
6 63 
6 76 
6 80 
6 120 
6 128 
6 156 
6 178 
6 182 
7 11 
7 13 
7 15 
7 18 
7 22 
7 26 
7 27 
7 29 
7 31 
7 34 
7 44 
7 55 
7 59 
7 82 
7 92 
7 96 
7 104 
7 108 
7 118 
7 119 
7 180 
7 193 
8 27 
8 34 
8 44 
8 104 
8 140 
8 193 
9 8 
9 11 
9 13 
9 15 
9 18 
9 26 
9 27 
9 29 
9 34 
9 55 
9 82 
9 92 
9 96 
9 118 
9 119 
9 180 
10 8 
10 9 
10 22 
10 27 
10 31 
10 34 
10 59 
10 108 
11 3 
11 4 
11 6 
11 7 
11 8 
11 13 
11 14 
11 15 
11 21 
11 25 
11 26 
11 27 
11 30 
11 32 
11 33 
11 34 
11 35 
11 36 
11 44 
11 45 
11 52 
11 63 
11 68 
11 70 
11 73 
11 80 
11 82 
11 83 
11 84 
11 87 
11 98 
11 102 
11 134 
11 139 
12 25 
12 33 
12 36 
12 71 
12 89 
12 158 
12 193 
13 15 
13 27 
13 32 
13 35 
13 36 
13 44 
13 73 
13 80 
13 98 
13 121 
14 4 
14 6 
14 7 
14 8 
14 15 
14 21 
14 22 
14 26 
14 27 
14 30 
14 32 
14 35 
14 36 
14 37 
14 39 
14 44 
14 54 
14 55 
14 57 
14 59 
14 62 
14 63 
14 69 
14 74 
14 78 
14 80 
14 82 
14 83 
14 84 
14 88 
14 104 
14 115 
14 119 
14 121 
14 125 
14 134 
14 139 
14 156 
14 157 
14 158 
14 170 
14 173 
14 180 
14 182 
14 187 
14 193 
15 3 
15 4 
15 6 
15 11 
15 13 
15 14 
15 18 
15 21 
15 22 
15 25 
15 27 
15 29 
15 30 
15 31 
15 32 
15 33 
15 34 
15 35 
15 36 
15 37 
15 39 
15 42 
15 44 
15 48 
15 51 
15 52 
15 55 
15 60 
15 62 
15 63 
15 67 
15 68 
15 69 
15 73 
15 74 
15 80 
15 82 
15 83 
15 84 
15 86 
15 87 
15 88 
15 90 
15 98 
15 100 
15 105 
15 116 
15 117 
15 121 
15 133 
15 134 
15 139 
15 158 
15 187 
15 193 
15 212 
16 55 
16 58 
16 79 
16 97 
16 136 
17 45 
17 63 
17 67 
17 110 
17 134 
17 158 
17 193 
18 2 
18 6 
18 7 
18 8 
18 9 
18 10 
18 26 
18 29 
18 31 
18 33 
18 34 
18 39 
18 45 
18 54 
18 57 
18 59 
18 67 
18 69 
18 75 
18 103 
18 104 
18 105 
18 109 
18 110 
18 113 
18 118 
18 119 
18 139 
18 166 
18 170 
18 180 
18 212 
19 32 
19 116 
21 4 
21 7 
21 8 
21 44 
21 45 
22 3 
22 4 
22 7 
22 8 
22 9 
22 10 
22 11 
22 13 
22 14 
22 15 
22 17 
22 18 
22 21 
22 25 
22 26 
22 27 
22 29 
22 30 
22 32 
22 33 
22 34 
22 35 
22 36 
22 37 
22 39 
22 42 
22 44 
22 45 
22 48 
22 51 
22 52 
22 53 
22 57 
22 59 
22 60 
22 62 
22 63 
22 68 
22 69 
22 71 
22 73 
22 74 
22 77 
22 80 
22 82 
22 83 
22 84 
22 86 
22 88 
22 89 
22 90 
22 91 
22 94 
22 96 
22 98 
22 100 
22 104 
22 116 
22 117 
22 119 
22 121 
22 125 
22 146 
22 148 
22 150 
22 158 
22 187 
23 7 
23 8 
23 9 
23 10 
23 26 
23 27 
23 31 
23 34 
23 39 
23 45 
24 72 
25 5 
25 15 
25 36 
25 119 
26 2 
26 6 
26 7 
26 8 
26 9 
26 10 
26 14 
26 15 
26 18 
26 21 
26 26 
26 28 
26 29 
26 31 
26 33 
26 34 
26 39 
26 44 
26 45 
26 48 
26 49 
26 51 
26 67 
26 96 
26 103 
26 104 
26 105 
26 110 
26 112 
26 113 
26 116 
26 119 
26 128 
26 134 
26 139 
26 150 
26 155 
26 158 
26 166 
26 193 
26 212 
27 3 
27 4 
27 7 
27 8 
27 9 
27 11 
27 13 
27 14 
27 15 
27 21 
27 22 
27 30 
27 32 
27 33 
27 34 
27 35 
27 36 
27 37 
27 44 
27 48 
27 51 
27 52 
27 53 
27 54 
27 57 
27 59 
27 62 
27 63 
27 67 
27 68 
27 69 
27 73 
27 74 
27 80 
27 82 
27 84 
27 87 
27 88 
27 90 
27 100 
27 102 
27 104 
27 119 
27 121 
27 125 
27 127 
27 130 
27 134 
27 148 
27 150 
27 156 
27 158 
27 170 
27 182 
27 193 
29 2 
29 4 
29 6 
29 7 
29 10 
29 15 
29 27 
29 45 
29 146 
30 3 
30 4 
30 6 
30 13 
30 14 
30 15 
30 21 
30 22 
30 27 
30 32 
30 35 
30 36 
30 44 
30 45 
30 48 
30 51 
30 52 
30 60 
30 63 
30 68 
30 69 
30 70 
30 73 
30 77 
30 83 
30 84 
30 86 
30 87 
30 88 
30 90 
30 98 
30 100 
30 116 
30 117 
30 121 
31 7 
31 9 
31 32 
32 15 
32 42 
32 45 
32 52 
32 70 
32 72 
32 73 
32 83 
32 86 
32 88 
32 98 
32 116 
32 117 
32 121 
32 133 
33 158 
34 7 
34 8 
34 9 
34 10 
34 18 
34 23 
34 26 
34 27 
34 29 
34 37 
34 39 
34 44 
34 57 
34 103 
34 108 
34 110 
34 118 
34 119 
34 128 
34 134 
34 139 
34 166 
34 193 
34 212 
35 4 
35 7 
35 10 
35 14 
35 15 
35 18 
35 22 
35 27 
35 31 
35 32 
35 33 
35 36 
35 37 
35 44 
35 48 
35 51 
35 52 
35 53 
35 54 
35 55 
35 59 
35 60 
35 62 
35 68 
35 69 
35 76 
35 82 
35 88 
35 98 
35 100 
35 104 
35 118 
35 119 
35 121 
35 134 
35 156 
35 158 
35 182 
36 2 
36 3 
36 4 
36 6 
36 7 
36 10 
36 11 
36 13 
36 14 
36 15 
36 21 
36 22 
36 27 
36 30 
36 32 
36 35 
36 37 
36 44 
36 52 
36 60 
36 62 
36 63 
36 68 
36 69 
36 73 
36 80 
36 83 
36 84 
36 87 
36 98 
36 102 
36 121 
36 158 
37 3 
37 4 
37 14 
37 15 
37 22 
37 27 
37 193 
39 14 
39 15 
39 27 
39 34 
39 69 
39 125 
39 139 
39 180 
40 2 
40 3 
40 4 
40 5 
40 11 
40 14 
40 15 
40 19 
40 25 
40 27 
40 28 
40 33 
40 44 
40 45 
40 48 
40 51 
40 52 
40 68 
40 70 
40 71 
40 72 
40 78 
40 84 
40 86 
40 89 
40 100 
40 104 
40 113 
40 133 
40 134 
40 146 
40 158 
40 193 
42 30 
42 32 
42 63 
42 72 
42 73 
42 83 
42 84 
42 100 
42 116 
42 117 
42 133 
43 25 
43 33 
43 34 
43 52 
43 67 
43 71 
43 89 
43 113 
43 125 
43 134 
43 146 
43 158 
43 159 
43 193 
43 212 
43 213 
44 3 
44 4 
44 7 
44 8 
44 9 
44 11 
44 13 
44 14 
44 15 
44 17 
44 21 
44 22 
44 25 
44 26 
44 27 
44 30 
44 32 
44 35 
44 36 
44 37 
44 54 
44 59 
44 62 
44 63 
44 68 
44 80 
44 82 
44 84 
44 102 
44 113 
44 119 
44 125 
44 128 
44 148 
44 156 
44 182 
45 2 
45 3 
45 6 
45 7 
45 8 
45 9 
45 11 
45 15 
45 16 
45 17 
45 18 
45 23 
45 25 
45 26 
45 27 
45 28 
45 29 
45 31 
45 32 
45 33 
45 34 
45 36 
45 37 
45 44 
45 52 
45 53 
45 55 
45 58 
45 62 
45 66 
45 68 
45 69 
45 76 
45 79 
45 82 
45 87 
45 88 
45 92 
45 94 
45 96 
45 97 
45 103 
45 108 
45 120 
45 125 
45 127 
45 128 
45 134 
45 136 
45 139 
45 146 
45 156 
45 158 
45 165 
45 178 
45 182 
45 193 
47 7 
47 8 
47 27 
49 5 
49 33 
49 55 
49 94 
49 96 
49 108 
49 125 
52 11 
52 30 
52 68 
52 84 
52 90 
54 57 
54 118 
55 5 
55 45 
55 58 
55 66 
55 96 
55 103 
55 108 
55 127 
55 130 
56 120 
58 79 
59 14 
59 54 
59 119 
59 157 
59 170 
59 173 
59 187 
60 45 
60 51 
60 52 
60 77 
60 88 
60 90 
62 68 
63 3 
63 15 
63 27 
63 30 
63 35 
63 37 
63 44 
63 51 
63 60 
63 69 
63 84 
63 87 
63 88 
66 16 
66 55 
66 96 
66 103 
68 2 
68 4 
68 6 
68 15 
68 27 
68 30 
68 33 
68 36 
68 44 
68 45 
68 48 
68 52 
68 62 
68 67 
68 84 
68 90 
68 148 
69 3 
69 30 
69 35 
69 51 
69 52 
69 60 
69 63 
69 68 
69 84 
69 87 
69 88 
69 98 
70 2 
70 4 
70 6 
70 14 
70 15 
70 37 
70 40 
70 44 
70 45 
71 75 
71 92 
71 104 
71 113 
71 115 
71 119 
71 168 
71 181 
73 11 
73 30 
73 45 
73 57 
73 63 
73 70 
73 83 
73 84 
73 87 
73 98 
73 100 
73 116 
73 121 
73 133 
74 4 
74 14 
75 168 
76 7 
76 8 
76 16 
76 45 
76 55 
76 136 
78 14 
78 54 
78 119 
78 180 
78 187 
78 193 
79 94 
80 11 
80 13 
80 26 
80 34 
80 35 
80 36 
80 45 
80 121 
82 4 
82 6 
82 14 
82 35 
82 37 
82 44 
82 45 
82 53 
82 74 
84 3 
84 11 
84 22 
84 30 
84 35 
84 44 
84 51 
84 52 
84 60 
84 63 
84 68 
84 69 
84 83 
84 86 
84 88 
84 90 
84 117 
86 51 
86 52 
86 60 
86 69 
86 77 
86 90 
87 27 
87 30 
87 32 
87 63 
87 68 
87 69 
87 73 
87 98 
87 121 
88 3 
88 60 
89 15 
89 25 
89 146 
90 48 
91 25 
91 54 
91 57 
91 59 
91 104 
91 119 
91 146 
91 158 
91 170 
91 180 
91 187 
91 193 
91 213 
92 181 
93 14 
93 28 
93 33 
93 40 
93 48 
93 84 
93 100 
94 127 
95 55 
96 76 
96 94 
96 95 
96 108 
97 16 
98 13 
98 73 
98 121 
99 165 
101 16 
101 58 
101 79 
101 97 
103 112 
103 120 
103 128 
103 178 
105 2 
105 26 
105 48 
105 99 
105 116 
105 156 
105 165 
105 166 
105 182 
105 193 
109 2 
109 15 
109 63 
109 71 
109 75 
109 92 
109 104 
109 109 
109 113 
109 115 
109 119 
109 138 
109 150 
109 168 
110 22 
110 119 
110 212 
112 6 
112 45 
112 103 
112 120 
112 127 
112 128 
112 130 
112 178 
113 168 
115 168 
117 73 
117 116 
119 59 
119 170 
119 173 
120 45 
120 112 
120 130 
120 178 
121 30 
121 73 
121 98 
122 193 
124 3 
125 33 
125 158 
128 6 
128 45 
128 103 
128 112 
128 120 
128 178 
129 127 
129 193 
130 103 
130 112 
130 120 
130 178 
135 2 
138 168 
140 8 
142 57 
145 193 
146 40 
146 71 
146 158 
148 4 
150 14 
150 104 
156 166 
157 110 
167 33 
167 109 
168 75 
168 115 
169 193 
173 119 
173 180 
187 4 
187 193 
189 104 
194 193 
204 59 
