3 22 
4 14 
4 119 
4 158 
7 23 
7 32 
7 33 
7 159 
9 8 
9 10 
9 23 
9 32 
9 33 
9 159 
11 27 
14 4 
14 27 
15 14 
15 27 
15 35 
15 158 
17 7 
17 9 
17 10 
17 125 
17 155 
17 190 
18 29 
22 25 
23 29 
27 4 
27 14 
27 15 
27 35 
30 27 
35 14 
35 25 
39 115 
44 14 
44 21 
44 35 
44 158 
45 6 
45 33 
45 76 
45 119 
45 158 
47 7 
47 10 
49 6 
49 39 
49 45 
49 70 
49 96 
49 108 
59 187 
73 121 
79 16 
79 97 
80 44 
93 33 
101 97 
109 138 
111 213 
122 170 
124 157 
152 109 
173 119 
180 119 
187 14 
187 82 
187 109 
187 173 
187 213 
