1 2 
1 4 
1 5 
1 6 
1 7 
1 9 
1 14 
1 15 
1 17 
1 19 
1 27 
1 28 
1 30 
1 32 
1 33 
1 35 
1 36 
1 42 
1 44 
1 45 
1 60 
1 73 
1 80 
1 116 
1 117 
1 121 
1 128 
1 182 
2 3 
2 6 
2 7 
2 9 
2 14 
2 15 
2 18 
2 22 
2 23 
2 26 
2 31 
2 34 
2 36 
2 37 
2 39 
2 44 
2 45 
2 70 
2 99 
2 105 
2 139 
2 156 
2 166 
2 212 
3 13 
3 14 
3 15 
3 22 
3 30 
3 36 
3 37 
3 40 
3 44 
3 45 
3 52 
3 63 
3 68 
3 69 
3 74 
3 84 
3 87 
3 88 
3 98 
3 134 
4 3 
4 6 
4 14 
4 15 
4 22 
4 27 
4 37 
4 44 
4 63 
4 74 
4 105 
5 44 
6 4 
6 7 
6 8 
6 10 
6 11 
6 29 
6 36 
6 44 
6 45 
6 80 
6 103 
6 109 
6 112 
6 120 
6 128 
6 136 
6 212 
7 2 
7 3 
7 4 
7 5 
7 6 
7 11 
7 14 
7 15 
7 17 
7 18 
7 19 
7 21 
7 22 
7 23 
7 25 
7 26 
7 27 
7 28 
7 29 
7 30 
7 31 
7 32 
7 33 
7 34 
7 35 
7 36 
7 39 
7 40 
7 42 
7 44 
7 45 
7 48 
7 51 
7 54 
7 59 
7 60 
7 63 
7 68 
7 69 
7 70 
7 71 
7 73 
7 76 
7 77 
7 78 
7 80 
7 82 
7 83 
7 84 
7 86 
7 90 
7 91 
7 95 
7 96 
7 98 
7 103 
7 104 
7 105 
7 112 
7 113 
7 116 
7 117 
7 119 
7 121 
7 127 
7 128 
7 133 
7 134 
7 146 
7 150 
7 155 
7 156 
7 158 
7 187 
8 18 
8 26 
8 29 
8 34 
8 76 
8 104 
8 140 
9 2 
9 3 
9 4 
9 5 
9 6 
9 8 
9 9 
9 10 
9 11 
9 14 
9 15 
9 17 
9 18 
9 19 
9 21 
9 22 
9 23 
9 25 
9 26 
9 27 
9 28 
9 29 
9 30 
9 31 
9 32 
9 33 
9 34 
9 35 
9 36 
9 39 
9 42 
9 44 
9 45 
9 48 
9 51 
9 54 
9 59 
9 60 
9 63 
9 68 
9 69 
9 70 
9 71 
9 73 
9 76 
9 77 
9 78 
9 80 
9 82 
9 83 
9 84 
9 86 
9 90 
9 91 
9 95 
9 96 
9 98 
9 103 
9 104 
9 105 
9 112 
9 113 
9 116 
9 117 
9 119 
9 121 
9 127 
9 128 
9 133 
9 134 
9 140 
9 146 
9 150 
9 156 
9 158 
9 187 
10 8 
10 9 
10 26 
10 34 
10 40 
10 45 
10 105 
10 155 
10 156 
11 3 
11 13 
11 15 
11 27 
11 30 
11 35 
11 36 
11 44 
11 69 
11 74 
11 80 
11 102 
12 40 
12 78 
13 36 
13 98 
13 121 
14 2 
14 3 
14 4 
14 6 
14 11 
14 13 
14 15 
14 21 
14 22 
14 25 
14 27 
14 30 
14 31 
14 35 
14 36 
14 37 
14 40 
14 44 
14 53 
14 54 
14 57 
14 59 
14 63 
14 69 
14 74 
14 78 
14 82 
14 88 
14 104 
14 119 
14 148 
14 150 
14 156 
14 157 
14 166 
14 170 
14 180 
14 182 
14 187 
14 213 
15 3 
15 4 
15 7 
15 9 
15 11 
15 13 
15 14 
15 21 
15 22 
15 26 
15 27 
15 30 
15 31 
15 32 
15 35 
15 36 
15 37 
15 40 
15 42 
15 44 
15 51 
15 52 
15 60 
15 62 
15 63 
15 68 
15 69 
15 73 
15 74 
15 80 
15 82 
15 83 
15 84 
15 87 
15 88 
15 98 
15 100 
15 102 
15 121 
15 146 
15 150 
15 212 
16 79 
16 97 
16 134 
16 136 
17 2 
17 4 
17 6 
17 15 
17 18 
17 22 
17 26 
17 27 
17 29 
17 30 
17 32 
17 33 
17 34 
17 42 
17 44 
17 45 
17 49 
17 67 
17 68 
17 71 
17 76 
17 78 
17 80 
17 99 
17 105 
17 110 
17 116 
17 125 
17 134 
17 146 
17 150 
17 155 
17 158 
17 187 
17 212 
19 2 
19 3 
19 4 
19 5 
19 6 
19 7 
19 10 
19 11 
19 14 
19 15 
19 17 
19 18 
19 22 
19 23 
19 25 
19 26 
19 27 
19 28 
19 29 
19 30 
19 32 
19 33 
19 34 
19 35 
19 36 
19 37 
19 40 
19 42 
19 44 
19 45 
19 48 
19 51 
19 52 
19 54 
19 59 
19 60 
19 62 
19 63 
19 67 
19 68 
19 69 
19 72 
19 73 
19 77 
19 82 
19 83 
19 84 
19 86 
19 87 
19 88 
19 89 
19 90 
19 91 
19 96 
19 98 
19 99 
19 100 
19 103 
19 105 
19 109 
19 110 
19 112 
19 116 
19 117 
19 121 
19 133 
19 134 
19 146 
19 148 
19 150 
19 158 
19 182 
20 6 
20 44 
20 67 
21 44 
22 3 
22 4 
22 7 
22 10 
22 13 
22 14 
22 15 
22 21 
22 23 
22 27 
22 30 
22 32 
22 35 
22 37 
22 44 
22 48 
22 51 
22 59 
22 60 
22 68 
22 69 
22 70 
22 73 
22 77 
22 84 
22 88 
22 102 
22 104 
22 148 
23 7 
23 9 
23 10 
23 14 
23 40 
24 32 
25 6 
25 15 
25 36 
25 80 
25 119 
25 146 
25 157 
25 158 
25 187 
26 7 
26 8 
26 9 
26 18 
26 34 
26 39 
26 99 
26 110 
26 212 
27 3 
27 4 
27 11 
27 13 
27 14 
27 15 
27 21 
27 22 
27 30 
27 35 
27 36 
27 37 
27 44 
27 52 
27 53 
27 60 
27 63 
27 68 
27 69 
27 73 
27 74 
27 80 
27 82 
27 84 
27 87 
27 88 
27 91 
27 98 
27 102 
27 105 
27 121 
27 127 
27 133 
27 148 
28 2 
28 3 
28 4 
28 6 
28 15 
28 17 
28 26 
28 30 
28 31 
28 33 
28 44 
28 45 
28 52 
28 68 
28 73 
28 80 
28 105 
28 110 
28 117 
28 134 
28 158 
29 44 
29 134 
30 14 
30 15 
30 27 
30 44 
30 63 
30 69 
30 73 
30 84 
30 87 
30 121 
31 6 
31 7 
31 8 
31 44 
32 83 
32 117 
32 133 
33 25 
33 67 
33 99 
33 150 
33 213 
34 7 
34 8 
34 14 
34 26 
34 29 
34 39 
34 71 
34 99 
34 110 
34 139 
34 212 
35 4 
35 11 
35 14 
35 15 
35 22 
35 23 
35 27 
35 30 
35 36 
35 37 
35 44 
35 45 
35 53 
35 59 
35 62 
35 68 
35 80 
35 82 
35 84 
35 102 
35 213 
36 11 
36 13 
36 30 
36 73 
36 74 
36 80 
36 98 
36 102 
37 68 
37 69 
37 134 
38 7 
38 9 
38 32 
38 42 
38 117 
39 7 
39 8 
39 9 
39 17 
39 26 
39 29 
39 34 
39 45 
39 67 
39 91 
39 139 
39 212 
40 2 
40 3 
40 4 
40 5 
40 6 
40 7 
40 8 
40 9 
40 10 
40 11 
40 13 
40 14 
40 15 
40 18 
40 21 
40 22 
40 23 
40 25 
40 26 
40 27 
40 29 
40 30 
40 31 
40 32 
40 34 
40 35 
40 36 
40 37 
40 42 
40 44 
40 45 
40 48 
40 51 
40 52 
40 54 
40 58 
40 59 
40 60 
40 63 
40 68 
40 69 
40 70 
40 71 
40 73 
40 77 
40 78 
40 80 
40 82 
40 83 
40 84 
40 86 
40 87 
40 88 
40 90 
40 92 
40 94 
40 100 
40 102 
40 103 
40 105 
40 109 
40 110 
40 112 
40 117 
40 121 
40 128 
40 133 
40 146 
40 148 
40 150 
40 156 
40 170 
40 178 
40 182 
40 187 
42 100 
43 5 
43 17 
43 18 
43 19 
43 26 
43 29 
43 34 
43 57 
43 58 
43 59 
43 63 
43 71 
43 91 
43 92 
43 94 
43 104 
43 110 
43 113 
43 119 
43 125 
43 133 
43 134 
43 146 
43 158 
43 187 
43 212 
44 2 
44 3 
44 4 
44 7 
44 8 
44 9 
44 10 
44 11 
44 13 
44 14 
44 15 
44 21 
44 22 
44 25 
44 26 
44 27 
44 30 
44 34 
44 35 
44 36 
44 37 
44 40 
44 63 
44 68 
44 69 
44 71 
44 73 
44 80 
44 82 
44 102 
44 109 
44 110 
44 112 
44 113 
44 116 
44 119 
44 125 
44 128 
44 134 
44 148 
44 178 
45 2 
45 3 
45 4 
45 5 
45 6 
45 7 
45 8 
45 9 
45 10 
45 11 
45 13 
45 14 
45 15 
45 16 
45 17 
45 18 
45 21 
45 22 
45 23 
45 25 
45 26 
45 27 
45 29 
45 30 
45 31 
45 32 
45 33 
45 34 
45 35 
45 36 
45 37 
45 39 
45 40 
45 42 
45 44 
45 51 
45 55 
45 58 
45 59 
45 63 
45 66 
45 69 
45 70 
45 73 
45 76 
45 79 
45 80 
45 82 
45 87 
45 94 
45 95 
45 97 
45 98 
45 102 
45 103 
45 105 
45 108 
45 109 
45 112 
45 116 
45 117 
45 120 
45 125 
45 127 
45 128 
45 134 
45 136 
45 139 
45 146 
45 150 
45 158 
45 178 
45 182 
46 3 
46 7 
46 9 
46 15 
46 19 
46 25 
46 27 
46 30 
46 32 
46 40 
46 42 
46 44 
46 45 
46 68 
46 70 
46 73 
46 80 
46 82 
46 83 
46 91 
46 96 
46 100 
46 116 
46 117 
46 121 
46 133 
46 134 
46 146 
49 2 
49 5 
49 6 
49 7 
49 9 
49 10 
49 15 
49 16 
49 22 
49 23 
49 26 
49 27 
49 30 
49 32 
49 34 
49 35 
49 39 
49 42 
49 44 
49 45 
49 55 
49 58 
49 76 
49 78 
49 79 
49 80 
49 82 
49 94 
49 95 
49 96 
49 97 
49 102 
49 103 
49 108 
51 77 
51 86 
52 30 
52 84 
58 16 
58 79 
58 97 
58 128 
60 51 
63 4 
63 27 
63 30 
63 32 
63 69 
63 84 
63 87 
63 88 
63 121 
66 40 
66 44 
66 45 
66 96 
68 2 
68 3 
68 4 
68 6 
68 7 
68 10 
68 11 
68 14 
68 15 
68 21 
68 22 
68 23 
68 26 
68 27 
68 30 
68 32 
68 34 
68 35 
68 36 
68 40 
68 44 
68 45 
68 48 
68 52 
68 59 
68 60 
68 62 
68 63 
68 67 
68 69 
68 70 
68 80 
68 86 
68 88 
68 103 
68 105 
68 112 
68 148 
68 150 
68 156 
68 178 
68 182 
69 22 
69 27 
69 52 
69 60 
69 77 
69 84 
69 87 
69 88 
69 98 
69 121 
70 78 
70 80 
70 105 
70 120 
71 92 
72 7 
72 9 
72 32 
72 40 
73 15 
73 21 
73 30 
73 32 
73 36 
73 98 
73 100 
73 121 
74 4 
76 6 
76 16 
76 45 
76 136 
80 11 
80 36 
82 7 
82 14 
82 15 
82 35 
82 37 
82 45 
82 53 
82 140 
83 84 
84 63 
84 83 
86 51 
86 77 
87 3 
87 15 
87 30 
87 52 
87 63 
87 69 
87 84 
88 3 
88 22 
88 48 
88 51 
89 25 
89 146 
90 48 
91 22 
91 80 
93 14 
93 27 
93 33 
93 40 
93 48 
93 59 
93 77 
93 127 
96 2 
96 3 
96 4 
96 5 
96 6 
96 7 
96 8 
96 9 
96 10 
96 11 
96 14 
96 15 
96 16 
96 18 
96 21 
96 22 
96 23 
96 25 
96 27 
96 30 
96 31 
96 32 
96 33 
96 35 
96 37 
96 42 
96 44 
96 45 
96 48 
96 49 
96 51 
96 55 
96 58 
96 60 
96 62 
96 63 
96 66 
96 68 
96 69 
96 73 
96 76 
96 79 
96 80 
96 82 
96 83 
96 84 
96 86 
96 88 
96 91 
96 94 
96 95 
96 97 
96 98 
96 102 
96 103 
96 105 
96 108 
96 112 
96 116 
96 117 
96 121 
96 133 
96 156 
96 158 
96 182 
98 3 
98 13 
98 30 
98 73 
98 121 
105 2 
105 99 
105 156 
105 165 
105 166 
105 182 
108 96 
109 2 
109 3 
109 4 
109 5 
109 6 
109 7 
109 8 
109 9 
109 11 
109 14 
109 15 
109 18 
109 22 
109 23 
109 26 
109 27 
109 29 
109 30 
109 31 
109 32 
109 34 
109 35 
109 36 
109 37 
109 40 
109 42 
109 44 
109 45 
109 51 
109 54 
109 55 
109 57 
109 59 
109 60 
109 67 
109 68 
109 71 
109 73 
109 75 
109 76 
109 78 
109 79 
109 80 
109 82 
109 86 
109 88 
109 90 
109 91 
109 92 
109 96 
109 104 
109 105 
109 109 
109 113 
109 115 
109 117 
109 119 
109 121 
109 138 
109 139 
109 150 
109 156 
109 158 
109 168 
109 182 
110 37 
110 212 
112 37 
112 54 
121 15 
121 30 
121 63 
121 73 
121 98 
129 127 
132 67 
146 134 
148 22 
148 27 
152 16 
163 11 
167 33 
167 158 
169 156 
195 139 
203 37 
204 59 
