1 28 
1 45 
2 4 
2 6 
2 7 
2 8 
2 9 
2 10 
2 14 
2 17 
2 18 
2 23 
2 26 
2 27 
2 28 
2 29 
2 34 
2 39 
2 44 
2 45 
2 49 
2 70 
2 82 
2 99 
2 105 
2 109 
2 110 
2 125 
2 134 
2 150 
2 155 
2 156 
2 158 
3 4 
3 11 
3 14 
3 15 
3 22 
3 32 
3 36 
3 37 
3 42 
3 60 
3 63 
3 69 
3 70 
3 74 
3 84 
3 88 
4 3 
4 6 
4 7 
4 10 
4 11 
4 14 
4 15 
4 17 
4 21 
4 22 
4 27 
4 30 
4 32 
4 35 
4 40 
4 44 
4 59 
4 60 
4 63 
4 69 
4 70 
4 74 
4 78 
4 82 
4 84 
4 112 
4 157 
5 49 
5 130 
6 2 
6 3 
6 4 
6 5 
6 6 
6 7 
6 8 
6 9 
6 10 
6 14 
6 15 
6 17 
6 18 
6 22 
6 23 
6 25 
6 26 
6 27 
6 28 
6 29 
6 30 
6 31 
6 32 
6 33 
6 35 
6 36 
6 37 
6 39 
6 40 
6 42 
6 44 
6 45 
6 49 
6 51 
6 53 
6 54 
6 55 
6 58 
6 59 
6 60 
6 62 
6 63 
6 66 
6 68 
6 70 
6 71 
6 72 
6 73 
6 76 
6 78 
6 79 
6 80 
6 82 
6 86 
6 91 
6 94 
6 96 
6 97 
6 99 
6 103 
6 104 
6 105 
6 108 
6 109 
6 110 
6 112 
6 113 
6 116 
6 118 
6 119 
6 120 
6 125 
6 128 
6 130 
6 134 
6 136 
6 139 
6 146 
6 148 
6 150 
6 155 
6 156 
6 157 
6 158 
6 178 
6 187 
7 4 
7 6 
7 14 
7 15 
7 17 
7 18 
7 22 
7 23 
7 26 
7 27 
7 28 
7 29 
7 31 
7 34 
7 35 
7 39 
7 44 
7 45 
7 70 
7 71 
7 80 
7 92 
7 96 
7 99 
7 105 
7 109 
7 110 
7 116 
7 120 
7 133 
7 134 
7 146 
7 155 
7 158 
7 187 
8 26 
8 99 
8 140 
9 4 
9 6 
9 8 
9 10 
9 14 
9 15 
9 17 
9 18 
9 22 
9 23 
9 26 
9 27 
9 28 
9 29 
9 31 
9 34 
9 35 
9 39 
9 44 
9 45 
9 70 
9 71 
9 80 
9 92 
9 96 
9 105 
9 109 
9 110 
9 116 
9 120 
9 133 
9 134 
9 158 
9 187 
10 6 
10 8 
10 9 
10 18 
10 26 
10 27 
10 29 
10 34 
10 45 
10 146 
10 155 
11 3 
11 4 
11 13 
11 14 
11 15 
11 22 
11 26 
11 27 
11 30 
11 35 
11 36 
11 45 
11 63 
11 68 
11 73 
11 80 
11 82 
11 102 
11 121 
11 134 
12 6 
12 25 
12 45 
12 89 
12 91 
12 109 
12 125 
12 158 
12 168 
13 27 
13 80 
13 98 
14 3 
14 4 
14 6 
14 7 
14 9 
14 11 
14 13 
14 15 
14 17 
14 21 
14 22 
14 25 
14 27 
14 30 
14 32 
14 34 
14 35 
14 36 
14 37 
14 40 
14 42 
14 44 
14 45 
14 49 
14 52 
14 55 
14 57 
14 59 
14 60 
14 63 
14 66 
14 68 
14 69 
14 70 
14 73 
14 74 
14 78 
14 80 
14 82 
14 83 
14 84 
14 88 
14 91 
14 96 
14 104 
14 105 
14 108 
14 109 
14 117 
14 125 
14 134 
14 156 
14 168 
14 173 
14 180 
14 182 
14 187 
15 3 
15 4 
15 6 
15 11 
15 13 
15 14 
15 22 
15 26 
15 27 
15 30 
15 32 
15 34 
15 35 
15 36 
15 37 
15 39 
15 40 
15 42 
15 44 
15 45 
15 52 
15 60 
15 63 
15 68 
15 69 
15 70 
15 71 
15 73 
15 74 
15 80 
15 82 
15 83 
15 84 
15 86 
15 87 
15 88 
15 98 
15 100 
15 105 
15 109 
15 117 
15 121 
17 2 
17 6 
17 23 
17 26 
17 29 
17 34 
17 37 
17 39 
17 45 
17 80 
17 105 
17 109 
17 110 
17 115 
17 116 
17 120 
17 125 
17 134 
17 155 
17 158 
17 190 
17 212 
18 27 
18 28 
18 29 
19 6 
19 27 
19 28 
19 36 
19 44 
19 116 
19 157 
19 158 
21 44 
22 3 
22 4 
22 6 
22 7 
22 9 
22 11 
22 14 
22 15 
22 23 
22 25 
22 27 
22 28 
22 30 
22 31 
22 32 
22 35 
22 37 
22 40 
22 44 
22 45 
22 48 
22 49 
22 51 
22 52 
22 60 
22 62 
22 63 
22 67 
22 68 
22 69 
22 70 
22 82 
22 84 
22 86 
22 88 
22 90 
22 91 
22 99 
22 105 
22 108 
22 109 
22 113 
22 125 
22 146 
22 148 
22 157 
22 158 
22 168 
22 187 
22 190 
22 193 
23 6 
23 7 
23 8 
23 9 
23 10 
23 34 
23 39 
23 44 
23 45 
23 62 
23 71 
24 72 
25 36 
25 62 
25 146 
26 2 
26 6 
26 34 
26 44 
26 139 
26 158 
26 166 
27 3 
27 4 
27 6 
27 7 
27 9 
27 11 
27 13 
27 14 
27 15 
27 22 
27 30 
27 31 
27 32 
27 34 
27 35 
27 36 
27 37 
27 40 
27 42 
27 44 
27 45 
27 49 
27 52 
27 63 
27 68 
27 69 
27 70 
27 73 
27 74 
27 80 
27 84 
27 88 
27 90 
27 91 
27 96 
27 109 
27 110 
27 130 
27 148 
28 17 
28 44 
28 45 
28 109 
29 6 
29 26 
29 34 
29 45 
29 105 
30 3 
30 15 
30 21 
30 27 
30 32 
30 33 
30 44 
30 45 
30 63 
30 69 
30 73 
30 80 
30 87 
30 102 
30 117 
31 17 
31 29 
32 6 
32 15 
32 17 
32 18 
32 22 
32 27 
32 28 
32 35 
32 42 
32 44 
32 54 
32 62 
32 68 
32 70 
32 72 
32 73 
32 83 
32 100 
32 116 
32 117 
32 121 
32 133 
32 187 
33 157 
33 158 
34 2 
34 26 
34 29 
34 44 
34 45 
34 99 
34 110 
34 150 
34 155 
34 212 
35 4 
35 14 
35 15 
35 22 
35 25 
35 40 
35 49 
35 68 
35 78 
35 80 
35 82 
35 87 
35 90 
35 158 
36 11 
36 13 
36 14 
36 15 
36 35 
36 37 
36 80 
36 121 
37 14 
37 15 
37 159 
38 32 
39 2 
39 6 
39 11 
39 23 
39 36 
39 37 
39 39 
39 45 
39 67 
39 80 
39 109 
39 128 
40 3 
40 4 
40 11 
40 14 
40 17 
40 28 
40 34 
40 36 
40 42 
40 44 
40 60 
40 72 
40 80 
40 100 
40 133 
40 134 
40 187 
42 15 
42 17 
42 22 
42 26 
42 27 
42 28 
42 30 
42 32 
42 35 
42 40 
42 44 
42 45 
42 51 
42 60 
42 63 
42 68 
42 69 
42 70 
42 73 
42 83 
42 86 
42 87 
42 88 
42 98 
42 100 
42 104 
42 109 
42 116 
42 117 
42 118 
42 121 
42 133 
42 150 
42 155 
43 6 
43 17 
43 19 
43 33 
43 34 
43 44 
43 45 
43 92 
43 112 
43 113 
43 125 
43 134 
43 150 
43 155 
43 158 
43 187 
44 4 
44 6 
44 7 
44 8 
44 9 
44 10 
44 11 
44 13 
44 14 
44 15 
44 18 
44 21 
44 22 
44 23 
44 25 
44 26 
44 27 
44 29 
44 32 
44 34 
44 37 
44 39 
44 45 
44 49 
44 62 
44 68 
44 69 
44 70 
44 71 
44 78 
44 80 
44 82 
44 102 
44 105 
44 109 
44 128 
44 146 
44 148 
44 158 
45 2 
45 4 
45 5 
45 6 
45 7 
45 8 
45 9 
45 10 
45 11 
45 13 
45 14 
45 15 
45 17 
45 18 
45 22 
45 23 
45 25 
45 26 
45 27 
45 28 
45 29 
45 31 
45 32 
45 33 
45 34 
45 35 
45 36 
45 39 
45 40 
45 44 
45 49 
45 55 
45 58 
45 60 
45 62 
45 63 
45 66 
45 67 
45 69 
45 70 
45 71 
45 76 
45 80 
45 82 
45 86 
45 89 
45 92 
45 94 
45 96 
45 97 
45 99 
45 100 
45 103 
45 105 
45 108 
45 109 
45 110 
45 112 
45 118 
45 119 
45 120 
45 128 
45 130 
45 134 
45 136 
45 146 
45 155 
45 156 
45 157 
45 158 
45 178 
45 182 
46 32 
46 42 
46 133 
47 32 
47 63 
48 22 
49 5 
49 17 
49 22 
49 25 
49 27 
49 28 
49 35 
49 40 
49 49 
49 52 
49 55 
49 78 
49 96 
49 109 
49 116 
49 146 
49 187 
52 15 
52 40 
52 68 
52 90 
54 14 
55 27 
55 35 
55 82 
57 17 
59 17 
60 51 
60 88 
63 3 
63 14 
63 15 
63 22 
63 27 
63 30 
63 32 
63 37 
63 42 
63 68 
63 69 
63 84 
63 87 
63 88 
63 98 
63 117 
65 27 
66 35 
66 45 
67 6 
67 28 
67 45 
67 168 
68 15 
68 62 
69 3 
69 4 
69 6 
69 14 
69 15 
69 22 
69 27 
69 30 
69 32 
69 37 
69 40 
69 42 
69 44 
69 45 
69 51 
69 52 
69 60 
69 63 
69 68 
69 70 
69 78 
69 83 
69 84 
69 86 
69 87 
69 90 
69 91 
69 105 
69 109 
69 116 
69 117 
70 27 
70 39 
70 45 
70 80 
71 17 
71 44 
71 113 
71 168 
73 11 
73 15 
73 21 
73 22 
73 27 
73 30 
73 32 
73 36 
73 44 
73 80 
73 98 
73 121 
74 3 
74 4 
74 27 
75 26 
75 44 
75 45 
75 71 
75 109 
75 113 
75 115 
75 138 
75 168 
76 28 
76 45 
76 55 
76 112 
76 120 
80 6 
80 11 
80 15 
80 44 
81 110 
82 35 
82 53 
82 74 
83 14 
83 22 
83 84 
83 117 
84 15 
84 22 
84 35 
84 42 
84 44 
84 69 
86 6 
86 42 
86 45 
86 51 
86 60 
86 88 
86 90 
86 117 
87 3 
87 4 
87 11 
87 15 
87 22 
87 27 
87 30 
87 37 
87 60 
87 63 
87 69 
87 84 
87 86 
87 88 
88 15 
88 22 
88 51 
88 60 
88 77 
88 90 
89 25 
89 44 
89 91 
89 116 
91 22 
93 33 
93 34 
93 96 
93 97 
93 100 
95 49 
96 11 
96 14 
96 15 
96 27 
96 36 
98 15 
98 73 
98 82 
98 121 
99 6 
100 109 
103 6 
104 14 
104 35 
104 109 
104 150 
104 156 
104 158 
105 2 
105 4 
105 5 
105 6 
105 7 
105 8 
105 9 
105 10 
105 13 
105 14 
105 15 
105 17 
105 22 
105 23 
105 25 
105 26 
105 27 
105 29 
105 31 
105 34 
105 35 
105 36 
105 39 
105 40 
105 44 
105 45 
105 49 
105 60 
105 69 
105 70 
105 71 
105 76 
105 78 
105 80 
105 82 
105 91 
105 96 
105 99 
105 105 
105 108 
105 109 
105 150 
106 34 
107 35 
108 4 
108 6 
108 27 
108 35 
108 45 
108 53 
108 60 
108 66 
108 82 
108 103 
108 112 
108 128 
108 134 
108 158 
108 178 
109 17 
109 71 
109 75 
109 104 
109 113 
109 115 
109 138 
109 157 
109 168 
110 2 
110 6 
110 11 
110 26 
110 34 
110 150 
112 6 
112 178 
113 6 
113 17 
113 27 
113 45 
113 71 
113 92 
115 138 
115 168 
117 69 
121 15 
121 73 
121 98 
125 134 
132 54 
133 32 
135 44 
135 45 
136 6 
136 103 
136 112 
136 120 
136 128 
136 178 
138 168 
146 168 
147 39 
152 34 
152 75 
152 109 
152 112 
152 168 
153 2 
153 4 
153 14 
153 26 
153 29 
153 34 
153 39 
153 44 
153 105 
153 112 
153 134 
153 139 
153 158 
155 45 
168 14 
168 71 
168 109 
168 115 
168 138 
172 158 
180 157 
