2 17 
2 25 
2 29 
2 34 
2 37 
2 99 
2 134 
2 165 
2 166 
3 15 
3 37 
3 68 
3 87 
3 88 
4 2 
4 11 
4 14 
4 15 
4 27 
4 35 
4 37 
4 52 
4 74 
4 84 
4 91 
4 94 
4 134 
4 150 
5 2 
5 6 
5 23 
5 25 
5 33 
5 53 
5 76 
5 95 
5 99 
5 115 
5 134 
5 213 
6 6 
6 14 
6 33 
6 128 
7 2 
7 3 
7 6 
7 15 
7 17 
7 21 
7 27 
7 33 
7 37 
7 45 
7 54 
7 70 
7 166 
7 173 
8 2 
8 6 
8 27 
8 166 
8 173 
9 2 
9 3 
9 6 
9 15 
9 17 
9 33 
9 54 
9 70 
9 173 
10 6 
10 9 
10 21 
10 37 
10 45 
12 34 
13 44 
13 133 
14 4 
14 11 
14 15 
14 17 
14 22 
14 25 
14 27 
14 30 
14 35 
14 37 
14 53 
14 57 
14 68 
14 74 
14 88 
14 94 
14 104 
14 118 
14 134 
14 150 
14 157 
14 166 
14 173 
14 182 
14 213 
15 2 
15 3 
15 4 
15 6 
15 7 
15 9 
15 11 
15 14 
15 17 
15 22 
15 27 
15 30 
15 31 
15 34 
15 35 
15 37 
15 44 
15 52 
15 60 
15 62 
15 63 
15 68 
15 69 
15 70 
15 73 
15 74 
15 82 
15 83 
15 84 
15 87 
15 88 
15 94 
15 121 
15 148 
15 150 
16 6 
16 33 
16 97 
17 2 
17 4 
17 6 
17 19 
17 21 
17 33 
17 34 
17 54 
17 70 
17 86 
17 99 
17 110 
17 134 
17 155 
17 190 
18 6 
18 17 
18 134 
18 165 
18 166 
21 44 
22 2 
22 3 
22 4 
22 6 
22 7 
22 9 
22 11 
22 14 
22 15 
22 16 
22 17 
22 25 
22 27 
22 29 
22 30 
22 31 
22 33 
22 35 
22 37 
22 44 
22 51 
22 52 
22 62 
22 63 
22 68 
22 69 
22 70 
22 82 
22 84 
22 88 
22 91 
22 95 
22 96 
22 98 
22 109 
22 110 
22 116 
22 121 
22 134 
22 148 
22 150 
22 155 
22 157 
22 182 
23 6 
23 44 
23 105 
23 134 
25 14 
25 25 
25 33 
25 36 
25 62 
25 75 
25 95 
25 115 
25 134 
26 2 
26 6 
26 7 
26 9 
26 29 
26 34 
26 44 
26 109 
26 134 
26 139 
26 150 
26 166 
27 2 
27 4 
27 11 
27 13 
27 14 
27 15 
27 17 
27 22 
27 30 
27 33 
27 35 
27 37 
27 44 
27 52 
27 62 
27 63 
27 82 
27 84 
27 88 
27 105 
27 127 
29 134 
29 166 
30 4 
30 6 
30 14 
30 15 
30 21 
30 27 
30 44 
30 45 
30 52 
30 73 
30 74 
30 84 
30 87 
30 150 
31 2 
31 6 
31 16 
31 87 
31 99 
31 110 
31 112 
31 155 
32 133 
33 36 
33 134 
34 2 
34 6 
34 17 
34 27 
34 44 
34 99 
34 110 
34 150 
34 155 
34 166 
35 14 
35 44 
35 62 
35 63 
35 68 
35 82 
35 84 
35 121 
35 150 
36 11 
36 13 
36 27 
36 96 
37 2 
37 3 
37 6 
37 11 
37 15 
37 25 
37 128 
37 134 
39 2 
39 4 
39 6 
39 7 
39 9 
39 11 
39 18 
39 34 
39 36 
39 44 
39 45 
39 99 
39 155 
39 159 
39 190 
40 4 
40 6 
40 15 
40 37 
40 110 
40 133 
42 6 
43 2 
43 6 
43 17 
43 110 
43 193 
44 11 
44 15 
44 17 
44 21 
44 25 
44 27 
44 30 
44 34 
44 35 
44 37 
44 45 
44 62 
44 63 
44 68 
44 70 
44 82 
44 87 
44 96 
44 121 
44 128 
44 134 
44 178 
45 2 
45 4 
45 6 
45 15 
45 16 
45 25 
45 31 
45 33 
45 34 
45 36 
45 37 
45 44 
45 70 
45 76 
45 82 
45 94 
45 95 
45 97 
45 99 
45 110 
45 112 
45 127 
45 128 
45 134 
45 136 
45 165 
47 2 
47 6 
47 33 
47 37 
47 45 
47 70 
47 110 
51 2 
51 77 
52 30 
52 35 
52 68 
52 84 
54 4 
54 57 
55 6 
55 96 
55 127 
58 7 
58 9 
58 16 
58 96 
58 97 
58 127 
60 2 
63 3 
63 27 
63 30 
63 73 
63 87 
65 127 
66 45 
67 6 
67 33 
68 2 
68 15 
68 52 
68 62 
69 52 
69 84 
69 86 
69 87 
70 6 
70 14 
71 44 
71 150 
73 21 
73 30 
73 44 
73 98 
73 121 
74 4 
74 14 
74 15 
74 27 
76 6 
76 97 
79 6 
80 11 
81 6 
81 94 
82 15 
82 35 
82 37 
82 44 
82 53 
82 74 
82 94 
84 22 
84 35 
84 52 
86 6 
86 77 
87 52 
87 63 
87 69 
88 3 
88 63 
89 25 
89 33 
89 36 
89 134 
90 6 
92 6 
93 33 
96 2 
96 16 
96 94 
96 95 
97 45 
98 73 
98 121 
99 166 
101 6 
101 11 
101 97 
103 7 
103 9 
103 45 
104 150 
105 99 
105 165 
105 182 
106 2 
108 6 
108 96 
109 6 
109 27 
109 75 
109 105 
109 115 
109 138 
109 150 
110 4 
110 11 
110 14 
110 37 
112 127 
113 6 
119 173 
121 69 
121 73 
121 98 
129 127 
130 127 
146 33 
146 134 
150 104 
156 166 
164 6 
166 99 
167 6 
167 33 
171 112 
175 193 
187 45 
