2 34 
2 39 
2 105 
2 139 
2 150 
3 4 
3 15 
3 22 
3 36 
3 48 
3 51 
3 63 
3 69 
3 74 
3 87 
3 88 
3 98 
3 121 
4 14 
4 15 
4 21 
4 22 
4 27 
4 35 
4 44 
4 68 
4 74 
4 84 
4 156 
6 6 
6 45 
6 103 
6 112 
7 3 
7 6 
7 18 
7 21 
7 26 
7 27 
7 29 
7 31 
7 35 
7 44 
7 48 
7 68 
7 82 
7 96 
7 105 
7 109 
7 125 
7 136 
7 139 
7 158 
7 213 
8 31 
8 140 
9 3 
9 6 
9 8 
9 18 
9 21 
9 26 
9 27 
9 35 
9 44 
9 48 
9 68 
9 82 
9 96 
9 105 
9 109 
9 125 
9 136 
9 139 
9 158 
9 213 
10 8 
10 9 
10 29 
10 44 
10 96 
11 15 
11 102 
12 5 
12 11 
12 14 
12 27 
12 68 
13 32 
13 36 
13 80 
13 83 
14 4 
14 6 
14 7 
14 9 
14 13 
14 15 
14 21 
14 22 
14 25 
14 27 
14 30 
14 31 
14 32 
14 34 
14 35 
14 37 
14 44 
14 54 
14 57 
14 59 
14 63 
14 68 
14 69 
14 70 
14 74 
14 78 
14 82 
14 84 
14 88 
14 91 
14 104 
14 105 
14 109 
14 118 
14 150 
14 156 
14 157 
14 158 
14 170 
14 173 
14 180 
14 182 
14 187 
14 193 
15 3 
15 4 
15 7 
15 8 
15 9 
15 11 
15 13 
15 14 
15 22 
15 25 
15 27 
15 30 
15 32 
15 34 
15 35 
15 36 
15 37 
15 39 
15 40 
15 42 
15 44 
15 45 
15 48 
15 51 
15 60 
15 62 
15 63 
15 69 
15 73 
15 74 
15 80 
15 83 
15 84 
15 86 
15 87 
15 88 
15 90 
15 102 
15 116 
15 117 
15 193 
17 6 
17 11 
17 21 
17 34 
17 44 
17 45 
17 68 
17 119 
17 125 
17 134 
17 146 
17 158 
17 190 
17 193 
19 36 
19 44 
21 35 
21 44 
22 2 
22 3 
22 4 
22 5 
22 11 
22 13 
22 14 
22 15 
22 21 
22 27 
22 30 
22 32 
22 34 
22 35 
22 37 
22 39 
22 44 
22 48 
22 51 
22 52 
22 60 
22 62 
22 67 
22 68 
22 69 
22 70 
22 74 
22 82 
22 83 
22 84 
22 88 
22 95 
22 100 
22 102 
22 109 
22 110 
22 116 
22 119 
22 125 
22 134 
22 146 
22 148 
22 150 
22 158 
22 170 
22 213 
23 4 
23 5 
23 7 
23 8 
23 9 
23 10 
23 14 
23 15 
23 28 
23 31 
23 44 
23 76 
23 146 
25 4 
25 11 
25 14 
25 36 
25 44 
25 49 
25 68 
25 84 
25 134 
25 146 
25 158 
25 187 
26 193 
27 4 
27 7 
27 8 
27 11 
27 14 
27 15 
27 22 
27 31 
27 35 
27 37 
27 44 
27 52 
27 63 
27 74 
27 84 
27 88 
27 102 
27 127 
27 130 
27 134 
29 6 
29 62 
29 158 
30 7 
30 9 
30 13 
30 21 
30 27 
30 29 
30 32 
30 34 
30 37 
30 40 
30 42 
30 44 
30 52 
30 63 
30 68 
30 69 
30 70 
30 72 
30 73 
30 83 
30 88 
30 102 
30 117 
30 121 
31 3 
31 6 
31 7 
31 8 
31 44 
31 109 
32 42 
32 72 
32 117 
34 7 
34 8 
34 31 
35 3 
35 5 
35 7 
35 9 
35 14 
35 15 
35 17 
35 21 
35 22 
35 27 
35 29 
35 33 
35 36 
35 44 
35 48 
35 55 
35 60 
35 62 
35 67 
35 68 
35 82 
35 84 
35 88 
35 90 
35 134 
35 146 
35 148 
35 158 
36 11 
36 13 
36 32 
36 42 
36 100 
36 102 
36 117 
37 2 
37 14 
37 15 
37 100 
37 102 
37 156 
39 4 
39 7 
39 10 
39 36 
39 44 
39 96 
39 102 
39 130 
39 134 
39 158 
40 4 
40 14 
40 15 
40 27 
40 36 
40 44 
40 52 
40 68 
40 84 
40 158 
43 125 
43 134 
43 159 
43 187 
44 4 
44 15 
44 21 
44 22 
44 27 
44 34 
44 35 
44 36 
44 39 
44 62 
44 63 
44 68 
44 71 
44 73 
44 84 
44 102 
44 109 
44 128 
44 148 
44 158 
44 182 
45 6 
45 7 
45 8 
45 9 
45 14 
45 15 
45 17 
45 21 
45 25 
45 26 
45 27 
45 29 
45 31 
45 32 
45 33 
45 34 
45 44 
45 52 
45 55 
45 60 
45 70 
45 75 
45 76 
45 83 
45 96 
45 102 
45 103 
45 105 
45 109 
45 112 
45 120 
45 125 
45 127 
45 128 
45 130 
45 134 
45 136 
45 146 
45 158 
45 178 
47 133 
47 139 
49 14 
52 32 
52 35 
52 44 
52 62 
52 68 
52 84 
52 98 
52 109 
52 121 
58 16 
58 45 
58 49 
58 66 
58 79 
58 94 
58 97 
60 36 
60 86 
60 90 
63 22 
63 30 
63 32 
63 42 
63 44 
63 69 
63 73 
63 83 
63 84 
63 87 
63 91 
63 98 
63 117 
63 121 
64 103 
65 6 
65 45 
66 35 
68 13 
68 14 
68 15 
68 44 
68 45 
68 52 
68 84 
69 3 
69 7 
69 10 
69 13 
69 25 
69 30 
69 32 
69 40 
69 42 
69 51 
69 52 
69 60 
69 62 
69 63 
69 73 
69 83 
69 84 
69 86 
69 87 
69 88 
69 90 
69 116 
69 117 
70 3 
70 14 
70 44 
71 14 
73 21 
73 98 
73 121 
74 4 
76 5 
76 6 
76 158 
78 14 
78 59 
80 102 
82 4 
82 14 
82 35 
82 53 
82 74 
83 32 
83 42 
83 72 
83 98 
83 117 
84 22 
84 35 
84 62 
86 51 
86 52 
86 77 
86 84 
86 88 
86 90 
87 44 
87 52 
87 63 
87 84 
87 102 
88 51 
88 77 
88 86 
88 102 
89 4 
89 14 
89 62 
89 63 
89 67 
89 117 
89 146 
90 6 
90 77 
90 88 
91 14 
91 84 
93 33 
93 77 
96 35 
96 58 
96 72 
98 36 
98 69 
101 79 
105 7 
105 8 
105 31 
105 34 
105 165 
105 182 
108 6 
108 14 
108 22 
108 35 
108 55 
109 21 
109 75 
109 92 
109 113 
109 115 
109 119 
109 138 
109 150 
109 158 
109 168 
112 120 
112 128 
112 130 
116 14 
121 73 
121 98 
122 14 
135 44 
186 146 
