10 6676 
13 2161 
13 3260 
19 2440 
19 6424 
19 6604 
19 6668 
19 6972 
28 2031 
28 2972 
28 6738 
38 674 
48 3285 
48 3346 
49 284 
49 842 
49 1067 
49 1205 
49 1794 
49 2161 
49 2461 
49 2682 
49 3109 
49 3260 
49 3947 
49 4173 
49 5703 
49 5825 
49 5901 
49 6030 
49 6178 
49 6424 
49 6574 
49 6583 
49 6590 
49 6595 
49 6636 
49 6663 
49 6706 
49 6749 
49 6759 
49 6972 
49 7017 
51 840 
51 3175 
51 5037 
51 6563 
55 72 
55 380 
55 3060 
55 3639 
55 4001 
55 5037 
55 6590 
55 6655 
55 6679 
58 90 
58 250 
58 270 
58 917 
58 1123 
58 2366 
58 3403 
58 4223 
58 4538 
58 6563 
58 6652 
58 6682 
58 6684 
58 6722 
65 4020 
65 5081 
67 410 
67 3107 
67 3328 
67 4001 
67 5533 
67 6449 
67 6601 
67 6604 
67 6627 
67 6667 
67 6693 
68 1036 
68 1067 
68 1156 
68 1188 
68 3062 
68 4897 
68 5259 
68 5702 
68 5784 
68 5923 
68 6424 
68 6598 
68 6623 
68 6624 
68 6972 
72 55 
72 220 
72 284 
72 319 
72 842 
72 1067 
72 1205 
72 1332 
72 2452 
72 2682 
72 2822 
72 3009 
72 3060 
72 3260 
72 3298 
72 3582 
72 3651 
72 4001 
72 4077 
72 4137 
72 4941 
72 5037 
72 5259 
72 5334 
72 5901 
72 5929 
72 6178 
72 6449 
72 6574 
72 6582 
72 6583 
72 6590 
72 6595 
72 6604 
72 6632 
72 6636 
72 6652 
72 6677 
72 6679 
72 6699 
72 6964 
72 7017 
82 3272 
87 90 
87 92 
87 1067 
87 5037 
87 5901 
87 6030 
87 6178 
87 6583 
89 2161 
89 3260 
89 6577 
90 87 
90 92 
90 1892 
90 3175 
90 4608 
90 5334 
90 5901 
90 6030 
90 6579 
92 87 
92 90 
92 113 
92 1685 
92 1973 
92 3009 
92 6030 
92 6578 
92 6766 
92 6975 
93 5037 
98 599 
98 6927 
103 1957 
103 4616 
113 92 
113 1794 
113 2435 
113 5359 
113 6178 
113 6772 
158 270 
158 1059 
158 1957 
158 3172 
158 3403 
158 3704 
164 3648 
204 3294 
204 6029 
220 72 
220 4333 
220 5691 
220 6710 
221 512 
221 2385 
221 2720 
221 3507 
243 3959 
245 630 
245 3783 
245 4507 
245 6786 
250 58 
250 270 
250 1059 
250 3704 
250 3738 
250 6584 
264 2250 
264 2678 
264 4001 
264 5037 
264 6730 
270 58 
270 250 
270 370 
270 1059 
270 1813 
270 1957 
270 3172 
270 3191 
270 3704 
270 6584 
284 49 
284 72 
284 3651 
284 4001 
284 6595 
319 72 
319 1156 
319 1205 
319 2366 
319 3009 
319 3260 
319 3651 
319 4137 
319 4464 
319 5414 
319 5691 
319 6449 
319 6569 
319 6582 
319 6589 
339 5946 
353 4952 
364 4445 
364 6555 
364 6570 
365 399 
365 6560 
365 6623 
365 6782 
370 270 
370 1156 
370 1200 
370 2941 
370 3061 
370 3403 
370 3736 
370 4445 
370 4464 
370 5037 
370 6554 
380 55 
380 2897 
380 2923 
380 4001 
380 5037 
380 5950 
380 6563 
380 6580 
380 6610 
380 6652 
380 6656 
395 3734 
395 6569 
395 6584 
399 365 
399 3738 
399 6562 
404 5037 
410 67 
410 842 
410 2161 
410 5639 
410 6449 
410 6604 
419 653 
419 3738 
419 4445 
425 6691 
438 6683 
445 1157 
445 2440 
445 2638 
445 6178 
468 2056 
468 6611 
470 4985 
473 5027 
476 6592 
477 4654 
477 6828 
511 512 
511 2385 
511 2720 
511 3507 
512 221 
512 511 
512 4952 
514 842 
514 2124 
514 6449 
516 5901 
516 6178 
519 3367 
519 6563 
519 6683 
531 3678 
531 6606 
531 6607 
531 6623 
531 6629 
531 6725 
531 6726 
531 6727 
531 6728 
533 5037 
540 2161 
540 3734 
541 3734 
544 5156 
544 7148 
570 4380 
587 3356 
587 4001 
587 5037 
587 5339 
598 3848 
599 98 
608 6560 
609 3030 
609 5729 
609 6598 
609 6673 
613 3869 
615 820 
615 1508 
615 3738 
615 3869 
615 4498 
615 5216 
615 6781 
615 6818 
625 4020 
630 245 
630 1139 
630 4137 
630 6634 
630 6675 
652 2056 
652 6627 
653 3989 
653 4262 
653 4444 
653 4565 
653 5499 
653 5921 
653 6637 
653 6645 
653 6661 
653 6662 
665 1529 
665 3738 
665 5601 
665 6259 
674 38 
674 6664 
686 1459 
712 1553 
712 4020 
712 4265 
712 4942 
712 6233 
712 6619 
712 6953 
820 615 
820 3869 
824 6686 
840 51 
840 1156 
840 1157 
840 2250 
840 3175 
840 4001 
840 5037 
840 6563 
840 6656 
842 49 
842 72 
842 410 
842 514 
842 2124 
842 2440 
842 6178 
842 6449 
842 6632 
883 2461 
886 4153 
886 4380 
886 4952 
887 3738 
887 6178 
887 6569 
891 6705 
899 4020 
899 4880 
917 58 
917 2923 
917 4538 
939 6703 
942 1205 
942 3491 
975 1067 
975 1685 
975 1892 
975 4941 
975 5259 
975 5901 
975 6178 
975 6577 
975 6980 
979 3639 
979 3734 
984 6585 
990 3009 
990 3582 
990 6178 
990 6575 
990 6578 
990 6806 
1000 4001 
1001 3639 
1001 6555 
1004 3626 
1036 68 
1036 3983 
1036 4664 
1036 5156 
1036 5784 
1036 5923 
1036 6424 
1036 6779 
1036 6827 
1036 6972 
1044 885 
1044 2703 
1044 3109 
1044 4076 
1044 6557 
1044 6558 
1044 6559 
1044 6562 
1059 158 
1059 250 
1059 270 
1059 1397 
1059 2663 
1059 3403 
1059 5037 
1059 6680 
1059 6685 
1060 4001 
1060 5037 
1067 49 
1067 68 
1067 72 
1067 87 
1067 975 
1067 1473 
1067 2682 
1067 3260 
1067 3848 
1067 4664 
1067 4897 
1067 5702 
1067 5784 
1067 5901 
1067 5923 
1067 6178 
1067 6424 
1067 6491 
1067 6577 
1067 6598 
1067 6604 
1067 6623 
1067 6707 
1067 6708 
1067 6972 
1116 3367 
1123 58 
1123 5037 
1139 630 
1139 2934 
1139 6592 
1139 6675 
1139 6703 
1148 842 
1148 2366 
1148 5787 
1148 6449 
1148 6666 
1156 68 
1156 319 
1156 840 
1156 1157 
1156 1205 
1156 2124 
1156 2263 
1156 2366 
1156 2638 
1156 2663 
1156 2923 
1156 3062 
1156 3272 
1156 4137 
1156 4664 
1156 4899 
1156 5210 
1156 5264 
1156 5660 
1156 5691 
1156 5923 
1156 5945 
1156 6308 
1156 6424 
1156 6449 
1156 6557 
1156 6571 
1156 6573 
1156 6594 
1156 6595 
1156 6597 
1156 6598 
1156 6599 
1156 6600 
1156 6601 
1156 6602 
1156 6604 
1156 6972 
1157 445 
1157 840 
1157 1156 
1157 2366 
1157 2638 
1157 4137 
1157 4899 
1157 5264 
1157 5702 
1157 6268 
1157 6424 
1157 6594 
1157 6972 
1188 68 
1188 4664 
1200 370 
1200 1242 
1200 4464 
1200 5229 
1205 49 
1205 72 
1205 319 
1205 942 
1205 1156 
1205 1973 
1205 2461 
1205 2523 
1205 3009 
1205 3109 
1205 3983 
1205 5156 
1205 5702 
1205 6178 
1205 6574 
1205 6575 
1205 6578 
1205 6595 
1205 6776 
1205 6777 
1205 6779 
1205 6788 
1205 7030 
1205 7031 
1242 1200 
1243 3060 
1243 5901 
1243 6178 
1272 6736 
1306 2515 
1306 3347 
1306 3963 
1306 6638 
1306 6731 
1332 72 
1348 1973 
1348 4001 
1350 2250 
1369 3030 
1385 3501 
1387 6803 
1397 1059 
1397 1957 
1397 3403 
1397 4020 
1397 5031 
1397 6555 
1398 4880 
1403 2745 
1403 3046 
1403 4559 
1403 5477 
1403 6750 
1423 2523 
1423 3983 
1423 5156 
1423 6776 
1423 6779 
1423 6788 
1423 6815 
1423 7031 
1459 686 
1464 6596 
1464 6617 
1473 1067 
1473 5259 
1473 5729 
1483 6606 
1485 5037 
1499 2366 
1499 6594 
1508 615 
1508 3869 
1510 3491 
1510 6731 
1517 6608 
1529 665 
1529 4830 
1553 712 
1553 4020 
1553 5383 
1564 2161 
1628 6176 
1628 6604 
1634 3054 
1634 6666 
1672 6625 
1685 92 
1685 975 
1685 2822 
1685 3009 
1685 5259 
1685 6178 
1685 6595 
1696 1892 
1696 3842 
1696 4001 
1696 6560 
1696 6979 
1711 5156 
1748 1812 
1748 3651 
1748 4505 
1748 6582 
1770 2161 
1786 4104 
1794 49 
1794 113 
1794 2161 
1794 3260 
1794 6006 
1794 6178 
1794 6574 
1794 6575 
1794 6583 
1794 6636 
1794 6925 
1812 1748 
1812 6636 
1812 6679 
1813 270 
1813 2958 
1821 6731 
1859 2161 
1880 1882 
1880 3062 
1880 4722 
1882 1880 
1882 3062 
1882 6449 
1882 6589 
1887 4380 
1887 6510 
1887 6639 
1892 90 
1892 975 
1892 1696 
1892 3608 
1892 4842 
1892 5037 
1892 5259 
1892 6259 
1892 6569 
1892 6731 
1895 653 
1897 3079 
1897 3800 
1897 5977 
1897 6566 
1941 6178 
1957 103 
1957 158 
1957 270 
1957 1397 
1957 2366 
1957 2706 
1957 2958 
1957 3021 
1957 3170 
1957 3172 
1957 3346 
1957 3403 
1957 3664 
1957 3704 
1957 3725 
1957 3777 
1957 3900 
1957 4015 
1957 4104 
1957 4680 
1957 5031 
1957 5261 
1957 6555 
1957 6556 
1957 6615 
1957 6626 
1957 6674 
1957 6680 
1957 6712 
1957 6787 
1957 7013 
1957 7020 
1960 6610 
1973 92 
1973 1205 
1973 1348 
1973 2461 
1973 4760 
1973 5156 
1973 5601 
1973 6577 
2031 28 
2031 5784 
2056 468 
2056 652 
2056 4067 
2056 4077 
2056 6627 
2056 6628 
2124 1156 
2124 2366 
2124 2941 
2124 3272 
2124 5414 
2161 13 
2161 49 
2161 89 
2161 410 
2161 540 
2161 1564 
2161 1770 
2161 1794 
2161 1859 
2161 2435 
2161 2682 
2161 3009 
2161 3058 
2161 3298 
2161 3848 
2161 4186 
2161 4265 
2161 5929 
2161 6030 
2161 6070 
2161 6178 
2161 6449 
2161 6574 
2161 6604 
2161 6619 
2161 6925 
2161 6982 
2165 2366 
2165 6589 
2165 6682 
2168 2168 
2212 3959 
2215 3144 
2216 3783 
2220 3172 
2242 2366 
2250 264 
2250 840 
2250 1350 
2250 2897 
2250 3060 
2250 3260 
2250 4001 
2250 4223 
2250 5037 
2250 6589 
2250 6590 
2250 6600 
2250 6980 
2263 1156 
2288 4001 
2288 5037 
2293 6063 
2293 6613 
2293 6676 
2322 6799 
2366 58 
2366 319 
2366 1148 
2366 1156 
2366 1157 
2366 1957 
2366 2124 
2366 2165 
2366 2242 
2366 2638 
2366 2682 
2366 2923 
2366 3062 
2366 4137 
2366 4379 
2366 4565 
2366 4664 
2366 5000 
2366 5016 
2366 5037 
2366 5210 
2366 5264 
2366 6178 
2366 6268 
2366 6308 
2366 6351 
2366 6424 
2366 6449 
2366 6569 
2366 6586 
2366 6589 
2366 6597 
2366 6598 
2366 6599 
2366 6602 
2366 6610 
2366 6652 
2366 6662 
2366 6674 
2366 6696 
2366 6789 
2366 6790 
2366 6791 
2366 6972 
2385 221 
2385 511 
2401 5037 
2401 5702 
2401 6598 
2401 6604 
2402 3058 
2402 6178 
2402 6424 
2402 6972 
2408 6806 
2418 5037 
2423 6571 
2435 113 
2435 2161 
2435 3260 
2435 4941 
2435 5901 
2435 6583 
2438 2461 
2440 19 
2440 445 
2440 842 
2440 4445 
2440 4516 
2440 4565 
2440 6610 
2440 6642 
2452 72 
2452 2682 
2452 5901 
2461 49 
2461 883 
2461 1205 
2461 1502 
2461 1973 
2461 2438 
2461 2523 
2461 3983 
2461 4169 
2461 4484 
2461 5156 
2461 5702 
2461 6030 
2461 6178 
2461 6574 
2461 6776 
2461 6778 
2461 6779 
2461 6788 
2461 6815 
2461 6816 
2461 7030 
2461 7031 
2492 6978 
2515 1306 
2523 1205 
2523 1423 
2523 2461 
2523 5156 
2546 6638 
2575 3030 
2575 3617 
2575 4380 
2579 3927 
2579 4444 
2579 6637 
2579 6781 
2623 6820 
2635 4603 
2638 445 
2638 1148 
2638 1156 
2638 1157 
2638 2366 
2638 3062 
2638 4899 
2638 5016 
2638 5037 
2638 5200 
2638 5264 
2638 6268 
2638 6571 
2638 6573 
2663 1059 
2663 1156 
2663 5037 
2663 6582 
2663 6601 
2663 6764 
2663 6765 
2678 264 
2682 49 
2682 72 
2682 1067 
2682 2161 
2682 2366 
2682 2452 
2682 3009 
2682 3260 
2682 3626 
2682 4173 
2682 4941 
2682 5259 
2682 6006 
2682 6178 
2682 6574 
2682 6576 
2682 6583 
2682 6595 
2682 6604 
2682 6623 
2682 6652 
2682 6738 
2703 1044 
2703 6559 
2703 6561 
2720 221 
2720 511 
2745 1403 
2745 3613 
2745 4444 
2745 4559 
2745 5477 
2745 6176 
2745 6637 
2745 6783 
2745 8157 
2747 5200 
2747 6571 
2747 6573 
2759 4293 
2777 5027 
2787 4001 
2791 3738 
2812 4379 
2812 6970 
2822 72 
2822 1685 
2822 4161 
2836 6560 
2846 3050 
2866 2991 
2897 380 
2897 2250 
2897 5037 
2897 6646 
2897 6681 
2897 6682 
2923 380 
2923 917 
2923 1156 
2923 2366 
2923 5499 
2923 6646 
2923 6647 
2926 3030 
2926 4793 
2926 5729 
2926 6673 
2930 3058 
2933 6686 
2934 1139 
2934 5027 
2934 6675 
2941 370 
2941 2124 
2941 3097 
2941 3738 
2941 3859 
2941 4445 
2941 4464 
2941 6570 
2943 3859 
2947 4086 
2947 6666 
2950 4340 
2958 1813 
2972 28 
2972 3030 
2972 6623 
2974 473 
2974 5027 
2991 2866 
2991 3651 
2991 6773 
2998 6178 
3001 5099 
3003 4705 
3009 72 
3009 92 
3009 319 
3009 990 
3009 1205 
3009 1685 
3009 2161 
3009 2408 
3009 2682 
3009 3639 
3009 4161 
3009 4920 
3009 6178 
3009 6595 
3019 3725 
3019 3859 
3019 4565 
3021 250 
3021 1957 
3021 4104 
3030 609 
3030 1369 
3030 2575 
3030 2972 
3030 3062 
3030 3617 
3030 4793 
3030 6030 
3030 6138 
3030 6598 
3030 6623 
3041 6583 
3042 2897 
3042 5037 
3042 5702 
3042 6610 
3046 1403 
3050 2846 
3050 3144 
3054 1634 
3054 3717 
3058 2161 
3058 2402 
3058 2930 
3060 55 
3060 72 
3060 1243 
3060 2250 
3060 2706 
3060 2897 
3060 3734 
3060 4001 
3060 5037 
3060 5339 
3060 5702 
3060 5901 
3060 6146 
3060 6178 
3060 6585 
3060 6600 
3060 6653 
3060 6657 
3060 6970 
3062 68 
3062 1067 
3062 1156 
3062 1880 
3062 1882 
3062 2366 
3062 2638 
3062 3030 
3062 4731 
3062 5016 
3062 5210 
3062 6598 
3062 6630 
3062 6631 
3062 6658 
3062 6671 
3062 6673 
3062 6700 
3062 7017 
3065 2906 
3065 3272 
3065 3738 
3065 3869 
3065 4952 
3065 5414 
3065 6781 
3079 1897 
3079 5455 
3087 1036 
3089 6604 
3092 3403 
3097 2941 
3100 3279 
3107 67 
3107 4690 
3107 6604 
3109 49 
3109 1044 
3109 1205 
3109 6660 
3109 6767 
3109 6768 
3144 2215 
3144 3050 
3144 5117 
3144 7018 
3170 653 
3170 1957 
3170 6571 
3170 6612 
3172 158 
3172 270 
3172 1957 
3172 2220 
3172 3725 
3172 3803 
3172 4050 
3172 4716 
3172 4722 
3172 5031 
3172 5229 
3172 6555 
3175 51 
3175 90 
3175 840 
3175 3177 
3175 5808 
3176 6580 
3177 6580 
3191 270 
3191 4378 
3191 6614 
3199 5642 
3208 3366 
3208 6508 
3260 13 
3260 49 
3260 72 
3260 89 
3260 319 
3260 1067 
3260 1794 
3260 2250 
3260 2435 
3260 2682 
3260 3651 
3260 3848 
3260 5901 
3260 6146 
3260 6178 
3260 6424 
3260 6574 
3260 6582 
3260 6621 
3260 6972 
3272 82 
3272 1156 
3272 2124 
3272 3065 
3272 4086 
3272 6268 
3272 6601 
3272 6610 
3272 6652 
3272 6666 
3275 3639 
3275 5259 
3275 6569 
3279 3100 
3279 5008 
3285 48 
3285 4588 
3292 6424 
3292 6972 
3294 3963 
3298 72 
3298 2161 
3328 67 
3328 4067 
3328 6449 
3328 6604 
3346 48 
3346 1957 
3347 1306 
3350 6073 
3356 587 
3356 5037 
3364 3639 
3366 3208 
3366 6686 
3367 1116 
3367 5901 
3367 6178 
3367 6697 
3367 6698 
3403 58 
3403 158 
3403 370 
3403 1059 
3403 1397 
3403 1957 
3403 3021 
3403 3092 
3403 3704 
3403 6611 
3403 6615 
3403 6680 
3413 5901 
3413 6178 
3424 3738 
3425 4001 
3425 5037 
3429 6569 
3437 6178 
3491 1510 
3491 3522 
3501 1385 
3507 221 
3507 511 
3520 3522 
3522 3491 
3522 3520 
3522 6638 
3582 72 
3582 990 
3582 2408 
3608 615 
3608 1892 
3608 3869 
3608 4380 
3608 4394 
3608 6601 
3613 2745 
3613 5027 
3613 8154 
3617 3030 
3617 3738 
3617 5673 
3617 6673 
3626 1004 
3626 2682 
3626 4952 
3626 6574 
3636 3704 
3639 55 
3639 979 
3639 1001 
3639 3009 
3639 3275 
3639 3364 
3639 3763 
3639 4333 
3639 4363 
3639 6678 
3648 164 
3651 72 
3651 284 
3651 319 
3651 1748 
3651 2991 
3651 3260 
3651 4001 
3651 5901 
3651 6178 
3651 6582 
3651 6595 
3651 6763 
3651 6971 
3658 6651 
3664 1957 
3678 531 
3678 5175 
3678 6606 
3678 6756 
3680 6555 
3704 250 
3704 270 
3704 1957 
3704 2991 
3704 3636 
3717 3054 
3717 5195 
3721 5901 
3721 6178 
3725 1957 
3725 3019 
3734 395 
3734 540 
3734 541 
3734 979 
3734 2366 
3734 3060 
3734 4001 
3734 5950 
3734 6146 
3734 6584 
3734 6585 
3734 6586 
3734 6587 
3734 6589 
3734 6590 
3738 67 
3738 72 
3738 87 
3738 90 
3738 92 
3738 250 
3738 399 
3738 410 
3738 419 
3738 613 
3738 615 
3738 665 
3738 887 
3738 975 
3738 1022 
3738 1156 
3738 1464 
3738 1882 
3738 1895 
3738 2366 
3738 2663 
3738 2791 
3738 2906 
3738 2941 
3738 3009 
3738 3065 
3738 3424 
3738 3617 
3738 3797 
3738 3803 
3738 3869 
3738 3960 
3738 3989 
3738 4198 
3738 4262 
3738 4310 
3738 4444 
3738 4445 
3738 4481 
3738 4537 
3738 4565 
3738 4703 
3738 4729 
3738 4772 
3738 4840 
3738 5107 
3738 5134 
3738 5200 
3738 5216 
3738 5229 
3738 5414 
3738 5499 
3738 5533 
3738 5845 
3738 5921 
3738 6259 
3738 6370 
3738 6449 
3738 6555 
3738 6557 
3738 6562 
3738 6571 
3738 6573 
3738 6575 
3738 6585 
3738 6598 
3738 6602 
3738 6604 
3738 6613 
3738 6632 
3738 6637 
3738 6645 
3738 6661 
3738 6662 
3738 6666 
3738 6668 
3738 6670 
3738 6683 
3738 6711 
3738 6717 
3738 6734 
3738 6738 
3738 6743 
3738 6781 
3738 6978 
3738 7013 
3738 7054 
3738 8126 
3738 8127 
3738 8129 
3738 8130 
3752 158 
3752 3725 
3752 5031 
3752 5229 
3752 5261 
3752 6084 
3752 6555 
3752 6556 
3752 6601 
3752 6611 
3752 6680 
3763 3639 
3777 1957 
3777 6117 
3777 6591 
3778 4001 
3778 4760 
3778 6577 
3785 6569 
3790 6720 
3797 3738 
3798 6569 
3800 1897 
3800 6566 
3803 3172 
3803 3738 
3803 4001 
3803 5037 
3803 5229 
3803 6555 
3842 4707 
3842 6638 
3848 598 
3848 1067 
3848 2161 
3848 3260 
3859 2941 
3859 2943 
3859 3019 
3859 4565 
3869 613 
3869 615 
3869 820 
3869 1508 
3869 3065 
3869 3738 
3869 4394 
3869 4498 
3869 5216 
3869 5601 
3869 6781 
3869 6818 
3881 6569 
3888 6174 
3900 1957 
3901 6683 
3901 6686 
3901 6819 
3927 2579 
3927 4444 
3927 6637 
3927 6781 
3947 49 
3947 5901 
3947 6178 
3947 6583 
3951 3491 
3959 243 
3959 2212 
3983 1036 
3983 1205 
3983 1423 
3983 2461 
3983 5156 
3983 6778 
3983 6788 
3983 6965 
3989 653 
3989 3738 
3989 6662 
4001 55 
4001 58 
4001 67 
4001 72 
4001 264 
4001 284 
4001 380 
4001 587 
4001 840 
4001 1000 
4001 1060 
4001 1348 
4001 1696 
4001 2250 
4001 2288 
4001 2787 
4001 3060 
4001 3425 
4001 3651 
4001 3734 
4001 3803 
4001 4245 
4001 4703 
4001 5037 
4001 5259 
4001 5334 
4001 5414 
4001 5702 
4001 5945 
4001 6146 
4001 6449 
4001 6582 
4001 6590 
4001 6600 
4001 6621 
4001 6622 
4001 6624 
4001 6646 
4001 6656 
4001 6657 
4001 6681 
4001 6701 
4015 1957 
4015 6615 
4015 6680 
4020 65 
4020 625 
4020 712 
4020 899 
4020 1397 
4020 1553 
4020 4265 
4020 4333 
4020 5261 
4020 5874 
4020 6170 
4020 6233 
4020 6611 
4020 6729 
4041 5729 
4050 3172 
4050 6555 
4067 2056 
4067 3328 
4067 4417 
4067 5922 
4067 6449 
4067 6582 
4067 6667 
4076 5901 
4076 6557 
4077 72 
4077 2056 
4077 6238 
4077 6424 
4086 1960 
4086 2947 
4086 3272 
4086 5792 
4086 6424 
4086 6610 
4086 6666 
4086 6972 
4104 250 
4104 1786 
4104 1957 
4104 3021 
4137 72 
4137 319 
4137 630 
4137 1156 
4137 1157 
4137 2366 
4137 6178 
4147 5027 
4153 886 
4153 4380 
4161 72 
4161 2822 
4161 3009 
4161 6070 
4161 6178 
4161 6674 
4161 6983 
4169 2461 
4173 49 
4173 2682 
4173 6178 
4173 6574 
4173 6579 
4186 2161 
4223 58 
4223 2250 
4245 4001 
4262 653 
4262 3738 
4265 712 
4265 2161 
4265 3491 
4265 4020 
4265 4333 
4265 4920 
4265 6618 
4265 6619 
4274 5149 
4279 5037 
4293 2759 
4309 6654 
4310 3738 
4332 5383 
4333 220 
4333 3639 
4333 4020 
4333 4265 
4333 5261 
4333 6611 
4333 6619 
4340 2950 
4353 5689 
4353 5901 
4353 6178 
4363 3639 
4378 3191 
4379 2366 
4379 2812 
4379 5016 
4379 6607 
4380 570 
4380 886 
4380 1887 
4380 2575 
4380 3608 
4380 4153 
4380 4394 
4380 4952 
4380 5601 
4380 5656 
4380 5729 
4380 6259 
4380 6629 
4380 6631 
4380 6638 
4380 6640 
4380 6641 
4394 3608 
4394 3869 
4394 4380 
4394 5601 
4394 6259 
4417 4067 
4417 6449 
4444 2745 
4444 4559 
4444 6661 
4444 6750 
4445 364 
4445 370 
4445 419 
4445 2440 
4445 2941 
4445 3738 
4445 5142 
4445 5200 
4445 5414 
4445 6554 
4445 6570 
4445 6573 
4461 5945 
4464 319 
4464 370 
4464 1200 
4464 2941 
4464 6554 
4481 3738 
4481 5901 
4481 6178 
4481 6555 
4481 6570 
4484 370 
4484 1200 
4484 2461 
4484 4445 
4484 4464 
4484 5156 
4484 6554 
4484 6570 
4498 615 
4498 3869 
4498 6176 
4505 1748 
4505 5081 
4507 245 
4507 6786 
4516 2440 
4537 3738 
4538 58 
4538 917 
4559 1403 
4559 2745 
4559 4444 
4559 6637 
4559 6661 
4565 653 
4565 2366 
4565 2440 
4565 3019 
4565 3738 
4565 3859 
4565 5921 
4588 3285 
4595 5037 
4603 4603 
4608 90 
4616 103 
4616 5128 
4626 93 
4626 6599 
4640 6623 
4664 1036 
4664 1067 
4664 1156 
4664 1188 
4664 2366 
4664 5656 
4664 5784 
4664 5923 
4664 6424 
4664 6598 
4664 6604 
4664 6623 
4664 6972 
4665 5027 
4665 5901 
4680 1957 
4690 3107 
4703 3738 
4703 4001 
4705 3003 
4707 3842 
4707 6702 
4707 6731 
4707 6979 
4716 3172 
4716 6555 
4722 1880 
4722 3172 
4729 5027 
4731 3062 
4731 6623 
4731 6672 
4737 5027 
4746 6555 
4760 1973 
4760 3778 
4760 6577 
4772 5037 
4793 3030 
4793 6690 
4797 6569 
4802 5196 
4827 5901 
4827 6178 
4827 6583 
4830 1529 
4833 6558 
4840 3738 
4842 1892 
4880 899 
4880 1398 
4880 4616 
4880 6733 
4897 68 
4897 1067 
4897 6449 
4899 1156 
4899 1157 
4899 2638 
4899 5000 
4900 5259 
4920 3009 
4920 4265 
4920 6619 
4927 6610 
4941 72 
4941 975 
4941 2435 
4941 2682 
4941 5037 
4941 5901 
4941 6178 
4942 712 
4952 353 
4952 512 
4952 886 
4952 3065 
4952 3626 
4952 4380 
4952 5673 
4985 470 
4985 5784 
4993 6569 
5000 2366 
5000 4899 
5008 3279 
5016 2366 
5016 2638 
5016 3062 
5016 4379 
5016 6598 
5031 270 
5031 1957 
5031 3170 
5031 3172 
5031 6556 
5031 6680 
5037 51 
5037 55 
5037 72 
5037 87 
5037 93 
5037 264 
5037 370 
5037 380 
5037 404 
5037 533 
5037 587 
5037 840 
5037 1059 
5037 1060 
5037 1123 
5037 1485 
5037 1892 
5037 2250 
5037 2288 
5037 2366 
5037 2401 
5037 2418 
5037 2638 
5037 2663 
5037 2897 
5037 3042 
5037 3060 
5037 3356 
5037 3425 
5037 3803 
5037 3842 
5037 4001 
5037 4279 
5037 4595 
5037 4772 
5037 4941 
5037 5259 
5037 5376 
5037 5702 
5037 5788 
5037 5945 
5037 6146 
5037 6178 
5037 6251 
5037 6557 
5037 6562 
5037 6574 
5037 6582 
5037 6584 
5037 6585 
5037 6590 
5037 6598 
5037 6600 
5037 6604 
5037 6624 
5037 6636 
5037 6655 
5037 6657 
5037 6672 
5037 6681 
5037 6701 
5037 6721 
5037 6722 
5037 6970 
5037 6979 
5037 6980 
5063 5027 
5081 65 
5081 4505 
5099 3001 
5100 5027 
5107 3738 
5117 3144 
5128 4616 
5134 3738 
5142 4445 
5142 6555 
5142 6570 
5149 4274 
5149 6814 
5156 544 
5156 1036 
5156 1205 
5156 1423 
5156 1711 
5156 1973 
5156 2461 
5156 2523 
5156 3983 
5156 4484 
5156 5945 
5156 6595 
5156 6776 
5156 6777 
5156 6778 
5156 6779 
5169 6613 
5175 3678 
5175 6605 
5175 6606 
5175 6607 
5196 4802 
5200 2638 
5200 2747 
5200 3738 
5200 4445 
5200 5901 
5200 6178 
5200 6555 
5200 6571 
5200 6573 
5200 6656 
5210 1156 
5210 2366 
5210 3062 
5210 6308 
5216 615 
5216 3738 
5216 3869 
5216 6683 
5229 1200 
5229 3092 
5229 3172 
5229 3725 
5229 3738 
5229 3752 
5229 3803 
5229 4445 
5229 5031 
5229 5261 
5229 5901 
5229 6084 
5229 6178 
5229 6555 
5229 6556 
5229 6571 
5229 6611 
5259 49 
5259 68 
5259 72 
5259 975 
5259 1473 
5259 1685 
5259 1892 
5259 2682 
5259 3275 
5259 4001 
5259 4900 
5259 5037 
5259 6030 
5259 6178 
5259 6574 
5259 6576 
5259 6578 
5259 6579 
5259 6580 
5259 6975 
5261 1957 
5261 4020 
5261 4333 
5264 1156 
5264 1157 
5264 2366 
5264 2638 
5264 4899 
5264 5000 
5264 6594 
5264 6598 
5264 6602 
5312 6676 
5324 5027 
5334 72 
5334 90 
5334 6563 
5339 587 
5339 3060 
5339 5037 
5343 6070 
5343 6674 
5343 6793 
5343 6983 
5359 113 
5359 6178 
5359 6569 
5366 5901 
5366 6178 
5376 5037 
5383 1553 
5383 4332 
5383 6620 
5391 5901 
5391 6178 
5398 6627 
5414 319 
5414 2124 
5414 3065 
5414 3738 
5414 4001 
5414 4445 
5414 6178 
5417 5027 
5455 3079 
5455 5977 
5461 6449 
5477 1403 
5477 2745 
5477 6030 
5477 6176 
5494 653 
5494 6609 
5499 653 
5499 2923 
5499 3738 
5533 67 
5533 6449 
5533 6604 
5533 6665 
5601 665 
5601 1973 
5601 3869 
5601 4380 
5601 4394 
5601 6259 
5601 6308 
5601 6616 
5601 6638 
5623 3172 
5623 3704 
5623 6640 
5639 410 
5639 6604 
5642 3199 
5656 4380 
5656 4664 
5656 6623 
5656 6629 
5660 1156 
5673 3617 
5673 4952 
5689 4353 
5691 220 
5691 319 
5691 1156 
5702 68 
5702 1067 
5702 1157 
5702 1205 
5702 2401 
5702 2461 
5702 3042 
5702 3060 
5702 4001 
5702 5037 
5702 5784 
5702 5923 
5702 6623 
5703 49 
5703 6574 
5722 6569 
5729 609 
5729 1473 
5729 2926 
5729 4041 
5729 4380 
5729 6623 
5729 6673 
5736 6569 
5784 68 
5784 1036 
5784 1067 
5784 2031 
5784 4664 
5784 4985 
5784 5702 
5784 5923 
5784 6178 
5784 6598 
5784 6604 
5784 6623 
5787 1148 
5788 5037 
5788 6569 
5792 4086 
5799 6780 
5808 3175 
5808 5901 
5808 6178 
5808 6555 
5825 49 
5825 5901 
5825 6178 
5835 6716 
5845 6449 
5845 6596 
5845 6603 
5874 4020 
5899 6568 
5901 49 
5901 72 
5901 87 
5901 90 
5901 516 
5901 975 
5901 1067 
5901 1243 
5901 2435 
5901 2452 
5901 3009 
5901 3060 
5901 3260 
5901 3367 
5901 3413 
5901 3582 
5901 3651 
5901 3721 
5901 3947 
5901 4076 
5901 4353 
5901 4481 
5901 4665 
5901 4827 
5901 4941 
5901 5200 
5901 5229 
5901 5366 
5901 5391 
5901 5808 
5901 5825 
5901 6178 
5901 6571 
5901 6573 
5901 6574 
5901 6575 
5901 6576 
5901 6579 
5901 6588 
5901 6600 
5901 6652 
5901 6709 
5901 6711 
5901 6734 
5901 6739 
5901 6750 
5901 6754 
5901 6755 
5901 6925 
5901 6975 
5901 7013 
5901 7017 
5921 653 
5921 3738 
5921 4565 
5922 4067 
5923 68 
5923 1036 
5923 1067 
5923 1156 
5923 4664 
5923 5702 
5923 5784 
5929 72 
5929 2161 
5929 6063 
5929 6560 
5929 6613 
5929 6627 
5929 6676 
5945 1156 
5945 4001 
5945 4461 
5945 5037 
5945 5156 
5946 339 
5950 380 
5950 3734 
5977 1897 
5977 5455 
6006 1794 
6006 2682 
6006 6561 
6006 6574 
6006 6587 
6006 6654 
6006 6655 
6006 6706 
6029 204 
6029 6638 
6030 49 
6030 87 
6030 90 
6030 92 
6030 2161 
6030 2461 
6030 3030 
6030 5259 
6030 5477 
6030 6176 
6030 6178 
6063 2293 
6063 5929 
6063 6613 
6063 6676 
6070 2161 
6070 4161 
6070 5343 
6070 6178 
6073 3350 
6084 3752 
6084 5229 
6084 6571 
6128 6723 
6138 3030 
6140 6140 
6140 6716 
6145 6178 
6146 3060 
6146 3260 
6146 3734 
6146 4001 
6146 5037 
6146 6585 
6146 6589 
6146 6600 
6146 6657 
6146 6970 
6170 4020 
6174 3888 
6174 6259 
6176 1628 
6176 2745 
6176 4498 
6176 5477 
6176 6030 
6176 6661 
6176 6750 
6178 49 
6178 72 
6178 87 
6178 113 
6178 445 
6178 516 
6178 653 
6178 842 
6178 887 
6178 975 
6178 990 
6178 1067 
6178 1205 
6178 1243 
6178 1685 
6178 1794 
6178 1941 
6178 2161 
6178 2366 
6178 2402 
6178 2461 
6178 2682 
6178 2998 
6178 3009 
6178 3060 
6178 3260 
6178 3367 
6178 3413 
6178 3437 
6178 3651 
6178 3721 
6178 3947 
6178 4137 
6178 4161 
6178 4173 
6178 4353 
6178 4481 
6178 4827 
6178 4941 
6178 5037 
6178 5200 
6178 5229 
6178 5259 
6178 5359 
6178 5366 
6178 5391 
6178 5414 
6178 5784 
6178 5808 
6178 5825 
6178 5901 
6178 6030 
6178 6070 
6178 6145 
6178 6238 
6178 6449 
6178 6560 
6178 6571 
6178 6573 
6178 6574 
6178 6576 
6178 6578 
6178 6579 
6178 6580 
6178 6582 
6178 6583 
6178 6588 
6178 6595 
6178 6600 
6178 6652 
6178 6663 
6178 6701 
6178 6709 
6178 6711 
6178 6734 
6178 6739 
6178 6749 
6178 6750 
6178 6752 
6178 6753 
6178 6754 
6178 6755 
6178 6964 
6178 6975 
6178 6982 
6178 7013 
6233 4020 
6238 4077 
6238 6178 
6251 5037 
6259 665 
6259 1892 
6259 3738 
6259 4380 
6259 4394 
6259 5601 
6259 6174 
6268 1148 
6268 1157 
6268 2366 
6268 2638 
6268 3272 
6268 6449 
6268 6610 
6308 1156 
6308 2366 
6308 3418 
6308 5210 
6308 5601 
6308 6449 
6308 6610 
6351 2366 
6351 6598 
6369 653 
6372 6567 
6372 6568 
6424 19 
6424 49 
6424 68 
6424 1036 
6424 1067 
6424 1156 
6424 1157 
6424 2366 
6424 2402 
6424 3260 
6424 3292 
6424 4077 
6424 4664 
6424 6604 
6424 6708 
6424 6724 
6424 7017 
6449 67 
6449 72 
6449 319 
6449 410 
6449 842 
6449 1156 
6449 1882 
6449 2161 
6449 2366 
6449 3328 
6449 3738 
6449 4001 
6449 4067 
6449 4417 
6449 4897 
6449 5461 
6449 5533 
6449 5845 
6449 6178 
6449 6268 
6449 6308 
6449 6582 
6449 6590 
6449 6604 
6449 6610 
6449 6633 
6449 6665 
6449 6666 
6449 6667 
6449 6668 
6491 1067 
6491 6583 
6508 3208 
6508 6812 
6508 6813 
6510 1887 
6554 370 
6554 1200 
6554 4445 
6554 4464 
6554 4484 
6554 6570 
6554 6642 
6555 270 
6555 364 
6555 1001 
6555 1397 
6555 1957 
6555 3172 
6555 3680 
6555 3738 
6555 3803 
6555 4050 
6555 4481 
6555 4716 
6555 4746 
6555 5142 
6555 5200 
6555 5229 
6555 5808 
6555 6556 
6555 6570 
6555 6571 
6555 6573 
6555 6709 
6555 6711 
6555 6734 
6555 6736 
6556 1957 
6556 3704 
6556 6555 
6556 6571 
6556 6573 
6557 1044 
6557 1156 
6557 5037 
6557 6558 
6557 6560 
6558 1044 
6558 4833 
6558 6557 
6558 6562 
6558 6659 
6558 6660 
6559 1044 
6559 2703 
6559 6557 
6559 6561 
6559 6629 
6560 365 
6560 608 
6560 1696 
6560 2836 
6560 5929 
6560 6178 
6560 6557 
6560 6734 
6560 6765 
6560 6805 
6560 7147 
6561 2703 
6561 6006 
6561 6557 
6561 6559 
6562 399 
6562 1044 
6562 5037 
6562 6558 
6562 6623 
6563 51 
6563 58 
6563 370 
6563 380 
6563 519 
6563 5334 
6563 6646 
6566 1897 
6566 3800 
6567 6372 
6567 6568 
6567 6569 
6568 1067 
6568 5899 
6568 6372 
6568 6567 
6568 6663 
6568 6664 
6568 7017 
6569 319 
6569 395 
6569 887 
6569 1892 
6569 2366 
6569 3275 
6569 3429 
6569 3785 
6569 3798 
6569 3881 
6569 4797 
6569 4993 
6569 5359 
6569 5722 
6569 5736 
6569 5788 
6569 6567 
6569 6709 
6569 6741 
6569 6744 
6569 7016 
6570 364 
6570 2941 
6570 4445 
6570 4481 
6570 5142 
6570 6554 
6570 6555 
6570 6642 
6571 653 
6571 2638 
6571 2747 
6571 3738 
6571 4445 
6571 5200 
6571 5229 
6571 5901 
6571 6084 
6571 6178 
6571 6555 
6571 6556 
6571 6571 
6571 6610 
6571 6611 
6571 6613 
6573 653 
6573 2638 
6573 2747 
6573 3738 
6573 4445 
6573 5200 
6573 5901 
6573 6178 
6573 6555 
6573 6556 
6574 49 
6574 72 
6574 1205 
6574 1794 
6574 2161 
6574 2461 
6574 2682 
6574 3260 
6574 3626 
6574 4173 
6574 5037 
6574 5259 
6574 5703 
6574 5901 
6574 6006 
6574 6178 
6574 6583 
6574 6595 
6574 6759 
6575 990 
6575 1205 
6575 1794 
6575 2408 
6575 5901 
6575 6621 
6575 6642 
6576 2682 
6576 5259 
6576 5901 
6576 6178 
6577 89 
6577 975 
6577 1067 
6577 1973 
6577 3778 
6577 4760 
6577 6795 
6577 6804 
6578 92 
6578 990 
6578 5259 
6578 6178 
6579 90 
6579 4173 
6579 5259 
6579 5901 
6579 6178 
6579 6749 
6580 380 
6580 2958 
6580 3176 
6580 3177 
6580 5259 
6580 6178 
6582 55 
6582 72 
6582 319 
6582 1748 
6582 2663 
6582 3260 
6582 3651 
6582 4001 
6582 4067 
6582 5037 
6582 6178 
6582 6449 
6582 6590 
6582 6604 
6582 6636 
6582 6652 
6582 6655 
6582 6679 
6582 6738 
6582 6971 
6583 49 
6583 72 
6583 87 
6583 1794 
6583 2435 
6583 2682 
6583 3041 
6583 3947 
6583 4827 
6583 6178 
6583 6491 
6583 6574 
6583 6735 
6583 7017 
6584 250 
6584 270 
6584 395 
6584 3734 
6584 5037 
6584 6585 
6585 984 
6585 3060 
6585 3734 
6585 3738 
6585 5037 
6585 6146 
6585 6584 
6585 6587 
6585 6811 
6586 2366 
6587 3734 
6587 6006 
6587 6585 
6588 5901 
6588 6178 
6589 319 
6589 1882 
6589 2165 
6589 2250 
6589 2366 
6589 3734 
6589 6146 
6589 6604 
6590 49 
6590 55 
6590 72 
6590 2250 
6590 3734 
6590 4001 
6590 5037 
6590 6582 
6590 6595 
6590 6636 
6590 6654 
6590 6666 
6590 6738 
6590 6782 
6591 3777 
6592 476 
6592 1139 
6593 6704 
6594 1157 
6594 5264 
6595 49 
6595 72 
6595 284 
6595 1156 
6595 1205 
6595 1685 
6595 2682 
6595 3009 
6595 3651 
6595 5156 
6595 6178 
6595 6574 
6595 6590 
6595 6623 
6595 6788 
6596 1464 
6596 5845 
6596 6978 
6597 1156 
6597 2366 
6598 68 
6598 609 
6598 1067 
6598 1156 
6598 2366 
6598 2401 
6598 3030 
6598 3062 
6598 4664 
6598 5016 
6598 5037 
6598 5264 
6598 5784 
6598 6351 
6598 6600 
6598 6623 
6598 6630 
6598 6631 
6598 6672 
6598 6673 
6599 1156 
6599 2366 
6600 1156 
6600 2250 
6600 3060 
6600 4001 
6600 5037 
6600 5901 
6600 6146 
6600 6178 
6600 6598 
6601 67 
6601 1156 
6601 2663 
6601 3272 
6601 3608 
6601 3752 
6602 1156 
6602 2366 
6602 3738 
6602 5264 
6603 5845 
6603 6978 
6604 19 
6604 67 
6604 72 
6604 410 
6604 511 
6604 1067 
6604 1156 
6604 1628 
6604 2161 
6604 2401 
6604 2682 
6604 3089 
6604 3107 
6604 3328 
6604 4198 
6604 4664 
6604 5037 
6604 5533 
6604 5639 
6604 5784 
6604 6424 
6604 6449 
6604 6582 
6604 6589 
6604 6623 
6604 6627 
6604 6629 
6604 6667 
6604 6668 
6604 6693 
6604 6781 
6604 6972 
6605 5175 
6605 6607 
6605 6756 
6606 531 
6606 1483 
6606 3678 
6606 5175 
6606 6757 
6607 531 
6607 4379 
6607 5175 
6607 6605 
6608 1517 
6609 5494 
6610 380 
6610 1960 
6610 2366 
6610 2440 
6610 3042 
6610 3272 
6610 4086 
6610 4927 
6610 6178 
6610 6268 
6610 6308 
6610 6449 
6610 6571 
6610 6652 
6610 6656 
6610 6666 
6610 6695 
6610 6699 
6610 6717 
6610 6789 
6610 6790 
6610 6798 
6611 468 
6611 3403 
6611 4020 
6611 4333 
6611 6571 
6611 6627 
6612 3170 
6613 2293 
6613 2635 
6613 5169 
6613 5929 
6613 6063 
6613 6571 
6613 6676 
6614 3191 
6615 653 
6615 1957 
6615 3403 
6615 3704 
6615 4015 
6616 5601 
6617 1464 
6618 4265 
6619 2161 
6619 4265 
6619 4333 
6619 4920 
6619 6759 
6619 6785 
6620 5383 
6621 3260 
6621 4001 
6621 6575 
6622 4001 
6623 68 
6623 365 
6623 531 
6623 1067 
6623 2682 
6623 2972 
6623 3030 
6623 4640 
6623 4664 
6623 4731 
6623 5656 
6623 5702 
6623 5729 
6623 5784 
6623 6562 
6623 6598 
6623 6604 
6623 6631 
6623 6672 
6623 6673 
6623 6708 
6623 6738 
6623 6807 
6624 68 
6624 4001 
6624 5037 
6625 1672 
6626 1957 
6627 652 
6627 2056 
6627 5398 
6627 5929 
6627 6449 
6627 6611 
6627 6745 
6628 2056 
6629 531 
6629 4380 
6629 5656 
6629 6559 
6629 6604 
6629 6738 
6630 3062 
6630 6598 
6631 3062 
6631 4380 
6631 6598 
6631 6623 
6631 6673 
6631 6772 
6632 72 
6632 3738 
6633 6449 
6634 630 
6636 49 
6636 72 
6636 1794 
6636 1812 
6636 5037 
6636 6582 
6636 6590 
6637 2745 
6637 4559 
6638 1306 
6638 2515 
6638 2546 
6638 3522 
6638 3842 
6638 6029 
6638 6981 
6639 1887 
6640 4380 
6640 5623 
6641 4380 
6642 2440 
6642 6554 
6642 6570 
6642 6575 
6645 653 
6645 3738 
6646 2897 
6646 2923 
6646 4001 
6646 6563 
6646 6652 
6647 2923 
6648 6690 
6651 3658 
6652 58 
6652 72 
6652 380 
6652 2366 
6652 2682 
6652 3272 
6652 5901 
6652 6178 
6652 6582 
6652 6610 
6652 6646 
6652 6656 
6652 6925 
6653 3060 
6654 4309 
6654 6006 
6654 6590 
6654 6686 
6654 6772 
6655 55 
6655 5037 
6655 6006 
6655 6582 
6656 380 
6656 840 
6656 4001 
6656 5200 
6656 6610 
6656 6652 
6656 6666 
6656 6682 
6657 3060 
6657 4001 
6657 5037 
6658 3062 
6658 6671 
6659 6558 
6660 3109 
6660 6558 
6660 6768 
6661 653 
6661 3738 
6661 4444 
6661 4559 
6661 5027 
6661 6176 
6662 653 
6662 2366 
6662 3738 
6662 3989 
6663 49 
6663 6178 
6663 6568 
6664 674 
6664 6568 
6664 6664 
6665 5533 
6665 6449 
6666 1148 
6666 1634 
6666 2579 
6666 2947 
6666 3272 
6666 3927 
6666 4086 
6666 6449 
6666 6590 
6666 6610 
6666 6656 
6666 6695 
6666 6699 
6666 6781 
6667 67 
6667 4067 
6667 6604 
6668 19 
6668 6449 
6668 6604 
6670 2579 
6670 3927 
6670 7030 
6671 3062 
6671 6658 
6671 6672 
6672 4731 
6672 5037 
6672 6598 
6672 6623 
6672 6671 
6672 6700 
6673 609 
6673 3062 
6673 3617 
6673 5729 
6673 6598 
6673 6623 
6673 6631 
6674 1957 
6674 2366 
6674 4161 
6674 5343 
6675 630 
6675 1139 
6675 2934 
6676 10 
6676 2293 
6676 5312 
6676 5929 
6676 6063 
6676 6613 
6677 72 
6678 3639 
6679 55 
6679 72 
6679 1812 
6679 6582 
6680 1059 
6680 1957 
6680 3403 
6680 3704 
6680 4015 
6680 6571 
6681 2897 
6681 4001 
6681 5037 
6682 58 
6682 2165 
6682 2897 
6682 6656 
6683 438 
6683 519 
6683 3901 
6684 58 
6685 58 
6685 1059 
6685 3704 
6686 824 
6686 2933 
6686 3366 
6686 3901 
6686 6654 
6686 6687 
6686 6688 
6686 6689 
6687 6686 
6687 6688 
6688 6686 
6688 6687 
6688 6800 
6689 6686 
6690 4793 
6690 6648 
6691 425 
6691 6692 
6691 6693 
6691 6694 
6692 6691 
6693 6691 
6694 6691 
6695 6610 
6695 6666 
6696 2366 
6697 3367 
6698 3367 
6699 72 
6699 6610 
6699 6666 
6700 3062 
6700 6672 
6701 4001 
6701 5037 
6701 6178 
6702 4707 
6703 939 
6703 1139 
6704 6593 
6705 891 
6706 49 
6706 6006 
6707 1067 
6708 1067 
6708 6424 
6708 6623 
6708 6972 
6709 5901 
6709 6178 
6709 6555 
6709 6569 
6710 220 
6711 3738 
6711 5901 
6711 6178 
6711 6555 
6712 1957 
6716 5835 
6716 6140 
6716 6716 
6717 6610 
6720 3790 
6722 58 
6722 5037 
6723 6128 
6724 6424 
6727 531 
6728 531 
6729 4020 
6730 264 
6731 1306 
6731 1510 
6731 1821 
6731 1892 
6731 4707 
6731 6769 
6732 1294 
6733 4880 
6734 3738 
6734 4285 
6734 5901 
6734 6178 
6734 6555 
6734 6560 
6735 6583 
6736 1272 
6736 5229 
6736 6555 
6738 28 
6738 2682 
6738 3738 
6738 6582 
6738 6590 
6738 6623 
6738 6629 
6739 5901 
6739 6178 
6741 6569 
6743 3738 
6744 6569 
6745 6627 
6749 49 
6749 6178 
6749 6579 
6749 6797 
6750 1403 
6750 4444 
6750 5901 
6750 6176 
6750 6178 
6750 6637 
6750 6816 
6752 6178 
6753 6178 
6754 5901 
6754 6178 
6755 5901 
6755 6178 
6756 3678 
6756 6605 
6756 6757 
6756 6758 
6757 6606 
6757 6756 
6757 6784 
6759 6574 
6759 6619 
6763 3651 
6764 2663 
6765 2663 
6765 6560 
6766 92 
6767 3109 
6768 3109 
6768 6660 
6769 6731 
6772 113 
6772 6631 
6772 6654 
6773 2991 
6774 6775 
6775 6774 
6776 1205 
6776 1423 
6776 2461 
6776 5156 
6776 6965 
6777 1205 
6777 5156 
6777 6788 
6778 2461 
6778 3983 
6778 5156 
6779 1036 
6779 1205 
6779 1423 
6779 2461 
6779 5156 
6779 7031 
6780 5799 
6781 615 
6781 2579 
6781 3065 
6781 3869 
6781 3927 
6781 6604 
6781 6666 
6782 365 
6782 6590 
6783 2745 
6784 6757 
6785 6619 
6786 245 
6786 4507 
6786 7020 
6787 1957 
6788 1205 
6788 1423 
6788 2461 
6788 3983 
6788 6595 
6788 6777 
6789 2366 
6789 6610 
6790 2366 
6790 6610 
6791 2366 
6793 5343 
6795 6577 
6797 6749 
6798 6610 
6800 6688 
6803 1387 
6804 6577 
6805 6560 
6806 990 
6806 2408 
6807 6623 
6811 6585 
6812 6508 
6812 6813 
6813 6508 
6813 6812 
6814 5149 
6815 1423 
6815 2461 
6816 2461 
6816 6750 
6818 615 
6818 3869 
6819 3901 
6820 2623 
6821 1067 
6821 7017 
6824 6825 
6824 6826 
6825 6824 
6826 6824 
6827 1036 
6829 2366 
6829 6594 
6925 1794 
6925 2161 
6925 5901 
6925 6652 
6927 98 
6948 6977 
6953 712 
6964 72 
6964 6178 
6965 3983 
6965 6776 
6970 2812 
6970 3060 
6970 5037 
6970 6146 
6971 3651 
6971 6582 
6972 19 
6972 49 
6972 68 
6972 1036 
6972 1067 
6972 1156 
6972 1157 
6972 2366 
6972 2402 
6972 3260 
6972 3292 
6972 4664 
6972 6604 
6972 6708 
6972 7017 
6975 92 
6975 5259 
6975 5901 
6975 6178 
6976 3418 
6977 6948 
6978 2492 
6978 6596 
6978 6603 
6979 4707 
6980 975 
6980 2250 
6980 5037 
6981 6638 
6982 2161 
6982 6178 
6983 4161 
6983 5343 
7013 1957 
7013 3738 
7013 5901 
7013 6178 
7016 6569 
7017 49 
7017 72 
7017 3062 
7017 5901 
7017 6424 
7017 6583 
7017 6972 
7018 3144 
7019 6638 
7020 4507 
7020 6786 
7020 8133 
7030 1205 
7030 2461 
7030 6670 
7031 1205 
7031 1423 
7031 2461 
7031 6779 
7147 6560 
7148 544 
7165 2546 
7165 2547 
7463 3054 
7478 3963 
8041 8122 
8041 8123 
8086 5508 
8144 3617 
8154 2885 
8157 5508 
8158 5027 
8159 5027 
