92 8145 
544 4178 
679 1782 
946 2813 
946 2936 
1156 5000 
1397 5031 
1397 5808 
1397 7053 
1489 6629 
1784 7069 
1812 609 
1985 1782 
2193 7063 
2291 5880 
2376 5880 
2423 6571 
2449 1784 
2851 7074 
2901 5261 
2936 2813 
3418 3021 
3418 7532 
3717 3054 
3799 1397 
3799 5031 
4015 6732 
4086 5792 
4109 946 
4109 2813 
4109 2936 
4242 4243 
4524 224 
5000 1156 
5000 7099 
5031 1397 
5031 5808 
5031 7053 
5037 587 
5096 6596 
5259 7076 
5312 3174 
5312 3799 
5312 6427 
5787 7002 
5808 1397 
5808 5031 
5851 3501 
5851 7508 
5880 217 
5880 2168 
5959 6427 
6151 4178 
6370 6654 
6556 1397 
6556 5031 
6556 5808 
6556 7053 
7013 7013 
7046 7013 
7047 7013 
7048 1803 
7053 1397 
7053 5808 
7056 946 
7056 2813 
7056 2936 
7056 4109 
7064 1941 
7064 3154 
7064 5808 
7064 5986 
7069 2449 
7477 3021 
7507 5261 
7534 1853 
