1 1770 
19 2124 
28 6562 
28 6808 
48 270 
48 3346 
48 3680 
48 6711 
49 72 
49 92 
49 284 
49 615 
49 840 
49 842 
49 1205 
49 1685 
49 1859 
49 2402 
49 2682 
49 3021 
49 3869 
49 4173 
49 5259 
49 5703 
49 6178 
49 6574 
49 6583 
49 6636 
49 6706 
49 7017 
51 90 
51 2250 
51 4001 
51 6569 
55 72 
55 380 
55 2401 
55 3060 
55 4001 
55 4772 
55 5037 
55 6569 
55 6582 
55 6590 
55 6636 
55 6646 
55 6655 
58 250 
58 270 
68 1067 
68 2359 
68 3260 
68 5784 
68 7017 
72 49 
72 55 
72 284 
72 319 
72 477 
72 615 
72 840 
72 990 
72 1156 
72 1205 
72 1685 
72 1794 
72 2056 
72 2408 
72 2546 
72 2682 
72 2822 
72 2923 
72 3009 
72 3272 
72 3651 
72 3869 
72 4001 
72 4103 
72 4285 
72 5037 
72 5259 
72 5901 
72 6030 
72 6178 
72 6301 
72 6575 
72 6582 
72 6583 
72 6590 
72 6595 
72 6653 
72 6655 
72 6679 
72 6763 
72 6782 
82 3272 
82 3859 
87 90 
87 92 
87 2682 
87 6178 
89 6982 
90 51 
90 87 
90 3154 
90 5259 
90 5334 
90 6178 
90 7029 
92 49 
92 87 
92 239 
92 1564 
92 1941 
92 3651 
92 4241 
92 4608 
92 4900 
92 6578 
92 6766 
93 5037 
98 599 
98 6927 
101 370 
102 4340 
103 1957 
113 1794 
113 3848 
158 270 
158 1957 
158 3704 
158 6555 
158 6611 
204 1979 
204 6937 
215 6654 
220 3292 
221 511 
221 4198 
239 92 
240 2759 
245 370 
245 3783 
250 58 
250 3704 
250 3752 
250 5229 
250 6571 
250 6580 
250 7013 
264 3062 
264 4001 
264 5037 
264 5601 
264 5845 
264 6730 
270 48 
270 58 
270 1957 
270 3403 
270 3704 
270 4464 
270 6684 
271 6006 
284 49 
284 72 
284 2250 
284 3060 
284 3651 
284 6178 
284 6595 
284 6662 
319 72 
319 3009 
319 3172 
319 3651 
319 6178 
319 6590 
362 370 
362 6646 
364 4050 
364 4445 
364 4481 
364 5200 
364 6571 
364 6573 
364 6709 
370 101 
370 245 
370 270 
370 362 
370 1284 
370 3403 
370 3752 
370 5142 
370 5312 
370 5376 
370 5494 
370 6117 
370 6556 
370 6601 
370 6713 
370 7013 
380 55 
380 3060 
380 6622 
395 270 
395 370 
395 1053 
395 1059 
395 2418 
395 3734 
395 4265 
395 5037 
395 6569 
395 6584 
399 5648 
410 409 
410 3042 
410 4067 
410 6449 
419 5200 
419 5229 
419 6571 
438 6792 
445 2440 
445 6642 
476 4380 
477 72 
477 6748 
477 6782 
511 221 
511 4198 
512 4198 
514 842 
514 2440 
514 4927 
514 6449 
514 6610 
519 4333 
534 2682 
540 6737 
544 6569 
587 3803 
587 4245 
587 5037 
587 6598 
587 6600 
599 98 
613 3869 
615 49 
615 72 
615 975 
615 3738 
615 3869 
615 5200 
615 5414 
615 6178 
615 6571 
615 6573 
615 6653 
630 2934 
630 6634 
652 2056 
652 2206 
652 4198 
652 6668 
652 6669 
653 6632 
660 6170 
665 3738 
665 5601 
712 1553 
712 2699 
712 4243 
712 4327 
712 6953 
723 4579 
749 5175 
760 2923 
774 5016 
774 6970 
831 4616 
831 5319 
840 49 
840 72 
840 2250 
840 3060 
840 4001 
840 5037 
840 6563 
840 6683 
842 49 
842 514 
842 2440 
842 2682 
842 5259 
842 6178 
842 6632 
883 1423 
883 2461 
884 6569 
885 6557 
885 6562 
887 6569 
891 6970 
899 4880 
905 2056 
917 4867 
939 6675 
975 615 
975 990 
975 1205 
975 1794 
975 2408 
975 2682 
975 3759 
975 3869 
975 4900 
975 5037 
975 5259 
975 5414 
975 6178 
975 6574 
975 7151 
979 3639 
979 6584 
990 2408 
990 3009 
1000 2759 
1000 4001 
1000 4293 
1000 5037 
1036 5156 
1036 6424 
1036 6972 
1041 3736 
1044 4722 
1044 5037 
1044 6558 
1044 6559 
1053 395 
1059 270 
1059 395 
1059 2418 
1059 3403 
1059 4880 
1059 5376 
1059 6170 
1059 6268 
1059 6600 
1059 6615 
1059 6657 
1059 6975 
1059 7029 
1060 5037 
1067 68 
1067 5259 
1067 7017 
1091 6601 
1123 5037 
1139 1464 
1139 6675 
1139 6703 
1148 6666 
1156 72 
1156 1243 
1156 1464 
1156 1880 
1156 1882 
1156 1892 
1156 2124 
1156 2638 
1156 2663 
1156 3062 
1156 3272 
1156 3763 
1156 4394 
1156 5016 
1156 5398 
1156 5601 
1156 5923 
1156 6030 
1156 6424 
1156 6557 
1156 6582 
1156 6595 
1156 6596 
1156 6600 
1156 6603 
1156 6972 
1157 2366 
1200 158 
1200 4427 
1200 4680 
1200 6555 
1200 6556 
1205 49 
1205 72 
1205 975 
1205 1423 
1205 2682 
1205 5156 
1205 6178 
1205 6574 
1205 6778 
1234 1577 
1243 1156 
1284 370 
1297 2366 
1297 4760 
1297 6577 
1305 6663 
1305 6810 
1306 6769 
1306 7018 
1306 7019 
1348 3060 
1348 4001 
1348 5037 
1348 6622 
1369 4394 
1369 5901 
1384 1595 
1386 2703 
1386 6559 
1386 6561 
1387 5037 
1387 6559 
1387 6561 
1389 4484 
1397 3403 
1397 3752 
1397 5031 
1397 6084 
1397 6555 
1397 6611 
1403 2745 
1403 4559 
1403 5477 
1403 6750 
1418 6569 
1423 883 
1423 1205 
1423 2461 
1423 2523 
1423 5156 
1423 6778 
1423 6815 
1464 1139 
1464 1156 
1464 6596 
1464 6978 
1479 6616 
1503 2215 
1503 3050 
1508 3783 
1517 6569 
1527 5945 
1553 712 
1553 2699 
1553 4699 
1564 92 
1564 6580 
1595 1384 
1595 3797 
1685 49 
1685 72 
1685 2822 
1685 3009 
1685 6178 
1685 6582 
1685 6677 
1685 6980 
1696 3842 
1696 4001 
1696 5037 
1731 5027 
1748 2056 
1748 2546 
1748 3651 
1748 4103 
1748 6178 
1748 6677 
1748 6971 
1770 1 
1794 72 
1794 113 
1794 975 
1794 2435 
1794 3651 
1794 5825 
1794 6178 
1794 6579 
1794 6583 
1794 6925 
1812 6343 
1812 6449 
1812 6636 
1812 6670 
1812 6679 
1821 6128 
1852 5037 
1852 6006 
1859 49 
1880 1156 
1880 3062 
1882 1156 
1882 3062 
1882 6696 
1887 2019 
1887 2934 
1887 4103 
1887 6510 
1887 6639 
1892 1156 
1892 3738 
1892 4842 
1892 6178 
1892 6569 
1892 6979 
1897 4484 
1941 92 
1941 5259 
1957 103 
1957 158 
1957 270 
1957 2706 
1957 2958 
1957 3172 
1957 3403 
1957 3704 
1957 3752 
1957 3777 
1957 4340 
1957 4742 
1957 5031 
1957 5229 
1957 5830 
1957 5851 
1957 6555 
1957 6571 
1957 6573 
1957 6601 
1957 6610 
1957 6674 
1957 6684 
1957 6712 
1957 7013 
1960 2366 
1960 3089 
1960 3734 
1960 4664 
1960 6424 
1960 6449 
1960 6972 
1973 3172 
1973 6555 
1973 6577 
1973 6779 
1979 6638 
2002 5037 
2003 6569 
2004 6569 
2019 1887 
2019 2934 
2019 3545 
2031 4640 
2031 5784 
2031 6178 
2031 6562 
2031 6808 
2056 72 
2056 652 
2056 905 
2056 1748 
2056 3658 
2056 4077 
2056 6301 
2098 6822 
2124 19 
2124 5414 
2161 6449 
2165 270 
2165 1059 
2165 6569 
2165 6589 
2165 6682 
2193 2366 
2195 6569 
2206 652 
2206 6449 
2215 1503 
2215 2844 
2215 2846 
2215 3050 
2216 3783 
2250 51 
2250 284 
2250 840 
2250 4001 
2250 5037 
2250 5259 
2250 6600 
2250 6980 
2288 4001 
2288 5037 
2293 5929 
2293 6613 
2322 6799 
2359 68 
2359 3030 
2361 3852 
2366 1157 
2366 1297 
2366 1960 
2366 2193 
2366 2638 
2366 2923 
2366 3272 
2366 3734 
2366 5016 
2366 5037 
2366 5210 
2366 6146 
2366 6178 
2366 6308 
2366 6424 
2366 6598 
2366 6600 
2366 6648 
2366 6656 
2366 6657 
2366 6662 
2366 6970 
2366 6972 
2371 6654 
2401 55 
2401 5037 
2401 5339 
2402 49 
2402 7017 
2408 990 
2418 395 
2418 1059 
2418 3175 
2418 5037 
2418 6589 
2418 6600 
2435 1794 
2435 5901 
2435 6583 
2440 445 
2440 514 
2440 842 
2440 3272 
2440 4927 
2440 6449 
2440 6632 
2440 6642 
2440 6802 
2461 883 
2461 1423 
2461 2682 
2461 3651 
2461 3778 
2461 4169 
2461 5156 
2461 5945 
2461 6178 
2461 6778 
2461 6815 
2461 7031 
2479 6569 
2502 6178 
2523 1423 
2523 4542 
2546 72 
2546 1748 
2558 4380 
2575 3617 
2575 4380 
2579 3927 
2579 4444 
2579 6637 
2589 6822 
2623 6820 
2635 5929 
2635 6613 
2638 1156 
2638 2366 
2638 2947 
2638 5200 
2638 6600 
2638 6601 
2663 1156 
2663 5660 
2663 6764 
2682 49 
2682 72 
2682 87 
2682 534 
2682 842 
2682 975 
2682 1205 
2682 2461 
2682 3413 
2682 3626 
2682 3651 
2682 4173 
2682 5259 
2682 5414 
2682 6030 
2682 6178 
2682 6579 
2682 6583 
2682 6600 
2682 6610 
2682 6709 
2682 6739 
2682 6982 
2699 712 
2699 1553 
2699 4243 
2699 4327 
2703 6557 
2703 6559 
2706 1957 
2706 3060 
2706 3403 
2745 1403 
2745 5477 
2747 6571 
2759 240 
2759 1000 
2759 6617 
2787 3172 
2787 5037 
2812 6634 
2822 72 
2822 1685 
2822 4161 
2822 4279 
2844 2215 
2846 2215 
2881 5037 
2897 4001 
2897 5037 
2897 6646 
2911 3172 
2923 72 
2923 760 
2923 2366 
2923 2897 
2923 5037 
2923 6648 
2926 3030 
2926 6623 
2934 630 
2934 1887 
2934 2019 
2934 6592 
2934 6639 
2934 6703 
2943 4484 
2947 2638 
2947 4086 
2947 6268 
2947 6666 
2958 6580 
2972 6562 
2972 6623 
2991 370 
3001 5372 
3009 72 
3009 319 
3009 990 
3009 1685 
3009 3639 
3009 3651 
3009 5259 
3009 6575 
3009 6582 
3019 3859 
3021 49 
3021 1957 
3021 3121 
3021 3664 
3021 4104 
3030 2359 
3030 2926 
3030 3617 
3030 4827 
3030 5491 
3030 5660 
3030 5662 
3030 6170 
3030 6559 
3030 6623 
3030 6772 
3042 410 
3042 3060 
3042 5037 
3042 5702 
3042 6610 
3050 1503 
3050 2215 
3050 6710 
3054 4484 
3054 6006 
3054 6654 
3058 5851 
3060 55 
3060 284 
3060 380 
3060 1348 
3060 2250 
3060 2706 
3060 3042 
3060 3062 
3060 4001 
3060 4078 
3060 4542 
3060 4595 
3060 4772 
3060 5037 
3060 5339 
3060 5702 
3060 5945 
3060 6584 
3060 6595 
3060 6598 
3060 6600 
3060 6622 
3060 6636 
3060 6646 
3060 6652 
3060 6653 
3060 6654 
3060 6655 
3060 6656 
3060 6658 
3060 6970 
3060 6979 
3062 264 
3062 1156 
3062 1880 
3062 1882 
3062 3060 
3062 4731 
3062 5037 
3062 5210 
3062 5729 
3062 6598 
3062 6658 
3062 6671 
3062 6672 
3062 6700 
3065 3738 
3065 6781 
3065 6797 
3089 1960 
3089 6449 
3092 6555 
3097 4484 
3109 6559 
3109 6767 
3121 3021 
3121 3664 
3151 6817 
3154 90 
3154 3639 
3154 5808 
3170 3803 
3170 5229 
3170 6555 
3170 6610 
3170 6611 
3172 319 
3172 1957 
3172 1973 
3172 2787 
3172 2911 
3172 3272 
3172 3704 
3172 3803 
3172 4427 
3172 5691 
3172 5854 
3172 6084 
3172 6555 
3172 6678 
3172 6801 
3175 2418 
3175 4386 
3175 5036 
3175 5520 
3176 3177 
3176 6580 
3177 3176 
3191 3214 
3192 6569 
3214 3191 
3260 68 
3260 3848 
3260 4664 
3260 6178 
3272 72 
3272 82 
3272 2366 
3272 2440 
3272 3172 
3272 3859 
3272 6601 
3272 6666 
3272 6680 
3272 6699 
3275 3651 
3275 6610 
3292 220 
3292 7017 
3302 4484 
3302 5229 
3302 5494 
3328 6449 
3328 6604 
3328 6609 
3346 48 
3356 587 
3356 5037 
3366 3639 
3366 6686 
3389 3778 
3389 4001 
3389 5037 
3394 6569 
3403 270 
3403 370 
3403 1059 
3403 1397 
3403 1957 
3403 2418 
3403 3704 
3403 6580 
3403 6684 
3403 6685 
3413 2682 
3413 6574 
3425 6721 
3437 6178 
3472 6569 
3493 6569 
3520 3522 
3522 3520 
3526 6569 
3545 2019 
3545 6592 
3582 6575 
3593 6557 
3593 6561 
3608 6601 
3617 2575 
3617 3030 
3617 5673 
3617 5729 
3626 2682 
3626 6178 
3630 6174 
3630 6702 
3636 3704 
3639 979 
3639 3009 
3639 3154 
3639 3366 
3639 3651 
3639 4723 
3639 5197 
3639 5200 
3639 5417 
3639 5468 
3639 6449 
3639 6670 
3639 6712 
3651 72 
3651 92 
3651 284 
3651 319 
3651 1748 
3651 1794 
3651 2461 
3651 2682 
3651 3009 
3651 3275 
3651 3639 
3651 4770 
3651 5037 
3651 5259 
3651 5901 
3651 6178 
3651 6259 
3651 6582 
3651 6595 
3651 6763 
3651 6971 
3658 2056 
3658 4067 
3658 5366 
3664 3021 
3664 3121 
3664 3738 
3664 6555 
3664 6556 
3678 6796 
3680 48 
3680 6615 
3683 3899 
3683 5383 
3704 158 
3704 250 
3704 270 
3704 3172 
3704 3636 
3704 5031 
3704 6555 
3704 6684 
3704 6685 
3721 5037 
3725 5691 
3725 5854 
3725 6555 
3725 6610 
3734 395 
3734 1960 
3734 2366 
3734 6584 
3734 6588 
3736 1041 
3738 55 
3738 615 
3738 665 
3738 1313 
3738 1892 
3738 2435 
3738 2589 
3738 3030 
3738 3065 
3738 3298 
3738 3664 
3738 3752 
3738 3869 
3738 4444 
3738 4537 
3738 4952 
3738 5264 
3738 5414 
3738 5494 
3738 5601 
3738 6178 
3738 6259 
3738 6308 
3738 6369 
3738 6449 
3738 6570 
3738 6571 
3738 6573 
3738 6596 
3738 6610 
3738 6637 
3738 6781 
3738 6797 
3738 6804 
3738 7455 
3738 8128 
3739 6569 
3746 3403 
3747 5477 
3747 6176 
3747 6750 
3752 158 
3752 250 
3752 370 
3752 1397 
3752 1957 
3752 3170 
3752 3664 
3752 3738 
3752 4015 
3752 5142 
3752 5229 
3752 6369 
3752 6611 
3752 6615 
3752 6680 
3752 7013 
3759 975 
3763 1156 
3777 1957 
3778 2461 
3778 3389 
3778 4001 
3778 5037 
3778 6715 
3783 2216 
3783 4137 
3785 2387 
3790 4001 
3797 1595 
3797 6569 
3803 587 
3803 3170 
3803 3172 
3803 4379 
3803 5037 
3803 5229 
3803 6555 
3803 6556 
3803 6575 
3803 6705 
3842 1696 
3842 4394 
3842 6259 
3842 6638 
3848 113 
3848 3260 
3848 6178 
3852 2361 
3859 82 
3859 3019 
3859 3272 
3869 49 
3869 72 
3869 613 
3869 615 
3869 975 
3869 3738 
3869 5200 
3869 5414 
3869 6178 
3869 6571 
3869 6573 
3869 6653 
3881 6569 
3888 6174 
3914 6650 
3927 2579 
3927 6781 
3980 3491 
3983 4169 
3989 6662 
4001 51 
4001 55 
4001 72 
4001 264 
4001 840 
4001 1000 
4001 1348 
4001 1696 
4001 2250 
4001 2288 
4001 2897 
4001 3060 
4001 3389 
4001 3778 
4001 3790 
4001 5037 
4001 5107 
4001 5184 
4001 5339 
4001 5414 
4001 5639 
4001 5673 
4001 5702 
4001 6108 
4001 6600 
4001 6636 
4001 6642 
4001 6655 
4001 6679 
4001 6701 
4001 6980 
4015 6680 
4032 6569 
4050 364 
4050 5200 
4050 6569 
4050 6571 
4067 410 
4067 3658 
4067 5533 
4067 6582 
4067 6665 
4076 5901 
4076 6557 
4077 2056 
4077 5922 
4077 6771 
4078 3060 
4086 2947 
4086 6666 
4086 6699 
4100 6654 
4103 72 
4103 1748 
4103 1887 
4137 3783 
4161 72 
4161 2822 
4161 6737 
4169 2461 
4169 3983 
4173 49 
4173 2682 
4173 6178 
4173 6579 
4198 221 
4198 511 
4198 512 
4198 652 
4198 6308 
4198 6604 
4214 6569 
4223 5037 
4241 92 
4241 6178 
4243 712 
4243 2699 
4245 587 
4245 4705 
4245 5037 
4245 6146 
4258 4487 
4265 395 
4265 4333 
4270 5274 
4279 2822 
4279 5784 
4285 72 
4285 5461 
4285 6565 
4293 1000 
4310 6569 
4325 4484 
4327 712 
4327 2699 
4333 519 
4333 4265 
4333 5343 
4340 102 
4340 1957 
4341 6178 
4353 5689 
4379 3803 
4379 4760 
4379 5169 
4379 6577 
4379 6664 
4380 476 
4380 2558 
4380 2575 
4380 4394 
4380 4952 
4380 5601 
4380 6639 
4386 3175 
4386 5037 
4394 1156 
4394 3842 
4394 4380 
4394 5601 
4394 6979 
4401 4484 
4408 6569 
4427 1200 
4427 3172 
4427 6555 
4444 6637 
4445 364 
4445 370 
4445 5414 
4445 5494 
4445 6555 
4445 6556 
4445 6571 
4445 6572 
4464 270 
4481 364 
4481 6570 
4481 6642 
4484 2943 
4484 3097 
4484 3302 
4484 4401 
4484 4746 
4484 5037 
4484 6573 
4484 6601 
4484 6610 
4487 4258 
4498 5037 
4498 6646 
4507 6786 
4537 3738 
4538 6676 
4542 2523 
4542 3060 
4559 1403 
4559 5027 
4572 6617 
4579 723 
4579 6736 
4586 6178 
4595 3060 
4595 5037 
4608 92 
4616 831 
4640 2031 
4654 477 
4654 6828 
4664 1960 
4664 3260 
4664 4772 
4664 5656 
4664 6424 
4664 6449 
4664 6604 
4664 6972 
4680 1200 
4699 1553 
4703 5037 
4705 4245 
4707 6731 
4722 1044 
4722 6146 
4722 6572 
4723 3639 
4731 3062 
4731 6658 
4731 6671 
4731 6672 
4746 4484 
4760 1297 
4760 4379 
4760 6577 
4760 6805 
4770 3651 
4772 55 
4772 3060 
4772 4664 
4827 3030 
4830 5790 
4842 1892 
4867 917 
4875 6584 
4880 899 
4880 1059 
4897 5038 
4897 6449 
4897 6737 
4899 5000 
4900 92 
4900 975 
4900 6557 
4927 514 
4927 2440 
4941 5259 
4941 6178 
4952 3738 
4952 4380 
4952 5601 
4985 5605 
5000 4899 
5016 774 
5016 1156 
5016 2366 
5016 6598 
5031 270 
5031 1957 
5031 3704 
5036 3175 
5037 55 
5037 72 
5037 93 
5037 264 
5037 395 
5037 587 
5037 975 
5037 1000 
5037 1044 
5037 1060 
5037 1123 
5037 1348 
5037 1387 
5037 1696 
5037 1852 
5037 2002 
5037 2250 
5037 2288 
5037 2366 
5037 2401 
5037 2418 
5037 2787 
5037 2881 
5037 2897 
5037 3042 
5037 3060 
5037 3062 
5037 3356 
5037 3389 
5037 3651 
5037 3721 
5037 3778 
5037 3803 
5037 4001 
5037 4223 
5037 4245 
5037 4386 
5037 4484 
5037 4498 
5037 4595 
5037 4703 
5037 5107 
5037 5184 
5037 5197 
5037 5259 
5037 5339 
5037 5414 
5037 5702 
5037 5938 
5037 5945 
5037 6094 
5037 6557 
5037 6578 
5037 6585 
5037 6589 
5037 6598 
5037 6600 
5037 6604 
5037 6622 
5037 6629 
5037 6636 
5037 6646 
5037 6649 
5037 6653 
5037 6657 
5037 6666 
5037 6681 
5037 6709 
5037 6721 
5037 6722 
5037 6975 
5038 4897 
5038 6737 
5090 6783 
5090 7147 
5107 4001 
5107 5037 
5107 6569 
5142 370 
5142 3752 
5142 5229 
5142 6555 
5142 6569 
5142 6570 
5149 6734 
5156 1036 
5156 1205 
5156 1423 
5156 2461 
5156 3983 
5156 6779 
5169 4379 
5175 749 
5175 6605 
5175 6607 
5184 4001 
5184 5037 
5197 3639 
5197 5037 
5200 364 
5200 419 
5200 615 
5200 2638 
5200 3639 
5200 3869 
5200 4050 
5200 6449 
5200 6571 
5200 6573 
5200 6580 
5210 2366 
5210 3062 
5210 6308 
5210 6600 
5212 6178 
5216 6683 
5229 250 
5229 419 
5229 1397 
5229 1957 
5229 3170 
5229 3302 
5229 3664 
5229 3704 
5229 3752 
5229 3803 
5229 4015 
5229 5142 
5229 6369 
5229 6569 
5229 6571 
5229 6615 
5229 6680 
5229 7013 
5259 49 
5259 72 
5259 90 
5259 842 
5259 975 
5259 1067 
5259 1941 
5259 2250 
5259 3009 
5259 3651 
5259 4941 
5259 5414 
5259 6178 
5259 6575 
5259 6577 
5259 6580 
5259 6581 
5259 6582 
5259 6583 
5261 6610 
5261 6611 
5274 4270 
5274 6702 
5312 370 
5312 3121 
5312 6613 
5319 831 
5334 90 
5334 6564 
5339 2401 
5339 3060 
5339 4001 
5339 5037 
5343 4333 
5343 6070 
5343 6588 
5366 3658 
5372 3001 
5376 270 
5376 370 
5376 1059 
5376 6600 
5391 2682 
5398 1156 
5414 615 
5414 975 
5414 2682 
5414 3738 
5414 3869 
5414 4001 
5414 4445 
5414 4484 
5414 5037 
5414 5259 
5414 6178 
5417 3639 
5417 6569 
5448 6569 
5461 4285 
5461 6643 
5461 6644 
5461 6645 
5468 3639 
5468 6006 
5468 6654 
5477 1403 
5477 2745 
5477 3747 
5477 6176 
5477 6661 
5477 8157 
5491 3030 
5494 370 
5494 3302 
5494 3738 
5494 4445 
5499 6569 
5520 3175 
5533 409 
5533 4067 
5533 6449 
5601 264 
5601 665 
5601 1156 
5601 3738 
5601 4380 
5601 4394 
5601 4444 
5601 4952 
5601 6259 
5601 6637 
5605 4985 
5623 6640 
5632 4484 
5639 4001 
5648 399 
5648 6562 
5648 6623 
5656 4664 
5656 6170 
5656 6178 
5656 6307 
5656 6557 
5660 2663 
5660 3030 
5662 3030 
5673 3617 
5673 4001 
5689 4353 
5691 3172 
5691 3725 
5691 6555 
5691 6595 
5702 3042 
5702 3060 
5702 4001 
5702 5037 
5702 5923 
5702 6449 
5702 6655 
5702 6679 
5703 49 
5729 3062 
5729 3617 
5729 6598 
5753 6569 
5784 2031 
5784 4279 
5784 6629 
5788 6970 
5790 4830 
5808 6555 
5825 1794 
5825 6178 
5845 264 
5845 6596 
5845 6978 
5847 6569 
5851 1957 
5851 3058 
5851 6683 
5854 1397 
5854 3172 
5854 3725 
5854 6555 
5874 6569 
5900 6797 
5901 72 
5901 1369 
5901 2435 
5901 4076 
5901 6178 
5901 6583 
5901 6653 
5901 6925 
5922 4077 
5922 6449 
5923 1156 
5923 5702 
5929 2293 
5929 6063 
5929 6613 
5938 5037 
5945 1527 
5945 2461 
5945 3060 
5945 5037 
5945 6600 
6006 271 
6006 1852 
6006 3054 
6006 5468 
6006 6587 
6006 6636 
6006 6654 
6030 72 
6030 1156 
6030 2682 
6030 6178 
6030 6449 
6063 5929 
6063 6613 
6070 5343 
6070 6734 
6082 6508 
6084 1397 
6084 3172 
6084 6555 
6084 6611 
6094 5037 
6094 6646 
6108 4001 
6117 370 
6128 1821 
6140 6716 
6146 2366 
6146 4245 
6146 4722 
6146 6584 
6146 6586 
6146 6589 
6146 6600 
6146 6653 
6146 6681 
6146 6760 
6146 6970 
6170 660 
6170 1059 
6170 3030 
6170 5656 
6174 3630 
6174 3888 
6176 3747 
6176 4444 
6176 5477 
6176 6637 
6176 8157 
6178 49 
6178 72 
6178 90 
6178 284 
6178 319 
6178 615 
6178 842 
6178 975 
6178 990 
6178 1205 
6178 1685 
6178 1748 
6178 1794 
6178 1892 
6178 2031 
6178 2366 
6178 2408 
6178 2461 
6178 2502 
6178 2682 
6178 3260 
6178 3437 
6178 3626 
6178 3651 
6178 3848 
6178 3869 
6178 4173 
6178 4241 
6178 4341 
6178 4444 
6178 4586 
6178 4941 
6178 5212 
6178 5259 
6178 5414 
6178 5656 
6178 5825 
6178 6030 
6178 6259 
6178 6575 
6178 6577 
6178 6580 
6178 6581 
6178 6583 
6178 6590 
6178 6610 
6178 6624 
6178 6636 
6178 6637 
6178 6648 
6178 6739 
6178 6751 
6232 6646 
6233 6710 
6251 6831 
6259 3651 
6259 3738 
6259 3842 
6259 5601 
6259 6178 
6259 6653 
6259 6763 
6268 1059 
6268 2947 
6301 72 
6301 2056 
6307 5656 
6308 2366 
6308 4198 
6308 5210 
6308 6449 
6308 6597 
6308 6790 
6308 6983 
6343 1812 
6369 653 
6369 3738 
6372 6762 
6424 1036 
6424 1156 
6424 1960 
6424 2366 
6424 4664 
6424 6449 
6424 6604 
6424 6623 
6449 410 
6449 514 
6449 1812 
6449 1960 
6449 2161 
6449 2206 
6449 2440 
6449 3089 
6449 3328 
6449 3639 
6449 3738 
6449 4664 
6449 4897 
6449 5200 
6449 5533 
6449 5702 
6449 5922 
6449 6030 
6449 6308 
6449 6424 
6449 6569 
6449 6601 
6449 6604 
6449 6609 
6449 6610 
6449 6611 
6449 6632 
6449 6667 
6449 6669 
6449 6972 
6491 6583 
6508 6082 
6510 1887 
6555 158 
6555 270 
6555 1200 
6555 1397 
6555 1957 
6555 1973 
6555 3092 
6555 3170 
6555 3172 
6555 3664 
6555 3704 
6555 3725 
6555 3803 
6555 4427 
6555 4445 
6555 5142 
6555 5691 
6555 5808 
6555 5854 
6555 6084 
6555 6556 
6555 6569 
6555 6611 
6555 6735 
6555 7013 
6556 370 
6556 1200 
6556 3664 
6556 3803 
6556 4445 
6556 6555 
6556 6570 
6556 6611 
6557 885 
6557 2703 
6557 3593 
6557 4076 
6557 4900 
6557 5037 
6557 6559 
6557 6561 
6557 6562 
6558 1044 
6558 6562 
6558 6623 
6558 6654 
6559 1044 
6559 1387 
6559 2703 
6559 3030 
6559 3109 
6559 6557 
6559 6561 
6559 6623 
6559 6767 
6560 6734 
6561 1044 
6561 1386 
6561 1387 
6561 3593 
6561 6557 
6561 6559 
6561 6645 
6561 6660 
6561 6767 
6561 6768 
6561 7147 
6562 28 
6562 885 
6562 2031 
6562 2972 
6562 5648 
6562 6557 
6562 6558 
6562 6623 
6563 840 
6563 6578 
6563 6646 
6563 6652 
6564 5334 
6565 4285 
6569 51 
6569 55 
6569 395 
6569 544 
6569 884 
6569 887 
6569 1418 
6569 1517 
6569 1892 
6569 2003 
6569 2004 
6569 2165 
6569 2195 
6569 2479 
6569 3192 
6569 3394 
6569 3472 
6569 3493 
6569 3526 
6569 3739 
6569 3797 
6569 3881 
6569 4032 
6569 4050 
6569 4214 
6569 4310 
6569 4408 
6569 5107 
6569 5142 
6569 5229 
6569 5417 
6569 5448 
6569 5499 
6569 5753 
6569 5847 
6569 5874 
6569 6449 
6569 6555 
6569 6584 
6569 6666 
6569 6709 
6569 6737 
6569 6740 
6569 6741 
6569 6742 
6569 6743 
6569 6745 
6569 6746 
6569 6747 
6569 6748 
6570 3738 
6570 4481 
6570 5142 
6570 6556 
6571 250 
6571 364 
6571 419 
6571 615 
6571 1957 
6571 2747 
6571 3738 
6571 3869 
6571 4050 
6571 5200 
6571 5229 
6572 4445 
6572 4722 
6572 6642 
6573 364 
6573 615 
6573 1957 
6573 3738 
6573 3869 
6573 4484 
6573 5200 
6574 49 
6574 975 
6574 1205 
6574 3413 
6574 5259 
6574 6178 
6574 6579 
6574 6600 
6574 6610 
6575 72 
6575 3009 
6575 3582 
6575 3803 
6575 5259 
6575 6178 
6575 6583 
6575 6642 
6575 6716 
6575 6980 
6577 1297 
6577 3617 
6577 4379 
6577 4760 
6577 5259 
6577 6178 
6577 6797 
6577 6834 
6578 92 
6578 5037 
6578 6563 
6578 6610 
6578 6656 
6578 6760 
6579 1794 
6579 2682 
6579 4173 
6579 5259 
6579 6178 
6579 6574 
6580 250 
6580 1564 
6580 2958 
6580 3176 
6580 3403 
6580 5200 
6580 5259 
6580 6178 
6580 6662 
6581 5259 
6581 6178 
6582 55 
6582 72 
6582 1156 
6582 1685 
6582 3009 
6582 3651 
6582 4067 
6582 5259 
6582 6595 
6582 6604 
6582 6636 
6582 6706 
6582 6761 
6583 49 
6583 72 
6583 1794 
6583 2435 
6583 2682 
6583 5259 
6583 5901 
6583 6178 
6583 6491 
6583 6575 
6584 395 
6584 979 
6584 3060 
6584 3734 
6584 4875 
6584 6146 
6584 6569 
6584 6585 
6585 5037 
6585 6584 
6585 6970 
6586 6146 
6587 6006 
6587 6636 
6588 3734 
6588 5343 
6589 2165 
6589 2418 
6589 5037 
6589 6657 
6590 55 
6590 72 
6590 319 
6590 6178 
6590 6666 
6590 6782 
6592 2934 
6592 3545 
6592 6593 
6593 6592 
6593 6704 
6595 72 
6595 284 
6595 1156 
6595 3060 
6595 3651 
6595 5691 
6595 6582 
6596 1156 
6596 1464 
6596 5845 
6596 6635 
6596 6978 
6597 6308 
6598 587 
6598 2366 
6598 3060 
6598 3062 
6598 5016 
6598 5037 
6598 5729 
6598 6631 
6598 6670 
6598 6671 
6598 6672 
6598 6673 
6598 6674 
6600 270 
6600 587 
6600 1059 
6600 1156 
6600 2250 
6600 2366 
6600 2418 
6600 2638 
6600 2682 
6600 3060 
6600 4001 
6600 5037 
6600 5210 
6600 5259 
6600 5376 
6600 5945 
6600 6146 
6600 6178 
6600 6574 
6600 6646 
6600 6654 
6600 6657 
6601 370 
6601 1091 
6601 1957 
6601 2638 
6601 3272 
6601 3608 
6601 4484 
6601 6449 
6603 1156 
6604 3328 
6604 4198 
6604 4664 
6604 5037 
6604 6424 
6604 6449 
6604 6582 
6604 6633 
6604 6668 
6604 6972 
6605 5175 
6605 6607 
6607 5175 
6607 6605 
6609 3328 
6609 6449 
6610 1957 
6610 2682 
6610 3042 
6610 3170 
6610 3275 
6610 3725 
6610 4484 
6610 5261 
6610 6178 
6610 6574 
6610 6578 
6610 6611 
6610 6632 
6610 6652 
6610 6656 
6610 6666 
6610 6674 
6610 6680 
6610 6699 
6611 158 
6611 1397 
6611 3170 
6611 5261 
6611 6084 
6611 6449 
6611 6555 
6611 6556 
6611 6610 
6611 6680 
6613 2293 
6613 5312 
6613 5929 
6613 6063 
6613 6676 
6615 1059 
6615 3680 
6616 1479 
6616 6976 
6617 2759 
6617 4572 
6622 380 
6622 1348 
6622 3060 
6622 5037 
6623 399 
6623 2926 
6623 2972 
6623 3030 
6623 5343 
6623 5648 
6623 6070 
6623 6424 
6623 6558 
6623 6559 
6623 6562 
6623 6630 
6623 6631 
6623 6734 
6623 6738 
6623 6972 
6624 6178 
6624 6633 
6627 6771 
6629 5037 
6629 5784 
6630 6623 
6630 6631 
6631 6598 
6631 6623 
6631 6630 
6631 6772 
6632 653 
6632 842 
6632 2440 
6632 6449 
6632 6610 
6633 6604 
6633 6624 
6634 630 
6634 2812 
6635 6596 
6636 49 
6636 55 
6636 1812 
6636 3060 
6636 4001 
6636 5037 
6636 6006 
6636 6178 
6636 6582 
6636 6587 
6636 6654 
6636 6655 
6637 4444 
6638 1979 
6638 3842 
6638 6937 
6639 1887 
6639 2934 
6639 4380 
6640 5623 
6642 445 
6642 1784 
6642 2440 
6642 4001 
6642 4481 
6642 6572 
6642 6575 
6643 5461 
6644 5461 
6645 5461 
6645 6561 
6645 7147 
6646 55 
6646 362 
6646 2897 
6646 3060 
6646 4498 
6646 6094 
6646 6232 
6646 6563 
6646 6600 
6646 6649 
6646 6666 
6648 2366 
6648 2923 
6648 6178 
6649 5037 
6649 6646 
6650 3914 
6652 2897 
6652 3060 
6652 5037 
6652 6563 
6652 6610 
6652 6656 
6652 6666 
6653 615 
6653 3060 
6653 3869 
6653 5037 
6653 5901 
6653 6146 
6653 6259 
6653 6657 
6654 215 
6654 2371 
6654 3054 
6654 3060 
6654 4100 
6654 5468 
6654 6006 
6654 6558 
6654 6600 
6654 6636 
6654 6674 
6654 6950 
6655 55 
6655 72 
6655 3060 
6655 4001 
6655 5702 
6655 6636 
6656 2366 
6656 3060 
6656 6578 
6656 6610 
6656 6652 
6656 6666 
6657 1059 
6657 2366 
6657 5037 
6657 6589 
6657 6600 
6657 6653 
6658 3060 
6658 3062 
6658 4731 
6658 6671 
6658 6700 
6659 6660 
6659 6768 
6660 6561 
6660 6659 
6660 6768 
6660 7097 
6661 5477 
6662 284 
6662 2366 
6662 3989 
6662 6580 
6663 1305 
6663 6675 
6663 6810 
6664 4379 
6664 6664 
6665 4067 
6666 1148 
6666 2947 
6666 3272 
6666 4086 
6666 5037 
6666 6569 
6666 6590 
6666 6610 
6666 6646 
6666 6652 
6666 6656 
6667 6449 
6668 652 
6668 6604 
6669 652 
6669 6449 
6669 6823 
6670 1812 
6670 3639 
6670 6598 
6671 3062 
6671 4731 
6671 6598 
6671 6658 
6671 6672 
6672 3062 
6672 4731 
6672 6598 
6672 6671 
6673 6598 
6674 1957 
6674 6598 
6674 6654 
6675 939 
6675 1139 
6675 6663 
6676 4538 
6676 6613 
6677 1685 
6677 1748 
6678 3172 
6679 55 
6679 72 
6679 1812 
6679 4001 
6679 5702 
6680 3272 
6680 4015 
6680 6610 
6680 6611 
6681 5037 
6681 6146 
6682 2165 
6683 840 
6683 5216 
6683 5851 
6684 270 
6684 1957 
6684 3403 
6684 3704 
6685 3403 
6686 3366 
6686 6688 
6686 6689 
6688 6686 
6688 6800 
6689 6686 
6696 1882 
6699 3272 
6699 4086 
6699 6610 
6700 3062 
6700 6658 
6701 4001 
6702 3630 
6702 5274 
6703 1139 
6703 2934 
6704 6593 
6705 3803 
6706 49 
6706 6582 
6709 364 
6709 2682 
6709 4484 
6709 5037 
6709 6569 
6710 3050 
6710 6233 
6711 48 
6712 1957 
6712 3639 
6713 370 
6714 4484 
6715 3778 
6716 6140 
6716 6575 
6718 6719 
6719 6718 
6721 3425 
6721 5037 
6722 5037 
6730 264 
6731 4707 
6732 1294 
6734 5149 
6734 6070 
6734 6560 
6735 6555 
6736 4579 
6737 540 
6737 4161 
6737 4897 
6737 5038 
6737 6569 
6738 6595 
6738 6623 
6739 2682 
6739 6178 
6740 6569 
6741 6569 
6742 6569 
6743 6569 
6745 6569 
6746 6569 
6747 6569 
6748 477 
6748 6569 
6750 1403 
6750 3747 
6751 6178 
6757 6758 
6758 6757 
6758 6784 
6760 6146 
6760 6578 
6761 6582 
6762 6372 
6763 72 
6763 3651 
6763 6259 
6764 2663 
6766 92 
6767 3109 
6767 6559 
6767 6561 
6768 6561 
6768 6659 
6768 6660 
6769 1306 
6769 6770 
6770 6769 
6771 4077 
6771 6627 
6772 3030 
6772 6631 
6774 6970 
6778 1205 
6778 1423 
6778 2461 
6779 1973 
6779 5156 
6781 615 
6781 3065 
6781 3738 
6781 3869 
6782 72 
6782 477 
6782 6590 
6783 5090 
6783 7147 
6784 6758 
6786 4507 
6790 6308 
6792 438 
6794 6795 
6795 6794 
6796 3678 
6797 3065 
6797 5900 
6797 6577 
6799 2322 
6800 6688 
6801 3172 
6802 2440 
6805 4760 
6808 28 
6808 2031 
6809 3783 
6810 1305 
6810 6663 
6815 1423 
6815 2461 
6817 3151 
6820 2623 
6822 2098 
6822 2589 
6823 6669 
6825 6826 
6826 6825 
6828 477 
6828 4654 
6830 6569 
6831 6251 
6834 6982 
6925 1794 
6925 5901 
6927 98 
6937 6638 
6948 6977 
6950 6654 
6953 712 
6970 774 
6970 891 
6970 2366 
6970 3060 
6970 5788 
6970 6146 
6970 6585 
6970 6774 
6970 6984 
6971 1748 
6971 3651 
6972 1036 
6972 1156 
6972 1960 
6972 2366 
6972 4664 
6972 6449 
6972 6604 
6972 6623 
6975 1059 
6975 5037 
6975 5259 
6975 6178 
6976 6616 
6977 6948 
6978 1464 
6978 5845 
6978 6596 
6979 1892 
6979 3060 
6979 4394 
6980 1685 
6980 2250 
6980 4001 
6980 6575 
6982 89 
6982 2682 
6982 5259 
6982 6178 
6982 6574 
6982 6834 
6983 6308 
6984 6970 
7013 250 
7013 370 
7013 1957 
7013 3704 
7013 6555 
7017 49 
7017 68 
7017 1067 
7017 2402 
7017 3292 
7018 1306 
7019 1306 
7020 4507 
7020 6786 
7029 90 
7029 1059 
7030 615 
7030 3869 
7031 2461 
7097 6660 
7147 5090 
7147 6561 
7147 6645 
7147 6734 
7147 6783 
7151 975 
7159 4487 
7350 3491 
7440 3491 
8086 2195 
8135 6629 
8136 4500 
8136 5746 
8154 6352 
8157 2195 
