336 1553 
336 8164 
336 8165 
2768 5959 
2768 6427 
2768 7071 
3799 3749 
3799 4845 
3799 6427 
3799 7495 
3828 4507 
4507 3828 
4507 6786 
4507 7514 
4721 3021 
5031 1397 
5031 3799 
5031 5808 
5114 3799 
5114 5270 
5594 7045 
5792 3272 
5959 2768 
5959 6427 
5959 7071 
5960 2546 
6051 5890 
6401 8212 
6427 2768 
6427 5959 
6427 7071 
6555 5808 
6571 1895 
6571 2423 
6571 3403 
6571 6573 
6571 7067 
6684 3413 
6705 3803 
7045 5594 
7064 5808 
7069 1784 
7069 2449 
7069 3944 
7071 2768 
7071 5959 
7071 6427 
7077 1366 
7077 2707 
7077 4088 
7077 4089 
7077 4208 
7077 6215 
7077 7078 
7077 7079 
7200 3624 
7200 5753 
7314 419 
7314 1895 
7314 2423 
7314 3329 
7314 3413 
7314 3437 
7314 4601 
7314 6571 
7314 6573 
7314 6576 
7314 6684 
7314 7055 
7314 7060 
7314 7067 
7314 7302 
7477 3021 
7521 3799 
